0-0-1-1-0-0-1-1-0-0-1 34713 0.727065 0.705965 0 0.01101
0-0-1-1-0-0-1-1-0-2-2 11426723 0.116198 0.099432 0 0.011936
0-0-1-1-0-0-1-1-0-4-3 66667832 0.194096 0.174578 0 0.009897
0-0-1-1-0-0-1-1-0-6-4 15626706 0.166906 0.145887 1e-06 0.012215
0-0-1-1-0-2-2-3-0-0-1 277704 0.938685 0.883794 1e-06 0.014753
0-0-1-1-0-2-2-3-0-2-2 11426723 0.405125 0.34636 1e-06 0.022628
0-0-1-1-0-2-2-3-0-4-3 262992233 0.983757 0.951243 0 0.019305
0-0-1-1-0-2-2-3-0-6-4 15794415 0.851794 0.799639 0 0.022919
0-0-1-1-0-4-3-5-0-0-1 277704 0.477378 0.441153 0 0.024402
0-0-1-1-0-4-3-5-0-2-2 13373259 0.494746 0.448596 1e-06 0.030166
0-0-1-1-0-4-3-5-0-4-3 242448037 0.877898 0.833685 0 0.025988
0-0-1-1-0-4-3-5-0-6-4 15758734 0.810306 0.777196 1e-06 0.023667
0-0-1-1-0-6-4-7-0-0-1 277704 0.813968 0.741889 1e-06 0.023189
0-0-1-1-0-6-4-7-0-2-2 13954626 0.812057 0.739791 0 0.034714
0-0-1-1-0-6-4-7-0-4-3 264536355 1.42629 1.38502 0 0.022153
0-0-1-1-0-6-4-7-0-6-4 15794415 1.29963 1.21813 0 0.028678
0-2-2-3-0-0-1-1-0-0-1 269979 0.358978 0.272803 0 0.028097
0-2-2-3-0-0-1-1-0-2-2 13942082 0.374883 0.289229 1e-06 0.044754
0-2-2-3-0-0-1-1-0-4-3 261068775 0.950694 0.895647 0 0.029428
0-2-2-3-0-0-1-1-0-6-4 15794087 0.801309 0.728999 0 0.032161
0-2-2-3-0-2-2-3-0-0-1 269979 0.082708 0.008818 0 0.045122
0-2-2-3-0-2-2-3-0-2-2 34713 0.083867 0.008541 0 0.058884
0-2-2-3-0-2-2-3-0-4-3 18178411 0.076051 0.018586 0 0.047484
0-2-2-3-0-2-2-3-0-6-4 10219172 0.077409 0.015356 0 0.048762
0-2-2-3-0-4-3-5-0-0-1 277212 0.305338 0.245625 1e-06 0.050362
0-2-2-3-0-4-3-5-0-2-2 12401496 0.32657 0.245111 0 0.065117
0-2-2-3-0-4-3-5-0-4-3 223199128 0.655313 0.590594 1e-06 0.055589
0-2-2-3-0-4-3-5-0-6-4 15752999 0.577129 0.518635 0 0.045928
0-2-2-3-0-6-4-7-0-0-1 277704 0.579844 0.498939 0 0.039015
0-2-2-3-0-6-4-7-0-2-2 13689497 0.607725 0.505782 1e-06 0.064868
0-2-2-3-0-6-4-7-0-4-3 258664239 1.21599 1.14407 0 0.051659
0-2-2-3-0-6-4-7-0-6-4 15792398 1.05054 0.975586 1e-06 0.050915
0-4-3-5-0-0-1-1-0-0-1 125547 0.218428 0.134329 0 0.050975
0-4-3-5-0-0-1-1-0-2-2 13103489 0.215839 0.13199 1e-06 0.063419
0-4-3-5-0-0-1-1-0-4-3 159103520 0.430688 0.35816 1e-06 0.058796
0-4-3-5-0-0-1-1-0-6-4 15740985 0.389459 0.316195 1e-06 0.054977
0-4-3-5-0-2-2-3-0-0-1 277597 0.170063 0.089094 1e-06 0.064064
0-4-3-5-0-2-2-3-0-2-2 1807215 0.200327 0.093057 1e-06 0.092448
0-4-3-5-0-2-2-3-0-4-3 186718068 0.413414 0.329945 0 0.072683
0-4-3-5-0-2-2-3-0-6-4 15662521 0.360341 0.277789 0 0.066338
0-4-3-5-0-4-3-5-0-0-1 273654 0.382867 0.308846 0 0.062043
0-4-3-5-0-4-3-5-0-2-2 12620533 0.4079 0.311178 0 0.082606
0-4-3-5-0-4-3-5-0-4-3 228319167 0.772623 0.669949 1e-06 0.083919
0-4-3-5-0-4-3-5-0-6-4 15556071 0.710514 0.618721 1e-06 0.078278
0-4-3-5-0-6-4-7-0-0-1 277700 0.717102 0.591309 0 0.057789
0-4-3-5-0-6-4-7-0-2-2 13721768 0.751826 0.60346 0 0.101172
0-4-3-5-0-6-4-7-0-4-3 260634304 1.36806 1.25905 0 0.077463
0-4-3-5-0-6-4-7-0-6-4 15790892 1.14804 1.04263 1e-06 0.068757
0-6-4-7-0-0-1-1-0-0-1 277619 0.515806 0.337578 1e-06 0.059346
0-6-4-7-0-0-1-1-0-2-2 13954551 0.47938 0.343129 1e-06 0.062867
0-6-4-7-0-0-1-1-0-4-3 264520476 0.943245 0.87701 0 0.049309
0-6-4-7-0-0-1-1-0-6-4 15794415 0.825838 0.712306 1e-06 0.064142
0-6-4-7-0-2-2-3-0-0-1 277704 0.342959 0.24096 0 0.060607
0-6-4-7-0-2-2-3-0-2-2 6345795 0.359427 0.242691 0 0.087856
0-6-4-7-0-2-2-3-0-4-3 254483838 0.906734 0.818792 1e-06 0.07801
0-6-4-7-0-2-2-3-0-6-4 15792946 0.719464 0.631146 0 0.06597
0-6-4-7-0-4-3-5-0-0-1 277701 0.938672 0.820997 0 0.062527
0-6-4-7-0-4-3-5-0-2-2 13891951 0.942211 0.821836 0 0.093668
0-6-4-7-0-4-3-5-0-4-3 251652169 1.45344 1.36244 1e-06 0.07029
0-6-4-7-0-4-3-5-0-6-4 15794346 1.39591 1.29425 0 0.067787
0-6-4-7-0-6-4-7-0-0-1 277704 0.870903 0.706037 1e-06 0.070581
0-6-4-7-0-6-4-7-0-2-2 13954431 0.870511 0.706706 1e-06 0.103666
0-6-4-7-0-6-4-7-0-4-3 264542228 1.47558 1.38129 1e-06 0.075031
0-6-4-7-0-6-4-7-0-6-4 15794414 1.30034 1.16927 0 0.063239
1-1-0-0-1-1-0-0-1-1-0 34713 0.020157 0.000689 0 0.01682
1-1-0-0-1-1-0-2-2-3-0 269979 0.022864 0.001258 2e-06 0.019112
1-1-0-0-1-1-0-4-3-5-0 125547 0.037085 0.001492 0 0.028291
1-1-0-0-1-1-0-6-4-7-0 277619 0.029464 0.001775 1e-06 0.02423
1-1-0-2-2-3-0-0-1-1-0 277704 0.03416 0.001424 0 0.030499
1-1-0-2-2-3-0-2-2-3-0 269979 0.045533 0.001727 2e-06 0.041267
1-1-0-2-2-3-0-4-3-5-0 277597 0.062402 0.005963 0 0.051873
1-1-0-2-2-3-0-6-4-7-0 277704 0.057206 0.003111 1e-06 0.049166
1-1-0-4-3-5-0-0-1-1-0 277704 0.062852 0.002473 0 0.053931
1-1-0-4-3-5-0-2-2-3-0 277212 0.083293 0.002569 1e-06 0.076523
1-1-0-4-3-5-0-4-3-5-0 273654 0.082558 0.004532 0 0.072046
1-1-0-4-3-5-0-6-4-7-0 277701 0.073643 0.0038 1e-06 0.064629
1-1-0-6-4-7-0-0-1-1-0 277704 0.063231 0.003225 1e-06 0.056187
1-1-0-6-4-7-0-2-2-3-0 277704 0.081255 0.00339 1e-06 0.073886
1-1-0-6-4-7-0-4-3-5-0 277700 0.074769 0.005348 0 0.063996
1-1-0-6-4-7-0-6-4-7-0 277704 0.071881 0.004716 0 0.061576
2-3-0-0-1-1-0-0-1-1-0 11426723 0.042085 0.004569 2e-06 0.034247
2-3-0-0-1-1-0-2-2-3-0 13942082 0.054383 0.004145 1e-06 0.04695
2-3-0-0-1-1-0-4-3-5-0 13103489 0.07039 0.015971 1e-06 0.049058
2-3-0-0-1-1-0-6-4-7-0 13954551 0.068455 0.014512 0 0.049842
2-3-0-2-2-3-0-0-1-1-0 11426723 0.057285 0.001663 1e-06 0.052768
2-3-0-2-2-3-0-2-2-3-0 34713 0.067905 0.000551 2e-06 0.064404
2-3-0-2-2-3-0-4-3-5-0 1807215 0.077675 0.001949 1e-06 0.070971
2-3-0-2-2-3-0-6-4-7-0 6345795 0.071533 0.002871 1e-06 0.062122
2-3-0-4-3-5-0-0-1-1-0 13373259 0.073226 0.002696 1e-06 0.066495
2-3-0-4-3-5-0-2-2-3-0 12401496 0.087452 0.002823 1e-06 0.080118
2-3-0-4-3-5-0-4-3-5-0 12620533 0.106041 0.010739 1e-06 0.087082
2-3-0-4-3-5-0-6-4-7-0 13891951 0.091311 0.008369 1e-06 0.076613
2-3-0-6-4-7-0-0-1-1-0 13954626 0.072283 0.004649 1e-06 0.064108
2-3-0-6-4-7-0-2-2-3-0 13689497 0.092076 0.005584 0 0.080908
2-3-0-6-4-7-0-4-3-5-0 13721768 0.104307 0.015708 0 0.083239
2-3-0-6-4-7-0-6-4-7-0 13954431 0.106473 0.0147 1e-06 0.086689
3-5-0-0-1-1-0-0-1-1-0 66667832 0.071986 0.023083 1e-06 0.044298
3-5-0-0-1-1-0-2-2-3-0 261068775 0.098124 0.03817 1e-06 0.054845
3-5-0-0-1-1-0-4-3-5-0 159103520 0.175521 0.107976 1e-06 0.061036
3-5-0-0-1-1-0-6-4-7-0 264520476 0.18909 0.134042 1e-06 0.049848
3-5-0-2-2-3-0-0-1-1-0 262992233 0.091334 0.024436 2e-06 0.061226
3-5-0-2-2-3-0-2-2-3-0 18178411 0.09867 0.009601 1e-06 0.081429
3-5-0-2-2-3-0-4-3-5-0 186718068 0.196632 0.101386 0 0.089152
3-5-0-2-2-3-0-6-4-7-0 254483838 0.198469 0.107416 1e-06 0.083617
3-5-0-4-3-5-0-0-1-1-0 242448037 0.137391 0.043309 2e-06 0.082112
3-5-0-4-3-5-0-2-2-3-0 223199128 0.152028 0.044479 0 0.099951
3-5-0-4-3-5-0-4-3-5-0 228319167 0.274478 0.174829 1e-06 0.089314
3-5-0-4-3-5-0-6-4-7-0 251652169 0.256329 0.150626 0 0.094715
3-5-0-6-4-7-0-0-1-1-0 264536355 0.19893 0.104002 0 0.087398
3-5-0-6-4-7-0-2-2-3-0 258664239 0.221785 0.103418 1e-06 0.109289
3-5-0-6-4-7-0-4-3-5-0 260634304 0.403455 0.303442 0 0.092891
3-5-0-6-4-7-0-6-4-7-0 264542228 0.373153 0.260366 1e-06 0.105485
4-7-0-0-1-1-0-0-1-1-0 15626706 0.045162 0.005342 0 0.037005
4-7-0-0-1-1-0-2-2-3-0 15794087 0.068351 0.007738 1e-06 0.05657
4-7-0-0-1-1-0-4-3-5-0 15740985 0.073876 0.020956 0 0.048441
4-7-0-0-1-1-0-6-4-7-0 15794415 0.067552 0.015951 1e-06 0.047336
4-7-0-2-2-3-0-0-1-1-0 15794415 0.077756 0.004795 1e-06 0.062637
4-7-0-2-2-3-0-2-2-3-0 10219172 0.092274 0.005507 2e-06 0.08287
4-7-0-2-2-3-0-4-3-5-0 15662521 0.10979 0.018259 0 0.08154
4-7-0-2-2-3-0-6-4-7-0 15792946 0.093984 0.016097 0 0.073581
4-7-0-4-3-5-0-0-1-1-0 15758734 0.092363 0.014465 0 0.073374
4-7-0-4-3-5-0-2-2-3-0 15752999 0.114386 0.012411 0 0.097412
4-7-0-4-3-5-0-4-3-5-0 15556071 0.134893 0.026317 0 0.102496
4-7-0-4-3-5-0-6-4-7-0 15794346 0.119809 0.023101 0 0.091224
4-7-0-6-4-7-0-0-1-1-0 15794415 0.100553 0.014185 0 0.08257
4-7-0-6-4-7-0-2-2-3-0 15792398 0.123538 0.014826 1e-06 0.104575
4-7-0-6-4-7-0-4-3-5-0 15790892 0.130807 0.026497 1e-06 0.099126
4-7-0-6-4-7-0-6-4-7-0 15794414 0.119711 0.021933 0 0.092607
