0-0-1-1-0-0-1-1-0-0-1-1-0-0-1 34713 0.670516 0.624155 1e-06 0.031012
0-0-1-1-0-0-1-1-0-0-1-1-0-2-2 11426723 0.250719 0.202546 0 0.037522
0-0-1-1-0-0-1-1-0-0-1-1-0-4-3 66667832 0.441128 0.394307 1e-06 0.025586
0-0-1-1-0-0-1-1-0-0-1-1-0-6-4 15626706 0.369469 0.315349 1e-06 0.036806
0-0-1-1-0-0-1-1-0-2-2-3-0-0-1 277704 1.03273 0.950131 1e-06 0.042564
0-0-1-1-0-0-1-1-0-2-2-3-0-2-2 11426723 0.734173 0.652669 1e-06 0.060572
0-0-1-1-0-0-1-1-0-2-2-3-0-4-3 262992233 1.68676 1.61904 1e-06 0.046774
0-0-1-1-0-0-1-1-0-2-2-3-0-6-4 15794415 1.55815 1.46729 1e-06 0.050592
0-0-1-1-0-0-1-1-0-4-3-5-0-0-1 277704 0.884889 0.822032 0 0.042833
0-0-1-1-0-0-1-1-0-4-3-5-0-2-2 13373259 0.86506 0.793135 0 0.057497
0-0-1-1-0-0-1-1-0-4-3-5-0-4-3 242448037 1.52128 1.45437 1e-06 0.047647
0-0-1-1-0-0-1-1-0-4-3-5-0-6-4 15758734 1.42102 1.34033 1e-06 0.049854
0-0-1-1-0-0-1-1-0-6-4-7-0-0-1 277704 1.35189 1.248 2e-06 0.040166
0-0-1-1-0-0-1-1-0-6-4-7-0-2-2 13954626 1.39301 1.28895 0 0.050596
0-0-1-1-0-0-1-1-0-6-4-7-0-4-3 264536355 2.28863 2.22656 0 0.04474
0-0-1-1-0-0-1-1-0-6-4-7-0-6-4 15794415 2.08563 1.98835 1e-06 0.044771
0-0-1-1-0-2-2-3-0-0-1-1-0-0-1 277704 0.958379 0.860849 1e-06 0.059917
0-0-1-1-0-2-2-3-0-0-1-1-0-2-2 13954626 0.946598 0.828941 1e-06 0.073008
0-0-1-1-0-2-2-3-0-0-1-1-0-4-3 264547773 1.61675 1.53812 0 0.052218
0-0-1-1-0-2-2-3-0-0-1-1-0-6-4 15794415 1.5248 1.42462 0 0.059068
0-0-1-1-0-2-2-3-0-2-2-3-0-0-1 277704 0.927998 0.829048 0 0.069015
0-0-1-1-0-2-2-3-0-2-2-3-0-2-2 11426723 0.938659 0.821958 1e-06 0.087151
0-0-1-1-0-2-2-3-0-2-2-3-0-4-3 262992233 1.75112 1.64479 0 0.08187
0-0-1-1-0-2-2-3-0-2-2-3-0-6-4 15794415 1.67193 1.55485 1e-06 0.085927
0-0-1-1-0-2-2-3-0-4-3-5-0-0-1 277704 2.62621 2.49194 1e-06 0.074861
0-0-1-1-0-2-2-3-0-4-3-5-0-2-2 13954626 2.67441 2.51592 1e-06 0.099796
0-0-1-1-0-2-2-3-0-4-3-5-0-4-3 264272027 3.48259 3.35613 1e-06 0.093771
0-0-1-1-0-2-2-3-0-4-3-5-0-6-4 15794415 3.26372 3.13433 1e-06 0.0816
0-0-1-1-0-2-2-3-0-6-4-7-0-0-1 277704 2.18586 2.08165 1e-06 0.068102
0-0-1-1-0-2-2-3-0-6-4-7-0-2-2 13954626 2.2409 2.10964 0 0.100352
0-0-1-1-0-2-2-3-0-6-4-7-0-4-3 264547773 3.03182 2.92376 0 0.080207
0-0-1-1-0-2-2-3-0-6-4-7-0-6-4 15794415 2.8423 2.72991 1e-06 0.074726
0-0-1-1-0-4-3-5-0-0-1-1-0-0-1 277704 1.13034 1.03 1e-06 0.07536
0-0-1-1-0-4-3-5-0-0-1-1-0-2-2 13954626 1.22995 1.10942 1e-06 0.0967
0-0-1-1-0-4-3-5-0-0-1-1-0-4-3 264547773 1.94518 1.83914 1e-06 0.089368
0-0-1-1-0-4-3-5-0-0-1-1-0-6-4 15794415 1.86859 1.74919 0 0.093447
0-0-1-1-0-4-3-5-0-2-2-3-0-0-1 277704 1.2806 1.14396 1e-06 0.107377
0-0-1-1-0-4-3-5-0-2-2-3-0-2-2 13373259 1.30935 1.16795 0 0.109747
0-0-1-1-0-4-3-5-0-2-2-3-0-4-3 264534436 2.13722 2.01063 1e-06 0.104833
0-0-1-1-0-4-3-5-0-2-2-3-0-6-4 15794415 2.01366 1.87281 0 0.104962
0-0-1-1-0-4-3-5-0-4-3-5-0-0-1 277704 2.71243 2.55805 1e-06 0.093994
0-0-1-1-0-4-3-5-0-4-3-5-0-2-2 13954626 2.75308 2.56311 1e-06 0.129599
0-0-1-1-0-4-3-5-0-4-3-5-0-4-3 254851812 3.59544 3.41861 1e-06 0.121293
0-0-1-1-0-4-3-5-0-4-3-5-0-6-4 15794415 3.45859 3.29137 1e-06 0.105709
0-0-1-1-0-4-3-5-0-6-4-7-0-0-1 277704 2.34921 2.21846 1e-06 0.094101
0-0-1-1-0-4-3-5-0-6-4-7-0-2-2 13954626 2.42584 2.26365 1e-06 0.125263
0-0-1-1-0-4-3-5-0-6-4-7-0-4-3 264547773 3.15246 3.03025 0 0.098924
0-0-1-1-0-4-3-5-0-6-4-7-0-6-4 15794415 3.10839 2.96837 1e-06 0.104601
0-0-1-1-0-6-4-7-0-0-1-1-0-0-1 277704 1.59587 1.48063 0 0.073026
0-0-1-1-0-6-4-7-0-0-1-1-0-2-2 13954626 1.67321 1.54653 1e-06 0.091231
0-0-1-1-0-6-4-7-0-0-1-1-0-4-3 264547773 2.33326 2.21712 0 0.081812
0-0-1-1-0-6-4-7-0-0-1-1-0-6-4 15794415 2.21149 2.07991 0 0.078537
0-0-1-1-0-6-4-7-0-2-2-3-0-0-1 277704 1.62623 1.50222 1e-06 0.081062
0-0-1-1-0-6-4-7-0-2-2-3-0-2-2 13954626 1.72856 1.56245 0 0.123164
0-0-1-1-0-6-4-7-0-2-2-3-0-4-3 264547773 2.5402 2.40214 0 0.102235
0-0-1-1-0-6-4-7-0-2-2-3-0-6-4 15794415 2.45871 2.31755 0 0.09466
0-0-1-1-0-6-4-7-0-4-3-5-0-0-1 277704 3.37084 3.20448 1e-06 0.107342
0-0-1-1-0-6-4-7-0-4-3-5-0-2-2 13954626 3.4402 3.2567 1e-06 0.12988
0-0-1-1-0-6-4-7-0-4-3-5-0-4-3 264536355 4.15108 4.02109 1e-06 0.097828
0-0-1-1-0-6-4-7-0-4-3-5-0-6-4 15794415 4.01249 3.87074 1e-06 0.097269
0-0-1-1-0-6-4-7-0-6-4-7-0-0-1 277704 3.00294 2.86852 0 0.090374
0-0-1-1-0-6-4-7-0-6-4-7-0-2-2 13954626 3.06484 2.90134 0 0.118072
0-0-1-1-0-6-4-7-0-6-4-7-0-4-3 264547773 3.82882 3.69619 0 0.0981
0-0-1-1-0-6-4-7-0-6-4-7-0-6-4 15794415 3.81206 3.67549 0 0.090698
0-2-2-3-0-0-1-1-0-0-1-1-0-0-1 269979 0.872621 0.748239 0 0.071854
0-2-2-3-0-0-1-1-0-0-1-1-0-2-2 13942082 0.913565 0.768771 0 0.088873
0-2-2-3-0-0-1-1-0-0-1-1-0-4-3 261068775 1.70606 1.58765 1e-06 0.075369
0-2-2-3-0-0-1-1-0-0-1-1-0-6-4 15794087 1.58427 1.46776 1e-06 0.075795
0-2-2-3-0-0-1-1-0-2-2-3-0-0-1 277704 0.961775 0.827228 1e-06 0.090431
0-2-2-3-0-0-1-1-0-2-2-3-0-2-2 13942082 1.04517 0.846976 1e-06 0.13819
0-2-2-3-0-0-1-1-0-2-2-3-0-4-3 264546361 1.95676 1.83114 1e-06 0.104136
0-2-2-3-0-0-1-1-0-2-2-3-0-6-4 15794415 1.89934 1.72677 1e-06 0.117898
0-2-2-3-0-0-1-1-0-4-3-5-0-0-1 277704 2.56137 2.39522 2e-06 0.097048
0-2-2-3-0-0-1-1-0-4-3-5-0-2-2 13950086 2.52984 2.35133 1e-06 0.121547
0-2-2-3-0-0-1-1-0-4-3-5-0-4-3 264223483 3.30695 3.16246 1e-06 0.106827
0-2-2-3-0-0-1-1-0-4-3-5-0-6-4 15794374 3.23249 3.07631 1e-06 0.089881
0-2-2-3-0-0-1-1-0-6-4-7-0-0-1 277704 1.99188 1.85586 1e-06 0.08767
0-2-2-3-0-0-1-1-0-6-4-7-0-2-2 13954626 2.16539 2.01307 1e-06 0.111075
0-2-2-3-0-0-1-1-0-6-4-7-0-4-3 264547768 2.9879 2.88022 0 0.087259
0-2-2-3-0-0-1-1-0-6-4-7-0-6-4 15794415 2.90666 2.76646 1e-06 0.091726
0-2-2-3-0-2-2-3-0-0-1-1-0-0-1 269979 0.52843 0.387994 1e-06 0.099909
0-2-2-3-0-2-2-3-0-0-1-1-0-2-2 13942082 0.58598 0.401258 1e-06 0.166101
0-2-2-3-0-2-2-3-0-0-1-1-0-4-3 261068775 1.27569 1.11759 1e-06 0.13614
0-2-2-3-0-2-2-3-0-0-1-1-0-6-4 15794087 1.16062 1.01632 1e-06 0.121256
0-2-2-3-0-2-2-3-0-2-2-3-0-0-1 269979 0.15146 0.017874 1e-06 0.122427
0-2-2-3-0-2-2-3-0-2-2-3-0-2-2 34713 0.193101 0.017187 0 0.16677
0-2-2-3-0-2-2-3-0-2-2-3-0-4-3 18178411 0.174267 0.033705 0 0.130451
0-2-2-3-0-2-2-3-0-2-2-3-0-6-4 10219172 0.184827 0.031613 1e-06 0.14223
0-2-2-3-0-2-2-3-0-4-3-5-0-0-1 277212 0.554891 0.396597 1e-06 0.145325
0-2-2-3-0-2-2-3-0-4-3-5-0-2-2 12401496 0.560853 0.407104 1e-06 0.135547
0-2-2-3-0-2-2-3-0-4-3-5-0-4-3 223199128 1.14815 0.991692 2e-06 0.140652
0-2-2-3-0-2-2-3-0-4-3-5-0-6-4 15752999 1.07175 0.891602 1e-06 0.163653
0-2-2-3-0-2-2-3-0-6-4-7-0-0-1 277704 1.06818 0.860838 1e-06 0.154175
0-2-2-3-0-2-2-3-0-6-4-7-0-2-2 13689497 1.07597 0.849804 1e-06 0.182495
0-2-2-3-0-2-2-3-0-6-4-7-0-4-3 258664239 2.03258 1.84736 1e-06 0.161787
0-2-2-3-0-2-2-3-0-6-4-7-0-6-4 15792398 1.83853 1.66078 1e-06 0.145353
0-2-2-3-0-4-3-5-0-0-1-1-0-0-1 277212 1.09848 0.848619 1e-06 0.101779
0-2-2-3-0-4-3-5-0-0-1-1-0-2-2 13953539 1.09374 0.867664 1e-06 0.170188
0-2-2-3-0-4-3-5-0-0-1-1-0-4-3 264335304 1.94657 1.78696 2e-06 0.14042
0-2-2-3-0-4-3-5-0-0-1-1-0-6-4 15794372 1.8389 1.61851 1e-06 0.159687
0-2-2-3-0-4-3-5-0-2-2-3-0-0-1 277704 1.09555 0.914655 1e-06 0.151933
0-2-2-3-0-4-3-5-0-2-2-3-0-2-2 12401496 1.08265 0.883367 0 0.173487
0-2-2-3-0-4-3-5-0-2-2-3-0-4-3 263938876 2.11987 1.91836 1e-06 0.176942
0-2-2-3-0-4-3-5-0-2-2-3-0-6-4 15794338 1.94572 1.73091 1e-06 0.182179
0-2-2-3-0-4-3-5-0-4-3-5-0-0-1 277704 2.44901 2.27437 1e-06 0.14416
0-2-2-3-0-4-3-5-0-4-3-5-0-2-2 13942369 2.46674 2.24571 1e-06 0.195838
0-2-2-3-0-4-3-5-0-4-3-5-0-4-3 252870735 3.39058 3.18888 0 0.164472
0-2-2-3-0-4-3-5-0-4-3-5-0-6-4 15794351 3.40586 3.16689 2e-06 0.184191
0-2-2-3-0-4-3-5-0-6-4-7-0-0-1 277704 2.09703 1.88188 1e-06 0.142669
0-2-2-3-0-4-3-5-0-6-4-7-0-2-2 13954500 2.27187 1.9899 1e-06 0.183025
0-2-2-3-0-4-3-5-0-6-4-7-0-4-3 264545259 3.24207 3.06919 1e-06 0.145726
0-2-2-3-0-4-3-5-0-6-4-7-0-6-4 15794413 3.01171 2.76044 0 0.159365
0-2-2-3-0-6-4-7-0-0-1-1-0-0-1 277704 1.38068 1.22111 1e-06 0.11223
0-2-2-3-0-6-4-7-0-0-1-1-0-2-2 13954626 1.50222 1.25285 1e-06 0.157237
0-2-2-3-0-6-4-7-0-0-1-1-0-4-3 264547773 2.26979 2.10127 1e-06 0.131675
0-2-2-3-0-6-4-7-0-0-1-1-0-6-4 15794415 2.06739 1.87461 2e-06 0.115732
0-2-2-3-0-6-4-7-0-2-2-3-0-0-1 277704 1.50005 1.26022 1e-06 0.151165
0-2-2-3-0-6-4-7-0-2-2-3-0-2-2 13689497 1.53791 1.29748 0 0.183443
0-2-2-3-0-6-4-7-0-2-2-3-0-4-3 264526605 2.47889 2.28017 1e-06 0.152706
0-2-2-3-0-6-4-7-0-2-2-3-0-6-4 15794414 2.2498 2.0249 0 0.165227
0-2-2-3-0-6-4-7-0-4-3-5-0-0-1 277704 3.22939 2.93065 1e-06 0.139671
0-2-2-3-0-6-4-7-0-4-3-5-0-2-2 13953921 3.39829 3.07901 1e-06 0.196901
0-2-2-3-0-6-4-7-0-4-3-5-0-4-3 261395656 4.14885 3.9134 1e-06 0.152251
0-2-2-3-0-6-4-7-0-4-3-5-0-6-4 15794415 3.9674 3.68041 1e-06 0.165788
0-2-2-3-0-6-4-7-0-6-4-7-0-0-1 277704 2.69145 2.46235 1e-06 0.134483
0-2-2-3-0-6-4-7-0-6-4-7-0-2-2 13954626 2.83943 2.59461 1e-06 0.182141
0-2-2-3-0-6-4-7-0-6-4-7-0-4-3 264547767 3.7381 3.54629 1e-06 0.166312
0-2-2-3-0-6-4-7-0-6-4-7-0-6-4 15794415 3.56866 3.36145 0 0.150258
0-4-3-5-0-0-1-1-0-0-1-1-0-0-1 125547 0.491291 0.375674 2e-06 0.093537
0-4-3-5-0-0-1-1-0-0-1-1-0-2-2 13103489 0.501166 0.373186 1e-06 0.108473
0-4-3-5-0-0-1-1-0-0-1-1-0-4-3 159103520 0.869404 0.745968 1e-06 0.106003
0-4-3-5-0-0-1-1-0-0-1-1-0-6-4 15740985 0.814289 0.67965 1e-06 0.11238
0-4-3-5-0-0-1-1-0-2-2-3-0-0-1 277704 0.917086 0.689466 1e-06 0.125373
0-4-3-5-0-0-1-1-0-2-2-3-0-2-2 13103489 0.91954 0.688188 1e-06 0.165554
0-4-3-5-0-0-1-1-0-2-2-3-0-4-3 264299335 1.86169 1.69917 1e-06 0.141909
0-4-3-5-0-0-1-1-0-2-2-3-0-6-4 15794415 1.77817 1.53105 1e-06 0.166149
0-4-3-5-0-0-1-1-0-4-3-5-0-0-1 277704 1.77615 1.6053 1e-06 0.126417
0-4-3-5-0-0-1-1-0-4-3-5-0-2-2 13749399 1.89138 1.67545 1e-06 0.180848
0-4-3-5-0-0-1-1-0-4-3-5-0-4-3 254223236 2.74802 2.57739 1e-06 0.143132
0-4-3-5-0-0-1-1-0-4-3-5-0-6-4 15784512 2.45562 2.27279 1e-06 0.146357
0-4-3-5-0-0-1-1-0-6-4-7-0-0-1 277704 1.82162 1.58356 3e-06 0.116209
0-4-3-5-0-0-1-1-0-6-4-7-0-2-2 13954626 1.89898 1.68343 0 0.138108
0-4-3-5-0-0-1-1-0-6-4-7-0-4-3 264545622 2.89787 2.73196 1e-06 0.141904
0-4-3-5-0-0-1-1-0-6-4-7-0-6-4 15794415 2.78634 2.56604 0 0.143718
0-4-3-5-0-2-2-3-0-0-1-1-0-0-1 277597 0.868728 0.600102 2e-06 0.152151
0-4-3-5-0-2-2-3-0-0-1-1-0-2-2 13954538 0.834049 0.604829 0 0.177915
0-4-3-5-0-2-2-3-0-0-1-1-0-4-3 264505054 1.68365 1.51876 1e-06 0.146896
0-4-3-5-0-2-2-3-0-0-1-1-0-6-4 15794415 1.50848 1.32128 1e-06 0.135084
0-4-3-5-0-2-2-3-0-2-2-3-0-0-1 277597 0.477566 0.288131 0 0.166403
0-4-3-5-0-2-2-3-0-2-2-3-0-2-2 1807215 0.541198 0.287079 1e-06 0.234291
0-4-3-5-0-2-2-3-0-2-2-3-0-4-3 186718068 0.918493 0.733761 1e-06 0.168687
0-4-3-5-0-2-2-3-0-2-2-3-0-6-4 15662521 0.857702 0.640016 1e-06 0.198798
0-4-3-5-0-2-2-3-0-4-3-5-0-0-1 277704 2.09186 1.91649 1e-06 0.145589
0-4-3-5-0-2-2-3-0-4-3-5-0-2-2 13920727 2.2078 1.90995 0 0.232681
0-4-3-5-0-2-2-3-0-4-3-5-0-4-3 256552028 3.28295 3.05948 1e-06 0.162609
0-4-3-5-0-2-2-3-0-4-3-5-0-6-4 15793767 2.97864 2.74167 1e-06 0.178739
0-4-3-5-0-2-2-3-0-6-4-7-0-0-1 277704 1.93716 1.64994 1e-06 0.167095
0-4-3-5-0-2-2-3-0-6-4-7-0-2-2 13952209 1.96597 1.66831 0 0.201672
0-4-3-5-0-2-2-3-0-6-4-7-0-4-3 264488100 2.9815 2.75335 1e-06 0.204214
0-4-3-5-0-2-2-3-0-6-4-7-0-6-4 15794397 2.77258 2.50215 1e-06 0.174858
0-4-3-5-0-4-3-5-0-0-1-1-0-0-1 273654 1.34472 1.03608 1e-06 0.202432
0-4-3-5-0-4-3-5-0-0-1-1-0-2-2 13920168 1.34247 1.03818 1e-06 0.236996
0-4-3-5-0-4-3-5-0-0-1-1-0-4-3 261568906 2.07107 1.90681 1e-06 0.144125
0-4-3-5-0-4-3-5-0-0-1-1-0-6-4 15792180 1.96753 1.73668 1e-06 0.167475
0-4-3-5-0-4-3-5-0-2-2-3-0-0-1 277611 1.32282 1.0789 1e-06 0.184447
0-4-3-5-0-4-3-5-0-2-2-3-0-2-2 12620533 1.33179 1.05574 1e-06 0.229221
0-4-3-5-0-4-3-5-0-2-2-3-0-4-3 260987845 2.26804 2.04461 1e-06 0.202678
0-4-3-5-0-4-3-5-0-2-2-3-0-6-4 15743848 2.20565 1.91988 0 0.226946
0-4-3-5-0-4-3-5-0-4-3-5-0-0-1 274950 2.78652 2.56156 1e-06 0.181203
0-4-3-5-0-4-3-5-0-4-3-5-0-2-2 13780903 2.95517 2.59379 1e-06 0.298942
0-4-3-5-0-4-3-5-0-4-3-5-0-4-3 249802666 3.89542 3.61622 1e-06 0.23953
0-4-3-5-0-4-3-5-0-4-3-5-0-6-4 15614461 3.62499 3.39079 1e-06 0.190515
0-4-3-5-0-4-3-5-0-6-4-7-0-0-1 277700 2.41318 2.15642 1e-06 0.178449
0-4-3-5-0-4-3-5-0-6-4-7-0-2-2 13850279 2.61729 2.27471 1e-06 0.257179
0-4-3-5-0-4-3-5-0-6-4-7-0-4-3 263135171 3.63794 3.36376 1e-06 0.245767
0-4-3-5-0-4-3-5-0-6-4-7-0-6-4 15792097 3.41373 3.12249 1e-06 0.186752
0-4-3-5-0-6-4-7-0-0-1-1-0-0-1 277700 1.58413 1.40654 0 0.113478
0-4-3-5-0-6-4-7-0-0-1-1-0-2-2 13954622 1.62226 1.3715 0 0.168292
0-4-3-5-0-6-4-7-0-0-1-1-0-4-3 264547070 2.54284 2.31393 0 0.167047
0-4-3-5-0-6-4-7-0-0-1-1-0-6-4 15794415 2.42592 2.18258 1e-06 0.169765
0-4-3-5-0-6-4-7-0-2-2-3-0-0-1 277704 1.73742 1.49867 0 0.154209
0-4-3-5-0-6-4-7-0-2-2-3-0-2-2 13721768 1.77336 1.5119 1e-06 0.199727
0-4-3-5-0-6-4-7-0-2-2-3-0-4-3 264348044 2.76938 2.5622 1e-06 0.176423
0-4-3-5-0-6-4-7-0-2-2-3-0-6-4 15794371 2.50728 2.28196 1e-06 0.177658
0-4-3-5-0-6-4-7-0-4-3-5-0-0-1 277704 3.4587 3.16792 1e-06 0.177994
0-4-3-5-0-6-4-7-0-4-3-5-0-2-2 13953164 3.51973 3.21406 1e-06 0.233072
0-4-3-5-0-6-4-7-0-4-3-5-0-4-3 263215652 4.41101 4.16127 1e-06 0.211066
0-4-3-5-0-6-4-7-0-4-3-5-0-6-4 15794412 4.20634 3.96089 2e-06 0.186476
0-4-3-5-0-6-4-7-0-6-4-7-0-0-1 277704 2.92831 2.65234 1e-06 0.148519
0-4-3-5-0-6-4-7-0-6-4-7-0-2-2 13954620 2.96771 2.70984 1e-06 0.19656
0-4-3-5-0-6-4-7-0-6-4-7-0-4-3 264547650 3.85512 3.6679 1e-06 0.1654
0-4-3-5-0-6-4-7-0-6-4-7-0-6-4 15794415 3.77257 3.52083 1e-06 0.185535
0-6-4-7-0-0-1-1-0-0-1-1-0-0-1 277619 1.17287 0.898339 1e-06 0.073939
0-6-4-7-0-0-1-1-0-0-1-1-0-2-2 13954551 1.15363 0.906044 0 0.105698
0-6-4-7-0-0-1-1-0-0-1-1-0-4-3 264520476 1.9018 1.70194 0 0.105182
0-6-4-7-0-0-1-1-0-0-1-1-0-6-4 15794415 1.74416 1.51722 1e-06 0.093307
0-6-4-7-0-0-1-1-0-2-2-3-0-0-1 277704 1.10414 0.894949 1e-06 0.130364
0-6-4-7-0-0-1-1-0-2-2-3-0-2-2 13954551 1.15957 0.901623 1e-06 0.184847
0-6-4-7-0-0-1-1-0-2-2-3-0-4-3 264547769 2.01527 1.84094 0 0.114394
0-6-4-7-0-0-1-1-0-2-2-3-0-6-4 15794415 1.90222 1.65708 1e-06 0.153398
0-6-4-7-0-0-1-1-0-4-3-5-0-0-1 277704 2.84629 2.59247 2e-06 0.13004
0-6-4-7-0-0-1-1-0-4-3-5-0-2-2 13954585 2.66359 2.39279 0 0.167112
0-6-4-7-0-0-1-1-0-4-3-5-0-4-3 264544959 3.50039 3.31296 1e-06 0.144893
0-6-4-7-0-0-1-1-0-4-3-5-0-6-4 15794415 3.42896 3.21145 0 0.116775
0-6-4-7-0-0-1-1-0-6-4-7-0-0-1 277704 2.26535 2.06164 0 0.115471
0-6-4-7-0-0-1-1-0-6-4-7-0-2-2 13954626 2.35153 2.09228 0 0.158448
0-6-4-7-0-0-1-1-0-6-4-7-0-4-3 264547773 3.26585 3.0866 0 0.123664
0-6-4-7-0-0-1-1-0-6-4-7-0-6-4 15794415 3.07366 2.86969 1e-06 0.106388
0-6-4-7-0-2-2-3-0-0-1-1-0-0-1 277704 0.934576 0.751389 1e-06 0.123686
0-6-4-7-0-2-2-3-0-0-1-1-0-2-2 13954626 1.00687 0.771399 0 0.152244
0-6-4-7-0-2-2-3-0-0-1-1-0-4-3 264547773 1.8163 1.64498 1e-06 0.133167
0-6-4-7-0-2-2-3-0-0-1-1-0-6-4 15794415 1.66311 1.44032 1e-06 0.141526
0-6-4-7-0-2-2-3-0-2-2-3-0-0-1 277704 0.911384 0.708948 1e-06 0.145104
0-6-4-7-0-2-2-3-0-2-2-3-0-2-2 6345795 0.969792 0.70935 1e-06 0.224514
0-6-4-7-0-2-2-3-0-2-2-3-0-4-3 254483838 1.76267 1.54502 0 0.186902
0-6-4-7-0-2-2-3-0-2-2-3-0-6-4 15792946 1.65884 1.42163 0 0.200913
0-6-4-7-0-2-2-3-0-4-3-5-0-0-1 277704 2.88876 2.59158 0 0.147603
0-6-4-7-0-2-2-3-0-4-3-5-0-2-2 13954585 2.83008 2.55499 1e-06 0.204448
0-6-4-7-0-2-2-3-0-4-3-5-0-4-3 262665496 3.77075 3.51629 1e-06 0.205124
0-6-4-7-0-2-2-3-0-4-3-5-0-6-4 15794415 3.56244 3.30512 1e-06 0.173901
0-6-4-7-0-2-2-3-0-6-4-7-0-0-1 277704 2.19455 1.9737 0 0.147713
0-6-4-7-0-2-2-3-0-6-4-7-0-2-2 13954626 2.37751 2.11421 0 0.175845
0-6-4-7-0-2-2-3-0-6-4-7-0-4-3 264547773 3.28966 3.10083 1e-06 0.163008
0-6-4-7-0-2-2-3-0-6-4-7-0-6-4 15794415 3.07498 2.81609 1e-06 0.195932
0-6-4-7-0-4-3-5-0-0-1-1-0-0-1 277701 1.80274 1.6151 1e-06 0.142304
0-6-4-7-0-4-3-5-0-0-1-1-0-2-2 13954618 1.80824 1.61889 1e-06 0.153004
0-6-4-7-0-4-3-5-0-0-1-1-0-4-3 264546039 2.59346 2.40458 1e-06 0.150251
0-6-4-7-0-4-3-5-0-0-1-1-0-6-4 15794415 2.51747 2.3044 1e-06 0.154695
0-6-4-7-0-4-3-5-0-2-2-3-0-0-1 277704 1.93762 1.66172 1e-06 0.196785
0-6-4-7-0-4-3-5-0-2-2-3-0-2-2 13891951 2.01833 1.72272 2e-06 0.254331
0-6-4-7-0-4-3-5-0-2-2-3-0-4-3 264545893 2.87311 2.67001 1e-06 0.171894
0-6-4-7-0-4-3-5-0-2-2-3-0-6-4 15794415 2.78096 2.50431 1e-06 0.236823
0-6-4-7-0-4-3-5-0-4-3-5-0-0-1 277704 3.89402 3.61287 1e-06 0.216776
0-6-4-7-0-4-3-5-0-4-3-5-0-2-2 13954598 3.8355 3.52805 0 0.253841
0-6-4-7-0-4-3-5-0-4-3-5-0-4-3 253260419 4.65776 4.4046 2e-06 0.202486
0-6-4-7-0-4-3-5-0-4-3-5-0-6-4 15794415 4.53624 4.22287 0 0.237513
0-6-4-7-0-4-3-5-0-6-4-7-0-0-1 277704 3.33557 3.0522 1e-06 0.195294
0-6-4-7-0-4-3-5-0-6-4-7-0-2-2 13954626 3.32644 3.02777 0 0.250591
0-6-4-7-0-4-3-5-0-6-4-7-0-4-3 264547770 4.16018 3.93968 2e-06 0.1932
0-6-4-7-0-4-3-5-0-6-4-7-0-6-4 15794415 3.86986 3.64891 1e-06 0.179428
0-6-4-7-0-6-4-7-0-0-1-1-0-0-1 277704 1.6539 1.45273 1e-06 0.131752
0-6-4-7-0-6-4-7-0-0-1-1-0-2-2 13954626 1.79683 1.48937 1e-06 0.199124
0-6-4-7-0-6-4-7-0-0-1-1-0-4-3 264547773 2.44579 2.25539 0 0.135784
0-6-4-7-0-6-4-7-0-0-1-1-0-6-4 15794415 2.41735 2.15418 1e-06 0.157761
0-6-4-7-0-6-4-7-0-2-2-3-0-0-1 277704 1.89474 1.59475 1e-06 0.17076
0-6-4-7-0-6-4-7-0-2-2-3-0-2-2 13954431 1.89415 1.57078 1e-06 0.223375
0-6-4-7-0-6-4-7-0-2-2-3-0-4-3 264547772 2.737 2.50156 1e-06 0.177834
0-6-4-7-0-6-4-7-0-2-2-3-0-6-4 15794415 2.63709 2.33118 1e-06 0.193193
0-6-4-7-0-6-4-7-0-4-3-5-0-0-1 277704 3.55166 3.24949 1e-06 0.19036
0-6-4-7-0-6-4-7-0-4-3-5-0-2-2 13954626 3.72201 3.37765 1e-06 0.206521
0-6-4-7-0-6-4-7-0-4-3-5-0-4-3 264542880 4.45374 4.23086 0 0.183746
0-6-4-7-0-6-4-7-0-4-3-5-0-6-4 15794415 4.24295 3.94542 1e-06 0.183952
0-6-4-7-0-6-4-7-0-6-4-7-0-0-1 277704 3.1226 2.84748 2e-06 0.167916
0-6-4-7-0-6-4-7-0-6-4-7-0-2-2 13954626 3.19586 2.89737 1e-06 0.202622
0-6-4-7-0-6-4-7-0-6-4-7-0-4-3 264547773 4.14347 3.91738 1e-06 0.172369
0-6-4-7-0-6-4-7-0-6-4-7-0-6-4 15794415 3.94469 3.679 0 0.172706
1-1-0-0-1-1-0-0-1-1-0-0-1-1-0 34713 0.15283 0.115513 1e-06 0.028799
1-1-0-0-1-1-0-0-1-1-0-2-2-3-0 269979 0.042755 0.001157 1e-06 0.038536
1-1-0-0-1-1-0-0-1-1-0-4-3-5-0 125547 0.052811 0.001871 1e-06 0.046792
1-1-0-0-1-1-0-0-1-1-0-6-4-7-0 277619 0.046296 0.002207 1e-06 0.04016
1-1-0-0-1-1-0-2-2-3-0-0-1-1-0 277704 0.063138 0.001199 1e-06 0.058883
1-1-0-0-1-1-0-2-2-3-0-2-2-3-0 269979 0.079755 0.00161 0 0.075018
1-1-0-0-1-1-0-2-2-3-0-4-3-5-0 277597 0.080567 0.003091 1e-06 0.073155
1-1-0-0-1-1-0-2-2-3-0-6-4-7-0 277704 0.083806 0.002909 1e-06 0.076926
1-1-0-0-1-1-0-4-3-5-0-0-1-1-0 277704 0.822765 0.741282 1e-06 0.069399
1-1-0-0-1-1-0-4-3-5-0-2-2-3-0 277212 0.863833 0.756851 1e-06 0.092825
1-1-0-0-1-1-0-4-3-5-0-4-3-5-0 273654 1.60493 1.46826 0 0.109919
1-1-0-0-1-1-0-4-3-5-0-6-4-7-0 277701 0.107152 0.003504 1e-06 0.099096
1-1-0-0-1-1-0-6-4-7-0-0-1-1-0 277704 1.30261 1.17961 1e-06 0.071919
1-1-0-0-1-1-0-6-4-7-0-2-2-3-0 277704 1.31777 1.18698 0 0.083111
1-1-0-0-1-1-0-6-4-7-0-4-3-5-0 277700 0.10922 0.009842 1e-06 0.0944
1-1-0-0-1-1-0-6-4-7-0-6-4-7-0 277704 0.098758 0.004785 1e-06 0.089732
1-1-0-2-2-3-0-0-1-1-0-0-1-1-0 277704 0.563641 0.423058 1e-06 0.080929
1-1-0-2-2-3-0-0-1-1-0-2-2-3-0 277704 0.116851 0.003618 1e-06 0.105439
1-1-0-2-2-3-0-0-1-1-0-4-3-5-0 277704 0.104398 0.005384 1e-06 0.094356
1-1-0-2-2-3-0-0-1-1-0-6-4-7-0 277704 0.11554 0.003379 1e-06 0.103969
1-1-0-2-2-3-0-2-2-3-0-0-1-1-0 277704 0.119359 0.001958 1e-06 0.114022
1-1-0-2-2-3-0-2-2-3-0-2-2-3-0 269979 0.142333 0.00175 0 0.13713
1-1-0-2-2-3-0-2-2-3-0-4-3-5-0 277597 0.160729 0.00769 0 0.148003
1-1-0-2-2-3-0-2-2-3-0-6-4-7-0 277704 0.143102 0.003667 1e-06 0.134697
1-1-0-2-2-3-0-4-3-5-0-0-1-1-0 277704 0.573531 0.399978 0 0.138244
1-1-0-2-2-3-0-4-3-5-0-2-2-3-0 277704 0.614869 0.40999 2e-06 0.17521
1-1-0-2-2-3-0-4-3-5-0-4-3-5-0 277611 0.184456 0.00667 0 0.171478
1-1-0-2-2-3-0-4-3-5-0-6-4-7-0 277704 0.163703 0.006509 1e-06 0.151443
1-1-0-2-2-3-0-6-4-7-0-0-1-1-0 277704 1.0335 0.876679 1e-06 0.131981
1-1-0-2-2-3-0-6-4-7-0-2-2-3-0 277704 1.17347 0.908868 6e-06 0.175276
1-1-0-2-2-3-0-6-4-7-0-4-3-5-0 277704 0.190693 0.008486 1e-06 0.169902
1-1-0-2-2-3-0-6-4-7-0-6-4-7-0 277704 0.153912 0.005774 0 0.142308
1-1-0-4-3-5-0-0-1-1-0-0-1-1-0 277704 0.357657 0.215386 1e-06 0.117472
1-1-0-4-3-5-0-0-1-1-0-2-2-3-0 277704 0.376335 0.215666 1e-06 0.140958
1-1-0-4-3-5-0-0-1-1-0-4-3-5-0 277704 0.167116 0.005021 1e-06 0.153328
1-1-0-4-3-5-0-0-1-1-0-6-4-7-0 277704 0.133316 0.004865 0 0.12197
1-1-0-4-3-5-0-2-2-3-0-0-1-1-0 277704 0.352167 0.155811 1e-06 0.184161
1-1-0-4-3-5-0-2-2-3-0-2-2-3-0 277212 0.339404 0.157629 0 0.16625
1-1-0-4-3-5-0-2-2-3-0-4-3-5-0 277704 0.200134 0.004928 1e-06 0.186858
1-1-0-4-3-5-0-2-2-3-0-6-4-7-0 277704 0.17892 0.004318 0 0.168261
1-1-0-4-3-5-0-4-3-5-0-0-1-1-0 277704 0.716941 0.570557 0 0.130988
1-1-0-4-3-5-0-4-3-5-0-2-2-3-0 277704 0.852715 0.595679 1e-06 0.234086
1-1-0-4-3-5-0-4-3-5-0-4-3-5-0 274950 1.63041 1.40321 1e-06 0.189858
1-1-0-4-3-5-0-4-3-5-0-6-4-7-0 277704 1.41153 1.18352 1e-06 0.198984
1-1-0-4-3-5-0-6-4-7-0-0-1-1-0 277704 1.34735 1.10868 1e-06 0.200384
1-1-0-4-3-5-0-6-4-7-0-2-2-3-0 277704 1.48589 1.16645 1e-06 0.238942
1-1-0-4-3-5-0-6-4-7-0-4-3-5-0 277704 2.86587 2.44023 1e-06 0.230049
1-1-0-4-3-5-0-6-4-7-0-6-4-7-0 277704 2.30742 2.08441 1e-06 0.159279
1-1-0-6-4-7-0-0-1-1-0-0-1-1-0 277704 0.726338 0.515544 1e-06 0.096273
1-1-0-6-4-7-0-0-1-1-0-2-2-3-0 277704 0.740741 0.522231 0 0.113828
1-1-0-6-4-7-0-0-1-1-0-4-3-5-0 277704 0.169376 0.008057 1e-06 0.154629
1-1-0-6-4-7-0-0-1-1-0-6-4-7-0 277704 0.128132 0.004713 0 0.117705
1-1-0-6-4-7-0-2-2-3-0-0-1-1-0 277704 0.610036 0.421602 1e-06 0.151975
1-1-0-6-4-7-0-2-2-3-0-2-2-3-0 277704 0.237562 0.008522 1e-06 0.218132
1-1-0-6-4-7-0-2-2-3-0-4-3-5-0 277704 0.215055 0.005343 0 0.199744
1-1-0-6-4-7-0-2-2-3-0-6-4-7-0 277704 0.210741 0.005053 1e-06 0.197221
1-1-0-6-4-7-0-4-3-5-0-0-1-1-0 277704 1.83277 1.60022 1e-06 0.191346
1-1-0-6-4-7-0-4-3-5-0-2-2-3-0 277704 1.83434 1.53749 0 0.221997
1-1-0-6-4-7-0-4-3-5-0-4-3-5-0 277700 2.95025 2.6368 0 0.172167
1-1-0-6-4-7-0-4-3-5-0-6-4-7-0 277704 2.61249 2.3866 1e-06 0.17714
1-1-0-6-4-7-0-6-4-7-0-0-1-1-0 277704 1.53151 1.24884 0 0.150269
1-1-0-6-4-7-0-6-4-7-0-2-2-3-0 277704 1.62766 1.3285 1e-06 0.166767
1-1-0-6-4-7-0-6-4-7-0-4-3-5-0 277704 0.178095 0.008357 1e-06 0.163114
1-1-0-6-4-7-0-6-4-7-0-6-4-7-0 277704 0.228164 0.007766 0 0.212965
2-3-0-0-1-1-0-0-1-1-0-0-1-1-0 11426723 0.221609 0.143694 1e-06 0.06993
2-3-0-0-1-1-0-0-1-1-0-2-2-3-0 13942082 0.098412 0.012293 1e-06 0.081775
2-3-0-0-1-1-0-0-1-1-0-4-3-5-0 13103489 0.12874 0.03151 1e-06 0.091774
2-3-0-0-1-1-0-0-1-1-0-6-4-7-0 13954551 0.116793 0.029009 1e-06 0.08236
2-3-0-0-1-1-0-2-2-3-0-0-1-1-0 13954626 0.117689 0.013725 1e-06 0.099604
2-3-0-0-1-1-0-2-2-3-0-2-2-3-0 13942082 0.144844 0.012422 0 0.128519
2-3-0-0-1-1-0-2-2-3-0-4-3-5-0 13954538 0.152698 0.036356 0 0.110916
2-3-0-0-1-1-0-2-2-3-0-6-4-7-0 13954626 0.147329 0.031702 0 0.110944
2-3-0-0-1-1-0-4-3-5-0-0-1-1-0 13954626 1.00985 0.895891 1e-06 0.100333
2-3-0-0-1-1-0-4-3-5-0-2-2-3-0 13953539 1.07913 0.886807 1e-06 0.162969
2-3-0-0-1-1-0-4-3-5-0-4-3-5-0 13920168 0.203681 0.056545 1e-06 0.139813
2-3-0-0-1-1-0-4-3-5-0-6-4-7-0 13954618 0.203095 0.051681 1e-06 0.140524
2-3-0-0-1-1-0-6-4-7-0-0-1-1-0 13954626 1.66514 1.50833 1e-06 0.119922
2-3-0-0-1-1-0-6-4-7-0-2-2-3-0 13954626 1.63347 1.40876 1e-06 0.138108
2-3-0-0-1-1-0-6-4-7-0-4-3-5-0 13954622 0.194735 0.055142 1e-06 0.133273
2-3-0-0-1-1-0-6-4-7-0-6-4-7-0 13954626 0.17991 0.051521 1e-06 0.122605
2-3-0-2-2-3-0-0-1-1-0-0-1-1-0 11426723 0.122473 0.006496 0 0.11215
2-3-0-2-2-3-0-0-1-1-0-2-2-3-0 13942082 0.175507 0.007587 1e-06 0.163529
2-3-0-2-2-3-0-0-1-1-0-4-3-5-0 13103489 0.183117 0.026566 1e-06 0.147676
2-3-0-2-2-3-0-0-1-1-0-6-4-7-0 13954551 0.166708 0.023383 1e-06 0.138403
2-3-0-2-2-3-0-2-2-3-0-0-1-1-0 11426723 0.202841 0.003837 0 0.192295
2-3-0-2-2-3-0-2-2-3-0-2-2-3-0 34713 0.209461 0.000982 1e-06 0.202932
2-3-0-2-2-3-0-2-2-3-0-4-3-5-0 1807215 0.222657 0.002432 1e-06 0.212438
2-3-0-2-2-3-0-2-2-3-0-6-4-7-0 6345795 0.197926 0.008919 1e-06 0.183085
2-3-0-2-2-3-0-4-3-5-0-0-1-1-0 13373259 0.757652 0.503324 1e-06 0.203783
2-3-0-2-2-3-0-4-3-5-0-2-2-3-0 12401496 0.792159 0.512163 2e-06 0.251827
2-3-0-2-2-3-0-4-3-5-0-4-3-5-0 12620533 0.257476 0.021793 1e-06 0.227626
2-3-0-2-2-3-0-4-3-5-0-6-4-7-0 13891951 0.277675 0.018554 1e-06 0.247669
2-3-0-2-2-3-0-6-4-7-0-0-1-1-0 13954626 1.28353 1.05083 1e-06 0.1999
2-3-0-2-2-3-0-6-4-7-0-2-2-3-0 13689497 0.263461 0.010181 1e-06 0.247272
2-3-0-2-2-3-0-6-4-7-0-4-3-5-0 13721768 0.280864 0.037808 1e-06 0.234404
2-3-0-2-2-3-0-6-4-7-0-6-4-7-0 13954431 0.270229 0.028947 1e-06 0.23433
2-3-0-4-3-5-0-0-1-1-0-0-1-1-0 13373259 0.430233 0.23541 1e-06 0.176471
2-3-0-4-3-5-0-0-1-1-0-2-2-3-0 13950086 0.476049 0.240208 1e-06 0.215588
2-3-0-4-3-5-0-0-1-1-0-4-3-5-0 13749399 0.266217 0.035902 1e-06 0.220499
2-3-0-4-3-5-0-0-1-1-0-6-4-7-0 13954585 0.246671 0.031709 2e-06 0.206511
2-3-0-4-3-5-0-2-2-3-0-0-1-1-0 13954626 0.439577 0.182855 1e-06 0.230626
2-3-0-4-3-5-0-2-2-3-0-2-2-3-0 12401496 0.484283 0.181711 1e-06 0.287115
2-3-0-4-3-5-0-2-2-3-0-4-3-5-0 13920727 0.333341 0.039623 1e-06 0.284202
2-3-0-4-3-5-0-2-2-3-0-6-4-7-0 13954585 0.310585 0.03356 1e-06 0.26789
2-3-0-4-3-5-0-4-3-5-0-0-1-1-0 13954626 0.940997 0.682835 1e-06 0.243045
2-3-0-4-3-5-0-4-3-5-0-2-2-3-0 13942369 1.04084 0.69648 1e-06 0.308887
2-3-0-4-3-5-0-4-3-5-0-4-3-5-0 13780903 2.25889 1.92612 1e-06 0.28364
2-3-0-4-3-5-0-4-3-5-0-6-4-7-0 13954598 1.76013 1.44847 1e-06 0.274341
2-3-0-4-3-5-0-6-4-7-0-0-1-1-0 13954626 1.54109 1.26317 1e-06 0.242871
2-3-0-4-3-5-0-6-4-7-0-2-2-3-0 13953921 1.6505 1.28697 1e-06 0.288565
2-3-0-4-3-5-0-6-4-7-0-4-3-5-0 13953164 2.92662 2.47197 2e-06 0.265872
2-3-0-4-3-5-0-6-4-7-0-6-4-7-0 13954626 2.50712 2.18653 0 0.254928
2-3-0-6-4-7-0-0-1-1-0-0-1-1-0 13954626 0.818706 0.542431 0 0.173593
2-3-0-6-4-7-0-0-1-1-0-2-2-3-0 13954626 0.194567 0.014733 1e-06 0.173236
2-3-0-6-4-7-0-0-1-1-0-4-3-5-0 13954626 0.210296 0.036897 0 0.165612
2-3-0-6-4-7-0-0-1-1-0-6-4-7-0 13954626 0.227425 0.032948 1e-06 0.187077
2-3-0-6-4-7-0-2-2-3-0-0-1-1-0 13954626 0.66701 0.43056 2e-06 0.206995
2-3-0-6-4-7-0-2-2-3-0-2-2-3-0 13689497 0.297468 0.015536 1e-06 0.27032
2-3-0-6-4-7-0-2-2-3-0-4-3-5-0 13952209 0.297947 0.043881 1e-06 0.246129
2-3-0-6-4-7-0-2-2-3-0-6-4-7-0 13954626 0.289442 0.034339 1e-06 0.248066
2-3-0-6-4-7-0-4-3-5-0-0-1-1-0 13954626 1.96082 1.69454 1e-06 0.229133
2-3-0-6-4-7-0-4-3-5-0-2-2-3-0 13954500 1.98142 1.62589 1e-06 0.291242
2-3-0-6-4-7-0-4-3-5-0-4-3-5-0 13850279 3.29941 2.87236 1e-06 0.269207
2-3-0-6-4-7-0-4-3-5-0-6-4-7-0 13954626 3.00501 2.68202 0 0.206486
2-3-0-6-4-7-0-6-4-7-0-0-1-1-0 13954626 1.68575 1.42227 1e-06 0.199134
2-3-0-6-4-7-0-6-4-7-0-2-2-3-0 13954626 1.74107 1.43586 1e-06 0.195521
2-3-0-6-4-7-0-6-4-7-0-4-3-5-0 13954620 0.340056 0.059544 1e-06 0.25969
2-3-0-6-4-7-0-6-4-7-0-6-4-7-0 13954626 0.329238 0.053629 1e-06 0.265967
3-5-0-0-1-1-0-0-1-1-0-0-1-1-0 66667832 0.161933 0.058781 1e-06 0.095146
3-5-0-0-1-1-0-0-1-1-0-2-2-3-0 261068775 0.211156 0.088919 1e-06 0.114038
3-5-0-0-1-1-0-0-1-1-0-4-3-5-0 159103520 0.373963 0.248589 1e-06 0.115523
3-5-0-0-1-1-0-0-1-1-0-6-4-7-0 264520476 0.433627 0.304692 1e-06 0.119604
3-5-0-0-1-1-0-2-2-3-0-0-1-1-0 264547773 0.327301 0.163699 1e-06 0.151491
3-5-0-0-1-1-0-2-2-3-0-2-2-3-0 261068775 0.353498 0.165683 2e-06 0.176314
3-5-0-0-1-1-0-2-2-3-0-4-3-5-0 264505054 0.825164 0.648962 2e-06 0.165502
3-5-0-0-1-1-0-2-2-3-0-6-4-7-0 264547773 0.721906 0.535631 0 0.173365
3-5-0-0-1-1-0-4-3-5-0-0-1-1-0 264547773 1.10412 0.941134 1e-06 0.15021
3-5-0-0-1-1-0-4-3-5-0-2-2-3-0 264335304 0.451369 0.283909 1e-06 0.156628
3-5-0-0-1-1-0-4-3-5-0-4-3-5-0 261568906 0.882723 0.696727 1e-06 0.174097
3-5-0-0-1-1-0-4-3-5-0-6-4-7-0 264546039 0.814452 0.616289 1e-06 0.186191
3-5-0-0-1-1-0-6-4-7-0-0-1-1-0 264547773 0.524635 0.354062 1e-06 0.157648
3-5-0-0-1-1-0-6-4-7-0-2-2-3-0 264547773 0.557313 0.361151 1e-06 0.183476
3-5-0-0-1-1-0-6-4-7-0-4-3-5-0 264547070 1.09745 0.880679 1e-06 0.204901
3-5-0-0-1-1-0-6-4-7-0-6-4-7-0 264547773 0.974177 0.783668 1e-06 0.176402
3-5-0-2-2-3-0-0-1-1-0-0-1-1-0 262992233 0.314541 0.135563 1e-06 0.168838
3-5-0-2-2-3-0-0-1-1-0-2-2-3-0 264546361 0.342944 0.141994 1e-06 0.190167
3-5-0-2-2-3-0-0-1-1-0-4-3-5-0 264299335 0.802514 0.585333 0 0.200372
3-5-0-2-2-3-0-0-1-1-0-6-4-7-0 264547769 0.700443 0.492438 1e-06 0.186631
3-5-0-2-2-3-0-2-2-3-0-0-1-1-0 262992233 0.269729 0.051478 1e-06 0.210386
3-5-0-2-2-3-0-2-2-3-0-2-2-3-0 18178411 0.275452 0.018935 1e-06 0.24887
3-5-0-2-2-3-0-2-2-3-0-4-3-5-0 186718068 0.475953 0.218887 1e-06 0.247739
3-5-0-2-2-3-0-2-2-3-0-6-4-7-0 254483838 0.475584 0.237051 1e-06 0.229011
3-5-0-2-2-3-0-4-3-5-0-0-1-1-0 264534436 0.532656 0.289662 1e-06 0.232246
3-5-0-2-2-3-0-4-3-5-0-2-2-3-0 263938876 0.564244 0.297659 1e-06 0.255603
3-5-0-2-2-3-0-4-3-5-0-4-3-5-0 260987845 1.01962 0.75068 1e-06 0.256193
3-5-0-2-2-3-0-4-3-5-0-6-4-7-0 264545893 0.925104 0.66393 1e-06 0.248869
3-5-0-2-2-3-0-6-4-7-0-0-1-1-0 264547773 0.553124 0.321452 1e-06 0.21971
3-5-0-2-2-3-0-6-4-7-0-2-2-3-0 264526605 0.606982 0.329864 1e-06 0.266699
3-5-0-2-2-3-0-6-4-7-0-4-3-5-0 264348044 1.07675 0.826176 0 0.234244
3-5-0-2-2-3-0-6-4-7-0-6-4-7-0 264547772 0.99622 0.72386 1e-06 0.251868
3-5-0-4-3-5-0-0-1-1-0-0-1-1-0 242448037 0.457376 0.251189 1e-06 0.1946
3-5-0-4-3-5-0-0-1-1-0-2-2-3-0 264223483 0.432802 0.175399 1e-06 0.246349
3-5-0-4-3-5-0-0-1-1-0-4-3-5-0 254223236 0.833208 0.592428 1e-06 0.227267
3-5-0-4-3-5-0-0-1-1-0-6-4-7-0 264544959 0.757 0.514075 1e-06 0.221548
3-5-0-4-3-5-0-2-2-3-0-0-1-1-0 264272027 0.435172 0.172191 1e-06 0.246825
3-5-0-4-3-5-0-2-2-3-0-2-2-3-0 223199128 0.512211 0.173001 1e-06 0.321579
3-5-0-4-3-5-0-2-2-3-0-4-3-5-0 256552028 0.932732 0.618012 1e-06 0.298514
3-5-0-4-3-5-0-2-2-3-0-6-4-7-0 262665496 0.802986 0.533804 1e-06 0.257372
3-5-0-4-3-5-0-4-3-5-0-0-1-1-0 254851812 0.965044 0.689991 1e-06 0.261487
3-5-0-4-3-5-0-4-3-5-0-2-2-3-0 252870735 1.07627 0.714909 1e-06 0.334708
3-5-0-4-3-5-0-4-3-5-0-4-3-5-0 249802666 2.12691 1.79451 1e-06 0.294255
3-5-0-4-3-5-0-4-3-5-0-6-4-7-0 253260419 1.84316 1.52078 0 0.296273
3-5-0-4-3-5-0-6-4-7-0-0-1-1-0 264536355 1.52054 1.23994 1e-06 0.245806
3-5-0-4-3-5-0-6-4-7-0-2-2-3-0 261395656 1.7039 1.28294 1e-06 0.317353
3-5-0-4-3-5-0-6-4-7-0-4-3-5-0 263215652 1.21958 0.906054 1e-06 0.297911
3-5-0-4-3-5-0-6-4-7-0-6-4-7-0 264542880 1.10482 0.802493 1e-06 0.286211
3-5-0-6-4-7-0-0-1-1-0-0-1-1-0 264536355 0.488397 0.279191 1e-06 0.192195
3-5-0-6-4-7-0-0-1-1-0-2-2-3-0 264547768 0.51202 0.287316 1e-06 0.211002
3-5-0-6-4-7-0-0-1-1-0-4-3-5-0 264545622 0.947189 0.729799 0 0.204517
3-5-0-6-4-7-0-0-1-1-0-6-4-7-0 264547773 0.854454 0.637681 1e-06 0.202831
3-5-0-6-4-7-0-2-2-3-0-0-1-1-0 264547773 0.54925 0.289584 1e-06 0.243917
3-5-0-6-4-7-0-2-2-3-0-2-2-3-0 258664239 0.574829 0.295715 1e-06 0.267055
3-5-0-6-4-7-0-2-2-3-0-4-3-5-0 264488100 1.06034 0.774978 1e-06 0.272962
3-5-0-6-4-7-0-2-2-3-0-6-4-7-0 264547773 0.956556 0.676287 1e-06 0.266441
3-5-0-6-4-7-0-4-3-5-0-0-1-1-0 264547773 2.00996 1.72515 1e-06 0.255651
3-5-0-6-4-7-0-4-3-5-0-2-2-3-0 264545259 2.03781 1.6663 1e-06 0.309731
3-5-0-6-4-7-0-4-3-5-0-4-3-5-0 263135171 1.58121 1.24579 1e-06 0.285199
3-5-0-6-4-7-0-4-3-5-0-6-4-7-0 264547770 1.45498 1.14072 2e-06 0.294343
3-5-0-6-4-7-0-6-4-7-0-0-1-1-0 264547773 1.78432 1.46274 1e-06 0.250482
3-5-0-6-4-7-0-6-4-7-0-2-2-3-0 264547767 0.999553 0.654473 1e-06 0.300724
3-5-0-6-4-7-0-6-4-7-0-4-3-5-0 264547650 1.45883 1.15096 0 0.278645
3-5-0-6-4-7-0-6-4-7-0-6-4-7-0 264547773 1.3642 1.04278 2e-06 0.29604
4-7-0-0-1-1-0-0-1-1-0-0-1-1-0 15626706 0.106872 0.015969 1e-06 0.085813
4-7-0-0-1-1-0-0-1-1-0-2-2-3-0 15794087 0.143279 0.015946 1e-06 0.122169
4-7-0-0-1-1-0-0-1-1-0-4-3-5-0 15740985 0.174822 0.042748 1e-06 0.125385
4-7-0-0-1-1-0-0-1-1-0-6-4-7-0 15794415 0.156665 0.035927 1e-06 0.114645
4-7-0-0-1-1-0-2-2-3-0-0-1-1-0 15794415 0.164085 0.016907 1e-06 0.142293
4-7-0-0-1-1-0-2-2-3-0-2-2-3-0 15794087 0.180498 0.014605 0 0.161244
4-7-0-0-1-1-0-2-2-3-0-4-3-5-0 15794415 0.220607 0.045667 1e-06 0.162677
4-7-0-0-1-1-0-2-2-3-0-6-4-7-0 15794415 0.215246 0.039777 0 0.168995
4-7-0-0-1-1-0-4-3-5-0-0-1-1-0 15794415 0.207661 0.044688 1e-06 0.155174
4-7-0-0-1-1-0-4-3-5-0-2-2-3-0 15794372 0.237874 0.043777 1e-06 0.187222
4-7-0-0-1-1-0-4-3-5-0-4-3-5-0 15792180 0.272894 0.073128 1e-06 0.191096
4-7-0-0-1-1-0-4-3-5-0-6-4-7-0 15794415 0.264788 0.069461 1e-06 0.18714
4-7-0-0-1-1-0-6-4-7-0-0-1-1-0 15794415 0.187595 0.039807 1e-06 0.140799
4-7-0-0-1-1-0-6-4-7-0-2-2-3-0 15794415 0.234474 0.040233 1e-06 0.187577
4-7-0-0-1-1-0-6-4-7-0-4-3-5-0 15794415 0.273233 0.070906 1e-06 0.193962
4-7-0-0-1-1-0-6-4-7-0-6-4-7-0 15794415 0.246965 0.063868 2e-06 0.175908
4-7-0-2-2-3-0-0-1-1-0-0-1-1-0 15794415 0.175524 0.015318 0 0.154165
4-7-0-2-2-3-0-0-1-1-0-2-2-3-0 15794415 0.212983 0.014903 1e-06 0.192721
4-7-0-2-2-3-0-0-1-1-0-4-3-5-0 15794415 0.220634 0.040959 2e-06 0.172915
4-7-0-2-2-3-0-0-1-1-0-6-4-7-0 15794415 0.22253 0.034922 1e-06 0.181296
4-7-0-2-2-3-0-2-2-3-0-0-1-1-0 15794415 0.238025 0.012225 1e-06 0.220648
4-7-0-2-2-3-0-2-2-3-0-2-2-3-0 10219172 0.283674 0.012549 1e-06 0.265311
4-7-0-2-2-3-0-2-2-3-0-4-3-5-0 15662521 0.278509 0.038723 1e-06 0.232627
4-7-0-2-2-3-0-2-2-3-0-6-4-7-0 15792946 0.284375 0.032648 1e-06 0.243088
4-7-0-2-2-3-0-4-3-5-0-0-1-1-0 15794415 0.271736 0.042004 1e-06 0.222326
4-7-0-2-2-3-0-4-3-5-0-2-2-3-0 15794338 0.326924 0.044048 1e-06 0.275818
4-7-0-2-2-3-0-4-3-5-0-4-3-5-0 15743848 0.346024 0.071073 1e-06 0.265871
4-7-0-2-2-3-0-4-3-5-0-6-4-7-0 15794415 0.335345 0.066076 1e-06 0.261471
4-7-0-2-2-3-0-6-4-7-0-0-1-1-0 15794415 0.266394 0.036138 1e-06 0.223949
4-7-0-2-2-3-0-6-4-7-0-2-2-3-0 15794414 0.312148 0.034902 1e-06 0.270921
4-7-0-2-2-3-0-6-4-7-0-4-3-5-0 15794371 0.332872 0.065555 1e-06 0.258956
4-7-0-2-2-3-0-6-4-7-0-6-4-7-0 15794415 0.306221 0.058959 1e-06 0.239926
4-7-0-4-3-5-0-0-1-1-0-0-1-1-0 15758734 0.430909 0.228417 2e-06 0.187919
4-7-0-4-3-5-0-0-1-1-0-2-2-3-0 15794374 0.277067 0.031732 1e-06 0.237374
4-7-0-4-3-5-0-0-1-1-0-4-3-5-0 15784512 0.292196 0.058277 1e-06 0.224871
4-7-0-4-3-5-0-0-1-1-0-6-4-7-0 15794415 0.290646 0.054771 1e-06 0.226726
4-7-0-4-3-5-0-2-2-3-0-0-1-1-0 15794415 0.311589 0.03334 1e-06 0.269843
4-7-0-4-3-5-0-2-2-3-0-2-2-3-0 15752999 0.352193 0.035609 1e-06 0.306643
4-7-0-4-3-5-0-2-2-3-0-4-3-5-0 15793767 0.346732 0.058867 1e-06 0.277293
4-7-0-4-3-5-0-2-2-3-0-6-4-7-0 15794415 0.338188 0.054553 1e-06 0.275104
4-7-0-4-3-5-0-4-3-5-0-0-1-1-0 15794415 0.979457 0.69123 1e-06 0.2579
4-7-0-4-3-5-0-4-3-5-0-2-2-3-0 15794351 1.04917 0.693757 1e-06 0.333059
4-7-0-4-3-5-0-4-3-5-0-4-3-5-0 15614461 1.904 1.57024 1e-06 0.297641
4-7-0-4-3-5-0-4-3-5-0-6-4-7-0 15794415 1.66209 1.35419 1e-06 0.276028
4-7-0-4-3-5-0-6-4-7-0-0-1-1-0 15794415 1.55549 1.26157 1e-06 0.255054
4-7-0-4-3-5-0-6-4-7-0-2-2-3-0 15794415 1.60711 1.2402 1e-06 0.298717
4-7-0-4-3-5-0-6-4-7-0-4-3-5-0 15794412 0.398234 0.082811 2e-06 0.300491
4-7-0-4-3-5-0-6-4-7-0-6-4-7-0 15794415 0.371368 0.079986 1e-06 0.281581
4-7-0-6-4-7-0-0-1-1-0-0-1-1-0 15794415 0.216217 0.029927 1e-06 0.179584
4-7-0-6-4-7-0-0-1-1-0-2-2-3-0 15794415 0.255669 0.027793 1e-06 0.221264
4-7-0-6-4-7-0-0-1-1-0-4-3-5-0 15794415 0.275564 0.055036 1e-06 0.21191
4-7-0-6-4-7-0-0-1-1-0-6-4-7-0 15794415 0.279805 0.048869 1e-06 0.223276
4-7-0-6-4-7-0-2-2-3-0-0-1-1-0 15794415 0.289241 0.029268 1e-06 0.253411
4-7-0-6-4-7-0-2-2-3-0-2-2-3-0 15792398 0.347606 0.032291 1e-06 0.308203
4-7-0-6-4-7-0-2-2-3-0-4-3-5-0 15794397 0.355148 0.059861 0 0.286153
4-7-0-6-4-7-0-2-2-3-0-6-4-7-0 15794415 0.332208 0.054601 1e-06 0.269863
4-7-0-6-4-7-0-4-3-5-0-0-1-1-0 15794415 2.12783 1.84346 1e-06 0.252032
4-7-0-6-4-7-0-4-3-5-0-2-2-3-0 15794413 2.11018 1.71167 1e-06 0.30473
4-7-0-6-4-7-0-4-3-5-0-4-3-5-0 15792097 0.417805 0.090538 1e-06 0.294012
4-7-0-6-4-7-0-4-3-5-0-6-4-7-0 15794415 0.388956 0.084266 2e-06 0.294703
4-7-0-6-4-7-0-6-4-7-0-0-1-1-0 15794415 0.30722 0.054355 0 0.245232
4-7-0-6-4-7-0-6-4-7-0-2-2-3-0 15794415 0.357668 0.059028 1e-06 0.290706
4-7-0-6-4-7-0-6-4-7-0-4-3-5-0 15794415 0.363249 0.083745 0 0.270322
4-7-0-6-4-7-0-6-4-7-0-6-4-7-0 15794415 0.359742 0.077477 1e-06 0.27364
