0-0-1-1-0-0-1-1-0 197321793 1.88807 1.86612 1e-06 0.012162
0-0-1-1-0-2-2-3-0 1180774212 3.99539 3.96414 0 0.016058
0-0-1-1-0-4-3-5-0 612621062 0.74944 0.639975 0 0.021615
0-0-1-1-0-6-4-7-0 1204757174 1.58949 1.52988 0 0.028516
0-2-2-3-0-0-1-1-0 1180774212 1.185 1.12184 0 0.03645
0-2-2-3-0-2-2-3-0 13786567 0.136362 0.017591 1e-06 0.055389
0-2-2-3-0-4-3-5-0 449954072 0.368038 0.300083 0 0.049271
0-2-2-3-0-6-4-7-0 983207857 0.84577 0.767533 1e-06 0.048309
0-4-3-5-0-0-1-1-0 612621062 0.346419 0.215731 0 0.056344
0-4-3-5-0-2-2-3-0 449954072 0.237636 0.121804 0 0.066949
0-4-3-5-0-4-3-5-0 547588523 0.480512 0.388654 0 0.072179
0-4-3-5-0-6-4-7-0 1111476579 1.03961 0.915192 1e-06 0.067924
0-6-4-7-0-0-1-1-0 1204757174 1.16459 1.06817 1e-06 0.060043
0-6-4-7-0-2-2-3-0 983207857 0.722479 0.648158 1e-06 0.061571
0-6-4-7-0-4-3-5-0 1111476579 1.68735 1.58613 0 0.064125
0-6-4-7-0-6-4-7-0 1204754523 1.34302 1.22008 0 0.075503
1-1-0-0-1-1-0-0-1 8 0.01279 0.001049 0 0.008095
1-1-0-0-1-1-0-2-2 2501 0.014261 0.001275 0 0.009658
1-1-0-0-1-1-0-4-3 12415 0.014046 0.001431 1e-06 0.007896
1-1-0-0-1-1-0-6-4 3588 0.014147 0.001367 0 0.007829
1-1-0-2-2-3-0-0-1 64 0.028602 0.001747 0 0.011963
1-1-0-2-2-3-0-2-2 2501 0.029654 0.00271 0 0.022493
1-1-0-2-2-3-0-4-3 60416 0.031833 0.003908 0 0.016293
1-1-0-2-2-3-0-6-4 3640 0.026242 0.003421 0 0.017186
1-1-0-4-3-5-0-0-1 64 0.0379 0.004063 1e-06 0.027426
1-1-0-4-3-5-0-2-2 3046 0.041118 0.002942 1e-06 0.030704
1-1-0-4-3-5-0-4-3 55228 0.039524 0.004888 1e-06 0.027282
1-1-0-4-3-5-0-6-4 3629 0.037422 0.003992 1e-06 0.025406
1-1-0-6-4-7-0-0-1 64 0.027404 0.003122 0 0.018674
1-1-0-6-4-7-0-2-2 3216 0.03835 0.002988 1e-06 0.029051
1-1-0-6-4-7-0-4-3 60964 0.038093 0.006317 0 0.024628
1-1-0-6-4-7-0-6-4 3640 0.036341 0.004585 0 0.024435
2-3-0-0-1-1-0-0-1 2501 0.030257 0.005909 1e-06 0.019244
2-3-0-0-1-1-0-2-2 158938 0.038562 0.005701 1e-06 0.028455
2-3-0-0-1-1-0-4-3 2652152 0.048384 0.01219 1e-06 0.023002
2-3-0-0-1-1-0-6-4 182777 0.042237 0.011723 1e-06 0.022854
2-3-0-2-2-3-0-0-1 2501 0.032392 0.000749 0 0.027769
2-3-0-2-2-3-0-2-2 402 0.045607 0.00078 0 0.040521
2-3-0-2-2-3-0-4-3 58197 0.047343 0.001019 0 0.039758
2-3-0-2-2-3-0-6-4 49523 0.040056 0.000932 0 0.032311
2-3-0-4-3-5-0-0-1 3046 0.054762 0.002867 0 0.034874
2-3-0-4-3-5-0-2-2 104040 0.065332 0.002918 0 0.053952
2-3-0-4-3-5-0-4-3 2000819 0.066018 0.005782 1e-06 0.051635
2-3-0-4-3-5-0-6-4 180031 0.056495 0.005101 1e-06 0.042457
2-3-0-6-4-7-0-0-1 3216 0.055942 0.006208 0 0.042718
2-3-0-6-4-7-0-2-2 142912 0.06264 0.006018 0 0.0498
2-3-0-6-4-7-0-4-3 2742607 0.064095 0.013858 0 0.043134
2-3-0-6-4-7-0-6-4 182627 0.062836 0.013307 0 0.041763
3-5-0-0-1-1-0-0-1 12415 0.063006 0.028441 1e-06 0.028575
3-5-0-0-1-1-0-2-2 2652152 0.073516 0.021955 0 0.044163
3-5-0-0-1-1-0-4-3 21692253 0.08721 0.051114 0 0.03054
3-5-0-0-1-1-0-6-4 3441023 0.081038 0.04418 1e-06 0.031439
3-5-0-2-2-3-0-0-1 60416 0.044273 0.006297 0 0.032854
3-5-0-2-2-3-0-2-2 58197 0.074678 0.01077 1e-06 0.051537
3-5-0-2-2-3-0-4-3 19843901 0.075012 0.02589 1e-06 0.041289
3-5-0-2-2-3-0-6-4 3124458 0.072229 0.019299 1e-06 0.044359
3-5-0-4-3-5-0-0-1 55228 0.100281 0.037266 0 0.041848
3-5-0-4-3-5-0-2-2 2000819 0.12247 0.037937 0 0.065055
3-5-0-4-3-5-0-4-3 39593037 0.171454 0.098618 1e-06 0.053748
3-5-0-4-3-5-0-6-4 3251114 0.161766 0.084024 1e-06 0.052003
3-5-0-6-4-7-0-0-1 60964 0.183747 0.120725 1e-06 0.042467
3-5-0-6-4-7-0-2-2 2742607 0.199145 0.113671 0 0.066885
3-5-0-6-4-7-0-4-3 52976979 0.322624 0.25508 1e-06 0.054449
3-5-0-6-4-7-0-6-4 3462094 0.300534 0.234348 0 0.056956
4-7-0-0-1-1-0-0-1 3588 0.038248 0.008099 1e-06 0.025267
4-7-0-0-1-1-0-2-2 182777 0.051493 0.007054 0 0.039074
4-7-0-0-1-1-0-4-3 3441023 0.054757 0.015487 0 0.033329
4-7-0-0-1-1-0-6-4 207025 0.053502 0.014487 0 0.033269
4-7-0-2-2-3-0-0-1 3640 0.041987 0.004925 0 0.032261
4-7-0-2-2-3-0-2-2 49523 0.059609 0.004203 0 0.050948
4-7-0-2-2-3-0-4-3 3124458 0.058667 0.012651 1e-06 0.040189
4-7-0-2-2-3-0-6-4 206833 0.058873 0.010916 0 0.042137
4-7-0-4-3-5-0-0-1 3629 0.063592 0.014854 0 0.04184
4-7-0-4-3-5-0-2-2 180031 0.083467 0.013848 1e-06 0.062986
4-7-0-4-3-5-0-4-3 3251114 0.082613 0.024772 0 0.049994
4-7-0-4-3-5-0-6-4 206991 0.080672 0.022702 1e-06 0.050913
4-7-0-6-4-7-0-0-1 3640 0.05964 0.014543 0 0.039135
4-7-0-6-4-7-0-2-2 182627 0.084248 0.014744 0 0.06391
4-7-0-6-4-7-0-4-3 3462094 0.088324 0.02442 0 0.056715
4-7-0-6-4-7-0-6-4 207023 0.078582 0.022601 0 0.049023
