0-0-1-1-0-0-1-1-0-0-1-1-0-0-1 34713 0.592981 0.539847 1e-06 0.036335
0-0-1-1-0-0-1-1-0-0-1-1-0-2-2 11426723 0.41998 0.36894 0 0.037263
0-0-1-1-0-0-1-1-0-0-1-1-0-4-3 66667832 0.694017 0.652744 1e-06 0.024208
0-0-1-1-0-0-1-1-0-0-1-1-0-6-4 15626706 0.618658 0.57638 0 0.025122
0-0-1-1-0-0-1-1-0-2-2-3-0-0-1 277704 1.41411 1.34288 1e-06 0.030176
0-0-1-1-0-0-1-1-0-2-2-3-0-2-2 11426723 1.15876 1.06456 1e-06 0.058997
0-0-1-1-0-0-1-1-0-2-2-3-0-4-3 262992233 2.80807 2.74396 0 0.035713
0-0-1-1-0-0-1-1-0-2-2-3-0-6-4 15794415 2.73104 2.64255 0 0.034816
0-0-1-1-0-0-1-1-0-4-3-5-0-0-1 277704 1.58463 1.51746 0 0.038152
0-0-1-1-0-0-1-1-0-4-3-5-0-2-2 13373259 1.55059 1.47926 1e-06 0.046496
0-0-1-1-0-0-1-1-0-4-3-5-0-4-3 242448037 2.75959 2.68765 0 0.0391
0-0-1-1-0-0-1-1-0-4-3-5-0-6-4 15758734 2.70884 2.618 1e-06 0.042133
0-0-1-1-0-0-1-1-0-6-4-7-0-0-1 277704 2.58302 2.43703 1e-06 0.032386
0-0-1-1-0-0-1-1-0-6-4-7-0-2-2 13954626 2.38517 2.28259 1e-06 0.043223
0-0-1-1-0-0-1-1-0-6-4-7-0-4-3 264536355 3.95818 3.88249 1e-06 0.043016
0-0-1-1-0-0-1-1-0-6-4-7-0-6-4 15794415 3.80437 3.69503 1e-06 0.045156
0-0-1-1-0-2-2-3-0-0-1-1-0-0-1 277704 1.63068 1.54964 0 0.046593
0-0-1-1-0-2-2-3-0-0-1-1-0-2-2 13954626 1.57607 1.47636 1e-06 0.056315
0-0-1-1-0-2-2-3-0-0-1-1-0-4-3 264547773 2.84066 2.75751 1e-06 0.054637
0-0-1-1-0-2-2-3-0-0-1-1-0-6-4 15794415 2.61929 2.53142 1e-06 0.046935
0-0-1-1-0-2-2-3-0-2-2-3-0-0-1 277704 1.56429 1.47403 0 0.05782
0-0-1-1-0-2-2-3-0-2-2-3-0-2-2 11426723 1.60854 1.49803 0 0.081127
0-0-1-1-0-2-2-3-0-2-2-3-0-4-3 262992233 3.18555 3.07772 0 0.066828
0-0-1-1-0-2-2-3-0-2-2-3-0-6-4 15794415 3.13833 3.01677 1e-06 0.070449
0-0-1-1-0-2-2-3-0-4-3-5-0-0-1 277704 4.77427 4.64749 1e-06 0.058365
0-0-1-1-0-2-2-3-0-4-3-5-0-2-2 13954626 4.75582 4.58784 1e-06 0.106933
0-0-1-1-0-2-2-3-0-4-3-5-0-4-3 264272027 6.60401 6.46628 2e-06 0.095471
0-0-1-1-0-2-2-3-0-4-3-5-0-6-4 15794415 6.0811 5.94061 0 0.078469
0-0-1-1-0-2-2-3-0-6-4-7-0-0-1 277704 4.02569 3.92674 1e-06 0.058717
0-0-1-1-0-2-2-3-0-6-4-7-0-2-2 13954626 3.93226 3.82388 0 0.075714
0-0-1-1-0-2-2-3-0-6-4-7-0-4-3 264547773 5.67646 5.57654 1e-06 0.070549
0-0-1-1-0-2-2-3-0-6-4-7-0-6-4 15794415 5.72138 5.61303 1e-06 0.068635
0-0-1-1-0-4-3-5-0-0-1-1-0-0-1 277704 2.20378 2.10902 1e-06 0.054789
0-0-1-1-0-4-3-5-0-0-1-1-0-2-2 13954626 2.31909 2.18979 1e-06 0.090498
0-0-1-1-0-4-3-5-0-0-1-1-0-4-3 264547773 3.33657 3.25079 1e-06 0.061347
0-0-1-1-0-4-3-5-0-0-1-1-0-6-4 15794415 3.06925 2.96981 1e-06 0.072027
0-0-1-1-0-4-3-5-0-2-2-3-0-0-1 277704 2.07134 1.96485 0 0.072499
0-0-1-1-0-4-3-5-0-2-2-3-0-2-2 13373259 2.10482 1.97861 0 0.093293
0-0-1-1-0-4-3-5-0-2-2-3-0-4-3 264534436 3.73621 3.61659 0 0.088518
0-0-1-1-0-4-3-5-0-2-2-3-0-6-4 15794415 3.47646 3.35284 1e-06 0.079934
0-0-1-1-0-4-3-5-0-4-3-5-0-0-1 277704 4.7282 4.59442 0 0.072479
0-0-1-1-0-4-3-5-0-4-3-5-0-2-2 13954626 5.17068 4.9801 1e-06 0.126469
0-0-1-1-0-4-3-5-0-4-3-5-0-4-3 254851812 6.63009 6.46713 0 0.092704
0-0-1-1-0-4-3-5-0-4-3-5-0-6-4 15794415 6.45583 6.2744 1e-06 0.107166
0-0-1-1-0-4-3-5-0-6-4-7-0-0-1 277704 4.01153 3.90145 0 0.070014
0-0-1-1-0-4-3-5-0-6-4-7-0-2-2 13954626 4.15681 4.01531 0 0.104569
0-0-1-1-0-4-3-5-0-6-4-7-0-4-3 264547773 5.79584 5.67822 1e-06 0.087005
0-0-1-1-0-4-3-5-0-6-4-7-0-6-4 15794415 5.54724 5.41763 1e-06 0.090027
0-0-1-1-0-6-4-7-0-0-1-1-0-0-1 277704 2.86999 2.77323 1e-06 0.058319
0-0-1-1-0-6-4-7-0-0-1-1-0-2-2 13954626 2.84178 2.73653 0 0.066861
0-0-1-1-0-6-4-7-0-0-1-1-0-4-3 264547773 4.12066 4.0253 1e-06 0.057712
0-0-1-1-0-6-4-7-0-0-1-1-0-6-4 15794415 3.76961 3.67453 1e-06 0.06437
0-0-1-1-0-6-4-7-0-2-2-3-0-0-1 277704 2.76811 2.66575 0 0.066891
0-0-1-1-0-6-4-7-0-2-2-3-0-2-2 13954626 2.80095 2.67949 0 0.086935
0-0-1-1-0-6-4-7-0-2-2-3-0-4-3 264547773 4.33581 4.22732 1e-06 0.076344
0-0-1-1-0-6-4-7-0-2-2-3-0-6-4 15794415 4.12324 4.00572 1e-06 0.075451
0-0-1-1-0-6-4-7-0-4-3-5-0-0-1 277704 5.78572 5.66022 1e-06 0.07401
0-0-1-1-0-6-4-7-0-4-3-5-0-2-2 13954626 5.92237 5.74517 0 0.120173
0-0-1-1-0-6-4-7-0-4-3-5-0-4-3 264536355 7.55869 7.43735 1e-06 0.08374
0-0-1-1-0-6-4-7-0-4-3-5-0-6-4 15794415 7.33551 7.19326 1e-06 0.087205
0-0-1-1-0-6-4-7-0-6-4-7-0-0-1 277704 5.33224 5.2173 0 0.066033
0-0-1-1-0-6-4-7-0-6-4-7-0-2-2 13954626 5.51108 5.36255 1e-06 0.105794
0-0-1-1-0-6-4-7-0-6-4-7-0-4-3 264547773 6.83317 6.72209 1e-06 0.075813
0-0-1-1-0-6-4-7-0-6-4-7-0-6-4 15794415 6.74149 6.62407 0 0.076262
0-2-2-3-0-0-1-1-0-0-1-1-0-0-1 269979 1.50663 1.35539 1e-06 0.058352
0-2-2-3-0-0-1-1-0-0-1-1-0-2-2 13942082 1.48128 1.35488 1e-06 0.079118
0-2-2-3-0-0-1-1-0-0-1-1-0-4-3 261068775 2.85444 2.75065 1e-06 0.062609
0-2-2-3-0-0-1-1-0-0-1-1-0-6-4 15794087 2.55091 2.45403 1e-06 0.062576
0-2-2-3-0-0-1-1-0-2-2-3-0-0-1 277704 1.52812 1.39481 0 0.083137
0-2-2-3-0-0-1-1-0-2-2-3-0-2-2 13942082 1.5566 1.41002 1e-06 0.102054
0-2-2-3-0-0-1-1-0-2-2-3-0-4-3 264546361 3.19026 3.06551 1e-06 0.093227
0-2-2-3-0-0-1-1-0-2-2-3-0-6-4 15794415 2.86219 2.73174 0 0.085605
0-2-2-3-0-0-1-1-0-4-3-5-0-0-1 277704 4.16763 4.01496 1e-06 0.074
0-2-2-3-0-0-1-1-0-4-3-5-0-2-2 13950086 4.30234 4.14962 1e-06 0.091426
0-2-2-3-0-0-1-1-0-4-3-5-0-4-3 264223483 6.18362 6.05653 1e-06 0.08712
0-2-2-3-0-0-1-1-0-4-3-5-0-6-4 15794374 5.68864 5.53605 0 0.080362
0-2-2-3-0-0-1-1-0-6-4-7-0-0-1 277704 3.54394 3.43056 0 0.071049
0-2-2-3-0-0-1-1-0-6-4-7-0-2-2 13954626 3.91102 3.76445 1e-06 0.095192
0-2-2-3-0-0-1-1-0-6-4-7-0-4-3 264547768 5.30396 5.19137 1e-06 0.088139
0-2-2-3-0-0-1-1-0-6-4-7-0-6-4 15794415 5.05085 4.92377 1e-06 0.086626
0-2-2-3-0-2-2-3-0-0-1-1-0-0-1 269979 0.822212 0.714197 1e-06 0.086247
0-2-2-3-0-2-2-3-0-0-1-1-0-2-2 13942082 0.868672 0.702522 1e-06 0.149867
0-2-2-3-0-2-2-3-0-0-1-1-0-4-3 261068775 2.29585 2.15482 0 0.114676
0-2-2-3-0-2-2-3-0-0-1-1-0-6-4 15794087 2.03709 1.87738 1e-06 0.126958
0-2-2-3-0-2-2-3-0-2-2-3-0-0-1 269979 0.18218 0.033246 1e-06 0.133259
0-2-2-3-0-2-2-3-0-2-2-3-0-2-2 34713 0.194259 0.030143 1e-06 0.149057
0-2-2-3-0-2-2-3-0-2-2-3-0-4-3 18178411 0.205396 0.062649 1e-06 0.127746
0-2-2-3-0-2-2-3-0-2-2-3-0-6-4 10219172 0.20541 0.055572 1e-06 0.132196
0-2-2-3-0-2-2-3-0-4-3-5-0-0-1 277212 0.915181 0.766379 1e-06 0.121304
0-2-2-3-0-2-2-3-0-4-3-5-0-2-2 12401496 0.999657 0.795255 1e-06 0.183335
0-2-2-3-0-2-2-3-0-4-3-5-0-4-3 223199128 2.01418 1.86842 0 0.121272
0-2-2-3-0-2-2-3-0-4-3-5-0-6-4 15752999 1.69184 1.52848 1e-06 0.141665
0-2-2-3-0-2-2-3-0-6-4-7-0-0-1 277704 1.65433 1.5119 1e-06 0.117749
0-2-2-3-0-2-2-3-0-6-4-7-0-2-2 13689497 1.71943 1.52659 1e-06 0.141158
0-2-2-3-0-2-2-3-0-6-4-7-0-4-3 258664239 3.23954 3.06105 1e-06 0.138895
0-2-2-3-0-2-2-3-0-6-4-7-0-6-4 15792398 3.06781 2.9154 0 0.122998
0-2-2-3-0-4-3-5-0-0-1-1-0-0-1 277212 1.6631 1.47365 0 0.102552
0-2-2-3-0-4-3-5-0-0-1-1-0-2-2 13953539 1.84459 1.63512 1e-06 0.119949
0-2-2-3-0-4-3-5-0-0-1-1-0-4-3 264335304 3.30347 3.14077 0 0.122638
0-2-2-3-0-4-3-5-0-0-1-1-0-6-4 15794372 2.77214 2.57369 0 0.137198
0-2-2-3-0-4-3-5-0-2-2-3-0-0-1 277704 1.72549 1.54228 0 0.131744
0-2-2-3-0-4-3-5-0-2-2-3-0-2-2 12401496 1.8292 1.60663 1e-06 0.188236
0-2-2-3-0-4-3-5-0-2-2-3-0-4-3 263938876 3.52705 3.34669 1e-06 0.138696
0-2-2-3-0-4-3-5-0-2-2-3-0-6-4 15794338 3.13912 2.93311 1e-06 0.145894
0-2-2-3-0-4-3-5-0-4-3-5-0-0-1 277704 4.2509 4.08617 1e-06 0.12405
0-2-2-3-0-4-3-5-0-4-3-5-0-2-2 13942369 4.32215 4.11143 2e-06 0.177771
0-2-2-3-0-4-3-5-0-4-3-5-0-4-3 252870735 5.9599 5.7631 0 0.127583
0-2-2-3-0-4-3-5-0-4-3-5-0-6-4 15794351 5.70246 5.48224 1e-06 0.158969
0-2-2-3-0-4-3-5-0-6-4-7-0-0-1 277704 3.48108 3.27811 1e-06 0.124507
0-2-2-3-0-4-3-5-0-6-4-7-0-2-2 13954500 3.61138 3.39392 1e-06 0.143677
0-2-2-3-0-4-3-5-0-6-4-7-0-4-3 264545259 5.45615 5.26512 2e-06 0.150531
0-2-2-3-0-4-3-5-0-6-4-7-0-6-4 15794413 5.14454 4.90584 1e-06 0.145153
0-2-2-3-0-6-4-7-0-0-1-1-0-0-1 277704 2.33296 2.1792 2e-06 0.096017
0-2-2-3-0-6-4-7-0-0-1-1-0-2-2 13954626 2.41629 2.21065 0 0.136638
0-2-2-3-0-6-4-7-0-0-1-1-0-4-3 264547773 3.84964 3.68602 1e-06 0.117758
0-2-2-3-0-6-4-7-0-0-1-1-0-6-4 15794415 3.58732 3.40316 2e-06 0.11604
0-2-2-3-0-6-4-7-0-2-2-3-0-0-1 277704 2.51517 2.31045 1e-06 0.131374
0-2-2-3-0-6-4-7-0-2-2-3-0-2-2 13689497 2.58622 2.36765 0 0.152698
0-2-2-3-0-6-4-7-0-2-2-3-0-4-3 264526605 4.22737 4.06705 0 0.123939
0-2-2-3-0-6-4-7-0-2-2-3-0-6-4 15794414 3.82807 3.62939 2e-06 0.137968
0-2-2-3-0-6-4-7-0-4-3-5-0-0-1 277704 5.7504 5.53453 1e-06 0.110665
0-2-2-3-0-6-4-7-0-4-3-5-0-2-2 13953921 5.86273 5.53514 1e-06 0.204207
0-2-2-3-0-6-4-7-0-4-3-5-0-4-3 261395656 7.66644 7.42865 1e-06 0.147619
0-2-2-3-0-6-4-7-0-4-3-5-0-6-4 15794415 7.14546 6.93126 1e-06 0.136621
0-2-2-3-0-6-4-7-0-6-4-7-0-0-1 277704 4.77675 4.56262 1e-06 0.123137
0-2-2-3-0-6-4-7-0-6-4-7-0-2-2 13954626 5.04946 4.82703 1e-06 0.150593
0-2-2-3-0-6-4-7-0-6-4-7-0-4-3 264547767 6.64429 6.46197 0 0.13691
0-2-2-3-0-6-4-7-0-6-4-7-0-6-4 15794415 6.31497 6.10136 1e-06 0.15068
0-4-3-5-0-0-1-1-0-0-1-1-0-0-1 125547 0.800121 0.687052 0 0.088376
0-4-3-5-0-0-1-1-0-0-1-1-0-2-2 13103489 0.820245 0.703175 1e-06 0.095156
0-4-3-5-0-0-1-1-0-0-1-1-0-4-3 159103520 1.50153 1.3967 1e-06 0.081603
0-4-3-5-0-0-1-1-0-0-1-1-0-6-4 15740985 1.3817 1.2714 1e-06 0.088204
0-4-3-5-0-0-1-1-0-2-2-3-0-0-1 277704 1.41256 1.23372 1e-06 0.098386
0-4-3-5-0-0-1-1-0-2-2-3-0-2-2 13103489 1.42267 1.22833 1e-06 0.13333
0-4-3-5-0-0-1-1-0-2-2-3-0-4-3 264299335 3.29546 3.10823 1e-06 0.158818
0-4-3-5-0-0-1-1-0-2-2-3-0-6-4 15794415 2.85572 2.66597 1e-06 0.114947
0-4-3-5-0-0-1-1-0-4-3-5-0-0-1 277704 3.00543 2.83818 1e-06 0.111914
0-4-3-5-0-0-1-1-0-4-3-5-0-2-2 13749399 2.76946 2.60983 1e-06 0.126404
0-4-3-5-0-0-1-1-0-4-3-5-0-4-3 254223236 4.64644 4.48362 1e-06 0.120929
0-4-3-5-0-0-1-1-0-4-3-5-0-6-4 15784512 4.24615 4.09863 1e-06 0.105166
0-4-3-5-0-0-1-1-0-6-4-7-0-0-1 277704 3.01729 2.80683 0 0.111078
0-4-3-5-0-0-1-1-0-6-4-7-0-2-2 13954626 3.20365 2.99853 1e-06 0.136456
0-4-3-5-0-0-1-1-0-6-4-7-0-4-3 264545622 4.67858 4.53606 2e-06 0.111675
0-4-3-5-0-0-1-1-0-6-4-7-0-6-4 15794415 4.48702 4.28135 2e-06 0.118469
0-4-3-5-0-2-2-3-0-0-1-1-0-0-1 277597 1.19787 0.982525 0 0.10904
0-4-3-5-0-2-2-3-0-0-1-1-0-2-2 13954538 1.14834 0.973178 1e-06 0.141061
0-4-3-5-0-2-2-3-0-0-1-1-0-4-3 264505054 2.58163 2.39205 0 0.152087
0-4-3-5-0-2-2-3-0-0-1-1-0-6-4 15794415 2.26896 2.10457 1e-06 0.115941
0-4-3-5-0-2-2-3-0-2-2-3-0-0-1 277597 0.675797 0.492383 0 0.153407
0-4-3-5-0-2-2-3-0-2-2-3-0-2-2 1807215 0.712457 0.487376 0 0.205607
0-4-3-5-0-2-2-3-0-2-2-3-0-4-3 186718068 1.49937 1.33424 1e-06 0.141674
0-4-3-5-0-2-2-3-0-2-2-3-0-6-4 15662521 1.30002 1.1169 0 0.156676
0-4-3-5-0-2-2-3-0-4-3-5-0-0-1 277704 3.44727 3.24627 1e-06 0.16808
0-4-3-5-0-2-2-3-0-4-3-5-0-2-2 13920727 3.3982 3.17128 1e-06 0.180505
0-4-3-5-0-2-2-3-0-4-3-5-0-4-3 256552028 5.26993 5.0396 1e-06 0.139917
0-4-3-5-0-2-2-3-0-4-3-5-0-6-4 15793767 4.93867 4.72434 2e-06 0.161124
0-4-3-5-0-2-2-3-0-6-4-7-0-0-1 277704 2.90138 2.67078 1e-06 0.14726
0-4-3-5-0-2-2-3-0-6-4-7-0-2-2 13952209 3.03104 2.78527 1e-06 0.164109
0-4-3-5-0-2-2-3-0-6-4-7-0-4-3 264488100 4.77282 4.56906 2e-06 0.159331
0-4-3-5-0-2-2-3-0-6-4-7-0-6-4 15794397 4.39864 4.16004 0 0.136971
0-4-3-5-0-4-3-5-0-0-1-1-0-0-1 273654 1.90881 1.68538 2e-06 0.144036
0-4-3-5-0-4-3-5-0-0-1-1-0-2-2 13920168 2.05652 1.77095 0 0.196834
0-4-3-5-0-4-3-5-0-0-1-1-0-4-3 261568906 3.57304 3.35187 1e-06 0.181409
0-4-3-5-0-4-3-5-0-0-1-1-0-6-4 15792180 3.11689 2.90339 1e-06 0.137426
0-4-3-5-0-4-3-5-0-2-2-3-0-0-1 277611 1.88434 1.68562 1e-06 0.152363
0-4-3-5-0-4-3-5-0-2-2-3-0-2-2 12620533 2.1319 1.85442 1e-06 0.214979
0-4-3-5-0-4-3-5-0-2-2-3-0-4-3 260987845 3.77019 3.53764 2e-06 0.183372
0-4-3-5-0-4-3-5-0-2-2-3-0-6-4 15743848 3.42647 3.17475 1e-06 0.181912
0-4-3-5-0-4-3-5-0-4-3-5-0-0-1 274950 4.72854 4.51435 1e-06 0.163357
0-4-3-5-0-4-3-5-0-4-3-5-0-2-2 13780903 4.83791 4.51975 1e-06 0.228458
0-4-3-5-0-4-3-5-0-4-3-5-0-4-3 249802666 6.13845 5.90925 2e-06 0.190952
0-4-3-5-0-4-3-5-0-4-3-5-0-6-4 15614461 6.17572 5.94154 1e-06 0.168685
0-4-3-5-0-4-3-5-0-6-4-7-0-0-1 277700 4.02127 3.75402 1e-06 0.167829
0-4-3-5-0-4-3-5-0-6-4-7-0-2-2 13850279 4.27738 3.96903 1e-06 0.225772
0-4-3-5-0-4-3-5-0-6-4-7-0-4-3 263135171 5.84601 5.65894 0 0.154909
0-4-3-5-0-4-3-5-0-6-4-7-0-6-4 15792097 5.49382 5.22089 1e-06 0.183192
0-4-3-5-0-6-4-7-0-0-1-1-0-0-1 277700 2.48882 2.2944 0 0.125668
0-4-3-5-0-6-4-7-0-0-1-1-0-2-2 13954622 2.77092 2.49886 1e-06 0.194677
0-4-3-5-0-6-4-7-0-0-1-1-0-4-3 264547070 4.07597 3.89884 1e-06 0.134586
0-4-3-5-0-6-4-7-0-0-1-1-0-6-4 15794415 3.73665 3.53854 1e-06 0.119501
0-4-3-5-0-6-4-7-0-2-2-3-0-0-1 277704 2.804 2.54755 2e-06 0.151873
0-4-3-5-0-6-4-7-0-2-2-3-0-2-2 13721768 2.94005 2.62856 1e-06 0.235777
0-4-3-5-0-6-4-7-0-2-2-3-0-4-3 264348044 4.42871 4.24505 1e-06 0.148181
0-4-3-5-0-6-4-7-0-2-2-3-0-6-4 15794371 4.25911 3.9959 1e-06 0.190574
0-4-3-5-0-6-4-7-0-4-3-5-0-0-1 277704 5.65522 5.40287 1e-06 0.150102
0-4-3-5-0-6-4-7-0-4-3-5-0-2-2 13953164 6.09354 5.77772 0 0.234063
0-4-3-5-0-6-4-7-0-4-3-5-0-4-3 263215652 7.4942 7.26814 0 0.147691
0-4-3-5-0-6-4-7-0-4-3-5-0-6-4 15794412 7.71218 7.42826 1e-06 0.186745
0-4-3-5-0-6-4-7-0-6-4-7-0-0-1 277704 5.21859 4.9376 1e-06 0.162633
0-4-3-5-0-6-4-7-0-6-4-7-0-2-2 13954620 5.37077 5.09987 1e-06 0.215756
0-4-3-5-0-6-4-7-0-6-4-7-0-4-3 264547650 7.11288 6.88556 0 0.16199
0-4-3-5-0-6-4-7-0-6-4-7-0-6-4 15794415 6.75338 6.51994 1e-06 0.170034
0-6-4-7-0-0-1-1-0-0-1-1-0-0-1 277619 1.81405 1.59228 1e-06 0.095687
0-6-4-7-0-0-1-1-0-0-1-1-0-2-2 13954551 1.82365 1.60468 1e-06 0.100589
0-6-4-7-0-0-1-1-0-0-1-1-0-4-3 264520476 3.16995 3.04192 0 0.077523
0-6-4-7-0-0-1-1-0-0-1-1-0-6-4 15794415 2.64923 2.4821 1e-06 0.099058
0-6-4-7-0-0-1-1-0-2-2-3-0-0-1 277704 1.68961 1.48323 1e-06 0.117501
0-6-4-7-0-0-1-1-0-2-2-3-0-2-2 13954551 1.75012 1.53808 0 0.11687
0-6-4-7-0-0-1-1-0-2-2-3-0-4-3 264547769 3.37596 3.20968 0 0.101759
0-6-4-7-0-0-1-1-0-2-2-3-0-6-4 15794415 3.26784 3.04744 1e-06 0.114612
0-6-4-7-0-0-1-1-0-4-3-5-0-0-1 277704 4.70871 4.46377 2e-06 0.107074
0-6-4-7-0-0-1-1-0-4-3-5-0-2-2 13954585 4.59994 4.33305 1e-06 0.117367
0-6-4-7-0-0-1-1-0-4-3-5-0-4-3 264544959 6.13231 5.96641 2e-06 0.117046
0-6-4-7-0-0-1-1-0-4-3-5-0-6-4 15794415 5.99498 5.75835 1e-06 0.132971
0-6-4-7-0-0-1-1-0-6-4-7-0-0-1 277704 3.9915 3.81508 1e-06 0.08519
0-6-4-7-0-0-1-1-0-6-4-7-0-2-2 13954626 4.16353 3.95231 1e-06 0.133352
0-6-4-7-0-0-1-1-0-6-4-7-0-4-3 264547773 5.59363 5.41425 1e-06 0.106593
0-6-4-7-0-0-1-1-0-6-4-7-0-6-4 15794415 5.48298 5.24456 1e-06 0.118931
0-6-4-7-0-2-2-3-0-0-1-1-0-0-1 277704 1.533 1.36152 1e-06 0.115209
0-6-4-7-0-2-2-3-0-0-1-1-0-2-2 13954626 1.62793 1.41395 0 0.151399
0-6-4-7-0-2-2-3-0-0-1-1-0-4-3 264547773 3.06558 2.8988 1e-06 0.12359
0-6-4-7-0-2-2-3-0-0-1-1-0-6-4 15794415 2.77691 2.56502 0 0.124879
0-6-4-7-0-2-2-3-0-2-2-3-0-0-1 277704 1.48158 1.29353 1e-06 0.144209
0-6-4-7-0-2-2-3-0-2-2-3-0-2-2 6345795 1.40504 1.19467 1e-06 0.174711
0-6-4-7-0-2-2-3-0-2-2-3-0-4-3 254483838 2.87804 2.69374 1e-06 0.1478
0-6-4-7-0-2-2-3-0-2-2-3-0-6-4 15792946 2.54947 2.35817 1e-06 0.155218
0-6-4-7-0-2-2-3-0-4-3-5-0-0-1 277704 4.54561 4.30111 1e-06 0.137998
0-6-4-7-0-2-2-3-0-4-3-5-0-2-2 13954585 4.80438 4.50659 1e-06 0.200343
0-6-4-7-0-2-2-3-0-4-3-5-0-4-3 262665496 6.49796 6.2516 1e-06 0.158337
0-6-4-7-0-2-2-3-0-4-3-5-0-6-4 15794415 6.28507 6.024 2e-06 0.154204
0-6-4-7-0-2-2-3-0-6-4-7-0-0-1 277704 3.95652 3.70562 1e-06 0.149237
0-6-4-7-0-2-2-3-0-6-4-7-0-2-2 13954626 3.8622 3.63865 1e-06 0.146195
0-6-4-7-0-2-2-3-0-6-4-7-0-4-3 264547773 5.74465 5.54773 0 0.161321
0-6-4-7-0-2-2-3-0-6-4-7-0-6-4 15794415 5.23309 5.00178 1e-06 0.160851
0-6-4-7-0-4-3-5-0-0-1-1-0-0-1 277701 3.10944 2.92953 1e-06 0.125813
0-6-4-7-0-4-3-5-0-0-1-1-0-2-2 13954618 3.3075 3.07768 2e-06 0.167686
0-6-4-7-0-4-3-5-0-0-1-1-0-4-3 264546039 4.60455 4.41358 1e-06 0.13603
0-6-4-7-0-4-3-5-0-0-1-1-0-6-4 15794415 4.43033 4.2539 1e-06 0.12743
0-6-4-7-0-4-3-5-0-2-2-3-0-0-1 277704 3.4298 3.18844 1e-06 0.151341
0-6-4-7-0-4-3-5-0-2-2-3-0-2-2 13891951 3.53936 3.2438 1e-06 0.248753
0-6-4-7-0-4-3-5-0-2-2-3-0-4-3 264545893 4.95579 4.72365 2e-06 0.187112
0-6-4-7-0-4-3-5-0-2-2-3-0-6-4 15794415 4.76293 4.53715 2e-06 0.177291
0-6-4-7-0-4-3-5-0-4-3-5-0-0-1 277704 6.38113 6.09378 1e-06 0.177613
0-6-4-7-0-4-3-5-0-4-3-5-0-2-2 13954598 6.93983 6.62872 1e-06 0.246018
0-6-4-7-0-4-3-5-0-4-3-5-0-4-3 253260419 8.30638 8.07719 0 0.159092
0-6-4-7-0-4-3-5-0-4-3-5-0-6-4 15794415 8.00979 7.77639 1e-06 0.145888
0-6-4-7-0-4-3-5-0-6-4-7-0-0-1 277704 6.08498 5.82916 1e-06 0.159716
0-6-4-7-0-4-3-5-0-6-4-7-0-2-2 13954626 5.98833 5.71081 1e-06 0.223223
0-6-4-7-0-4-3-5-0-6-4-7-0-4-3 264547770 7.65366 7.42344 0 0.192087
0-6-4-7-0-4-3-5-0-6-4-7-0-6-4 15794415 7.49753 7.25047 1e-06 0.187913
0-6-4-7-0-6-4-7-0-0-1-1-0-0-1 277704 3.01753 2.77235 1e-06 0.113113
0-6-4-7-0-6-4-7-0-0-1-1-0-2-2 13954626 3.1919 2.91198 1e-06 0.186534
0-6-4-7-0-6-4-7-0-0-1-1-0-4-3 264547773 4.52758 4.30629 0 0.136618
0-6-4-7-0-6-4-7-0-0-1-1-0-6-4 15794415 4.17834 3.89422 1e-06 0.144043
0-6-4-7-0-6-4-7-0-2-2-3-0-0-1 277704 2.97561 2.71701 2e-06 0.153682
0-6-4-7-0-6-4-7-0-2-2-3-0-2-2 13954431 3.22136 2.89996 1e-06 0.224922
0-6-4-7-0-6-4-7-0-2-2-3-0-4-3 264547772 4.91427 4.68411 0 0.166655
0-6-4-7-0-6-4-7-0-2-2-3-0-6-4 15794415 4.4312 4.17938 0 0.163942
0-6-4-7-0-6-4-7-0-4-3-5-0-0-1 277704 6.29158 6.03691 1e-06 0.140163
0-6-4-7-0-6-4-7-0-4-3-5-0-2-2 13954626 6.0562 5.7565 1e-06 0.214227
0-6-4-7-0-6-4-7-0-4-3-5-0-4-3 264542880 7.98914 7.72478 1e-06 0.200168
0-6-4-7-0-6-4-7-0-4-3-5-0-6-4 15794415 8.02684 7.71142 1e-06 0.16408
0-6-4-7-0-6-4-7-0-6-4-7-0-0-1 277704 5.70458 5.41813 1e-06 0.170353
0-6-4-7-0-6-4-7-0-6-4-7-0-2-2 13954626 5.68467 5.38084 0 0.189072
0-6-4-7-0-6-4-7-0-6-4-7-0-4-3 264547773 7.39626 7.1687 0 0.140652
0-6-4-7-0-6-4-7-0-6-4-7-0-6-4 15794415 6.92572 6.66483 1e-06 0.162621
1-1-0-0-1-1-0-0-1-1-0-0-1-1-0 34713 0.254299 0.218246 1e-06 0.025396
1-1-0-0-1-1-0-0-1-1-0-2-2-3-0 269979 0.039854 0.001182 1e-06 0.035779
1-1-0-0-1-1-0-0-1-1-0-4-3-5-0 125547 0.048379 0.001769 0 0.041964
1-1-0-0-1-1-0-0-1-1-0-6-4-7-0 277619 0.046325 0.001713 1e-06 0.040676
1-1-0-0-1-1-0-2-2-3-0-0-1-1-0 277704 0.064664 0.001482 0 0.059754
1-1-0-0-1-1-0-2-2-3-0-2-2-3-0 269979 0.071276 0.001729 0 0.066455
1-1-0-0-1-1-0-2-2-3-0-4-3-5-0 277597 0.076027 0.003135 1e-06 0.068632
1-1-0-0-1-1-0-2-2-3-0-6-4-7-0 277704 0.076791 0.002813 1e-06 0.069569
1-1-0-0-1-1-0-4-3-5-0-0-1-1-0 277704 1.35033 1.2707 0 0.058585
1-1-0-0-1-1-0-4-3-5-0-2-2-3-0 277212 1.55778 1.43988 1e-06 0.094877
1-1-0-0-1-1-0-4-3-5-0-4-3-5-0 273654 2.77645 2.64539 1e-06 0.101194
1-1-0-0-1-1-0-4-3-5-0-6-4-7-0 277701 0.090093 0.003277 1e-06 0.081278
1-1-0-0-1-1-0-6-4-7-0-0-1-1-0 277704 2.23502 2.13443 1e-06 0.068282
1-1-0-0-1-1-0-6-4-7-0-2-2-3-0 277704 2.44757 2.24606 1e-06 0.101557
1-1-0-0-1-1-0-6-4-7-0-4-3-5-0 277700 0.109481 0.007533 0 0.094314
1-1-0-0-1-1-0-6-4-7-0-6-4-7-0 277704 0.090183 0.003634 0 0.081923
1-1-0-2-2-3-0-0-1-1-0-0-1-1-0 277704 0.902112 0.726894 1e-06 0.076348
1-1-0-2-2-3-0-0-1-1-0-2-2-3-0 277704 0.100721 0.008771 1e-06 0.076866
1-1-0-2-2-3-0-0-1-1-0-4-3-5-0 277704 0.093082 0.006138 1e-06 0.081654
1-1-0-2-2-3-0-0-1-1-0-6-4-7-0 277704 0.096953 0.005119 0 0.086001
1-1-0-2-2-3-0-2-2-3-0-0-1-1-0 277704 0.109154 0.002308 1e-06 0.102265
1-1-0-2-2-3-0-2-2-3-0-2-2-3-0 269979 0.139994 0.001938 1e-06 0.134322
1-1-0-2-2-3-0-2-2-3-0-4-3-5-0 277597 0.122521 0.004127 0 0.112739
1-1-0-2-2-3-0-2-2-3-0-6-4-7-0 277704 0.145581 0.003781 0 0.135822
1-1-0-2-2-3-0-4-3-5-0-0-1-1-0 277704 0.86534 0.725459 1e-06 0.103846
1-1-0-2-2-3-0-4-3-5-0-2-2-3-0 277704 0.917956 0.751648 1e-06 0.142039
1-1-0-2-2-3-0-4-3-5-0-4-3-5-0 277611 0.166205 0.006503 1e-06 0.152862
1-1-0-2-2-3-0-4-3-5-0-6-4-7-0 277704 0.139131 0.005857 1e-06 0.126775
1-1-0-2-2-3-0-6-4-7-0-0-1-1-0 277704 1.70663 1.5579 0 0.123352
1-1-0-2-2-3-0-6-4-7-0-2-2-3-0 277704 1.72794 1.55074 0 0.137507
1-1-0-2-2-3-0-6-4-7-0-4-3-5-0 277704 0.187214 0.009332 0 0.13984
1-1-0-2-2-3-0-6-4-7-0-6-4-7-0 277704 0.160548 0.00452 1e-06 0.149761
1-1-0-4-3-5-0-0-1-1-0-0-1-1-0 277704 0.466023 0.353202 0 0.098275
1-1-0-4-3-5-0-0-1-1-0-2-2-3-0 277704 0.494777 0.367988 1e-06 0.101209
1-1-0-4-3-5-0-0-1-1-0-4-3-5-0 277704 0.135892 0.004794 1e-06 0.123832
1-1-0-4-3-5-0-0-1-1-0-6-4-7-0 277704 0.117824 0.004216 1e-06 0.107168
1-1-0-4-3-5-0-2-2-3-0-0-1-1-0 277704 0.421434 0.26641 1e-06 0.139339
1-1-0-4-3-5-0-2-2-3-0-2-2-3-0 277212 0.488173 0.279431 1e-06 0.19028
1-1-0-4-3-5-0-2-2-3-0-4-3-5-0 277704 0.196583 0.004862 1e-06 0.183342
1-1-0-4-3-5-0-2-2-3-0-6-4-7-0 277704 0.211194 0.004592 0 0.198608
1-1-0-4-3-5-0-4-3-5-0-0-1-1-0 277704 1.22564 1.01933 1e-06 0.184074
1-1-0-4-3-5-0-4-3-5-0-2-2-3-0 277704 1.31266 1.0827 1e-06 0.203772
1-1-0-4-3-5-0-4-3-5-0-4-3-5-0 274950 2.67039 2.39725 1e-06 0.216373
1-1-0-4-3-5-0-4-3-5-0-6-4-7-0 277704 2.42216 2.17987 1e-06 0.208333
1-1-0-4-3-5-0-6-4-7-0-0-1-1-0 277704 2.14116 1.91942 1e-06 0.184936
1-1-0-4-3-5-0-6-4-7-0-2-2-3-0 277704 2.42519 2.08669 1e-06 0.228524
1-1-0-4-3-5-0-6-4-7-0-4-3-5-0 277704 4.09403 3.77397 0 0.177649
1-1-0-4-3-5-0-6-4-7-0-6-4-7-0 277704 3.43896 3.22685 1e-06 0.153876
1-1-0-6-4-7-0-0-1-1-0-0-1-1-0 277704 0.944874 0.786019 1e-06 0.075239
1-1-0-6-4-7-0-0-1-1-0-2-2-3-0 277704 1.07074 0.863968 1e-06 0.101276
1-1-0-6-4-7-0-0-1-1-0-4-3-5-0 277704 0.120506 0.005114 0 0.107428
1-1-0-6-4-7-0-0-1-1-0-6-4-7-0 277704 0.115862 0.005188 1e-06 0.098203
1-1-0-6-4-7-0-2-2-3-0-0-1-1-0 277704 0.84141 0.68377 0 0.124545
1-1-0-6-4-7-0-2-2-3-0-2-2-3-0 277704 0.170749 0.003663 1e-06 0.151578
1-1-0-6-4-7-0-2-2-3-0-4-3-5-0 277704 0.135463 0.005569 1e-06 0.122852
1-1-0-6-4-7-0-2-2-3-0-6-4-7-0 277704 0.137449 0.006619 1e-06 0.124205
1-1-0-6-4-7-0-4-3-5-0-0-1-1-0 277704 2.83177 2.65839 1e-06 0.133808
1-1-0-6-4-7-0-4-3-5-0-2-2-3-0 277704 2.83025 2.5695 1e-06 0.157294
1-1-0-6-4-7-0-4-3-5-0-4-3-5-0 277700 4.67411 4.33466 1e-06 0.159012
1-1-0-6-4-7-0-4-3-5-0-6-4-7-0 277704 4.196 3.98012 0 0.140926
1-1-0-6-4-7-0-6-4-7-0-0-1-1-0 277704 2.33039 2.13909 0 0.120925
1-1-0-6-4-7-0-6-4-7-0-2-2-3-0 277704 2.46909 2.21572 1e-06 0.162405
1-1-0-6-4-7-0-6-4-7-0-4-3-5-0 277704 0.173286 0.008171 0 0.156085
1-1-0-6-4-7-0-6-4-7-0-6-4-7-0 277704 0.193118 0.007614 1e-06 0.177553
2-3-0-0-1-1-0-0-1-1-0-0-1-1-0 11426723 0.297275 0.236025 1e-06 0.047861
2-3-0-0-1-1-0-0-1-1-0-2-2-3-0 13942082 0.083071 0.017815 1e-06 0.060952
2-3-0-0-1-1-0-0-1-1-0-4-3-5-0 13103489 0.115984 0.049577 1e-06 0.060846
2-3-0-0-1-1-0-0-1-1-0-6-4-7-0 13954551 0.124523 0.043588 1e-06 0.075879
2-3-0-0-1-1-0-2-2-3-0-0-1-1-0 13954626 0.103426 0.020989 1e-06 0.077483
2-3-0-0-1-1-0-2-2-3-0-2-2-3-0 13942082 0.133566 0.019879 1e-06 0.108814
2-3-0-0-1-1-0-2-2-3-0-4-3-5-0 13954538 0.189049 0.059246 0 0.123912
2-3-0-0-1-1-0-2-2-3-0-6-4-7-0 13954626 0.154542 0.055318 0 0.093287
2-3-0-0-1-1-0-4-3-5-0-0-1-1-0 13954626 1.54329 1.4139 1e-06 0.110903
2-3-0-0-1-1-0-4-3-5-0-2-2-3-0 13953539 1.57462 1.4303 1e-06 0.120498
2-3-0-0-1-1-0-4-3-5-0-4-3-5-0 13920168 0.226196 0.09433 0 0.124902
2-3-0-0-1-1-0-4-3-5-0-6-4-7-0 13954618 0.190206 0.08665 1e-06 0.097543
2-3-0-0-1-1-0-6-4-7-0-0-1-1-0 13954626 2.47954 2.33045 2e-06 0.087837
2-3-0-0-1-1-0-6-4-7-0-2-2-3-0 13954626 2.53691 2.33036 2e-06 0.115332
2-3-0-0-1-1-0-6-4-7-0-4-3-5-0 13954622 0.256236 0.096974 0 0.150146
2-3-0-0-1-1-0-6-4-7-0-6-4-7-0 13954626 0.242659 0.082868 0 0.151999
2-3-0-2-2-3-0-0-1-1-0-0-1-1-0 11426723 0.133072 0.009466 1e-06 0.119006
2-3-0-2-2-3-0-0-1-1-0-2-2-3-0 13942082 0.179592 0.012786 0 0.161009
2-3-0-2-2-3-0-0-1-1-0-4-3-5-0 13103489 0.191981 0.043844 1e-06 0.14103
2-3-0-2-2-3-0-0-1-1-0-6-4-7-0 13954551 0.195835 0.0382 1e-06 0.151256
2-3-0-2-2-3-0-2-2-3-0-0-1-1-0 11426723 0.212023 0.003827 1e-06 0.179104
2-3-0-2-2-3-0-2-2-3-0-2-2-3-0 34713 0.221854 0.001053 1e-06 0.214357
2-3-0-2-2-3-0-2-2-3-0-4-3-5-0 1807215 0.210428 0.005128 0 0.197247
2-3-0-2-2-3-0-2-2-3-0-6-4-7-0 6345795 0.218378 0.010819 0 0.200006
2-3-0-2-2-3-0-4-3-5-0-0-1-1-0 13373259 1.03226 0.777529 1e-06 0.2005
2-3-0-2-2-3-0-4-3-5-0-2-2-3-0 12401496 1.0653 0.799559 1e-06 0.217815
2-3-0-2-2-3-0-4-3-5-0-4-3-5-0 12620533 0.251249 0.032507 1e-06 0.209035
2-3-0-2-2-3-0-4-3-5-0-6-4-7-0 13891951 0.255742 0.028915 1e-06 0.217534
2-3-0-2-2-3-0-6-4-7-0-0-1-1-0 13954626 1.88692 1.6623 1e-06 0.190928
2-3-0-2-2-3-0-6-4-7-0-2-2-3-0 13689497 0.25397 0.01643 1e-06 0.230003
2-3-0-2-2-3-0-6-4-7-0-4-3-5-0 13721768 0.282351 0.053882 1e-06 0.220022
2-3-0-2-2-3-0-6-4-7-0-6-4-7-0 13954431 0.288951 0.045652 1e-06 0.229206
2-3-0-4-3-5-0-0-1-1-0-0-1-1-0 13373259 0.602304 0.398135 1e-06 0.164077
2-3-0-4-3-5-0-0-1-1-0-2-2-3-0 13950086 0.621832 0.394867 1e-06 0.198444
2-3-0-4-3-5-0-0-1-1-0-4-3-5-0 13749399 0.264622 0.054666 1e-06 0.198943
2-3-0-4-3-5-0-0-1-1-0-6-4-7-0 13954585 0.255991 0.04765 1e-06 0.197731
2-3-0-4-3-5-0-2-2-3-0-0-1-1-0 13954626 0.526941 0.293478 1e-06 0.215461
2-3-0-4-3-5-0-2-2-3-0-2-2-3-0 12401496 0.554598 0.308097 1e-06 0.226248
2-3-0-4-3-5-0-2-2-3-0-4-3-5-0 13920727 0.321166 0.057653 0 0.253117
2-3-0-4-3-5-0-2-2-3-0-6-4-7-0 13954585 0.316425 0.04959 1e-06 0.257662
2-3-0-4-3-5-0-4-3-5-0-0-1-1-0 13954626 1.31625 1.07479 1e-06 0.221278
2-3-0-4-3-5-0-4-3-5-0-2-2-3-0 13942369 1.42277 1.10562 1e-06 0.291103
2-3-0-4-3-5-0-4-3-5-0-4-3-5-0 13780903 2.8211 2.5265 1e-06 0.255624
2-3-0-4-3-5-0-4-3-5-0-6-4-7-0 13954598 2.5463 2.25403 1e-06 0.266843
2-3-0-4-3-5-0-6-4-7-0-0-1-1-0 13954626 2.30246 2.1019 1e-06 0.165235
2-3-0-4-3-5-0-6-4-7-0-2-2-3-0 13953921 2.41828 2.0539 1e-06 0.284433
2-3-0-4-3-5-0-6-4-7-0-4-3-5-0 13953164 4.1847 3.85467 1e-06 0.199355
2-3-0-4-3-5-0-6-4-7-0-6-4-7-0 13954626 3.53688 3.27104 1e-06 0.185567
2-3-0-6-4-7-0-0-1-1-0-0-1-1-0 13954626 1.04631 0.83327 1e-06 0.121955
2-3-0-6-4-7-0-0-1-1-0-2-2-3-0 13954626 0.228378 0.024369 1e-06 0.194902
2-3-0-6-4-7-0-0-1-1-0-4-3-5-0 13954626 0.253969 0.068426 0 0.175589
2-3-0-6-4-7-0-0-1-1-0-6-4-7-0 13954626 0.241559 0.05585 1e-06 0.177695
2-3-0-6-4-7-0-2-2-3-0-0-1-1-0 13954626 0.999507 0.765824 1e-06 0.195096
2-3-0-6-4-7-0-2-2-3-0-2-2-3-0 13689497 0.289704 0.028109 1e-06 0.250846
2-3-0-6-4-7-0-2-2-3-0-4-3-5-0 13952209 0.319825 0.07838 1e-06 0.232428
2-3-0-6-4-7-0-2-2-3-0-6-4-7-0 13954626 0.326442 0.065527 1e-06 0.25263
2-3-0-6-4-7-0-4-3-5-0-0-1-1-0 13954626 2.99155 2.71262 1e-06 0.227857
2-3-0-6-4-7-0-4-3-5-0-2-2-3-0 13954500 2.78828 2.53125 1e-06 0.17012
2-3-0-6-4-7-0-4-3-5-0-4-3-5-0 13850279 4.41462 4.10719 1e-06 0.188668
2-3-0-6-4-7-0-4-3-5-0-6-4-7-0 13954626 4.17554 3.88342 1e-06 0.238151
2-3-0-6-4-7-0-6-4-7-0-0-1-1-0 13954626 2.34465 2.10705 1e-06 0.152877
2-3-0-6-4-7-0-6-4-7-0-2-2-3-0 13954626 2.47157 2.16838 1e-06 0.206419
2-3-0-6-4-7-0-6-4-7-0-4-3-5-0 13954620 0.294392 0.091121 0 0.195115
2-3-0-6-4-7-0-6-4-7-0-6-4-7-0 13954626 0.237813 0.080816 0 0.149773
3-5-0-0-1-1-0-0-1-1-0-0-1-1-0 66667832 0.170675 0.093995 1e-06 0.067691
3-5-0-0-1-1-0-0-1-1-0-2-2-3-0 261068775 0.224332 0.140584 1e-06 0.074164
3-5-0-0-1-1-0-0-1-1-0-4-3-5-0 159103520 0.486446 0.402582 0 0.071803
3-5-0-0-1-1-0-0-1-1-0-6-4-7-0 264520476 0.554906 0.472471 0 0.070604
3-5-0-0-1-1-0-2-2-3-0-0-1-1-0 264547773 0.351202 0.253246 1e-06 0.08616
3-5-0-0-1-1-0-2-2-3-0-2-2-3-0 261068775 0.408224 0.265118 1e-06 0.132441
3-5-0-0-1-1-0-2-2-3-0-4-3-5-0 264505054 1.11056 0.992963 0 0.104789
3-5-0-0-1-1-0-2-2-3-0-6-4-7-0 264547773 0.971778 0.851292 1e-06 0.108088
3-5-0-0-1-1-0-4-3-5-0-0-1-1-0 264547773 1.60836 1.49553 0 0.093025
3-5-0-0-1-1-0-4-3-5-0-2-2-3-0 264335304 0.618168 0.473519 0 0.131985
3-5-0-0-1-1-0-4-3-5-0-4-3-5-0 261568906 1.30717 1.14122 1e-06 0.149155
3-5-0-0-1-1-0-4-3-5-0-6-4-7-0 264546039 1.14317 1.01504 1e-06 0.110995
3-5-0-0-1-1-0-6-4-7-0-0-1-1-0 264547773 0.713923 0.58905 1e-06 0.112457
3-5-0-0-1-1-0-6-4-7-0-2-2-3-0 264547773 0.739767 0.601377 1e-06 0.126016
3-5-0-0-1-1-0-6-4-7-0-4-3-5-0 264547070 1.54412 1.42211 1e-06 0.106452
3-5-0-0-1-1-0-6-4-7-0-6-4-7-0 264547773 1.40133 1.27434 1e-06 0.113732
3-5-0-2-2-3-0-0-1-1-0-0-1-1-0 262992233 0.34115 0.216515 1e-06 0.113919
3-5-0-2-2-3-0-0-1-1-0-2-2-3-0 264546361 0.364003 0.228689 1e-06 0.124502
3-5-0-2-2-3-0-0-1-1-0-4-3-5-0 264299335 1.14791 0.968388 1e-06 0.145532
3-5-0-2-2-3-0-0-1-1-0-6-4-7-0 264547769 0.937773 0.802973 0 0.122551
3-5-0-2-2-3-0-2-2-3-0-0-1-1-0 262992233 0.258814 0.080389 1e-06 0.168906
3-5-0-2-2-3-0-2-2-3-0-2-2-3-0 18178411 0.254821 0.031303 0 0.199688
3-5-0-2-2-3-0-2-2-3-0-4-3-5-0 186718068 0.540899 0.342504 0 0.186759
3-5-0-2-2-3-0-2-2-3-0-6-4-7-0 254483838 0.568342 0.37499 1e-06 0.168695
3-5-0-2-2-3-0-4-3-5-0-0-1-1-0 264534436 0.643987 0.479235 1e-06 0.150415
3-5-0-2-2-3-0-4-3-5-0-2-2-3-0 263938876 0.700268 0.48861 1e-06 0.197601
3-5-0-2-2-3-0-4-3-5-0-4-3-5-0 260987845 1.43158 1.25783 1e-06 0.157524
3-5-0-2-2-3-0-4-3-5-0-6-4-7-0 264545893 1.31823 1.11978 1e-06 0.175093
3-5-0-2-2-3-0-6-4-7-0-0-1-1-0 264547773 0.705686 0.528002 2e-06 0.165416
3-5-0-2-2-3-0-6-4-7-0-2-2-3-0 264526605 0.755317 0.545007 1e-06 0.196654
3-5-0-2-2-3-0-6-4-7-0-4-3-5-0 264348044 1.57613 1.39329 1e-06 0.167332
3-5-0-2-2-3-0-6-4-7-0-6-4-7-0 264547772 1.41002 1.22919 1e-06 0.167298
3-5-0-4-3-5-0-0-1-1-0-0-1-1-0 242448037 0.586555 0.432475 0 0.137241
3-5-0-4-3-5-0-0-1-1-0-2-2-3-0 264223483 0.494628 0.30389 1e-06 0.177387
3-5-0-4-3-5-0-0-1-1-0-4-3-5-0 254223236 1.16716 0.997766 1e-06 0.154504
3-5-0-4-3-5-0-0-1-1-0-6-4-7-0 264544959 1.01376 0.844015 1e-06 0.155791
3-5-0-4-3-5-0-2-2-3-0-0-1-1-0 264272027 0.485683 0.290924 1e-06 0.182591
3-5-0-4-3-5-0-2-2-3-0-2-2-3-0 223199128 0.508182 0.28134 0 0.214537
3-5-0-4-3-5-0-2-2-3-0-4-3-5-0 256552028 1.22825 1.03629 1e-06 0.177782
3-5-0-4-3-5-0-2-2-3-0-6-4-7-0 262665496 1.08529 0.882411 1e-06 0.189164
3-5-0-4-3-5-0-4-3-5-0-0-1-1-0 254851812 1.35576 1.13519 1e-06 0.202869
3-5-0-4-3-5-0-4-3-5-0-2-2-3-0 252870735 1.42753 1.16735 1e-06 0.232462
3-5-0-4-3-5-0-4-3-5-0-4-3-5-0 249802666 3.32172 3.06185 1e-06 0.219301
3-5-0-4-3-5-0-4-3-5-0-6-4-7-0 253260419 2.752 2.50525 0 0.217019
3-5-0-4-3-5-0-6-4-7-0-0-1-1-0 264536355 2.14573 1.94018 1e-06 0.170444
3-5-0-4-3-5-0-6-4-7-0-2-2-3-0 261395656 2.28351 1.99053 1e-06 0.215527
3-5-0-4-3-5-0-6-4-7-0-4-3-5-0 263215652 1.71662 1.493 1e-06 0.205676
3-5-0-4-3-5-0-6-4-7-0-6-4-7-0 264542880 1.53363 1.3404 0 0.170777
3-5-0-6-4-7-0-0-1-1-0-0-1-1-0 264536355 0.595962 0.471218 1e-06 0.112557
3-5-0-6-4-7-0-0-1-1-0-2-2-3-0 264547768 0.685622 0.51658 0 0.157328
3-5-0-6-4-7-0-0-1-1-0-4-3-5-0 264545622 1.45636 1.30279 1e-06 0.139553
3-5-0-6-4-7-0-0-1-1-0-6-4-7-0 264547773 1.28286 1.12971 1e-06 0.140425
3-5-0-6-4-7-0-2-2-3-0-0-1-1-0 264547773 0.669416 0.507393 1e-06 0.151237
3-5-0-6-4-7-0-2-2-3-0-2-2-3-0 258664239 0.709719 0.512656 0 0.185656
3-5-0-6-4-7-0-2-2-3-0-4-3-5-0 264488100 1.5785 1.35493 1e-06 0.207438
3-5-0-6-4-7-0-2-2-3-0-6-4-7-0 264547773 1.34533 1.15777 0 0.173099
3-5-0-6-4-7-0-4-3-5-0-0-1-1-0 264547773 2.81718 2.62743 0 0.146943
3-5-0-6-4-7-0-4-3-5-0-2-2-3-0 264545259 2.93739 2.62917 1e-06 0.238203
3-5-0-6-4-7-0-4-3-5-0-4-3-5-0 263135171 2.12751 1.89622 0 0.185677
3-5-0-6-4-7-0-4-3-5-0-6-4-7-0 264547770 1.98793 1.75876 1e-06 0.204012
3-5-0-6-4-7-0-6-4-7-0-0-1-1-0 264547773 2.45521 2.21613 1e-06 0.183044
3-5-0-6-4-7-0-6-4-7-0-2-2-3-0 264547767 1.34021 1.09732 1e-06 0.219981
3-5-0-6-4-7-0-6-4-7-0-4-3-5-0 264547650 2.12819 1.88342 1e-06 0.209724
3-5-0-6-4-7-0-6-4-7-0-6-4-7-0 264547773 1.91317 1.7202 0 0.177151
4-7-0-0-1-1-0-0-1-1-0-0-1-1-0 15626706 0.09877 0.026146 0 0.067068
4-7-0-0-1-1-0-0-1-1-0-2-2-3-0 15794087 0.120602 0.02642 0 0.088605
4-7-0-0-1-1-0-0-1-1-0-4-3-5-0 15740985 0.156432 0.068536 0 0.081521
4-7-0-0-1-1-0-0-1-1-0-6-4-7-0 15794415 0.146976 0.059406 1e-06 0.08192
4-7-0-0-1-1-0-2-2-3-0-0-1-1-0 15794415 0.130331 0.027019 0 0.097766
4-7-0-0-1-1-0-2-2-3-0-2-2-3-0 15794087 0.164749 0.027782 1e-06 0.131222
4-7-0-0-1-1-0-2-2-3-0-4-3-5-0 15794415 0.191067 0.075094 1e-06 0.10927
4-7-0-0-1-1-0-2-2-3-0-6-4-7-0 15794415 0.17826 0.066007 0 0.106372
4-7-0-0-1-1-0-4-3-5-0-0-1-1-0 15794415 0.180316 0.072919 0 0.10078
4-7-0-0-1-1-0-4-3-5-0-2-2-3-0 15794372 0.198162 0.072546 1e-06 0.118348
4-7-0-0-1-1-0-4-3-5-0-4-3-5-0 15792180 0.247207 0.125614 1e-06 0.113919
4-7-0-0-1-1-0-4-3-5-0-6-4-7-0 15794415 0.260403 0.117399 0 0.135372
4-7-0-0-1-1-0-6-4-7-0-0-1-1-0 15794415 0.178126 0.062622 0 0.109359
4-7-0-0-1-1-0-6-4-7-0-2-2-3-0 15794415 0.188706 0.06277 1e-06 0.120103
4-7-0-0-1-1-0-6-4-7-0-4-3-5-0 15794415 0.23254 0.114244 0 0.110958
4-7-0-0-1-1-0-6-4-7-0-6-4-7-0 15794415 0.21471 0.104147 0 0.104006
4-7-0-2-2-3-0-0-1-1-0-0-1-1-0 15794415 0.137237 0.024108 1e-06 0.091911
4-7-0-2-2-3-0-0-1-1-0-2-2-3-0 15794415 0.176321 0.022541 0 0.148245
4-7-0-2-2-3-0-0-1-1-0-4-3-5-0 15794415 0.20971 0.066561 1e-06 0.136623
4-7-0-2-2-3-0-0-1-1-0-6-4-7-0 15794415 0.169403 0.057352 0 0.105871
4-7-0-2-2-3-0-2-2-3-0-0-1-1-0 15794415 0.174213 0.018122 0 0.15028
4-7-0-2-2-3-0-2-2-3-0-2-2-3-0 10219172 0.210618 0.019674 1e-06 0.18522
4-7-0-2-2-3-0-2-2-3-0-4-3-5-0 15662521 0.210152 0.062074 1e-06 0.141282
4-7-0-2-2-3-0-2-2-3-0-6-4-7-0 15792946 0.206938 0.05174 0 0.14932
4-7-0-2-2-3-0-4-3-5-0-0-1-1-0 15794415 0.243817 0.068821 0 0.167639
4-7-0-2-2-3-0-4-3-5-0-2-2-3-0 15794338 0.269672 0.066661 1e-06 0.196376
4-7-0-2-2-3-0-4-3-5-0-4-3-5-0 15743848 0.304018 0.118832 0 0.177448
4-7-0-2-2-3-0-4-3-5-0-6-4-7-0 15794415 0.310509 0.108575 0 0.194886
4-7-0-2-2-3-0-6-4-7-0-0-1-1-0 15794415 0.234685 0.057137 1e-06 0.171329
4-7-0-2-2-3-0-6-4-7-0-2-2-3-0 15794414 0.26636 0.05934 0 0.20063
4-7-0-2-2-3-0-6-4-7-0-4-3-5-0 15794371 0.260726 0.107296 1e-06 0.146193
4-7-0-2-2-3-0-6-4-7-0-6-4-7-0 15794415 0.275076 0.097963 1e-06 0.170082
4-7-0-4-3-5-0-0-1-1-0-0-1-1-0 15758734 0.565417 0.428928 0 0.120487
4-7-0-4-3-5-0-0-1-1-0-2-2-3-0 15794374 0.206622 0.049456 0 0.149213
4-7-0-4-3-5-0-0-1-1-0-4-3-5-0 15784512 0.295196 0.090638 1e-06 0.195407
4-7-0-4-3-5-0-0-1-1-0-6-4-7-0 15794415 0.251071 0.083313 0 0.159431
4-7-0-4-3-5-0-2-2-3-0-0-1-1-0 15794415 0.205763 0.046328 0 0.152504
4-7-0-4-3-5-0-2-2-3-0-2-2-3-0 15752999 0.327671 0.050737 0 0.269569
4-7-0-4-3-5-0-2-2-3-0-4-3-5-0 15793767 0.333216 0.105182 1e-06 0.219263
4-7-0-4-3-5-0-2-2-3-0-6-4-7-0 15794415 0.296862 0.092826 0 0.19639
4-7-0-4-3-5-0-4-3-5-0-0-1-1-0 15794415 1.44035 1.19906 1e-06 0.211028
4-7-0-4-3-5-0-4-3-5-0-2-2-3-0 15794351 1.61667 1.31368 2e-06 0.278599
4-7-0-4-3-5-0-4-3-5-0-4-3-5-0 15614461 3.21877 2.95187 1e-06 0.220419
4-7-0-4-3-5-0-4-3-5-0-6-4-7-0 15794415 2.61357 2.33885 1e-06 0.244417
4-7-0-4-3-5-0-6-4-7-0-0-1-1-0 15794415 2.27193 2.06708 0 0.167747
4-7-0-4-3-5-0-6-4-7-0-2-2-3-0 15794415 2.43637 2.11657 1e-06 0.21912
4-7-0-4-3-5-0-6-4-7-0-4-3-5-0 15794412 0.423667 0.140469 1e-06 0.271434
4-7-0-4-3-5-0-6-4-7-0-6-4-7-0 15794415 0.416533 0.128979 1e-06 0.277408
4-7-0-6-4-7-0-0-1-1-0-0-1-1-0 15794415 0.219916 0.043521 1e-06 0.16891
4-7-0-6-4-7-0-0-1-1-0-2-2-3-0 15794415 0.24137 0.045485 1e-06 0.188719
4-7-0-6-4-7-0-0-1-1-0-4-3-5-0 15794415 0.303625 0.092174 1e-06 0.202844
4-7-0-6-4-7-0-0-1-1-0-6-4-7-0 15794415 0.277246 0.082623 0 0.186126
4-7-0-6-4-7-0-2-2-3-0-0-1-1-0 15794415 0.28846 0.049655 2e-06 0.231564
4-7-0-6-4-7-0-2-2-3-0-2-2-3-0 15792398 0.351729 0.051133 1e-06 0.293683
4-7-0-6-4-7-0-2-2-3-0-4-3-5-0 15794397 0.366465 0.106549 0 0.251416
4-7-0-6-4-7-0-2-2-3-0-6-4-7-0 15794415 0.371918 0.095956 1e-06 0.267543
4-7-0-6-4-7-0-4-3-5-0-0-1-1-0 15794415 3.23229 2.96627 1e-06 0.234986
4-7-0-6-4-7-0-4-3-5-0-2-2-3-0 15794413 3.24863 2.90232 1e-06 0.264192
4-7-0-6-4-7-0-4-3-5-0-4-3-5-0 15792097 0.412388 0.148863 0 0.245241
4-7-0-6-4-7-0-4-3-5-0-6-4-7-0 15794415 0.332698 0.140644 1e-06 0.182497
4-7-0-6-4-7-0-6-4-7-0-0-1-1-0 15794415 0.253141 0.087975 3e-06 0.1576
4-7-0-6-4-7-0-6-4-7-0-2-2-3-0 15794415 0.303057 0.085892 1e-06 0.210808
4-7-0-6-4-7-0-6-4-7-0-4-3-5-0 15794415 0.33979 0.137224 0 0.194211
4-7-0-6-4-7-0-6-4-7-0-6-4-7-0 15794415 0.325001 0.12633 1e-06 0.191112
