0-0-1-1-0-0-1-1-0-0-1-1-0-0-1 34713 1.00395 0.94795 0 0.024517
0-0-1-1-0-0-1-1-0-0-1-1-0-2-2 11426723 0.91827 0.838338 1e-06 0.047937
0-0-1-1-0-0-1-1-0-0-1-1-0-4-3 66667832 1.4519 1.36226 1e-06 0.0354
0-0-1-1-0-0-1-1-0-0-1-1-0-6-4 15626706 1.31688 1.24193 0 0.022982
0-0-1-1-0-0-1-1-0-2-2-3-0-0-1 277704 2.54866 2.44619 0 0.032138
0-0-1-1-0-0-1-1-0-2-2-3-0-2-2 11426723 2.308 2.21473 1e-06 0.041684
0-0-1-1-0-0-1-1-0-2-2-3-0-4-3 262992233 5.1364 5.04186 0 0.037934
0-0-1-1-0-0-1-1-0-2-2-3-0-6-4 15794415 4.56791 4.47872 1e-06 0.035297
0-0-1-1-0-0-1-1-0-4-3-5-0-0-1 277704 3.01081 2.92771 0 0.033707
0-0-1-1-0-0-1-1-0-4-3-5-0-2-2 13373259 2.92888 2.83416 1e-06 0.046884
0-0-1-1-0-0-1-1-0-4-3-5-0-4-3 242448037 5.36487 5.26215 0 0.039256
0-0-1-1-0-0-1-1-0-4-3-5-0-6-4 15758734 5.02699 4.92223 1e-06 0.040169
0-0-1-1-0-0-1-1-0-6-4-7-0-0-1 277704 4.32757 4.21575 0 0.03559
0-0-1-1-0-0-1-1-0-6-4-7-0-2-2 13954626 4.69098 4.58073 1e-06 0.043649
0-0-1-1-0-0-1-1-0-6-4-7-0-4-3 264536355 7.75537 7.66779 1e-06 0.038933
0-0-1-1-0-0-1-1-0-6-4-7-0-6-4 15794415 7.31724 7.21782 0 0.038876
0-0-1-1-0-2-2-3-0-0-1-1-0-0-1 277704 2.94501 2.8537 0 0.044471
0-0-1-1-0-2-2-3-0-0-1-1-0-2-2 13954626 2.8802 2.76911 1e-06 0.061201
0-0-1-1-0-2-2-3-0-0-1-1-0-4-3 264547773 5.43158 5.33851 1e-06 0.047009
0-0-1-1-0-2-2-3-0-0-1-1-0-6-4 15794415 5.0336 4.907 1e-06 0.04937
0-0-1-1-0-2-2-3-0-2-2-3-0-0-1 277704 2.89624 2.79542 1e-06 0.05624
0-0-1-1-0-2-2-3-0-2-2-3-0-2-2 11426723 3.12882 3.00279 1e-06 0.074111
0-0-1-1-0-2-2-3-0-2-2-3-0-4-3 262992233 6.20078 6.08003 1e-06 0.067395
0-0-1-1-0-2-2-3-0-2-2-3-0-6-4 15794415 5.66831 5.54406 1e-06 0.066616
0-0-1-1-0-2-2-3-0-4-3-5-0-0-1 277704 8.99836 8.87928 0 0.058228
0-0-1-1-0-2-2-3-0-4-3-5-0-2-2 13954626 9.23443 9.07746 1e-06 0.079318
0-0-1-1-0-2-2-3-0-4-3-5-0-4-3 264272027 12.2741 12.1495 1e-06 0.067139
0-0-1-1-0-2-2-3-0-4-3-5-0-6-4 15794415 11.8462 11.7072 1e-06 0.076696
0-0-1-1-0-2-2-3-0-6-4-7-0-0-1 277704 7.63183 7.52279 1e-06 0.05628
0-0-1-1-0-2-2-3-0-6-4-7-0-2-2 13954626 7.78023 7.65117 1e-06 0.075803
0-0-1-1-0-2-2-3-0-6-4-7-0-4-3 264547773 10.8594 10.7459 1e-06 0.064168
0-0-1-1-0-2-2-3-0-6-4-7-0-6-4 15794415 10.5858 10.4649 1e-06 0.067545
0-0-1-1-0-4-3-5-0-0-1-1-0-0-1 277704 3.84474 3.75029 1e-06 0.05564
0-0-1-1-0-4-3-5-0-0-1-1-0-2-2 13954626 3.91417 3.79168 1e-06 0.071605
0-0-1-1-0-4-3-5-0-0-1-1-0-4-3 264547773 6.21021 6.1131 0 0.060707
0-0-1-1-0-4-3-5-0-0-1-1-0-6-4 15794415 6.18626 6.08049 1e-06 0.065003
0-0-1-1-0-4-3-5-0-2-2-3-0-0-1 277704 4.08247 3.95851 1e-06 0.081931
0-0-1-1-0-4-3-5-0-2-2-3-0-2-2 13373259 4.05149 3.91244 1e-06 0.093453
0-0-1-1-0-4-3-5-0-2-2-3-0-4-3 264534436 7.24777 7.07659 1e-06 0.119626
0-0-1-1-0-4-3-5-0-2-2-3-0-6-4 15794415 6.70554 6.57713 1e-06 0.079231
0-0-1-1-0-4-3-5-0-4-3-5-0-0-1 277704 9.20858 9.07127 1e-06 0.084679
0-0-1-1-0-4-3-5-0-4-3-5-0-2-2 13954626 9.46014 9.28208 0 0.1181
0-0-1-1-0-4-3-5-0-4-3-5-0-4-3 254851812 13.3583 13.1986 1e-06 0.083461
0-0-1-1-0-4-3-5-0-4-3-5-0-6-4 15794415 12.5817 12.4274 1e-06 0.083226
0-0-1-1-0-4-3-5-0-6-4-7-0-0-1 277704 8.03362 7.91535 1e-06 0.069733
0-0-1-1-0-4-3-5-0-6-4-7-0-2-2 13954626 8.36244 8.21932 0 0.093239
0-0-1-1-0-4-3-5-0-6-4-7-0-4-3 264547773 11.4457 11.2778 1e-06 0.109543
0-0-1-1-0-4-3-5-0-6-4-7-0-6-4 15794415 10.9715 10.8226 1e-06 0.099448
0-0-1-1-0-6-4-7-0-0-1-1-0-0-1 277704 5.58443 5.48735 0 0.055051
0-0-1-1-0-6-4-7-0-0-1-1-0-2-2 13954626 5.55515 5.43541 0 0.078315
0-0-1-1-0-6-4-7-0-0-1-1-0-4-3 264547773 8.05163 7.94779 1e-06 0.057596
0-0-1-1-0-6-4-7-0-0-1-1-0-6-4 15794415 7.60549 7.49705 0 0.05662
0-0-1-1-0-6-4-7-0-2-2-3-0-0-1 277704 5.5513 5.43556 1e-06 0.066636
0-0-1-1-0-6-4-7-0-2-2-3-0-2-2 13954626 5.40097 5.26272 0 0.093859
0-0-1-1-0-6-4-7-0-2-2-3-0-4-3 264547773 8.43978 8.31336 0 0.079439
0-0-1-1-0-6-4-7-0-2-2-3-0-6-4 15794415 8.16512 8.03065 0 0.082555
0-0-1-1-0-6-4-7-0-4-3-5-0-0-1 277704 11.6268 11.4933 0 0.071189
0-0-1-1-0-6-4-7-0-4-3-5-0-2-2 13954626 12.0464 11.8758 1e-06 0.110327
0-0-1-1-0-6-4-7-0-4-3-5-0-4-3 264536355 15.4123 15.2649 0 0.078158
0-0-1-1-0-6-4-7-0-4-3-5-0-6-4 15794415 14.8472 14.6903 1e-06 0.084684
0-0-1-1-0-6-4-7-0-6-4-7-0-0-1 277704 10.53 10.4088 1e-06 0.0695
0-0-1-1-0-6-4-7-0-6-4-7-0-2-2 13954626 10.322 10.1868 1e-06 0.090661
0-0-1-1-0-6-4-7-0-6-4-7-0-4-3 264547773 13.8446 13.7127 0 0.08406
0-0-1-1-0-6-4-7-0-6-4-7-0-6-4 15794415 12.9867 12.8624 0 0.075708
0-2-2-3-0-0-1-1-0-0-1-1-0-0-1 269979 2.64293 2.50548 1e-06 0.06484
0-2-2-3-0-0-1-1-0-0-1-1-0-2-2 13942082 2.68979 2.57687 0 0.075247
0-2-2-3-0-0-1-1-0-0-1-1-0-4-3 261068775 5.2574 5.13059 1e-06 0.065737
0-2-2-3-0-0-1-1-0-0-1-1-0-6-4 15794087 4.83565 4.72624 1e-06 0.072883
0-2-2-3-0-0-1-1-0-2-2-3-0-0-1 277704 2.82371 2.70281 1e-06 0.076095
0-2-2-3-0-0-1-1-0-2-2-3-0-2-2 13942082 2.89237 2.74065 1e-06 0.09693
0-2-2-3-0-0-1-1-0-2-2-3-0-4-3 264546361 5.92114 5.79032 1e-06 0.086466
0-2-2-3-0-0-1-1-0-2-2-3-0-6-4 15794415 5.53624 5.39876 0 0.093332
0-2-2-3-0-0-1-1-0-4-3-5-0-0-1 277704 8.0562 7.91602 1e-06 0.082266
0-2-2-3-0-0-1-1-0-4-3-5-0-2-2 13950086 8.37587 8.22738 1e-06 0.102248
0-2-2-3-0-0-1-1-0-4-3-5-0-4-3 264223483 11.3363 11.1983 1e-06 0.088216
0-2-2-3-0-0-1-1-0-4-3-5-0-6-4 15794374 11.1578 11.0111 1e-06 0.08892
0-2-2-3-0-0-1-1-0-6-4-7-0-0-1 277704 6.92269 6.79004 0 0.087323
0-2-2-3-0-0-1-1-0-6-4-7-0-2-2 13954626 7.03806 6.88488 0 0.112292
0-2-2-3-0-0-1-1-0-6-4-7-0-4-3 264547768 10.4246 10.2859 1e-06 0.089381
0-2-2-3-0-0-1-1-0-6-4-7-0-6-4 15794415 9.69236 9.55506 2e-06 0.095882
0-2-2-3-0-2-2-3-0-0-1-1-0-0-1 269979 1.49461 1.37483 1e-06 0.095963
0-2-2-3-0-2-2-3-0-0-1-1-0-2-2 13942082 1.49403 1.33809 1e-06 0.131669
0-2-2-3-0-2-2-3-0-0-1-1-0-4-3 261068775 3.96575 3.82929 0 0.106911
0-2-2-3-0-2-2-3-0-0-1-1-0-6-4 15794087 3.5621 3.44717 1e-06 0.09059
0-2-2-3-0-2-2-3-0-2-2-3-0-0-1 269979 0.200579 0.056637 1e-06 0.12438
0-2-2-3-0-2-2-3-0-2-2-3-0-2-2 34713 0.226304 0.058319 1e-06 0.147653
0-2-2-3-0-2-2-3-0-2-2-3-0-4-3 18178411 0.256701 0.121211 1e-06 0.113314
0-2-2-3-0-2-2-3-0-2-2-3-0-6-4 10219172 0.258674 0.113603 1e-06 0.119122
0-2-2-3-0-2-2-3-0-4-3-5-0-0-1 277212 1.72273 1.5877 0 0.102663
0-2-2-3-0-2-2-3-0-4-3-5-0-2-2 12401496 1.65473 1.48069 0 0.128509
0-2-2-3-0-2-2-3-0-4-3-5-0-4-3 223199128 3.50995 3.36153 0 0.118962
0-2-2-3-0-2-2-3-0-4-3-5-0-6-4 15752999 3.10128 2.94529 1e-06 0.121573
0-2-2-3-0-2-2-3-0-6-4-7-0-0-1 277704 2.91179 2.76896 0 0.105023
0-2-2-3-0-2-2-3-0-6-4-7-0-2-2 13689497 3.17336 2.9745 1e-06 0.147124
0-2-2-3-0-2-2-3-0-6-4-7-0-4-3 258664239 6.16433 5.99177 1e-06 0.128327
0-2-2-3-0-2-2-3-0-6-4-7-0-6-4 15792398 5.66413 5.51614 0 0.116085
0-2-2-3-0-4-3-5-0-0-1-1-0-0-1 277212 2.89681 2.72917 0 0.100915
0-2-2-3-0-4-3-5-0-0-1-1-0-2-2 13953539 3.24342 3.0387 1e-06 0.135793
0-2-2-3-0-4-3-5-0-0-1-1-0-4-3 264335304 5.56293 5.39889 2e-06 0.120566
0-2-2-3-0-4-3-5-0-0-1-1-0-6-4 15794372 5.16295 4.97342 1e-06 0.114179
0-2-2-3-0-4-3-5-0-2-2-3-0-0-1 277704 3.02307 2.78907 1e-06 0.186772
0-2-2-3-0-4-3-5-0-2-2-3-0-2-2 12401496 2.9268 2.70612 1e-06 0.174484
0-2-2-3-0-4-3-5-0-2-2-3-0-4-3 263938876 6.09114 5.8957 1e-06 0.127327
0-2-2-3-0-4-3-5-0-2-2-3-0-6-4 15794338 5.5146 5.33422 0 0.126493
0-2-2-3-0-4-3-5-0-4-3-5-0-0-1 277704 7.54534 7.37472 1e-06 0.113212
0-2-2-3-0-4-3-5-0-4-3-5-0-2-2 13942369 7.61765 7.41214 1e-06 0.155182
0-2-2-3-0-4-3-5-0-4-3-5-0-4-3 252870735 10.9442 10.7598 1e-06 0.129451
0-2-2-3-0-4-3-5-0-4-3-5-0-6-4 15794351 10.6968 10.5017 2e-06 0.145926
0-2-2-3-0-4-3-5-0-6-4-7-0-0-1 277704 6.40343 6.24308 1e-06 0.115233
0-2-2-3-0-4-3-5-0-6-4-7-0-2-2 13954500 6.75905 6.50767 0 0.184681
0-2-2-3-0-4-3-5-0-6-4-7-0-4-3 264545259 10.2201 10.0585 0 0.121664
0-2-2-3-0-4-3-5-0-6-4-7-0-6-4 15794413 10.03 9.80016 1e-06 0.130554
0-2-2-3-0-6-4-7-0-0-1-1-0-0-1 277704 4.18301 4.02586 1e-06 0.100514
0-2-2-3-0-6-4-7-0-0-1-1-0-2-2 13954626 4.19403 3.99273 1e-06 0.132492
0-2-2-3-0-6-4-7-0-0-1-1-0-4-3 264547773 6.92591 6.78429 0 0.096593
0-2-2-3-0-6-4-7-0-0-1-1-0-6-4 15794415 6.60463 6.4374 0 0.115462
0-2-2-3-0-6-4-7-0-2-2-3-0-0-1 277704 4.57794 4.38903 1e-06 0.113807
0-2-2-3-0-6-4-7-0-2-2-3-0-2-2 13689497 4.68737 4.46423 1e-06 0.160897
0-2-2-3-0-6-4-7-0-2-2-3-0-4-3 264526605 7.84228 7.64419 0 0.155549
0-2-2-3-0-6-4-7-0-2-2-3-0-6-4 15794414 7.16464 6.95985 2e-06 0.129286
0-2-2-3-0-6-4-7-0-4-3-5-0-0-1 277704 10.4742 10.2726 1e-06 0.130523
0-2-2-3-0-6-4-7-0-4-3-5-0-2-2 13953921 10.8733 10.593 1e-06 0.18392
0-2-2-3-0-6-4-7-0-4-3-5-0-4-3 261395656 14.1553 13.922 0 0.143781
0-2-2-3-0-6-4-7-0-4-3-5-0-6-4 15794415 13.1777 12.8835 1e-06 0.13489
0-2-2-3-0-6-4-7-0-6-4-7-0-0-1 277704 9.07391 8.88334 0 0.108526
0-2-2-3-0-6-4-7-0-6-4-7-0-2-2 13954626 9.64187 9.42817 1e-06 0.146948
0-2-2-3-0-6-4-7-0-6-4-7-0-4-3 264547767 12.6959 12.5096 0 0.128515
0-2-2-3-0-6-4-7-0-6-4-7-0-6-4 15794415 12.3656 12.1338 0 0.136805
0-4-3-5-0-0-1-1-0-0-1-1-0-0-1 125547 1.33734 1.22805 0 0.076531
0-4-3-5-0-0-1-1-0-0-1-1-0-2-2 13103489 1.37905 1.2313 1e-06 0.110851
0-4-3-5-0-0-1-1-0-0-1-1-0-4-3 159103520 2.88274 2.70693 1e-06 0.129834
0-4-3-5-0-0-1-1-0-0-1-1-0-6-4 15740985 2.53852 2.38034 1e-06 0.104768
0-4-3-5-0-0-1-1-0-2-2-3-0-0-1 277704 2.35627 2.18265 0 0.109129
0-4-3-5-0-0-1-1-0-2-2-3-0-2-2 13103489 2.33926 2.10396 1e-06 0.147461
0-4-3-5-0-0-1-1-0-2-2-3-0-4-3 264299335 5.42109 5.25352 1e-06 0.128106
0-4-3-5-0-0-1-1-0-2-2-3-0-6-4 15794415 5.15791 4.94592 0 0.105707
0-4-3-5-0-0-1-1-0-4-3-5-0-0-1 277704 5.54934 5.38683 1e-06 0.110767
0-4-3-5-0-0-1-1-0-4-3-5-0-2-2 13749399 5.24428 5.06954 1e-06 0.128797
0-4-3-5-0-0-1-1-0-4-3-5-0-4-3 254223236 8.34837 8.19394 0 0.113062
0-4-3-5-0-0-1-1-0-4-3-5-0-6-4 15784512 8.09463 7.94961 0 0.103556
0-4-3-5-0-0-1-1-0-6-4-7-0-0-1 277704 5.49653 5.32507 0 0.090729
0-4-3-5-0-0-1-1-0-6-4-7-0-2-2 13954626 5.35061 5.14282 0 0.115455
0-4-3-5-0-0-1-1-0-6-4-7-0-4-3 264545622 8.72293 8.52295 1e-06 0.160453
0-4-3-5-0-0-1-1-0-6-4-7-0-6-4 15794415 8.41279 8.20916 1e-06 0.100787
0-4-3-5-0-2-2-3-0-0-1-1-0-0-1 277597 1.9754 1.77496 1e-06 0.109618
0-4-3-5-0-2-2-3-0-0-1-1-0-2-2 13954538 2.04373 1.86472 0 0.137171
0-4-3-5-0-2-2-3-0-0-1-1-0-4-3 264505054 4.85902 4.69384 1e-06 0.127543
0-4-3-5-0-2-2-3-0-0-1-1-0-6-4 15794415 4.13815 3.99217 1e-06 0.113905
0-4-3-5-0-2-2-3-0-2-2-3-0-0-1 277597 1.21265 1.02891 1e-06 0.149034
0-4-3-5-0-2-2-3-0-2-2-3-0-2-2 1807215 1.21704 1.02004 1e-06 0.159252
0-4-3-5-0-2-2-3-0-2-2-3-0-4-3 186718068 2.82149 2.62765 0 0.157908
0-4-3-5-0-2-2-3-0-2-2-3-0-6-4 15662521 2.28997 2.10382 1e-06 0.1412
0-4-3-5-0-2-2-3-0-4-3-5-0-0-1 277704 6.40047 6.21059 1e-06 0.142279
0-4-3-5-0-2-2-3-0-4-3-5-0-2-2 13920727 6.53511 6.24887 0 0.188887
0-4-3-5-0-2-2-3-0-4-3-5-0-4-3 256552028 9.63794 9.41338 1e-06 0.147101
0-4-3-5-0-2-2-3-0-4-3-5-0-6-4 15793767 9.14816 8.93855 1e-06 0.165228
0-4-3-5-0-2-2-3-0-6-4-7-0-0-1 277704 5.23248 5.04265 1e-06 0.123179
0-4-3-5-0-2-2-3-0-6-4-7-0-2-2 13952209 5.4787 5.2539 1e-06 0.162372
0-4-3-5-0-2-2-3-0-6-4-7-0-4-3 264488100 8.64727 8.42628 1e-06 0.142859
0-4-3-5-0-2-2-3-0-6-4-7-0-6-4 15794397 8.48509 8.23018 1e-06 0.154516
0-4-3-5-0-4-3-5-0-0-1-1-0-0-1 273654 3.66927 3.46339 1e-06 0.114741
0-4-3-5-0-4-3-5-0-0-1-1-0-2-2 13920168 3.68257 3.44754 1e-06 0.168149
0-4-3-5-0-4-3-5-0-0-1-1-0-4-3 261568906 6.36682 6.14579 1e-06 0.169091
0-4-3-5-0-4-3-5-0-0-1-1-0-6-4 15792180 5.59513 5.35375 1e-06 0.162651
0-4-3-5-0-4-3-5-0-2-2-3-0-0-1 277611 3.51356 3.30496 1e-06 0.155294
0-4-3-5-0-4-3-5-0-2-2-3-0-2-2 12620533 3.40743 3.16329 1e-06 0.189985
0-4-3-5-0-4-3-5-0-2-2-3-0-4-3 260987845 6.56352 6.34127 1e-06 0.16247
0-4-3-5-0-4-3-5-0-2-2-3-0-6-4 15743848 6.38073 6.15214 0 0.155585
0-4-3-5-0-4-3-5-0-4-3-5-0-0-1 274950 8.49743 8.29314 1e-06 0.148252
0-4-3-5-0-4-3-5-0-4-3-5-0-2-2 13780903 8.62502 8.34242 1e-06 0.199298
0-4-3-5-0-4-3-5-0-4-3-5-0-4-3 249802666 11.9513 11.705 1e-06 0.172018
0-4-3-5-0-4-3-5-0-4-3-5-0-6-4 15614461 11.2922 11.0521 0 0.168451
0-4-3-5-0-4-3-5-0-6-4-7-0-0-1 277700 7.64146 7.38401 1e-06 0.16505
0-4-3-5-0-4-3-5-0-6-4-7-0-2-2 13850279 7.31866 7.05849 1e-06 0.202941
0-4-3-5-0-4-3-5-0-6-4-7-0-4-3 263135171 11.291 11.0615 1e-06 0.155335
0-4-3-5-0-4-3-5-0-6-4-7-0-6-4 15792097 10.4371 10.1729 1e-06 0.15588
0-4-3-5-0-6-4-7-0-0-1-1-0-0-1 277700 4.83046 4.66945 0 0.111108
0-4-3-5-0-6-4-7-0-0-1-1-0-2-2 13954622 4.78869 4.58256 0 0.137586
0-4-3-5-0-6-4-7-0-0-1-1-0-4-3 264547070 7.18813 7.02009 1e-06 0.124017
0-4-3-5-0-6-4-7-0-0-1-1-0-6-4 15794415 7.38788 7.16017 0 0.119751
0-4-3-5-0-6-4-7-0-2-2-3-0-0-1 277704 4.99386 4.77436 1e-06 0.157235
0-4-3-5-0-6-4-7-0-2-2-3-0-2-2 13721768 4.97441 4.69667 1e-06 0.202018
0-4-3-5-0-6-4-7-0-2-2-3-0-4-3 264348044 8.39404 8.15496 1e-06 0.149049
0-4-3-5-0-6-4-7-0-2-2-3-0-6-4 15794371 7.87667 7.64928 0 0.148845
0-4-3-5-0-6-4-7-0-4-3-5-0-0-1 277704 11.3096 11.1188 1e-06 0.129866
0-4-3-5-0-6-4-7-0-4-3-5-0-2-2 13953164 11.2067 10.9738 1e-06 0.165932
0-4-3-5-0-6-4-7-0-4-3-5-0-4-3 263215652 14.1384 13.9066 1e-06 0.158951
0-4-3-5-0-6-4-7-0-4-3-5-0-6-4 15794412 13.8513 13.6122 1e-06 0.14325
0-4-3-5-0-6-4-7-0-6-4-7-0-0-1 277704 10.0361 9.82442 1e-06 0.129596
0-4-3-5-0-6-4-7-0-6-4-7-0-2-2 13954620 9.8295 9.59737 0 0.161148
0-4-3-5-0-6-4-7-0-6-4-7-0-4-3 264547650 13.043 12.8077 1e-06 0.165345
0-4-3-5-0-6-4-7-0-6-4-7-0-6-4 15794415 12.4217 12.2033 1e-06 0.140474
0-6-4-7-0-0-1-1-0-0-1-1-0-0-1 277619 3.01765 2.81787 1e-06 0.07524
0-6-4-7-0-0-1-1-0-0-1-1-0-2-2 13954551 3.05566 2.84903 0 0.125977
0-6-4-7-0-0-1-1-0-0-1-1-0-4-3 264520476 5.39647 5.25133 1e-06 0.081622
0-6-4-7-0-0-1-1-0-0-1-1-0-6-4 15794415 5.21778 5.03681 1e-06 0.075867
0-6-4-7-0-0-1-1-0-2-2-3-0-0-1 277704 3.15125 2.93618 1e-06 0.144874
0-6-4-7-0-0-1-1-0-2-2-3-0-2-2 13954551 3.24197 3.06705 1e-06 0.127613
0-6-4-7-0-0-1-1-0-2-2-3-0-4-3 264547769 6.156 6.00251 1e-06 0.098181
0-6-4-7-0-0-1-1-0-2-2-3-0-6-4 15794415 5.59818 5.4449 0 0.100179
0-6-4-7-0-0-1-1-0-4-3-5-0-0-1 277704 8.44619 8.26934 1e-06 0.090619
0-6-4-7-0-0-1-1-0-4-3-5-0-2-2 13954585 8.42958 8.20319 1e-06 0.118553
0-6-4-7-0-0-1-1-0-4-3-5-0-4-3 264544959 11.7846 11.6027 1e-06 0.106786
0-6-4-7-0-0-1-1-0-4-3-5-0-6-4 15794415 11.7252 11.4409 1e-06 0.154269
0-6-4-7-0-0-1-1-0-6-4-7-0-0-1 277704 7.36691 7.21394 0 0.090307
0-6-4-7-0-0-1-1-0-6-4-7-0-2-2 13954626 7.55375 7.38835 1e-06 0.107002
0-6-4-7-0-0-1-1-0-6-4-7-0-4-3 264547773 10.4887 10.335 0 0.098825
0-6-4-7-0-0-1-1-0-6-4-7-0-6-4 15794415 10.4172 10.1906 0 0.093879
0-6-4-7-0-2-2-3-0-0-1-1-0-0-1 277704 2.76786 2.58827 1e-06 0.107299
0-6-4-7-0-2-2-3-0-0-1-1-0-2-2 13954626 2.95451 2.75531 1e-06 0.133635
0-6-4-7-0-2-2-3-0-0-1-1-0-4-3 264547773 5.57132 5.40215 1e-06 0.121883
0-6-4-7-0-2-2-3-0-0-1-1-0-6-4 15794415 4.91425 4.74836 1e-06 0.106515
0-6-4-7-0-2-2-3-0-2-2-3-0-0-1 277704 2.47622 2.29108 0 0.125276
0-6-4-7-0-2-2-3-0-2-2-3-0-2-2 6345795 2.70252 2.45736 0 0.194279
0-6-4-7-0-2-2-3-0-2-2-3-0-4-3 254483838 5.27119 5.096 1e-06 0.133146
0-6-4-7-0-2-2-3-0-2-2-3-0-6-4 15792946 4.77019 4.58668 1e-06 0.13279
0-6-4-7-0-2-2-3-0-4-3-5-0-0-1 277704 8.63639 8.39428 0 0.11862
0-6-4-7-0-2-2-3-0-4-3-5-0-2-2 13954585 8.82535 8.50811 1e-06 0.215195
0-6-4-7-0-2-2-3-0-4-3-5-0-4-3 262665496 11.9943 11.7837 2e-06 0.13657
0-6-4-7-0-2-2-3-0-4-3-5-0-6-4 15794415 11.8189 11.555 2e-06 0.14408
0-6-4-7-0-2-2-3-0-6-4-7-0-0-1 277704 7.18202 6.97503 1e-06 0.116646
0-6-4-7-0-2-2-3-0-6-4-7-0-2-2 13954626 7.19869 6.97905 0 0.145561
0-6-4-7-0-2-2-3-0-6-4-7-0-4-3 264547773 10.4525 10.2791 1e-06 0.126412
0-6-4-7-0-2-2-3-0-6-4-7-0-6-4 15794415 10.0415 9.82133 1e-06 0.127491
0-6-4-7-0-4-3-5-0-0-1-1-0-0-1 277701 5.91259 5.7578 1e-06 0.108149
0-6-4-7-0-4-3-5-0-0-1-1-0-2-2 13954618 5.89464 5.67809 1e-06 0.149419
0-6-4-7-0-4-3-5-0-0-1-1-0-4-3 264546039 8.80212 8.62518 1e-06 0.118514
0-6-4-7-0-4-3-5-0-0-1-1-0-6-4 15794415 8.41414 8.16401 1e-06 0.189016
0-6-4-7-0-4-3-5-0-2-2-3-0-0-1 277704 6.2171 6.02699 1e-06 0.134605
0-6-4-7-0-4-3-5-0-2-2-3-0-2-2 13891951 6.22573 5.98559 1e-06 0.181765
0-6-4-7-0-4-3-5-0-2-2-3-0-4-3 264545893 9.38145 9.17619 0 0.148529
0-6-4-7-0-4-3-5-0-2-2-3-0-6-4 15794415 8.51709 8.27773 0 0.169111
0-6-4-7-0-4-3-5-0-4-3-5-0-0-1 277704 12.4228 12.1943 1e-06 0.142336
0-6-4-7-0-4-3-5-0-4-3-5-0-2-2 13954598 12.505 12.235 1e-06 0.217287
0-6-4-7-0-4-3-5-0-4-3-5-0-4-3 253260419 15.6353 15.3659 1e-06 0.160167
0-6-4-7-0-4-3-5-0-4-3-5-0-6-4 15794415 15.5885 15.3631 1e-06 0.141585
0-6-4-7-0-4-3-5-0-6-4-7-0-0-1 277704 11.3226 11.118 0 0.130384
0-6-4-7-0-4-3-5-0-6-4-7-0-2-2 13954626 10.7649 10.5258 0 0.183141
0-6-4-7-0-4-3-5-0-6-4-7-0-4-3 264547770 14.1483 13.9465 1e-06 0.14026
0-6-4-7-0-4-3-5-0-6-4-7-0-6-4 15794415 13.9868 13.7619 1e-06 0.165453
0-6-4-7-0-6-4-7-0-0-1-1-0-0-1 277704 5.18031 4.9958 1e-06 0.128174
0-6-4-7-0-6-4-7-0-0-1-1-0-2-2 13954626 5.24598 5.01903 1e-06 0.138468
0-6-4-7-0-6-4-7-0-0-1-1-0-4-3 264547773 7.68538 7.51862 1e-06 0.11422
0-6-4-7-0-6-4-7-0-0-1-1-0-6-4 15794415 7.36375 7.16603 1e-06 0.137269
0-6-4-7-0-6-4-7-0-2-2-3-0-0-1 277704 5.30403 5.09097 0 0.148064
0-6-4-7-0-6-4-7-0-2-2-3-0-2-2 13954431 5.40574 5.09648 0 0.215534
0-6-4-7-0-6-4-7-0-2-2-3-0-4-3 264547772 8.65853 8.43433 1e-06 0.168331
0-6-4-7-0-6-4-7-0-2-2-3-0-6-4 15794415 8.20584 7.96402 1e-06 0.15665
0-6-4-7-0-6-4-7-0-4-3-5-0-0-1 277704 11.5632 11.2714 2e-06 0.131619
0-6-4-7-0-6-4-7-0-4-3-5-0-2-2 13954626 12.1978 11.7392 1e-06 0.250697
0-6-4-7-0-6-4-7-0-4-3-5-0-4-3 264542880 15.1089 14.9044 1e-06 0.147234
0-6-4-7-0-6-4-7-0-4-3-5-0-6-4 15794415 14.6508 14.353 1e-06 0.175508
0-6-4-7-0-6-4-7-0-6-4-7-0-0-1 277704 10.1614 9.91438 1e-06 0.139263
0-6-4-7-0-6-4-7-0-6-4-7-0-2-2 13954626 10.2594 9.9947 1e-06 0.180423
0-6-4-7-0-6-4-7-0-6-4-7-0-4-3 264547773 14.1435 13.9297 0 0.157003
0-6-4-7-0-6-4-7-0-6-4-7-0-6-4 15794415 13.2462 13.0419 1e-06 0.15211
1-1-0-0-1-1-0-0-1-1-0-0-1-1-0 34713 0.440788 0.395558 0 0.027386
1-1-0-0-1-1-0-0-1-1-0-2-2-3-0 269979 0.041764 0.001247 1e-06 0.03655
1-1-0-0-1-1-0-0-1-1-0-4-3-5-0 125547 0.043641 0.00167 0 0.036795
1-1-0-0-1-1-0-0-1-1-0-6-4-7-0 277619 0.046033 0.001838 0 0.039371
1-1-0-0-1-1-0-2-2-3-0-0-1-1-0 277704 0.059425 0.001304 1e-06 0.053591
1-1-0-0-1-1-0-2-2-3-0-2-2-3-0 269979 0.070569 0.001283 1e-06 0.064896
1-1-0-0-1-1-0-2-2-3-0-4-3-5-0 277597 0.087276 0.003956 1e-06 0.076761
1-1-0-0-1-1-0-2-2-3-0-6-4-7-0 277704 0.073912 0.003162 1e-06 0.064337
1-1-0-0-1-1-0-4-3-5-0-0-1-1-0 277704 2.8425 2.7471 1e-06 0.065635
1-1-0-0-1-1-0-4-3-5-0-2-2-3-0 277212 2.83687 2.71143 1e-06 0.091179
1-1-0-0-1-1-0-4-3-5-0-4-3-5-0 273654 5.3956 5.25476 1e-06 0.085619
1-1-0-0-1-1-0-4-3-5-0-6-4-7-0 277701 0.101989 0.003695 0 0.09007
1-1-0-0-1-1-0-6-4-7-0-0-1-1-0 277704 4.15611 4.06668 0 0.054718
1-1-0-0-1-1-0-6-4-7-0-2-2-3-0 277704 4.37488 4.19898 0 0.089529
1-1-0-0-1-1-0-6-4-7-0-4-3-5-0 277700 0.11536 0.004838 1e-06 0.101848
1-1-0-0-1-1-0-6-4-7-0-6-4-7-0 277704 0.111773 0.004504 1e-06 0.099507
1-1-0-2-2-3-0-0-1-1-0-0-1-1-0 277704 1.53038 1.38292 1e-06 0.091363
1-1-0-2-2-3-0-0-1-1-0-2-2-3-0 277704 0.108915 0.001803 1e-06 0.10044
1-1-0-2-2-3-0-0-1-1-0-4-3-5-0 277704 0.122591 0.008697 1e-06 0.105908
1-1-0-2-2-3-0-0-1-1-0-6-4-7-0 277704 0.119103 0.003455 1e-06 0.107823
1-1-0-2-2-3-0-2-2-3-0-0-1-1-0 277704 0.140274 0.001991 1e-06 0.130791
1-1-0-2-2-3-0-2-2-3-0-2-2-3-0 269979 0.171275 0.001898 1e-06 0.163143
1-1-0-2-2-3-0-2-2-3-0-4-3-5-0 277597 0.172554 0.00401 1e-06 0.160285
1-1-0-2-2-3-0-2-2-3-0-6-4-7-0 277704 0.151894 0.003656 2e-06 0.140334
1-1-0-2-2-3-0-4-3-5-0-0-1-1-0 277704 1.66639 1.4832 2e-06 0.138579
1-1-0-2-2-3-0-4-3-5-0-2-2-3-0 277704 1.7718 1.5409 1e-06 0.194726
1-1-0-2-2-3-0-4-3-5-0-4-3-5-0 277611 0.182521 0.006459 0 0.165725
1-1-0-2-2-3-0-4-3-5-0-6-4-7-0 277704 0.184747 0.006161 1e-06 0.169598
1-1-0-2-2-3-0-6-4-7-0-0-1-1-0 277704 3.30236 3.12982 1e-06 0.138226
1-1-0-2-2-3-0-6-4-7-0-2-2-3-0 277704 3.17003 2.93735 1e-06 0.174201
1-1-0-2-2-3-0-6-4-7-0-4-3-5-0 277704 0.160763 0.005455 0 0.146453
1-1-0-2-2-3-0-6-4-7-0-6-4-7-0 277704 0.146937 0.004832 0 0.134619
1-1-0-4-3-5-0-0-1-1-0-0-1-1-0 277704 0.751732 0.6193 1e-06 0.114356
1-1-0-4-3-5-0-0-1-1-0-2-2-3-0 277704 0.781437 0.637862 1e-06 0.119778
1-1-0-4-3-5-0-0-1-1-0-4-3-5-0 277704 0.109581 0.004646 0 0.095966
1-1-0-4-3-5-0-0-1-1-0-6-4-7-0 277704 0.130062 0.004291 1e-06 0.117805
1-1-0-4-3-5-0-2-2-3-0-0-1-1-0 277704 0.699344 0.524516 1e-06 0.149689
1-1-0-4-3-5-0-2-2-3-0-2-2-3-0 277212 0.701085 0.536699 0 0.133637
1-1-0-4-3-5-0-2-2-3-0-4-3-5-0 277704 0.175007 0.004828 1e-06 0.162154
1-1-0-4-3-5-0-2-2-3-0-6-4-7-0 277704 0.150067 0.004655 1e-06 0.137394
1-1-0-4-3-5-0-4-3-5-0-0-1-1-0 277704 2.24818 2.07039 1e-06 0.147931
1-1-0-4-3-5-0-4-3-5-0-2-2-3-0 277704 2.28405 2.11112 1e-06 0.143779
1-1-0-4-3-5-0-4-3-5-0-4-3-5-0 274950 4.56329 4.32166 1e-06 0.190794
1-1-0-4-3-5-0-4-3-5-0-6-4-7-0 277704 3.77529 3.56541 0 0.173158
1-1-0-4-3-5-0-6-4-7-0-0-1-1-0 277704 3.32219 3.15801 1e-06 0.139447
1-1-0-4-3-5-0-6-4-7-0-2-2-3-0 277704 3.38783 3.18213 1e-06 0.168351
1-1-0-4-3-5-0-6-4-7-0-4-3-5-0 277704 7.10705 6.82804 1e-06 0.140876
1-1-0-4-3-5-0-6-4-7-0-6-4-7-0 277704 6.52893 6.33137 1e-06 0.140685
1-1-0-6-4-7-0-0-1-1-0-0-1-1-0 277704 1.50957 1.38062 1e-06 0.074071
1-1-0-6-4-7-0-0-1-1-0-2-2-3-0 277704 1.56249 1.39101 0 0.094388
1-1-0-6-4-7-0-0-1-1-0-4-3-5-0 277704 0.116924 0.003869 0 0.104823
1-1-0-6-4-7-0-0-1-1-0-6-4-7-0 277704 0.10034 0.004594 0 0.087401
1-1-0-6-4-7-0-2-2-3-0-0-1-1-0 277704 1.3881 1.22324 1e-06 0.123393
1-1-0-6-4-7-0-2-2-3-0-2-2-3-0 277704 0.138054 0.002549 0 0.12701
1-1-0-6-4-7-0-2-2-3-0-4-3-5-0 277704 0.138509 0.00447 0 0.124272
1-1-0-6-4-7-0-2-2-3-0-6-4-7-0 277704 0.130252 0.004403 0 0.117335
1-1-0-6-4-7-0-4-3-5-0-0-1-1-0 277704 4.5747 4.42888 0 0.110361
1-1-0-6-4-7-0-4-3-5-0-2-2-3-0 277704 4.60372 4.34645 1e-06 0.163859
1-1-0-6-4-7-0-4-3-5-0-4-3-5-0 277700 8.59528 8.30987 1e-06 0.152182
1-1-0-6-4-7-0-4-3-5-0-6-4-7-0 277704 7.60276 7.35055 1e-06 0.147862
1-1-0-6-4-7-0-6-4-7-0-0-1-1-0 277704 4.33464 4.12082 1e-06 0.159021
1-1-0-6-4-7-0-6-4-7-0-2-2-3-0 277704 4.35621 4.08963 1e-06 0.175691
1-1-0-6-4-7-0-6-4-7-0-4-3-5-0 277704 0.165044 0.011506 0 0.142432
1-1-0-6-4-7-0-6-4-7-0-6-4-7-0 277704 0.168247 0.006724 0 0.152428
2-3-0-0-1-1-0-0-1-1-0-0-1-1-0 11426723 0.562 0.48404 1e-06 0.05071
2-3-0-0-1-1-0-0-1-1-0-2-2-3-0 13942082 0.115306 0.033456 1e-06 0.075248
2-3-0-0-1-1-0-0-1-1-0-4-3-5-0 13103489 0.184413 0.102593 1e-06 0.073461
2-3-0-0-1-1-0-0-1-1-0-6-4-7-0 13954551 0.164175 0.08886 0 0.067866
2-3-0-0-1-1-0-2-2-3-0-0-1-1-0 13954626 0.133671 0.039331 0 0.08768
2-3-0-0-1-1-0-2-2-3-0-2-2-3-0 13942082 0.146331 0.040772 0 0.099361
2-3-0-0-1-1-0-2-2-3-0-4-3-5-0 13954538 0.216963 0.112925 2e-06 0.096298
2-3-0-0-1-1-0-2-2-3-0-6-4-7-0 13954626 0.220026 0.105583 0 0.107485
2-3-0-0-1-1-0-4-3-5-0-0-1-1-0 13954626 2.98253 2.84984 1e-06 0.101934
2-3-0-0-1-1-0-4-3-5-0-2-2-3-0 13953539 2.73483 2.57229 1e-06 0.127397
2-3-0-0-1-1-0-4-3-5-0-4-3-5-0 13920168 0.286037 0.167272 1e-06 0.10846
2-3-0-0-1-1-0-4-3-5-0-6-4-7-0 13954618 0.26835 0.152073 1e-06 0.108777
2-3-0-0-1-1-0-6-4-7-0-0-1-1-0 13954626 4.43135 4.28327 1e-06 0.090796
2-3-0-0-1-1-0-6-4-7-0-2-2-3-0 13954626 4.43153 4.23267 1e-06 0.113517
2-3-0-0-1-1-0-6-4-7-0-4-3-5-0 13954622 0.303667 0.159633 1e-06 0.120115
2-3-0-0-1-1-0-6-4-7-0-6-4-7-0 13954626 0.266182 0.14368 1e-06 0.11522
2-3-0-2-2-3-0-0-1-1-0-0-1-1-0 11426723 0.122781 0.017139 1e-06 0.09103
2-3-0-2-2-3-0-0-1-1-0-2-2-3-0 13942082 0.171619 0.020955 2e-06 0.143007
2-3-0-2-2-3-0-0-1-1-0-4-3-5-0 13103489 0.207141 0.075623 1e-06 0.123647
2-3-0-2-2-3-0-0-1-1-0-6-4-7-0 13954551 0.168802 0.064711 0 0.097626
2-3-0-2-2-3-0-2-2-3-0-0-1-1-0 11426723 0.150247 0.006519 0 0.137188
2-3-0-2-2-3-0-2-2-3-0-2-2-3-0 34713 0.182006 0.001147 2e-06 0.172907
2-3-0-2-2-3-0-2-2-3-0-4-3-5-0 1807215 0.164403 0.005497 1e-06 0.150665
2-3-0-2-2-3-0-2-2-3-0-6-4-7-0 6345795 0.176349 0.015337 2e-06 0.153383
2-3-0-2-2-3-0-4-3-5-0-0-1-1-0 13373259 1.678 1.49141 1e-06 0.151366
2-3-0-2-2-3-0-4-3-5-0-2-2-3-0 12401496 1.69478 1.48659 1e-06 0.173203
2-3-0-2-2-3-0-4-3-5-0-4-3-5-0 12620533 0.206898 0.054994 1e-06 0.141792
2-3-0-2-2-3-0-4-3-5-0-6-4-7-0 13891951 0.215986 0.052408 1e-06 0.152926
2-3-0-2-2-3-0-6-4-7-0-0-1-1-0 13954626 3.1163 2.94996 1e-06 0.130199
2-3-0-2-2-3-0-6-4-7-0-2-2-3-0 13689497 0.23733 0.02481 1e-06 0.202004
2-3-0-2-2-3-0-6-4-7-0-4-3-5-0 13721768 0.2662 0.086095 0 0.172059
2-3-0-2-2-3-0-6-4-7-0-6-4-7-0 13954431 0.232762 0.074398 0 0.150877
2-3-0-4-3-5-0-0-1-1-0-0-1-1-0 13373259 0.843686 0.706432 1e-06 0.11097
2-3-0-4-3-5-0-0-1-1-0-2-2-3-0 13950086 0.876686 0.718863 0 0.129551
2-3-0-4-3-5-0-0-1-1-0-4-3-5-0 13749399 0.228626 0.09349 1e-06 0.124427
2-3-0-4-3-5-0-0-1-1-0-6-4-7-0 13954585 0.217147 0.078471 1e-06 0.12988
2-3-0-4-3-5-0-2-2-3-0-0-1-1-0 13954626 0.680863 0.521467 1e-06 0.135506
2-3-0-4-3-5-0-2-2-3-0-2-2-3-0 12401496 0.765773 0.528972 1e-06 0.208876
2-3-0-4-3-5-0-2-2-3-0-4-3-5-0 13920727 0.373654 0.112369 1e-06 0.248297
2-3-0-4-3-5-0-2-2-3-0-6-4-7-0 13954585 0.344455 0.096977 1e-06 0.236628
2-3-0-4-3-5-0-4-3-5-0-0-1-1-0 13954626 2.31201 2.05552 1e-06 0.220282
2-3-0-4-3-5-0-4-3-5-0-2-2-3-0 13942369 2.24741 2.03303 1e-06 0.180806
2-3-0-4-3-5-0-4-3-5-0-4-3-5-0 13780903 4.62022 4.37349 1e-06 0.198812
2-3-0-4-3-5-0-4-3-5-0-6-4-7-0 13954598 4.03483 3.80165 0 0.200934
2-3-0-4-3-5-0-6-4-7-0-0-1-1-0 13954626 3.37073 3.20034 1e-06 0.142593
2-3-0-4-3-5-0-6-4-7-0-2-2-3-0 13953921 3.43953 3.19412 0 0.167801
2-3-0-4-3-5-0-6-4-7-0-4-3-5-0 13953164 7.15069 6.77608 1e-06 0.250813
2-3-0-4-3-5-0-6-4-7-0-6-4-7-0 13954626 6.66464 6.41082 1e-06 0.171243
2-3-0-6-4-7-0-0-1-1-0-0-1-1-0 13954626 1.64032 1.45383 1e-06 0.11212
2-3-0-6-4-7-0-0-1-1-0-2-2-3-0 13954626 0.235038 0.044147 1e-06 0.18069
2-3-0-6-4-7-0-0-1-1-0-4-3-5-0 13954626 0.311671 0.121383 1e-06 0.179298
2-3-0-6-4-7-0-0-1-1-0-6-4-7-0 13954626 0.299472 0.106554 1e-06 0.183501
2-3-0-6-4-7-0-2-2-3-0-0-1-1-0 13954626 1.55917 1.31598 1e-06 0.198462
2-3-0-6-4-7-0-2-2-3-0-2-2-3-0 13689497 0.324984 0.046915 1e-06 0.266698
2-3-0-6-4-7-0-2-2-3-0-4-3-5-0 13952209 0.370341 0.123854 0 0.234728
2-3-0-6-4-7-0-2-2-3-0-6-4-7-0 13954626 0.302798 0.110301 0 0.173743
2-3-0-6-4-7-0-4-3-5-0-0-1-1-0 13954626 5.10756 4.89988 1e-06 0.165033
2-3-0-6-4-7-0-4-3-5-0-2-2-3-0 13954500 4.88837 4.63306 0 0.202941
2-3-0-6-4-7-0-4-3-5-0-4-3-5-0 13850279 8.58371 8.27526 1e-06 0.208994
2-3-0-6-4-7-0-4-3-5-0-6-4-7-0 13954626 8.13876 7.88733 1e-06 0.183333
2-3-0-6-4-7-0-6-4-7-0-0-1-1-0 13954626 4.0076 3.81851 1e-06 0.148125
2-3-0-6-4-7-0-6-4-7-0-2-2-3-0 13954626 4.14337 3.91104 0 0.181789
2-3-0-6-4-7-0-6-4-7-0-4-3-5-0 13954620 0.355395 0.170835 0 0.169887
2-3-0-6-4-7-0-6-4-7-0-6-4-7-0 13954626 0.321822 0.158318 1e-06 0.155041
3-5-0-0-1-1-0-0-1-1-0-0-1-1-0 66667832 0.245926 0.174974 1e-06 0.059872
3-5-0-0-1-1-0-0-1-1-0-2-2-3-0 261068775 0.372252 0.273881 1e-06 0.085033
3-5-0-0-1-1-0-0-1-1-0-4-3-5-0 159103520 0.840619 0.745993 0 0.075384
3-5-0-0-1-1-0-0-1-1-0-6-4-7-0 264520476 1.03248 0.945001 1e-06 0.070188
3-5-0-0-1-1-0-2-2-3-0-0-1-1-0 264547773 0.598002 0.48827 0 0.096112
3-5-0-0-1-1-0-2-2-3-0-2-2-3-0 261068775 0.646132 0.506331 0 0.123597
3-5-0-0-1-1-0-2-2-3-0-4-3-5-0 264505054 2.08961 1.95824 0 0.114299
3-5-0-0-1-1-0-2-2-3-0-6-4-7-0 264547773 1.7113 1.57459 1e-06 0.121317
3-5-0-0-1-1-0-4-3-5-0-0-1-1-0 264547773 2.77942 2.65104 1e-06 0.094127
3-5-0-0-1-1-0-4-3-5-0-2-2-3-0 264335304 1.00161 0.844402 1e-06 0.139313
3-5-0-0-1-1-0-4-3-5-0-4-3-5-0 261568906 2.1695 2.01693 0 0.131282
3-5-0-0-1-1-0-4-3-5-0-6-4-7-0 264546039 1.9122 1.76031 1e-06 0.13195
3-5-0-0-1-1-0-6-4-7-0-0-1-1-0 264547773 1.13835 1.02409 1e-06 0.09622
3-5-0-0-1-1-0-6-4-7-0-2-2-3-0 264547773 1.19867 1.05078 2e-06 0.131537
3-5-0-0-1-1-0-6-4-7-0-4-3-5-0 264547070 2.49991 2.36139 1e-06 0.121426
3-5-0-0-1-1-0-6-4-7-0-6-4-7-0 264547773 2.23104 2.10882 1e-06 0.105
3-5-0-2-2-3-0-0-1-1-0-0-1-1-0 262992233 0.546854 0.422219 1e-06 0.097621
3-5-0-2-2-3-0-0-1-1-0-2-2-3-0 264546361 0.567189 0.427096 0 0.126352
3-5-0-2-2-3-0-0-1-1-0-4-3-5-0 264299335 1.72239 1.57038 2e-06 0.125035
3-5-0-2-2-3-0-0-1-1-0-6-4-7-0 264547769 1.47544 1.32184 0 0.125524
3-5-0-2-2-3-0-2-2-3-0-0-1-1-0 262992233 0.294246 0.142862 1e-06 0.141283
3-5-0-2-2-3-0-2-2-3-0-2-2-3-0 18178411 0.252268 0.048122 1e-06 0.192534
3-5-0-2-2-3-0-2-2-3-0-4-3-5-0 186718068 0.848264 0.658517 0 0.173832
3-5-0-2-2-3-0-2-2-3-0-6-4-7-0 254483838 0.911905 0.744557 0 0.150994
3-5-0-2-2-3-0-4-3-5-0-0-1-1-0 264534436 1.07372 0.897971 1e-06 0.159987
3-5-0-2-2-3-0-4-3-5-0-2-2-3-0 263938876 1.1292 0.927562 1e-06 0.184017
3-5-0-2-2-3-0-4-3-5-0-4-3-5-0 260987845 2.57527 2.34391 1e-06 0.209531
3-5-0-2-2-3-0-4-3-5-0-6-4-7-0 264545893 2.05673 1.86744 1e-06 0.171482
3-5-0-2-2-3-0-6-4-7-0-0-1-1-0 264547773 1.01179 0.868655 1e-06 0.12796
3-5-0-2-2-3-0-6-4-7-0-2-2-3-0 264526605 1.10152 0.90563 1e-06 0.181608
3-5-0-2-2-3-0-6-4-7-0-4-3-5-0 264348044 2.66223 2.44733 1e-06 0.18927
3-5-0-2-2-3-0-6-4-7-0-6-4-7-0 264547772 2.18489 2.00665 0 0.15828
3-5-0-4-3-5-0-0-1-1-0-0-1-1-0 242448037 0.952905 0.800814 0 0.129072
3-5-0-4-3-5-0-0-1-1-0-2-2-3-0 264223483 0.719828 0.530015 0 0.17057
3-5-0-4-3-5-0-0-1-1-0-4-3-5-0 254223236 1.90772 1.75307 1e-06 0.132701
3-5-0-4-3-5-0-0-1-1-0-6-4-7-0 264544959 1.7057 1.52907 1e-06 0.157279
3-5-0-4-3-5-0-2-2-3-0-0-1-1-0 264272027 0.675495 0.510446 1e-06 0.14942
3-5-0-4-3-5-0-2-2-3-0-2-2-3-0 223199128 0.757229 0.511405 0 0.229732
3-5-0-4-3-5-0-2-2-3-0-4-3-5-0 256552028 2.06577 1.85876 1e-06 0.187527
3-5-0-4-3-5-0-2-2-3-0-6-4-7-0 262665496 1.79205 1.60053 1e-06 0.172378
3-5-0-4-3-5-0-4-3-5-0-0-1-1-0 254851812 2.27552 2.08104 1e-06 0.165923
3-5-0-4-3-5-0-4-3-5-0-2-2-3-0 252870735 2.33575 2.063 1e-06 0.234712
3-5-0-4-3-5-0-4-3-5-0-4-3-5-0 249802666 5.45072 5.15829 1e-06 0.24628
3-5-0-4-3-5-0-4-3-5-0-6-4-7-0 253260419 4.39429 4.15096 1e-06 0.207133
3-5-0-4-3-5-0-6-4-7-0-0-1-1-0 264536355 3.50697 3.30871 0 0.172545
3-5-0-4-3-5-0-6-4-7-0-2-2-3-0 261395656 3.62358 3.3704 1e-06 0.192052
3-5-0-4-3-5-0-6-4-7-0-4-3-5-0 263215652 2.74639 2.47899 1e-06 0.243788
3-5-0-4-3-5-0-6-4-7-0-6-4-7-0 264542880 2.42848 2.1819 1e-06 0.224661
3-5-0-6-4-7-0-0-1-1-0-0-1-1-0 264536355 0.92574 0.801119 1e-06 0.10917
3-5-0-6-4-7-0-0-1-1-0-2-2-3-0 264547768 0.977986 0.816255 1e-06 0.146971
3-5-0-6-4-7-0-0-1-1-0-4-3-5-0 264545622 2.16142 1.98949 0 0.153881
3-5-0-6-4-7-0-0-1-1-0-6-4-7-0 264547773 1.88588 1.73644 1e-06 0.134408
3-5-0-6-4-7-0-2-2-3-0-0-1-1-0 264547773 0.982473 0.814344 1e-06 0.152623
3-5-0-6-4-7-0-2-2-3-0-2-2-3-0 258664239 1.08966 0.89499 1e-06 0.177551
3-5-0-6-4-7-0-2-2-3-0-4-3-5-0 264488100 2.52977 2.31958 1e-06 0.190546
3-5-0-6-4-7-0-2-2-3-0-6-4-7-0 264547773 2.08493 1.87 0 0.19565
3-5-0-6-4-7-0-4-3-5-0-0-1-1-0 264547773 4.67903 4.48376 1e-06 0.159381
3-5-0-6-4-7-0-4-3-5-0-2-2-3-0 264545259 4.79302 4.52668 1e-06 0.192284
3-5-0-6-4-7-0-4-3-5-0-4-3-5-0 263135171 3.62702 3.40408 1e-06 0.191772
3-5-0-6-4-7-0-4-3-5-0-6-4-7-0 264547770 3.32162 3.09191 0 0.196218
3-5-0-6-4-7-0-6-4-7-0-0-1-1-0 264547773 4.15044 3.89367 1e-06 0.183284
3-5-0-6-4-7-0-6-4-7-0-2-2-3-0 264547767 1.97597 1.75625 1e-06 0.191727
3-5-0-6-4-7-0-6-4-7-0-4-3-5-0 264547650 3.32215 3.09994 0 0.202394
3-5-0-6-4-7-0-6-4-7-0-6-4-7-0 264547773 3.27679 3.07557 1e-06 0.183155
4-7-0-0-1-1-0-0-1-1-0-0-1-1-0 15626706 0.102866 0.041563 0 0.055518
4-7-0-0-1-1-0-0-1-1-0-2-2-3-0 15794087 0.13857 0.044831 1e-06 0.086234
4-7-0-0-1-1-0-0-1-1-0-4-3-5-0 15740985 0.20674 0.121354 1e-06 0.075489
4-7-0-0-1-1-0-0-1-1-0-6-4-7-0 15794415 0.180194 0.103675 1e-06 0.069588
4-7-0-0-1-1-0-2-2-3-0-0-1-1-0 15794415 0.132137 0.043764 1e-06 0.082206
4-7-0-0-1-1-0-2-2-3-0-2-2-3-0 15794087 0.159088 0.045921 1e-06 0.106632
4-7-0-0-1-1-0-2-2-3-0-4-3-5-0 15794415 0.279504 0.15047 0 0.118789
4-7-0-0-1-1-0-2-2-3-0-6-4-7-0 15794415 0.230678 0.124356 0 0.0986
4-7-0-0-1-1-0-4-3-5-0-0-1-1-0 15794415 0.25047 0.135726 1e-06 0.10602
4-7-0-0-1-1-0-4-3-5-0-2-2-3-0 15794372 0.268923 0.135914 1e-06 0.123596
4-7-0-0-1-1-0-4-3-5-0-4-3-5-0 15792180 0.388516 0.237731 2e-06 0.140335
4-7-0-0-1-1-0-4-3-5-0-6-4-7-0 15794415 0.350169 0.221309 3e-06 0.116344
4-7-0-0-1-1-0-6-4-7-0-0-1-1-0 15794415 0.214116 0.116749 1e-06 0.089183
4-7-0-0-1-1-0-6-4-7-0-2-2-3-0 15794415 0.262432 0.11975 2e-06 0.133288
4-7-0-0-1-1-0-6-4-7-0-4-3-5-0 15794415 0.376397 0.217322 2e-06 0.149038
4-7-0-0-1-1-0-6-4-7-0-6-4-7-0 15794415 0.372816 0.198218 1e-06 0.16475
4-7-0-2-2-3-0-0-1-1-0-0-1-1-0 15794415 0.140714 0.038889 0 0.094897
4-7-0-2-2-3-0-0-1-1-0-2-2-3-0 15794415 0.173572 0.041326 1e-06 0.125133
4-7-0-2-2-3-0-0-1-1-0-4-3-5-0 15794415 0.277982 0.129743 0 0.138661
4-7-0-2-2-3-0-0-1-1-0-6-4-7-0 15794415 0.24219 0.1112 2e-06 0.12167
4-7-0-2-2-3-0-2-2-3-0-0-1-1-0 15794415 0.208144 0.035607 0 0.164337
4-7-0-2-2-3-0-2-2-3-0-2-2-3-0 10219172 0.238688 0.033241 1e-06 0.19721
4-7-0-2-2-3-0-2-2-3-0-4-3-5-0 15662521 0.31573 0.119569 1e-06 0.186328
4-7-0-2-2-3-0-2-2-3-0-6-4-7-0 15792946 0.303664 0.099292 1e-06 0.187986
4-7-0-2-2-3-0-4-3-5-0-0-1-1-0 15794415 0.301631 0.129946 1e-06 0.161468
4-7-0-2-2-3-0-4-3-5-0-2-2-3-0 15794338 0.327618 0.128877 1e-06 0.188875
4-7-0-2-2-3-0-4-3-5-0-4-3-5-0 15743848 0.42635 0.226952 1e-06 0.188641
4-7-0-2-2-3-0-4-3-5-0-6-4-7-0 15794415 0.43613 0.211165 0 0.21295
4-7-0-2-2-3-0-6-4-7-0-0-1-1-0 15794415 0.281203 0.108573 1e-06 0.164251
4-7-0-2-2-3-0-6-4-7-0-2-2-3-0 15794414 0.35414 0.111766 2e-06 0.232775
4-7-0-2-2-3-0-6-4-7-0-4-3-5-0 15794371 0.445816 0.211984 0 0.221685
4-7-0-2-2-3-0-6-4-7-0-6-4-7-0 15794415 0.42445 0.192322 1e-06 0.22182
4-7-0-4-3-5-0-0-1-1-0-0-1-1-0 15758734 1.00487 0.798793 2e-06 0.181037
4-7-0-4-3-5-0-0-1-1-0-2-2-3-0 15794374 0.343829 0.091629 2e-06 0.240989
4-7-0-4-3-5-0-0-1-1-0-4-3-5-0 15784512 0.40426 0.18238 1e-06 0.209213
4-7-0-4-3-5-0-0-1-1-0-6-4-7-0 15794415 0.375603 0.160791 1e-06 0.201891
4-7-0-4-3-5-0-2-2-3-0-0-1-1-0 15794415 0.334206 0.091221 1e-06 0.231908
4-7-0-4-3-5-0-2-2-3-0-2-2-3-0 15752999 0.361432 0.095217 1e-06 0.256095
4-7-0-4-3-5-0-2-2-3-0-4-3-5-0 15793767 0.45763 0.190895 0 0.254631
4-7-0-4-3-5-0-2-2-3-0-6-4-7-0 15794415 0.429143 0.166916 1e-06 0.250967
4-7-0-4-3-5-0-4-3-5-0-0-1-1-0 15794415 2.49235 2.20692 1e-06 0.247652
4-7-0-4-3-5-0-4-3-5-0-2-2-3-0 15794351 2.68059 2.3476 1e-06 0.294549
4-7-0-4-3-5-0-4-3-5-0-4-3-5-0 15614461 5.12525 4.79379 1e-06 0.277941
4-7-0-4-3-5-0-4-3-5-0-6-4-7-0 15794415 3.90281 3.66164 1e-06 0.204552
4-7-0-4-3-5-0-6-4-7-0-0-1-1-0 15794415 3.46936 3.22618 1e-06 0.21055
4-7-0-4-3-5-0-6-4-7-0-2-2-3-0 15794415 3.47965 3.21242 1e-06 0.196006
4-7-0-4-3-5-0-6-4-7-0-4-3-5-0 15794412 0.441654 0.237393 1e-06 0.192396
4-7-0-4-3-5-0-6-4-7-0-6-4-7-0 15794415 0.428903 0.222855 1e-06 0.195649
4-7-0-6-4-7-0-0-1-1-0-0-1-1-0 15794415 0.192626 0.075677 2e-06 0.108726
4-7-0-6-4-7-0-0-1-1-0-2-2-3-0 15794415 0.24955 0.077028 1e-06 0.164779
4-7-0-6-4-7-0-0-1-1-0-4-3-5-0 15794415 0.295456 0.153584 1e-06 0.132848
4-7-0-6-4-7-0-0-1-1-0-6-4-7-0 15794415 0.302216 0.137368 1e-06 0.155384
4-7-0-6-4-7-0-2-2-3-0-0-1-1-0 15794415 0.254141 0.077409 1e-06 0.168806
4-7-0-6-4-7-0-2-2-3-0-2-2-3-0 15792398 0.293187 0.078729 2e-06 0.206081
4-7-0-6-4-7-0-2-2-3-0-4-3-5-0 15794397 0.343866 0.165307 0 0.168824
4-7-0-6-4-7-0-2-2-3-0-6-4-7-0 15794415 0.348349 0.146744 0 0.192369
4-7-0-6-4-7-0-4-3-5-0-0-1-1-0 15794415 4.88504 4.67609 1e-06 0.170272
4-7-0-6-4-7-0-4-3-5-0-2-2-3-0 15794413 4.60428 4.33075 0 0.211187
4-7-0-6-4-7-0-4-3-5-0-4-3-5-0 15792097 0.509959 0.289579 1e-06 0.206347
4-7-0-6-4-7-0-4-3-5-0-6-4-7-0 15794415 0.458731 0.268061 1e-06 0.177994
4-7-0-6-4-7-0-6-4-7-0-0-1-1-0 15794415 0.358285 0.166794 0 0.181935
4-7-0-6-4-7-0-6-4-7-0-2-2-3-0 15794415 0.396446 0.168583 0 0.218662
4-7-0-6-4-7-0-6-4-7-0-4-3-5-0 15794415 0.476345 0.245986 1e-06 0.218867
4-7-0-6-4-7-0-6-4-7-0-6-4-7-0 15794415 0.439076 0.243166 1e-06 0.185842
