0-0-1-1-0-0-1 34713 1.77712 1.763 0 0.005045
0-0-1-1-0-2-2 11426723 0.694631 0.682669 0 0.004247
0-0-1-1-0-4-3 66667832 0.584364 0.573148 0 0.004313
0-0-1-1-0-6-4 15626706 0.166045 0.154675 1e-06 0.00505
0-2-2-3-0-0-1 269979 0.016386 0.00452 0 0.007582
0-2-2-3-0-2-2 34713 0.03731 0.006683 1e-06 0.019443
0-2-2-3-0-4-3 18178411 0.042459 0.022265 1e-06 0.014515
0-2-2-3-0-6-4 10219172 0.040936 0.017446 0 0.01648
0-4-3-5-0-0-1 125547 0.033411 0.006042 1e-06 0.016783
0-4-3-5-0-2-2 1807215 0.053979 0.00738 0 0.034656
0-4-3-5-0-4-3 45844609 0.068356 0.031113 0 0.026979
0-4-3-5-0-6-4 13230219 0.060096 0.021415 0 0.027607
0-6-4-7-0-0-1 277619 0.045405 0.022391 1e-06 0.014854
0-6-4-7-0-2-2 6345795 0.065456 0.025012 1e-06 0.032215
0-6-4-7-0-4-3 161137646 0.233763 0.205396 1e-06 0.019782
0-6-4-7-0-6-4 15647846 0.153584 0.108972 1e-06 0.029557
1-1-0-0-1-1-0 34713 0.008386 0.000913 1e-06 0.005539
1-1-0-2-2-3-0 269979 0.013057 0.001139 1e-06 0.009638
1-1-0-4-3-5-0 125547 0.022442 0.002138 1e-06 0.016178
1-1-0-6-4-7-0 277619 0.022974 0.003325 0 0.015454
2-3-0-0-1-1-0 11426723 0.021974 0.002487 0 0.017107
2-3-0-2-2-3-0 34713 0.028118 0.000562 1e-06 0.025466
2-3-0-4-3-5-0 1807215 0.037091 0.002141 0 0.029924
2-3-0-6-4-7-0 6345795 0.036908 0.003972 1e-06 0.028818
3-5-0-0-1-1-0 66667832 0.037683 0.010604 0 0.023487
3-5-0-2-2-3-0 18178411 0.037533 0.004321 0 0.029379
3-5-0-4-3-5-0 45844609 0.074267 0.028561 0 0.039174
3-5-0-6-4-7-0 161137646 0.121889 0.080294 0 0.035637
4-7-0-0-1-1-0 15626706 0.031464 0.006171 0 0.022616
4-7-0-2-2-3-0 10219172 0.033941 0.002293 0 0.027505
4-7-0-4-3-5-0 13230219 0.05648 0.014104 0 0.035594
4-7-0-6-4-7-0 15647846 0.050981 0.012464 0 0.034166
