0-0-1-1-0-0-1-1-0-0-1-1-0 197321793 0.747854 0.715657 0 0.020264
0-0-1-1-0-0-1-1-0-2-2-3-0 1180774212 0.817597 0.782937 0 0.02528
0-0-1-1-0-0-1-1-0-4-3-5-0 612621062 0.556722 0.43091 1e-06 0.034459
0-0-1-1-0-0-1-1-0-6-4-7-0 1204757174 0.774763 0.713483 0 0.028624
0-0-1-1-0-2-2-3-0-0-1-1-0 1204992369 0.679079 0.560003 1e-06 0.040571
0-0-1-1-0-2-2-3-0-2-2-3-0 1180774212 0.527598 0.450887 1e-06 0.052627
0-0-1-1-0-2-2-3-0-4-3-5-0 1204673267 1.58487 1.48829 1e-06 0.06214
0-0-1-1-0-2-2-3-0-6-4-7-0 1204992369 1.23095 1.15823 0 0.048519
0-0-1-1-0-4-3-5-0-0-1-1-0 1204992369 0.600112 0.531533 1e-06 0.056904
0-0-1-1-0-4-3-5-0-2-2-3-0 1203474062 0.659721 0.565472 0 0.081822
0-0-1-1-0-4-3-5-0-4-3-5-0 1188779139 1.52804 1.43706 1e-06 0.07341
0-0-1-1-0-4-3-5-0-6-4-7-0 1204981110 1.3756 1.26082 0 0.081614
0-0-1-1-0-6-4-7-0-0-1-1-0 1204992369 0.902886 0.801699 1e-06 0.06042
0-0-1-1-0-6-4-7-0-2-2-3-0 1204992369 0.939296 0.829868 1e-06 0.06795
0-0-1-1-0-6-4-7-0-4-3-5-0 1204980951 1.95842 1.85459 0 0.075725
0-0-1-1-0-6-4-7-0-6-4-7-0 1204992369 1.69206 1.58754 0 0.06904
0-2-2-3-0-0-1-1-0-0-1-1-0 1180774212 0.395064 0.324799 0 0.052245
0-2-2-3-0-0-1-1-0-2-2-3-0 1204961287 0.470479 0.362021 1e-06 0.075886
0-2-2-3-0-0-1-1-0-4-3-5-0 1199591762 1.47211 1.38062 1e-06 0.068966
0-2-2-3-0-0-1-1-0-6-4-7-0 1204992254 1.18115 1.083 0 0.057458
0-2-2-3-0-2-2-3-0-0-1-1-0 1180774212 0.24692 0.133112 0 0.075606
0-2-2-3-0-2-2-3-0-2-2-3-0 13786567 0.131962 0.00959 0 0.106282
0-2-2-3-0-2-2-3-0-4-3-5-0 449954072 0.309539 0.181887 1e-06 0.101899
0-2-2-3-0-2-2-3-0-6-4-7-0 983207857 0.477514 0.369179 1e-06 0.092973
0-2-2-3-0-4-3-5-0-0-1-1-0 1203474062 0.525615 0.40471 0 0.087905
0-2-2-3-0-4-3-5-0-2-2-3-0 1188978725 0.557465 0.42935 1e-06 0.112231
0-2-2-3-0-4-3-5-0-4-3-5-0 1175109253 1.33725 1.19831 1e-06 0.116265
0-2-2-3-0-4-3-5-0-6-4-7-0 1204910770 1.19991 1.04682 1e-06 0.101318
0-2-2-3-0-6-4-7-0-0-1-1-0 1204992369 0.780212 0.660822 0 0.079975
0-2-2-3-0-6-4-7-0-2-2-3-0 1203886581 0.767972 0.636204 1e-06 0.105215
0-2-2-3-0-6-4-7-0-4-3-5-0 1200535872 1.9204 1.78698 0 0.098238
0-2-2-3-0-6-4-7-0-6-4-7-0 1204992090 1.55921 1.43424 0 0.103834
0-4-3-5-0-0-1-1-0-0-1-1-0 612621062 0.28429 0.166251 1e-06 0.09569
0-4-3-5-0-0-1-1-0-2-2-3-0 1199591762 0.432104 0.31527 0 0.098442
0-4-3-5-0-0-1-1-0-4-3-5-0 949804367 0.92498 0.815838 0 0.085687
0-4-3-5-0-0-1-1-0-6-4-7-0 1204952695 0.943819 0.822294 0 0.095468
0-4-3-5-0-2-2-3-0-0-1-1-0 1204673267 0.423774 0.275879 1e-06 0.107475
0-4-3-5-0-2-2-3-0-2-2-3-0 449954072 0.299169 0.129199 0 0.127715
0-4-3-5-0-2-2-3-0-4-3-5-0 1162370235 1.04778 0.913606 1e-06 0.117261
0-4-3-5-0-2-2-3-0-6-4-7-0 1202640776 0.935861 0.769 0 0.112604
0-4-3-5-0-4-3-5-0-0-1-1-0 1188779139 0.636852 0.489866 0 0.126817
0-4-3-5-0-4-3-5-0-2-2-3-0 1175109253 0.662473 0.492909 1e-06 0.144048
0-4-3-5-0-4-3-5-0-4-3-5-0 1160779883 1.4788 1.29723 0 0.145082
0-4-3-5-0-4-3-5-0-6-4-7-0 1190875501 1.29513 1.12115 1e-06 0.12821
0-4-3-5-0-6-4-7-0-0-1-1-0 1204980951 0.937716 0.735193 1e-06 0.125968
0-4-3-5-0-6-4-7-0-2-2-3-0 1200535872 0.912917 0.732518 0 0.143647
0-4-3-5-0-6-4-7-0-4-3-5-0 1201668973 1.99441 1.79435 0 0.151906
0-4-3-5-0-6-4-7-0-6-4-7-0 1204987114 1.68754 1.51761 1e-06 0.142067
0-6-4-7-0-0-1-1-0-0-1-1-0 1204757174 0.659694 0.474065 0 0.07919
0-6-4-7-0-0-1-1-0-2-2-3-0 1204992254 0.6005 0.452884 0 0.091293
0-6-4-7-0-0-1-1-0-4-3-5-0 1204952695 1.56973 1.44876 0 0.087084
0-6-4-7-0-0-1-1-0-6-4-7-0 1204992369 1.3089 1.15525 0 0.097522
0-6-4-7-0-2-2-3-0-0-1-1-0 1204992369 0.597828 0.421315 0 0.10979
0-6-4-7-0-2-2-3-0-2-2-3-0 983207857 0.552366 0.36266 1e-06 0.158729
0-6-4-7-0-2-2-3-0-4-3-5-0 1202640776 1.58256 1.43037 0 0.134525
0-6-4-7-0-2-2-3-0-6-4-7-0 1204992347 1.28686 1.12766 1e-06 0.130131
0-6-4-7-0-4-3-5-0-0-1-1-0 1204981110 1.12362 0.937135 1e-06 0.125076
0-6-4-7-0-4-3-5-0-2-2-3-0 1204910770 1.09882 0.905515 0 0.169557
0-6-4-7-0-4-3-5-0-4-3-5-0 1190875501 2.11776 1.94787 0 0.142478
0-6-4-7-0-4-3-5-0-6-4-7-0 1204992279 1.90935 1.73134 1e-06 0.144386
0-6-4-7-0-6-4-7-0-0-1-1-0 1204992369 1.02934 0.824904 0 0.109602
0-6-4-7-0-6-4-7-0-2-2-3-0 1204992090 1.02401 0.821917 1e-06 0.135688
0-6-4-7-0-6-4-7-0-4-3-5-0 1204987114 2.06805 1.90688 0 0.133684
0-6-4-7-0-6-4-7-0-6-4-7-0 1204992369 1.874 1.64249 1e-06 0.14047
1-1-0-0-1-1-0-0-1-1-0-0-1 8 0.10277 0.076235 1e-06 0.014844
1-1-0-0-1-1-0-0-1-1-0-2-2 2501 0.025253 0.000987 0 0.020524
1-1-0-0-1-1-0-0-1-1-0-4-3 12415 0.020129 0.001105 1e-06 0.015445
1-1-0-0-1-1-0-0-1-1-0-6-4 3588 0.028458 0.001327 1e-06 0.01537
1-1-0-0-1-1-0-2-2-3-0-0-1 64 0.025153 0.001498 1e-06 0.019926
1-1-0-0-1-1-0-2-2-3-0-2-2 2501 0.031893 0.001314 0 0.027801
1-1-0-0-1-1-0-2-2-3-0-4-3 60416 0.031741 0.003073 1e-06 0.024867
1-1-0-0-1-1-0-2-2-3-0-6-4 3640 0.032045 0.002522 1e-06 0.025184
1-1-0-0-1-1-0-4-3-5-0-0-1 64 0.485081 0.437556 0 0.025257
1-1-0-0-1-1-0-4-3-5-0-2-2 3046 0.51879 0.450786 1e-06 0.04186
1-1-0-0-1-1-0-4-3-5-0-4-3 55228 0.978361 0.913119 0 0.038256
1-1-0-0-1-1-0-4-3-5-0-6-4 3629 0.04435 0.00504 0 0.032531
1-1-0-0-1-1-0-6-4-7-0-0-1 64 0.905614 0.755003 1e-06 0.024059
1-1-0-0-1-1-0-6-4-7-0-2-2 3216 0.90347 0.749912 0 0.03356
1-1-0-0-1-1-0-6-4-7-0-4-3 60964 0.041811 0.003556 1e-06 0.031568
1-1-0-0-1-1-0-6-4-7-0-6-4 3640 0.036186 0.003077 1e-06 0.028651
1-1-0-2-2-3-0-0-1-1-0-0-1 64 0.426088 0.298307 3e-06 0.032981
1-1-0-2-2-3-0-0-1-1-0-2-2 3216 0.048067 0.002023 1e-06 0.042697
1-1-0-2-2-3-0-0-1-1-0-4-3 60968 0.043892 0.003622 1e-06 0.035962
1-1-0-2-2-3-0-0-1-1-0-6-4 3640 0.044384 0.002372 0 0.03684
1-1-0-2-2-3-0-2-2-3-0-0-1 64 0.050027 0.002508 0 0.044525
1-1-0-2-2-3-0-2-2-3-0-2-2 2501 0.065179 0.002094 1e-06 0.059868
1-1-0-2-2-3-0-2-2-3-0-4-3 60416 0.05856 0.00301 0 0.051401
1-1-0-2-2-3-0-2-2-3-0-6-4 3640 0.061886 0.003103 1e-06 0.05475
1-1-0-2-2-3-0-4-3-5-0-0-1 64 0.305403 0.228977 0 0.048323
1-1-0-2-2-3-0-4-3-5-0-2-2 3216 0.336457 0.240091 1e-06 0.064721
1-1-0-2-2-3-0-4-3-5-0-4-3 60877 0.07038 0.005903 1e-06 0.055974
1-1-0-2-2-3-0-4-3-5-0-6-4 3640 0.064254 0.0057 0 0.051337
1-1-0-2-2-3-0-6-4-7-0-0-1 64 0.582846 0.480404 1e-06 0.047398
1-1-0-2-2-3-0-6-4-7-0-2-2 3216 0.648016 0.507512 1e-06 0.060886
1-1-0-2-2-3-0-6-4-7-0-4-3 60968 0.101244 0.00819 0 0.077046
1-1-0-2-2-3-0-6-4-7-0-6-4 3640 0.071757 0.005391 0 0.060407
1-1-0-4-3-5-0-0-1-1-0-0-1 64 0.20818 0.129301 0 0.057209
1-1-0-4-3-5-0-0-1-1-0-2-2 3216 0.23329 0.134516 1e-06 0.073861
1-1-0-4-3-5-0-0-1-1-0-4-3 60968 0.075688 0.004282 1e-06 0.065415
1-1-0-4-3-5-0-0-1-1-0-6-4 3640 0.062294 0.003276 1e-06 0.05214
1-1-0-4-3-5-0-2-2-3-0-0-1 64 0.19013 0.106783 0 0.063281
1-1-0-4-3-5-0-2-2-3-0-2-2 3046 0.204177 0.101552 1e-06 0.082992
1-1-0-4-3-5-0-2-2-3-0-4-3 60963 0.088256 0.004161 1e-06 0.07794
1-1-0-4-3-5-0-2-2-3-0-6-4 3640 0.082427 0.003419 0 0.072437
1-1-0-4-3-5-0-4-3-5-0-0-1 64 0.391107 0.31115 0 0.065597
1-1-0-4-3-5-0-4-3-5-0-2-2 3216 0.431273 0.320355 1e-06 0.091308
1-1-0-4-3-5-0-4-3-5-0-4-3 58641 0.859653 0.74912 1e-06 0.076144
1-1-0-4-3-5-0-4-3-5-0-6-4 3640 0.71247 0.610486 0 0.079463
1-1-0-4-3-5-0-6-4-7-0-0-1 64 0.687596 0.560685 1e-06 0.066258
1-1-0-4-3-5-0-6-4-7-0-2-2 3216 0.796176 0.583471 1e-06 0.104134
1-1-0-4-3-5-0-6-4-7-0-4-3 60968 1.62183 1.31617 1e-06 0.085113
1-1-0-4-3-5-0-6-4-7-0-6-4 3640 1.24367 1.0595 1e-06 0.076307
1-1-0-6-4-7-0-0-1-1-0-0-1 64 0.478624 0.331605 0 0.046866
1-1-0-6-4-7-0-0-1-1-0-2-2 3216 0.524627 0.353372 1e-06 0.0608
1-1-0-6-4-7-0-0-1-1-0-4-3 60968 0.070848 0.003611 0 0.055097
1-1-0-6-4-7-0-0-1-1-0-6-4 3640 0.062445 0.003897 1e-06 0.052058
1-1-0-6-4-7-0-2-2-3-0-0-1 64 0.343907 0.238692 1e-06 0.060491
1-1-0-6-4-7-0-2-2-3-0-2-2 3216 0.098629 0.006333 1e-06 0.082883
1-1-0-6-4-7-0-2-2-3-0-4-3 60968 0.082993 0.004039 3e-06 0.066997
1-1-0-6-4-7-0-2-2-3-0-6-4 3640 0.082228 0.004003 0 0.072263
1-1-0-6-4-7-0-4-3-5-0-0-1 64 0.923684 0.782742 1e-06 0.067592
1-1-0-6-4-7-0-4-3-5-0-2-2 3216 1.02725 0.827327 0 0.087066
1-1-0-6-4-7-0-4-3-5-0-4-3 60964 1.70161 1.4196 0 0.082689
1-1-0-6-4-7-0-4-3-5-0-6-4 3640 1.47023 1.27463 0 0.072581
1-1-0-6-4-7-0-6-4-7-0-0-1 64 0.906297 0.699974 1e-06 0.059473
1-1-0-6-4-7-0-6-4-7-0-2-2 3216 1.00187 0.734684 1e-06 0.0898
1-1-0-6-4-7-0-6-4-7-0-4-3 60968 0.093123 0.006289 1e-06 0.069676
1-1-0-6-4-7-0-6-4-7-0-6-4 3640 0.088043 0.006873 1e-06 0.06965
2-3-0-0-1-1-0-0-1-1-0-0-1 2501 0.119851 0.080454 1e-06 0.031941
2-3-0-0-1-1-0-0-1-1-0-2-2 158938 0.059482 0.005841 0 0.047936
2-3-0-0-1-1-0-0-1-1-0-4-3 2652152 0.060608 0.010776 1e-06 0.044986
2-3-0-0-1-1-0-0-1-1-0-6-4 182777 0.048307 0.009206 1e-06 0.034631
2-3-0-0-1-1-0-2-2-3-0-0-1 3216 0.0534 0.006137 0 0.043361
2-3-0-0-1-1-0-2-2-3-0-2-2 158938 0.070812 0.005819 1e-06 0.061122
2-3-0-0-1-1-0-2-2-3-0-4-3 3063204 0.069403 0.012377 0 0.050991
2-3-0-0-1-1-0-2-2-3-0-6-4 182910 0.068763 0.012393 1e-06 0.051148
2-3-0-0-1-1-0-4-3-5-0-0-1 3216 0.509758 0.448473 0 0.049643
2-3-0-0-1-1-0-4-3-5-0-2-2 160926 0.528058 0.44486 1e-06 0.064668
2-3-0-0-1-1-0-4-3-5-0-4-3 3024726 0.090955 0.02773 0 0.052469
2-3-0-0-1-1-0-4-3-5-0-6-4 182887 0.084962 0.022523 1e-06 0.052531
2-3-0-0-1-1-0-6-4-7-0-0-1 3216 0.917008 0.74528 1e-06 0.045223
2-3-0-0-1-1-0-6-4-7-0-2-2 161604 0.976011 0.765371 1e-06 0.059652
2-3-0-0-1-1-0-6-4-7-0-4-3 3063638 0.096173 0.024953 1e-06 0.057042
2-3-0-0-1-1-0-6-4-7-0-6-4 182910 0.076733 0.020999 0 0.049404
2-3-0-2-2-3-0-0-1-1-0-0-1 2501 0.063054 0.003361 1e-06 0.055639
2-3-0-2-2-3-0-0-1-1-0-2-2 158938 0.090942 0.003212 0 0.082862
2-3-0-2-2-3-0-0-1-1-0-4-3 2652152 0.068882 0.00749 0 0.056706
2-3-0-2-2-3-0-0-1-1-0-6-4 182777 0.07458 0.007148 0 0.059937
2-3-0-2-2-3-0-2-2-3-0-0-1 2501 0.074724 0.000756 1e-06 0.070348
2-3-0-2-2-3-0-2-2-3-0-2-2 402 0.094687 0.000658 1e-06 0.089922
2-3-0-2-2-3-0-2-2-3-0-4-3 58197 0.083112 0.000855 0 0.078073
2-3-0-2-2-3-0-2-2-3-0-6-4 49523 0.080378 0.000877 0 0.074254
2-3-0-2-2-3-0-4-3-5-0-0-1 3046 0.305274 0.230855 1e-06 0.0632
2-3-0-2-2-3-0-4-3-5-0-2-2 104040 0.402485 0.242957 1e-06 0.120089
2-3-0-2-2-3-0-4-3-5-0-4-3 2000819 0.091691 0.005989 1e-06 0.078226
2-3-0-2-2-3-0-4-3-5-0-6-4 180031 0.087048 0.004471 0 0.076685
2-3-0-2-2-3-0-6-4-7-0-0-1 3216 0.590742 0.485555 0 0.069378
2-3-0-2-2-3-0-6-4-7-0-2-2 142912 0.140345 0.023562 1e-06 0.091343
2-3-0-2-2-3-0-6-4-7-0-4-3 2742607 0.113927 0.010063 0 0.095874
2-3-0-2-2-3-0-6-4-7-0-6-4 182627 0.093096 0.009034 0 0.078772
2-3-0-4-3-5-0-0-1-1-0-0-1 3046 0.230044 0.132547 0 0.076125
2-3-0-4-3-5-0-0-1-1-0-2-2 160926 0.248748 0.133143 0 0.087416
2-3-0-4-3-5-0-0-1-1-0-4-3 2973549 0.110285 0.01199 0 0.087814
2-3-0-4-3-5-0-0-1-1-0-6-4 182870 0.09288 0.00957 0 0.07669
2-3-0-4-3-5-0-2-2-3-0-0-1 3216 0.190645 0.088523 0 0.087936
2-3-0-4-3-5-0-2-2-3-0-2-2 104040 0.238971 0.095458 1e-06 0.124324
2-3-0-4-3-5-0-2-2-3-0-4-3 2963165 0.115418 0.011143 1e-06 0.095585
2-3-0-4-3-5-0-2-2-3-0-6-4 182861 0.112443 0.009738 1e-06 0.095525
2-3-0-4-3-5-0-4-3-5-0-0-1 3216 0.41164 0.303526 1e-06 0.095794
2-3-0-4-3-5-0-4-3-5-0-2-2 160308 0.460639 0.314167 0 0.123504
2-3-0-4-3-5-0-4-3-5-0-4-3 2901292 0.839098 0.723886 0 0.094282
2-3-0-4-3-5-0-4-3-5-0-6-4 182871 0.721671 0.603792 1e-06 0.093025
2-3-0-4-3-5-0-6-4-7-0-0-1 3216 0.736612 0.574232 1e-06 0.086994
2-3-0-4-3-5-0-6-4-7-0-2-2 161480 0.828711 0.58127 1e-06 0.124433
2-3-0-4-3-5-0-6-4-7-0-4-3 3061380 1.52661 1.23328 0 0.097339
2-3-0-4-3-5-0-6-4-7-0-6-4 182908 1.27692 1.06555 1e-06 0.105046
2-3-0-6-4-7-0-0-1-1-0-0-1 3216 0.54187 0.339015 0 0.07636
2-3-0-6-4-7-0-0-1-1-0-2-2 161604 0.123857 0.012745 0 0.090052
2-3-0-6-4-7-0-0-1-1-0-4-3 3063642 0.100399 0.01276 1e-06 0.076236
2-3-0-6-4-7-0-0-1-1-0-6-4 182910 0.094966 0.011102 1e-06 0.078003
2-3-0-6-4-7-0-2-2-3-0-0-1 3216 0.424033 0.276603 1e-06 0.100049
2-3-0-6-4-7-0-2-2-3-0-2-2 142912 0.146124 0.008686 1e-06 0.121693
2-3-0-6-4-7-0-2-2-3-0-4-3 3054372 0.113741 0.013547 0 0.093099
2-3-0-6-4-7-0-2-2-3-0-6-4 182909 0.11487 0.013414 0 0.094929
2-3-0-6-4-7-0-4-3-5-0-0-1 3216 0.955461 0.804064 0 0.083315
2-3-0-6-4-7-0-4-3-5-0-2-2 161480 1.01813 0.804089 0 0.107754
2-3-0-6-4-7-0-4-3-5-0-4-3 2972666 1.65954 1.36838 1e-06 0.098342
2-3-0-6-4-7-0-4-3-5-0-6-4 182910 1.48976 1.25871 1e-06 0.111103
2-3-0-6-4-7-0-6-4-7-0-0-1 3216 0.906946 0.691745 1e-06 0.088565
2-3-0-6-4-7-0-6-4-7-0-2-2 161604 0.938687 0.715031 1e-06 0.109174
2-3-0-6-4-7-0-6-4-7-0-4-3 3063636 0.141893 0.036951 1e-06 0.093587
2-3-0-6-4-7-0-6-4-7-0-6-4 182910 0.120355 0.020189 1e-06 0.090707
3-5-0-0-1-1-0-0-1-1-0-0-1 12415 0.082104 0.028063 0 0.047847
3-5-0-0-1-1-0-0-1-1-0-2-2 2652152 0.08982 0.025807 0 0.058422
3-5-0-0-1-1-0-0-1-1-0-4-3 21692253 0.10732 0.05276 1e-06 0.048186
3-5-0-0-1-1-0-0-1-1-0-6-4 3441023 0.119032 0.051196 1e-06 0.058565
3-5-0-0-1-1-0-2-2-3-0-0-1 60968 0.139304 0.063769 1e-06 0.0666
3-5-0-0-1-1-0-2-2-3-0-2-2 2652152 0.165006 0.073068 1e-06 0.082228
3-5-0-0-1-1-0-2-2-3-0-4-3 57885025 0.253854 0.18238 1e-06 0.063649
3-5-0-0-1-1-0-2-2-3-0-6-4 3467555 0.248059 0.164023 1e-06 0.072945
3-5-0-0-1-1-0-4-3-5-0-0-1 60968 0.561907 0.476675 1e-06 0.071017
3-5-0-0-1-1-0-4-3-5-0-2-2 2973549 0.214426 0.129888 2e-06 0.07173
3-5-0-0-1-1-0-4-3-5-0-4-3 54281919 0.299931 0.223051 0 0.068409
3-5-0-0-1-1-0-4-3-5-0-6-4 3461526 0.288781 0.214094 1e-06 0.065915
3-5-0-0-1-1-0-6-4-7-0-0-1 60968 0.236306 0.163464 1e-06 0.057818
3-5-0-0-1-1-0-6-4-7-0-2-2 3063642 0.256621 0.163311 1e-06 0.080723
3-5-0-0-1-1-0-6-4-7-0-4-3 58078938 0.365497 0.283432 1e-06 0.07362
3-5-0-0-1-1-0-6-4-7-0-6-4 3467555 0.349819 0.263585 1e-06 0.070669
3-5-0-2-2-3-0-0-1-1-0-0-1 60416 0.136375 0.05245 1e-06 0.071309
3-5-0-2-2-3-0-0-1-1-0-2-2 3063204 0.155277 0.052231 0 0.090326
3-5-0-2-2-3-0-0-1-1-0-4-3 57885025 0.241031 0.150419 2e-06 0.079811
3-5-0-2-2-3-0-0-1-1-0-6-4 3467549 0.228307 0.138397 2e-06 0.07746
3-5-0-2-2-3-0-2-2-3-0-0-1 60416 0.098497 0.00829 1e-06 0.082622
3-5-0-2-2-3-0-2-2-3-0-2-2 58197 0.126012 0.007123 0 0.110835
3-5-0-2-2-3-0-2-2-3-0-4-3 19843901 0.125535 0.019796 1e-06 0.095817
3-5-0-2-2-3-0-2-2-3-0-6-4 3124458 0.129946 0.016535 1e-06 0.102091
3-5-0-2-2-3-0-4-3-5-0-0-1 60963 0.21012 0.119008 0 0.080767
3-5-0-2-2-3-0-4-3-5-0-2-2 2963165 0.241255 0.118235 1e-06 0.107864
3-5-0-2-2-3-0-4-3-5-0-4-3 53813541 0.329844 0.23038 0 0.088148
3-5-0-2-2-3-0-4-3-5-0-6-4 3463475 0.312759 0.207758 1e-06 0.09489
3-5-0-2-2-3-0-6-4-7-0-0-1 60968 0.238244 0.133758 0 0.087334
3-5-0-2-2-3-0-6-4-7-0-2-2 3054372 0.249911 0.135642 1e-06 0.103685
3-5-0-2-2-3-0-6-4-7-0-4-3 57842363 0.351632 0.253555 1e-06 0.090231
3-5-0-2-2-3-0-6-4-7-0-6-4 3467504 0.344553 0.235583 1e-06 0.092764
3-5-0-4-3-5-0-0-1-1-0-0-1 55228 0.237953 0.120761 1e-06 0.097395
3-5-0-4-3-5-0-0-1-1-0-2-2 3024726 0.200831 0.070904 1e-06 0.115101
3-5-0-4-3-5-0-0-1-1-0-4-3 54281919 0.268088 0.159101 1e-06 0.098401
3-5-0-4-3-5-0-0-1-1-0-6-4 3465007 0.252496 0.149146 1e-06 0.090615
3-5-0-4-3-5-0-2-2-3-0-0-1 60877 0.209237 0.075493 0 0.11195
3-5-0-4-3-5-0-2-2-3-0-2-2 2000819 0.225041 0.070049 0 0.145894
3-5-0-4-3-5-0-2-2-3-0-4-3 53813541 0.306018 0.167728 1e-06 0.129861
3-5-0-4-3-5-0-2-2-3-0-6-4 3418541 0.280051 0.154089 1e-06 0.114629
3-5-0-4-3-5-0-4-3-5-0-0-1 58641 0.419263 0.303309 0 0.104984
3-5-0-4-3-5-0-4-3-5-0-2-2 2901292 0.484767 0.319409 0 0.146009
3-5-0-4-3-5-0-4-3-5-0-4-3 52582147 0.845337 0.703892 1e-06 0.117922
3-5-0-4-3-5-0-4-3-5-0-6-4 3316743 0.755385 0.619147 0 0.109958
3-5-0-4-3-5-0-6-4-7-0-0-1 60964 0.741087 0.569925 0 0.099676
3-5-0-4-3-5-0-6-4-7-0-2-2 2972666 0.854365 0.597243 1e-06 0.135335
3-5-0-4-3-5-0-6-4-7-0-4-3 56836191 0.438766 0.305851 1e-06 0.118791
3-5-0-4-3-5-0-6-4-7-0-6-4 3465492 0.422086 0.282411 2e-06 0.121418
3-5-0-6-4-7-0-0-1-1-0-0-1 60964 0.229954 0.125931 2e-06 0.092687
3-5-0-6-4-7-0-0-1-1-0-2-2 3063638 0.246543 0.122669 0 0.108098
3-5-0-6-4-7-0-0-1-1-0-4-3 58078938 0.321509 0.222695 1e-06 0.089044
3-5-0-6-4-7-0-0-1-1-0-6-4 3467555 0.321998 0.215871 0 0.089025
3-5-0-6-4-7-0-2-2-3-0-0-1 60968 0.244964 0.130414 1e-06 0.09581
3-5-0-6-4-7-0-2-2-3-0-2-2 2742607 0.286017 0.125629 1e-06 0.149279
3-5-0-6-4-7-0-2-2-3-0-4-3 57842363 0.367642 0.238289 1e-06 0.119999
3-5-0-6-4-7-0-2-2-3-0-6-4 3467514 0.352853 0.220705 0 0.11404
3-5-0-6-4-7-0-4-3-5-0-0-1 60968 0.926146 0.796504 1e-06 0.09378
3-5-0-6-4-7-0-4-3-5-0-2-2 3061380 0.989682 0.78541 1e-06 0.1243
3-5-0-6-4-7-0-4-3-5-0-4-3 56836191 0.583815 0.440816 1e-06 0.118051
3-5-0-6-4-7-0-4-3-5-0-6-4 3467552 0.563782 0.425569 1e-06 0.120035
3-5-0-6-4-7-0-6-4-7-0-0-1 60968 0.87398 0.696016 0 0.104031
3-5-0-6-4-7-0-6-4-7-0-2-2 3063636 0.462732 0.293789 0 0.142331
3-5-0-6-4-7-0-6-4-7-0-4-3 58079519 0.550684 0.406488 0 0.119304
3-5-0-6-4-7-0-6-4-7-0-6-4 3467555 0.525104 0.383858 1e-06 0.11757
4-7-0-0-1-1-0-0-1-1-0-0-1 3588 0.057886 0.008531 2e-06 0.044386
4-7-0-0-1-1-0-0-1-1-0-2-2 182777 0.064362 0.00672 0 0.053717
4-7-0-0-1-1-0-0-1-1-0-4-3 3441023 0.072044 0.012593 0 0.054127
4-7-0-0-1-1-0-0-1-1-0-6-4 207025 0.070561 0.011994 0 0.053392
4-7-0-0-1-1-0-2-2-3-0-0-1 3640 0.069211 0.009191 1e-06 0.055643
4-7-0-0-1-1-0-2-2-3-0-2-2 182777 0.088586 0.007578 1e-06 0.076954
4-7-0-0-1-1-0-2-2-3-0-4-3 3467549 0.079827 0.014358 1e-06 0.059416
4-7-0-0-1-1-0-2-2-3-0-6-4 207025 0.07861 0.013089 1e-06 0.060435
4-7-0-0-1-1-0-4-3-5-0-0-1 3640 0.089531 0.021869 1e-06 0.061459
4-7-0-0-1-1-0-4-3-5-0-2-2 182870 0.10316 0.020844 1e-06 0.076641
4-7-0-0-1-1-0-4-3-5-0-4-3 3465007 0.098714 0.027724 1e-06 0.064312
4-7-0-0-1-1-0-4-3-5-0-6-4 207025 0.096132 0.027351 1e-06 0.062291
4-7-0-0-1-1-0-6-4-7-0-0-1 3640 0.073324 0.017602 0 0.050716
4-7-0-0-1-1-0-6-4-7-0-2-2 182910 0.098582 0.017936 1e-06 0.075566
4-7-0-0-1-1-0-6-4-7-0-4-3 3467555 0.111285 0.026023 1e-06 0.078619
4-7-0-0-1-1-0-6-4-7-0-6-4 207025 0.100778 0.024281 1e-06 0.069895
4-7-0-2-2-3-0-0-1-1-0-0-1 3640 0.069823 0.006264 1e-06 0.059391
4-7-0-2-2-3-0-0-1-1-0-2-2 182910 0.091329 0.005822 1e-06 0.081578
4-7-0-2-2-3-0-0-1-1-0-4-3 3467555 0.083736 0.013269 1e-06 0.064804
4-7-0-2-2-3-0-0-1-1-0-6-4 207025 0.094725 0.0116 1e-06 0.077123
4-7-0-2-2-3-0-2-2-3-0-0-1 3640 0.096961 0.005521 1e-06 0.087208
4-7-0-2-2-3-0-2-2-3-0-2-2 49523 0.111207 0.004436 0 0.102932
4-7-0-2-2-3-0-2-2-3-0-4-3 3124458 0.102368 0.01017 0 0.087038
4-7-0-2-2-3-0-2-2-3-0-6-4 206833 0.108822 0.008637 0 0.095022
4-7-0-2-2-3-0-4-3-5-0-0-1 3640 0.108097 0.018328 1e-06 0.084192
4-7-0-2-2-3-0-4-3-5-0-2-2 182861 0.130058 0.018112 0 0.106201
4-7-0-2-2-3-0-4-3-5-0-4-3 3418541 0.127916 0.026834 1e-06 0.09449
4-7-0-2-2-3-0-4-3-5-0-6-4 207025 0.119055 0.025083 0 0.08708
4-7-0-2-2-3-0-6-4-7-0-0-1 3640 0.100533 0.019351 1e-06 0.075721
4-7-0-2-2-3-0-6-4-7-0-2-2 182909 0.130028 0.014956 0 0.109314
4-7-0-2-2-3-0-6-4-7-0-4-3 3467514 0.125987 0.022323 0 0.097793
4-7-0-2-2-3-0-6-4-7-0-6-4 207025 0.118456 0.021075 1e-06 0.091381
4-7-0-4-3-5-0-0-1-1-0-0-1 3629 0.221061 0.117526 1e-06 0.084563
4-7-0-4-3-5-0-0-1-1-0-2-2 182887 0.150747 0.014755 1e-06 0.124525
4-7-0-4-3-5-0-0-1-1-0-4-3 3461526 0.122879 0.019496 1e-06 0.095856
4-7-0-4-3-5-0-0-1-1-0-6-4 207025 0.119388 0.018346 1e-06 0.093237
4-7-0-4-3-5-0-2-2-3-0-0-1 3640 0.12318 0.01514 1e-06 0.101817
4-7-0-4-3-5-0-2-2-3-0-2-2 180031 0.162498 0.014045 0 0.142789
4-7-0-4-3-5-0-2-2-3-0-4-3 3463475 0.14746 0.021586 1e-06 0.118577
4-7-0-4-3-5-0-2-2-3-0-6-4 207025 0.153344 0.020251 0 0.126603
4-7-0-4-3-5-0-4-3-5-0-0-1 3640 0.440093 0.3148 1e-06 0.101049
4-7-0-4-3-5-0-4-3-5-0-2-2 182871 0.497077 0.316226 1e-06 0.149914
4-7-0-4-3-5-0-4-3-5-0-4-3 3316743 0.847194 0.710741 1e-06 0.115574
4-7-0-4-3-5-0-4-3-5-0-6-4 207025 0.738755 0.605422 0 0.107154
4-7-0-4-3-5-0-6-4-7-0-0-1 3640 0.733474 0.576388 0 0.095837
4-7-0-4-3-5-0-6-4-7-0-2-2 182910 0.848768 0.586098 0 0.134716
4-7-0-4-3-5-0-6-4-7-0-4-3 3467552 0.162005 0.033552 1e-06 0.113666
4-7-0-4-3-5-0-6-4-7-0-6-4 207025 0.146646 0.03126 1e-06 0.106874
4-7-0-6-4-7-0-0-1-1-0-0-1 3640 0.102856 0.01386 2e-06 0.081113
4-7-0-6-4-7-0-0-1-1-0-2-2 182910 0.126643 0.011738 1e-06 0.10635
4-7-0-6-4-7-0-0-1-1-0-4-3 3467555 0.108237 0.019445 1e-06 0.081845
4-7-0-6-4-7-0-0-1-1-0-6-4 207025 0.126611 0.019556 1e-06 0.099439
4-7-0-6-4-7-0-2-2-3-0-0-1 3640 0.121129 0.015104 1e-06 0.100262
4-7-0-6-4-7-0-2-2-3-0-2-2 182627 0.155212 0.012289 1e-06 0.137426
4-7-0-6-4-7-0-2-2-3-0-4-3 3467504 0.154889 0.020723 1e-06 0.12745
4-7-0-6-4-7-0-2-2-3-0-6-4 207025 0.137014 0.017928 1e-06 0.11261
4-7-0-6-4-7-0-4-3-5-0-0-1 3640 0.976202 0.784987 1e-06 0.096731
4-7-0-6-4-7-0-4-3-5-0-2-2 182908 1.06525 0.805271 0 0.135142
4-7-0-6-4-7-0-4-3-5-0-4-3 3465492 0.192817 0.041491 1e-06 0.114724
4-7-0-6-4-7-0-4-3-5-0-6-4 207025 0.172164 0.033996 1e-06 0.126807
4-7-0-6-4-7-0-6-4-7-0-0-1 3640 0.13931 0.028075 0 0.103883
4-7-0-6-4-7-0-6-4-7-0-2-2 182910 0.186696 0.023661 0 0.155914
4-7-0-6-4-7-0-6-4-7-0-4-3 3467555 0.160815 0.031855 0 0.120479
4-7-0-6-4-7-0-6-4-7-0-6-4 207025 0.151346 0.032336 1e-06 0.110452
