0-0-1-1-0 197321793 0.633875 0.627323 0 0.002342
0-2-2-3-0 13786567 0.009456 0.002395 0 0.005614
0-4-3-5-0 4316287 0.016276 0.003552 0 0.009108
0-6-4-7-0 44408829 0.023681 0.011462 0 0.009113
1-1-0-0-1 8 0.002064 0.000306 1e-06 0.000506
1-1-0-2-2 2501 0.002652 0.000456 0 0.000932
1-1-0-4-3 12415 0.004227 0.000665 0 0.001002
1-1-0-6-4 3588 0.004051 0.000618 0 0.000922
2-3-0-0-1 2501 0.00282 0.000131 0 0.001366
2-3-0-2-2 402 0.004011 0.000112 1e-06 0.00271
2-3-0-4-3 58197 0.006684 0.000267 0 0.003786
2-3-0-6-4 49523 0.006071 0.000252 0 0.003492
3-5-0-0-1 12415 0.004045 0.000237 0 0.001772
3-5-0-2-2 58197 0.006588 0.000248 0 0.004369
3-5-0-4-3 3669643 0.008911 0.001702 0 0.00409
3-5-0-6-4 1623543 0.009265 0.001409 0 0.004902
4-7-0-0-1 3588 0.002874 0.000126 0 0.001318
4-7-0-2-2 49523 0.007082 0.000146 0 0.005366
4-7-0-4-3 1623543 0.007449 0.001418 0 0.003823
4-7-0-6-4 200839 0.009925 0.000911 1e-06 0.006651
