0-0-1-1-0-0-1-1-0-0-1-1-0-0-1 34713 0.575622 0.53456 0 0.026353
0-0-1-1-0-0-1-1-0-0-1-1-0-2-2 11426723 0.1632 0.129911 0 0.025771
0-0-1-1-0-0-1-1-0-0-1-1-0-4-3 66667832 0.233088 0.204196 1e-06 0.020472
0-0-1-1-0-0-1-1-0-0-1-1-0-6-4 15626706 0.208729 0.177153 1e-06 0.02052
0-0-1-1-0-0-1-1-0-2-2-3-0-0-1 277704 1.0155 0.945353 1e-06 0.026884
0-0-1-1-0-0-1-1-0-2-2-3-0-2-2 11426723 0.504471 0.421265 0 0.041022
0-0-1-1-0-0-1-1-0-2-2-3-0-4-3 262992233 1.06747 1.00962 1e-06 0.040727
0-0-1-1-0-0-1-1-0-2-2-3-0-6-4 15794415 0.909336 0.851183 1e-06 0.035911
0-0-1-1-0-0-1-1-0-4-3-5-0-0-1 277704 0.503433 0.457976 1e-06 0.030713
0-0-1-1-0-0-1-1-0-4-3-5-0-2-2 13373259 0.510202 0.45697 1e-06 0.041277
0-0-1-1-0-0-1-1-0-4-3-5-0-4-3 242448037 0.889336 0.841093 1e-06 0.036365
0-0-1-1-0-0-1-1-0-4-3-5-0-6-4 15758734 0.831897 0.783626 1e-06 0.035536
0-0-1-1-0-0-1-1-0-6-4-7-0-0-1 277704 0.82028 0.742739 2e-06 0.030418
0-0-1-1-0-0-1-1-0-6-4-7-0-2-2 13954626 0.833505 0.746 0 0.041525
0-0-1-1-0-0-1-1-0-6-4-7-0-4-3 264536355 1.38119 1.30586 1e-06 0.041084
0-0-1-1-0-0-1-1-0-6-4-7-0-6-4 15794415 1.27286 1.19617 2e-06 0.042194
0-0-1-1-0-2-2-3-0-0-1-1-0-0-1 277704 0.651388 0.562104 1e-06 0.039452
0-0-1-1-0-2-2-3-0-0-1-1-0-2-2 13954626 0.687461 0.584689 1e-06 0.052386
0-0-1-1-0-2-2-3-0-0-1-1-0-4-3 264547773 1.07342 1.00576 1e-06 0.041062
0-0-1-1-0-2-2-3-0-0-1-1-0-6-4 15794415 0.990576 0.898274 1e-06 0.041522
0-0-1-1-0-2-2-3-0-2-2-3-0-0-1 277704 0.65584 0.569061 1e-06 0.053537
0-0-1-1-0-2-2-3-0-2-2-3-0-2-2 11426723 0.615228 0.51855 1e-06 0.068729
0-0-1-1-0-2-2-3-0-2-2-3-0-4-3 262992233 1.15446 1.07089 1e-06 0.058363
0-0-1-1-0-2-2-3-0-2-2-3-0-6-4 15794415 1.03769 0.948576 1e-06 0.057565
0-0-1-1-0-2-2-3-0-4-3-5-0-0-1 277704 1.61144 1.50649 0 0.049863
0-0-1-1-0-2-2-3-0-4-3-5-0-2-2 13954626 1.66449 1.53081 1e-06 0.068448
0-0-1-1-0-2-2-3-0-4-3-5-0-4-3 264272027 2.12708 2.03634 0 0.062572
0-0-1-1-0-2-2-3-0-4-3-5-0-6-4 15794415 2.12362 2.00004 1e-06 0.060463
0-0-1-1-0-2-2-3-0-6-4-7-0-0-1 277704 1.38622 1.2849 1e-06 0.051855
0-0-1-1-0-2-2-3-0-6-4-7-0-2-2 13954626 1.3827 1.27612 1e-06 0.070176
0-0-1-1-0-2-2-3-0-6-4-7-0-4-3 264547773 1.90392 1.81451 1e-06 0.063755
0-0-1-1-0-2-2-3-0-6-4-7-0-6-4 15794415 1.82925 1.72222 1e-06 0.062888
0-0-1-1-0-4-3-5-0-0-1-1-0-0-1 277704 0.737301 0.648994 1e-06 0.058073
0-0-1-1-0-4-3-5-0-0-1-1-0-2-2 13954626 0.809004 0.689891 1e-06 0.081844
0-0-1-1-0-4-3-5-0-0-1-1-0-4-3 264547773 1.19244 1.10904 1e-06 0.062691
0-0-1-1-0-4-3-5-0-0-1-1-0-6-4 15794415 1.12016 1.02034 0 0.067259
0-0-1-1-0-4-3-5-0-2-2-3-0-0-1 277704 0.783418 0.675401 1e-06 0.076345
0-0-1-1-0-4-3-5-0-2-2-3-0-2-2 13373259 0.814805 0.685764 0 0.088798
0-0-1-1-0-4-3-5-0-2-2-3-0-4-3 264534436 1.28606 1.19709 1e-06 0.073518
0-0-1-1-0-4-3-5-0-2-2-3-0-6-4 15794415 1.22138 1.11151 0 0.077147
0-0-1-1-0-4-3-5-0-4-3-5-0-0-1 277704 1.60234 1.47893 0 0.075833
0-0-1-1-0-4-3-5-0-4-3-5-0-2-2 13954626 1.66222 1.51383 1e-06 0.096356
0-0-1-1-0-4-3-5-0-4-3-5-0-4-3 254851812 2.17383 2.03332 1e-06 0.080177
0-0-1-1-0-4-3-5-0-4-3-5-0-6-4 15794415 2.08943 1.95307 1e-06 0.082239
0-0-1-1-0-4-3-5-0-6-4-7-0-0-1 277704 1.40101 1.29604 1e-06 0.067434
0-0-1-1-0-4-3-5-0-6-4-7-0-2-2 13954626 1.45047 1.31703 0 0.100493
0-0-1-1-0-4-3-5-0-6-4-7-0-4-3 264547773 1.95912 1.86006 1e-06 0.080084
0-0-1-1-0-4-3-5-0-6-4-7-0-6-4 15794415 1.88819 1.75347 1e-06 0.082437
0-0-1-1-0-6-4-7-0-0-1-1-0-0-1 277704 0.997591 0.892742 0 0.054187
0-0-1-1-0-6-4-7-0-0-1-1-0-2-2 13954626 1.02095 0.906648 1e-06 0.073044
0-0-1-1-0-6-4-7-0-0-1-1-0-4-3 264547773 1.48853 1.38474 1e-06 0.063157
0-0-1-1-0-6-4-7-0-0-1-1-0-6-4 15794415 1.39922 1.26756 0 0.067634
0-0-1-1-0-6-4-7-0-2-2-3-0-0-1 277704 1.03571 0.913544 1e-06 0.06938
0-0-1-1-0-6-4-7-0-2-2-3-0-2-2 13954626 1.05902 0.926347 1e-06 0.084402
0-0-1-1-0-6-4-7-0-2-2-3-0-4-3 264547773 1.54378 1.43905 0 0.070467
0-0-1-1-0-6-4-7-0-2-2-3-0-6-4 15794415 1.55374 1.40748 1e-06 0.083423
0-0-1-1-0-6-4-7-0-4-3-5-0-0-1 277704 2.00901 1.88611 1e-06 0.064802
0-0-1-1-0-6-4-7-0-4-3-5-0-2-2 13954626 2.10371 1.93742 1e-06 0.098124
0-0-1-1-0-6-4-7-0-4-3-5-0-4-3 264536355 2.53439 2.43129 1e-06 0.077861
0-0-1-1-0-6-4-7-0-4-3-5-0-6-4 15794415 2.51961 2.38542 1e-06 0.078094
0-0-1-1-0-6-4-7-0-6-4-7-0-0-1 277704 1.80893 1.67645 1e-06 0.070887
0-0-1-1-0-6-4-7-0-6-4-7-0-2-2 13954626 1.86925 1.71917 1e-06 0.092081
0-0-1-1-0-6-4-7-0-6-4-7-0-4-3 264547773 2.31445 2.20261 0 0.077209
0-0-1-1-0-6-4-7-0-6-4-7-0-6-4 15794415 2.27074 2.14231 1e-06 0.076085
0-2-2-3-0-0-1-1-0-0-1-1-0-0-1 269979 0.624406 0.507034 1e-06 0.059124
0-2-2-3-0-0-1-1-0-0-1-1-0-2-2 13942082 0.646903 0.53796 1e-06 0.061967
0-2-2-3-0-0-1-1-0-0-1-1-0-4-3 261068775 1.158 1.02396 1e-06 0.068823
0-2-2-3-0-0-1-1-0-0-1-1-0-6-4 15794087 1.00692 0.895616 1e-06 0.05725
0-2-2-3-0-0-1-1-0-2-2-3-0-0-1 277704 0.634298 0.505182 1e-06 0.073505
0-2-2-3-0-0-1-1-0-2-2-3-0-2-2 13942082 0.669949 0.534911 1e-06 0.084298
0-2-2-3-0-0-1-1-0-2-2-3-0-4-3 264546361 1.1931 1.10172 0 0.071349
0-2-2-3-0-0-1-1-0-2-2-3-0-6-4 15794415 1.07617 0.936422 1e-06 0.079302
0-2-2-3-0-0-1-1-0-4-3-5-0-0-1 277704 1.61472 1.46901 1e-06 0.069878
0-2-2-3-0-0-1-1-0-4-3-5-0-2-2 13950086 1.63294 1.47101 1e-06 0.087509
0-2-2-3-0-0-1-1-0-4-3-5-0-4-3 264223483 2.1126 2.00699 1e-06 0.071539
0-2-2-3-0-0-1-1-0-4-3-5-0-6-4 15794374 2.11979 1.97804 1e-06 0.07125
0-2-2-3-0-0-1-1-0-6-4-7-0-0-1 277704 1.3858 1.2422 1e-06 0.066824
0-2-2-3-0-0-1-1-0-6-4-7-0-2-2 13954626 1.36357 1.21546 1e-06 0.082497
0-2-2-3-0-0-1-1-0-6-4-7-0-4-3 264547768 1.89347 1.77683 1e-06 0.072371
0-2-2-3-0-0-1-1-0-6-4-7-0-6-4 15794415 1.80892 1.65193 1e-06 0.090702
0-2-2-3-0-2-2-3-0-0-1-1-0-0-1 269979 0.431246 0.286099 1e-06 0.086704
0-2-2-3-0-2-2-3-0-0-1-1-0-2-2 13942082 0.409056 0.292663 1e-06 0.099129
0-2-2-3-0-2-2-3-0-0-1-1-0-4-3 261068775 0.902103 0.782882 2e-06 0.099549
0-2-2-3-0-2-2-3-0-0-1-1-0-6-4 15794087 0.762284 0.649281 1e-06 0.083887
0-2-2-3-0-2-2-3-0-2-2-3-0-0-1 269979 0.118353 0.011336 0 0.094725
0-2-2-3-0-2-2-3-0-2-2-3-0-2-2 34713 0.148658 0.011062 0 0.121626
0-2-2-3-0-2-2-3-0-2-2-3-0-4-3 18178411 0.138629 0.020067 1e-06 0.104079
0-2-2-3-0-2-2-3-0-2-2-3-0-6-4 10219172 0.132083 0.017734 1e-06 0.100039
0-2-2-3-0-2-2-3-0-4-3-5-0-0-1 277212 0.338673 0.22936 1e-06 0.094282
0-2-2-3-0-2-2-3-0-4-3-5-0-2-2 12401496 0.365583 0.226285 1e-06 0.121949
0-2-2-3-0-2-2-3-0-4-3-5-0-4-3 223199128 0.662527 0.54726 1e-06 0.101372
0-2-2-3-0-2-2-3-0-4-3-5-0-6-4 15752999 0.617958 0.488374 1e-06 0.118016
0-2-2-3-0-2-2-3-0-6-4-7-0-0-1 277704 0.589081 0.470296 1e-06 0.090834
0-2-2-3-0-2-2-3-0-6-4-7-0-2-2 13689497 0.630365 0.476463 1e-06 0.117322
0-2-2-3-0-2-2-3-0-6-4-7-0-4-3 258664239 1.19153 1.06223 0 0.102911
0-2-2-3-0-2-2-3-0-6-4-7-0-6-4 15792398 1.04446 0.903492 1e-06 0.113733
0-2-2-3-0-4-3-5-0-0-1-1-0-0-1 277212 0.717643 0.525847 1e-06 0.096352
0-2-2-3-0-4-3-5-0-0-1-1-0-2-2 13953539 0.737365 0.532617 1e-06 0.134205
0-2-2-3-0-4-3-5-0-0-1-1-0-4-3 264335304 1.15586 1.03562 1e-06 0.099826
0-2-2-3-0-4-3-5-0-0-1-1-0-6-4 15794372 1.04052 0.895486 1e-06 0.093154
0-2-2-3-0-4-3-5-0-2-2-3-0-0-1 277704 0.712201 0.535183 1e-06 0.115444
0-2-2-3-0-4-3-5-0-2-2-3-0-2-2 12401496 0.702889 0.522714 1e-06 0.150853
0-2-2-3-0-4-3-5-0-2-2-3-0-4-3 263938876 1.28426 1.12986 1e-06 0.12928
0-2-2-3-0-4-3-5-0-2-2-3-0-6-4 15794338 1.11739 0.957019 1e-06 0.127326
0-2-2-3-0-4-3-5-0-4-3-5-0-0-1 277704 1.43474 1.27745 0 0.111123
0-2-2-3-0-4-3-5-0-4-3-5-0-2-2 13942369 1.41723 1.23848 1e-06 0.141649
0-2-2-3-0-4-3-5-0-4-3-5-0-4-3 252870735 1.9805 1.81482 1e-06 0.127219
0-2-2-3-0-4-3-5-0-4-3-5-0-6-4 15794351 1.89368 1.73764 1e-06 0.119256
0-2-2-3-0-4-3-5-0-6-4-7-0-0-1 277704 1.32077 1.08699 1e-06 0.10855
0-2-2-3-0-4-3-5-0-6-4-7-0-2-2 13954500 1.31293 1.1013 1e-06 0.149447
0-2-2-3-0-4-3-5-0-6-4-7-0-4-3 264545259 1.85973 1.71243 1e-06 0.120036
0-2-2-3-0-4-3-5-0-6-4-7-0-6-4 15794413 1.76384 1.55297 1e-06 0.115187
0-2-2-3-0-6-4-7-0-0-1-1-0-0-1 277704 0.935908 0.74199 1e-06 0.091517
0-2-2-3-0-6-4-7-0-0-1-1-0-2-2 13954626 0.971055 0.774262 0 0.10774
0-2-2-3-0-6-4-7-0-0-1-1-0-4-3 264547773 1.41516 1.27783 1e-06 0.099099
0-2-2-3-0-6-4-7-0-0-1-1-0-6-4 15794415 1.30168 1.11771 0 0.108611
0-2-2-3-0-6-4-7-0-2-2-3-0-0-1 277704 0.962864 0.756006 1e-06 0.112339
0-2-2-3-0-6-4-7-0-2-2-3-0-2-2 13689497 0.956503 0.752461 0 0.139972
0-2-2-3-0-6-4-7-0-2-2-3-0-4-3 264526605 1.49007 1.35078 1e-06 0.112115
0-2-2-3-0-6-4-7-0-2-2-3-0-6-4 15794414 1.36605 1.17842 1e-06 0.126118
0-2-2-3-0-6-4-7-0-4-3-5-0-0-1 277704 2.06146 1.78321 1e-06 0.111059
0-2-2-3-0-6-4-7-0-4-3-5-0-2-2 13953921 2.11221 1.80723 1e-06 0.143484
0-2-2-3-0-6-4-7-0-4-3-5-0-4-3 261395656 2.5273 2.36638 1e-06 0.11516
0-2-2-3-0-6-4-7-0-4-3-5-0-6-4 15794415 2.56832 2.29014 1e-06 0.112641
0-2-2-3-0-6-4-7-0-6-4-7-0-0-1 277704 1.70727 1.51513 1e-06 0.102292
0-2-2-3-0-6-4-7-0-6-4-7-0-2-2 13954626 1.74397 1.53955 1e-06 0.139913
0-2-2-3-0-6-4-7-0-6-4-7-0-4-3 264547767 2.27174 2.12641 1e-06 0.120775
0-2-2-3-0-6-4-7-0-6-4-7-0-6-4 15794415 2.20388 2.00924 0 0.1119
0-4-3-5-0-0-1-1-0-0-1-1-0-0-1 125547 0.355011 0.242192 0 0.080897
0-4-3-5-0-0-1-1-0-0-1-1-0-2-2 13103489 0.357976 0.241997 1e-06 0.098734
0-4-3-5-0-0-1-1-0-0-1-1-0-4-3 159103520 0.56146 0.461428 1e-06 0.082556
0-4-3-5-0-0-1-1-0-0-1-1-0-6-4 15740985 0.52939 0.425151 1e-06 0.085191
0-4-3-5-0-0-1-1-0-2-2-3-0-0-1 277704 0.703724 0.484186 1e-06 0.103061
0-4-3-5-0-0-1-1-0-2-2-3-0-2-2 13103489 0.634542 0.447869 0 0.132987
0-4-3-5-0-0-1-1-0-2-2-3-0-4-3 264299335 1.16214 1.02212 1e-06 0.111115
0-4-3-5-0-0-1-1-0-2-2-3-0-6-4 15794415 1.10819 0.90202 1e-06 0.111486
0-4-3-5-0-0-1-1-0-4-3-5-0-0-1 277704 1.07045 0.902414 0 0.088468
0-4-3-5-0-0-1-1-0-4-3-5-0-2-2 13749399 1.05817 0.901077 1e-06 0.122767
0-4-3-5-0-0-1-1-0-4-3-5-0-4-3 254223236 1.54812 1.39781 1e-06 0.115164
0-4-3-5-0-0-1-1-0-4-3-5-0-6-4 15784512 1.45041 1.2925 1e-06 0.105467
0-4-3-5-0-0-1-1-0-6-4-7-0-0-1 277704 1.17845 0.935495 1e-06 0.098208
0-4-3-5-0-0-1-1-0-6-4-7-0-2-2 13954626 1.12543 0.935004 1e-06 0.131009
0-4-3-5-0-0-1-1-0-6-4-7-0-4-3 264545622 1.63389 1.51027 1e-06 0.104337
0-4-3-5-0-0-1-1-0-6-4-7-0-6-4 15794415 1.59652 1.39786 0 0.098941
0-4-3-5-0-2-2-3-0-0-1-1-0-0-1 277597 0.677683 0.420436 1e-06 0.119011
0-4-3-5-0-2-2-3-0-0-1-1-0-2-2 13954538 0.61876 0.409651 1e-06 0.141533
0-4-3-5-0-2-2-3-0-0-1-1-0-4-3 264505054 1.06632 0.927773 2e-06 0.117078
0-4-3-5-0-2-2-3-0-0-1-1-0-6-4 15794415 0.937704 0.774371 1e-06 0.115388
0-4-3-5-0-2-2-3-0-2-2-3-0-0-1 277597 0.32209 0.168612 0 0.134321
0-4-3-5-0-2-2-3-0-2-2-3-0-2-2 1807215 0.345909 0.168971 1e-06 0.155285
0-4-3-5-0-2-2-3-0-2-2-3-0-4-3 186718068 0.560642 0.399309 0 0.142431
0-4-3-5-0-2-2-3-0-2-2-3-0-6-4 15662521 0.505104 0.348663 1e-06 0.136336
0-4-3-5-0-2-2-3-0-4-3-5-0-0-1 277704 1.19294 1.02077 1e-06 0.125972
0-4-3-5-0-2-2-3-0-4-3-5-0-2-2 13920727 1.21779 1.01668 1e-06 0.153709
0-4-3-5-0-2-2-3-0-4-3-5-0-4-3 256552028 1.75615 1.56804 1e-06 0.134482
0-4-3-5-0-2-2-3-0-4-3-5-0-6-4 15793767 1.64976 1.48973 1e-06 0.129318
0-4-3-5-0-2-2-3-0-6-4-7-0-0-1 277704 1.14478 0.890026 1e-06 0.116187
0-4-3-5-0-2-2-3-0-6-4-7-0-2-2 13952209 1.11872 0.881304 1e-06 0.16514
0-4-3-5-0-2-2-3-0-6-4-7-0-4-3 264488100 1.62643 1.4733 1e-06 0.13031
0-4-3-5-0-2-2-3-0-6-4-7-0-6-4 15794397 1.58282 1.33793 1e-06 0.139654
0-4-3-5-0-4-3-5-0-0-1-1-0-0-1 273654 0.810733 0.588619 0 0.115843
0-4-3-5-0-4-3-5-0-0-1-1-0-2-2 13920168 0.801149 0.590849 1e-06 0.15382
0-4-3-5-0-4-3-5-0-0-1-1-0-4-3 261568906 1.27943 1.10699 1e-06 0.138186
0-4-3-5-0-4-3-5-0-0-1-1-0-6-4 15792180 1.16182 0.957742 1e-06 0.130609
0-4-3-5-0-4-3-5-0-2-2-3-0-0-1 277611 0.836057 0.596663 0 0.15119
0-4-3-5-0-4-3-5-0-2-2-3-0-2-2 12620533 0.832695 0.604156 1e-06 0.185687
0-4-3-5-0-4-3-5-0-2-2-3-0-4-3 260987845 1.35001 1.1664 1e-06 0.151645
0-4-3-5-0-4-3-5-0-2-2-3-0-6-4 15743848 1.23291 1.02982 1e-06 0.148066
0-4-3-5-0-4-3-5-0-4-3-5-0-0-1 274950 1.55562 1.33287 1e-06 0.145987
0-4-3-5-0-4-3-5-0-4-3-5-0-2-2 13780903 1.57442 1.34014 0 0.185794
0-4-3-5-0-4-3-5-0-4-3-5-0-4-3 249802666 2.10058 1.91971 1e-06 0.143187
0-4-3-5-0-4-3-5-0-4-3-5-0-6-4 15614461 2.0466 1.84784 1e-06 0.146786
0-4-3-5-0-4-3-5-0-6-4-7-0-0-1 277700 1.46031 1.18665 1e-06 0.139286
0-4-3-5-0-4-3-5-0-6-4-7-0-2-2 13850279 1.44465 1.20115 0 0.181883
0-4-3-5-0-4-3-5-0-6-4-7-0-4-3 263135171 1.96823 1.78016 1e-06 0.156242
0-4-3-5-0-4-3-5-0-6-4-7-0-6-4 15792097 1.86713 1.65351 1e-06 0.146642
0-4-3-5-0-6-4-7-0-0-1-1-0-0-1 277700 1.09919 0.864253 1e-06 0.134385
0-4-3-5-0-6-4-7-0-0-1-1-0-2-2 13954622 1.09483 0.835874 1e-06 0.145354
0-4-3-5-0-6-4-7-0-0-1-1-0-4-3 264547070 1.51462 1.32038 0 0.129974
0-4-3-5-0-6-4-7-0-0-1-1-0-6-4 15794415 1.45554 1.2316 0 0.131879
0-4-3-5-0-6-4-7-0-2-2-3-0-0-1 277704 1.07612 0.818531 1e-06 0.142561
0-4-3-5-0-6-4-7-0-2-2-3-0-2-2 13721768 1.05364 0.833348 1e-06 0.172414
0-4-3-5-0-6-4-7-0-2-2-3-0-4-3 264348044 1.59614 1.4133 0 0.163118
0-4-3-5-0-6-4-7-0-2-2-3-0-6-4 15794371 1.46374 1.26599 0 0.153743
0-4-3-5-0-6-4-7-0-4-3-5-0-0-1 277704 2.21674 1.90783 1e-06 0.145183
0-4-3-5-0-6-4-7-0-4-3-5-0-2-2 13953164 2.17079 1.91225 0 0.175522
0-4-3-5-0-6-4-7-0-4-3-5-0-4-3 263215652 2.63596 2.43071 1e-06 0.150581
0-4-3-5-0-6-4-7-0-4-3-5-0-6-4 15794412 2.54848 2.3211 1e-06 0.150634
0-4-3-5-0-6-4-7-0-6-4-7-0-0-1 277704 1.829 1.56123 0 0.134305
0-4-3-5-0-6-4-7-0-6-4-7-0-2-2 13954620 1.80847 1.57726 0 0.171496
0-4-3-5-0-6-4-7-0-6-4-7-0-4-3 264547650 2.33807 2.16573 0 0.144437
0-4-3-5-0-6-4-7-0-6-4-7-0-6-4 15794415 2.26622 2.04906 1e-06 0.150557
0-6-4-7-0-0-1-1-0-0-1-1-0-0-1 277619 0.819076 0.600754 0 0.078108
0-6-4-7-0-0-1-1-0-0-1-1-0-2-2 13954551 0.803104 0.596066 1e-06 0.108384
0-6-4-7-0-0-1-1-0-0-1-1-0-4-3 264520476 1.27017 1.10194 1e-06 0.08765
0-6-4-7-0-0-1-1-0-0-1-1-0-6-4 15794415 1.1843 0.968031 0 0.085418
0-6-4-7-0-0-1-1-0-2-2-3-0-0-1 277704 0.799274 0.586756 1e-06 0.094656
0-6-4-7-0-0-1-1-0-2-2-3-0-2-2 13954551 0.800682 0.597574 0 0.120376
0-6-4-7-0-0-1-1-0-2-2-3-0-4-3 264547769 1.36375 1.19422 1e-06 0.105035
0-6-4-7-0-0-1-1-0-2-2-3-0-6-4 15794415 1.22822 1.02965 1e-06 0.103942
0-6-4-7-0-0-1-1-0-4-3-5-0-0-1 277704 1.72442 1.48273 1e-06 0.088738
0-6-4-7-0-0-1-1-0-4-3-5-0-2-2 13954585 1.71777 1.49867 1e-06 0.108812
0-6-4-7-0-0-1-1-0-4-3-5-0-4-3 264544959 2.17937 2.02773 1e-06 0.101774
0-6-4-7-0-0-1-1-0-4-3-5-0-6-4 15794415 2.13873 1.93582 1e-06 0.098683
0-6-4-7-0-0-1-1-0-6-4-7-0-0-1 277704 1.46674 1.25557 1e-06 0.089427
0-6-4-7-0-0-1-1-0-6-4-7-0-2-2 13954626 1.46603 1.2635 1e-06 0.12275
0-6-4-7-0-0-1-1-0-6-4-7-0-4-3 264547773 2.06525 1.89036 1e-06 0.102694
0-6-4-7-0-0-1-1-0-6-4-7-0-6-4 15794415 1.92227 1.71771 1e-06 0.106426
0-6-4-7-0-2-2-3-0-0-1-1-0-0-1 277704 0.741315 0.522325 1e-06 0.106324
0-6-4-7-0-2-2-3-0-0-1-1-0-2-2 13954626 0.722668 0.529798 1e-06 0.118065
0-6-4-7-0-2-2-3-0-0-1-1-0-4-3 264547773 1.19601 1.0345 1e-06 0.107512
0-6-4-7-0-2-2-3-0-0-1-1-0-6-4 15794415 1.08251 0.877412 1e-06 0.112294
0-6-4-7-0-2-2-3-0-2-2-3-0-0-1 277704 0.606761 0.424354 1e-06 0.129747
0-6-4-7-0-2-2-3-0-2-2-3-0-2-2 6345795 0.639104 0.437136 1e-06 0.16106
0-6-4-7-0-2-2-3-0-2-2-3-0-4-3 254483838 1.06097 0.901929 1e-06 0.133804
0-6-4-7-0-2-2-3-0-2-2-3-0-6-4 15792946 0.96821 0.801783 0 0.136819
0-6-4-7-0-2-2-3-0-4-3-5-0-0-1 277704 1.73599 1.47162 0 0.110999
0-6-4-7-0-2-2-3-0-4-3-5-0-2-2 13954585 1.79221 1.48502 1e-06 0.158065
0-6-4-7-0-2-2-3-0-4-3-5-0-4-3 262665496 2.20769 2.00757 1e-06 0.13758
0-6-4-7-0-2-2-3-0-4-3-5-0-6-4 15794415 2.23712 1.95686 1e-06 0.136927
0-6-4-7-0-2-2-3-0-6-4-7-0-0-1 277704 1.42774 1.20262 1e-06 0.126184
0-6-4-7-0-2-2-3-0-6-4-7-0-2-2 13954626 1.43513 1.21381 1e-06 0.168157
0-6-4-7-0-2-2-3-0-6-4-7-0-4-3 264547773 1.96742 1.81052 1e-06 0.128202
0-6-4-7-0-2-2-3-0-6-4-7-0-6-4 15794415 1.857 1.65514 1e-06 0.131885
0-6-4-7-0-4-3-5-0-0-1-1-0-0-1 277701 1.22745 1.01932 1e-06 0.137
0-6-4-7-0-4-3-5-0-0-1-1-0-2-2 13954618 1.22615 1.00896 1e-06 0.141848
0-6-4-7-0-4-3-5-0-0-1-1-0-4-3 264546039 1.65972 1.4871 0 0.128522
0-6-4-7-0-4-3-5-0-0-1-1-0-6-4 15794415 1.58305 1.37861 1e-06 0.133883
0-6-4-7-0-4-3-5-0-2-2-3-0-0-1 277704 1.25388 0.987717 1e-06 0.159276
0-6-4-7-0-4-3-5-0-2-2-3-0-2-2 13891951 1.23852 1.00429 1e-06 0.176606
0-6-4-7-0-4-3-5-0-2-2-3-0-4-3 264545893 1.76483 1.58307 1e-06 0.15379
0-6-4-7-0-4-3-5-0-2-2-3-0-6-4 15794415 1.66492 1.4365 1e-06 0.167505
0-6-4-7-0-4-3-5-0-4-3-5-0-0-1 277704 2.24923 1.98059 1e-06 0.137906
0-6-4-7-0-4-3-5-0-4-3-5-0-2-2 13954598 2.2924 2.02569 0 0.170861
0-6-4-7-0-4-3-5-0-4-3-5-0-4-3 253260419 2.69508 2.51722 1e-06 0.146048
0-6-4-7-0-4-3-5-0-4-3-5-0-6-4 15794415 2.7596 2.50138 1e-06 0.168381
0-6-4-7-0-4-3-5-0-6-4-7-0-0-1 277704 1.97353 1.7497 1e-06 0.134847
0-6-4-7-0-4-3-5-0-6-4-7-0-2-2 13954626 2.0198 1.77731 1e-06 0.175306
0-6-4-7-0-4-3-5-0-6-4-7-0-4-3 264547770 2.55291 2.37637 0 0.151272
0-6-4-7-0-4-3-5-0-6-4-7-0-6-4 15794415 2.47104 2.28006 1e-06 0.139307
0-6-4-7-0-6-4-7-0-0-1-1-0-0-1 277704 1.15257 0.933157 0 0.112014
0-6-4-7-0-6-4-7-0-0-1-1-0-2-2 13954626 1.18684 0.934474 1e-06 0.144313
0-6-4-7-0-6-4-7-0-0-1-1-0-4-3 264547773 1.65843 1.45651 0 0.126658
0-6-4-7-0-6-4-7-0-0-1-1-0-6-4 15794415 1.52506 1.2912 0 0.133155
0-6-4-7-0-6-4-7-0-2-2-3-0-0-1 277704 1.16312 0.940899 0 0.134239
0-6-4-7-0-6-4-7-0-2-2-3-0-2-2 13954431 1.23106 0.939847 1e-06 0.184212
0-6-4-7-0-6-4-7-0-2-2-3-0-4-3 264547772 1.74899 1.54267 1e-06 0.156752
0-6-4-7-0-6-4-7-0-2-2-3-0-6-4 15794415 1.65533 1.39295 0 0.151681
0-6-4-7-0-6-4-7-0-4-3-5-0-0-1 277704 2.29936 1.98597 0 0.14621
0-6-4-7-0-6-4-7-0-4-3-5-0-2-2 13954626 2.33112 2.01851 1e-06 0.186133
0-6-4-7-0-6-4-7-0-4-3-5-0-4-3 264542880 2.7424 2.52372 2e-06 0.154673
0-6-4-7-0-6-4-7-0-4-3-5-0-6-4 15794415 2.68565 2.42666 1e-06 0.149358
0-6-4-7-0-6-4-7-0-6-4-7-0-0-1 277704 1.93247 1.70093 1e-06 0.135816
0-6-4-7-0-6-4-7-0-6-4-7-0-2-2 13954626 2.02192 1.71725 1e-06 0.159865
0-6-4-7-0-6-4-7-0-6-4-7-0-4-3 264547773 2.50237 2.28967 1e-06 0.136149
0-6-4-7-0-6-4-7-0-6-4-7-0-6-4 15794415 2.45416 2.18906 1e-06 0.140272
1-1-0-0-1-1-0-0-1-1-0-0-1-1-0 34713 0.109636 0.07429 0 0.026618
1-1-0-0-1-1-0-0-1-1-0-2-2-3-0 269979 0.036503 0.001219 1e-06 0.032204
1-1-0-0-1-1-0-0-1-1-0-4-3-5-0 125547 0.042541 0.001764 0 0.03555
1-1-0-0-1-1-0-0-1-1-0-6-4-7-0 277619 0.041021 0.002121 1e-06 0.033582
1-1-0-0-1-1-0-2-2-3-0-0-1-1-0 277704 0.053966 0.001649 1e-06 0.045649
1-1-0-0-1-1-0-2-2-3-0-2-2-3-0 269979 0.059628 0.001755 1e-06 0.054724
1-1-0-0-1-1-0-2-2-3-0-4-3-5-0 277597 0.067964 0.003852 1e-06 0.059558
1-1-0-0-1-1-0-2-2-3-0-6-4-7-0 277704 0.062777 0.003109 0 0.055335
1-1-0-0-1-1-0-4-3-5-0-0-1-1-0 277704 0.483857 0.415912 1e-06 0.058827
1-1-0-0-1-1-0-4-3-5-0-2-2-3-0 277212 0.516664 0.427477 1e-06 0.073753
1-1-0-0-1-1-0-4-3-5-0-4-3-5-0 273654 0.975332 0.875022 1e-06 0.07455
1-1-0-0-1-1-0-4-3-5-0-6-4-7-0 277701 0.085328 0.004795 0 0.075083
1-1-0-0-1-1-0-6-4-7-0-0-1-1-0 277704 0.826243 0.71131 1e-06 0.055688
1-1-0-0-1-1-0-6-4-7-0-2-2-3-0 277704 0.839167 0.71897 0 0.074981
1-1-0-0-1-1-0-6-4-7-0-4-3-5-0 277700 0.085183 0.004713 1e-06 0.075125
1-1-0-0-1-1-0-6-4-7-0-6-4-7-0 277704 0.081608 0.003853 1e-06 0.072586
1-1-0-2-2-3-0-0-1-1-0-0-1-1-0 277704 0.411609 0.278364 1e-06 0.0586
1-1-0-2-2-3-0-0-1-1-0-2-2-3-0 277704 0.080317 0.002222 1e-06 0.074244
1-1-0-2-2-3-0-0-1-1-0-4-3-5-0 277704 0.075357 0.004273 1e-06 0.066285
1-1-0-2-2-3-0-0-1-1-0-6-4-7-0 277704 0.076399 0.003721 1e-06 0.067805
1-1-0-2-2-3-0-2-2-3-0-0-1-1-0 277704 0.084053 0.00208 0 0.078656
1-1-0-2-2-3-0-2-2-3-0-2-2-3-0 269979 0.102101 0.00219 1e-06 0.096708
1-1-0-2-2-3-0-2-2-3-0-4-3-5-0 277597 0.108903 0.004006 0 0.099764
1-1-0-2-2-3-0-2-2-3-0-6-4-7-0 277704 0.100822 0.003618 0 0.092343
1-1-0-2-2-3-0-4-3-5-0-0-1-1-0 277704 0.334082 0.22262 1e-06 0.094648
1-1-0-2-2-3-0-4-3-5-0-2-2-3-0 277704 0.374784 0.236476 1e-06 0.119591
1-1-0-2-2-3-0-4-3-5-0-4-3-5-0 277611 0.126286 0.007039 0 0.111758
1-1-0-2-2-3-0-4-3-5-0-6-4-7-0 277704 0.124975 0.005624 0 0.112934
1-1-0-2-2-3-0-6-4-7-0-0-1-1-0 277704 0.588157 0.454812 0 0.10643
1-1-0-2-2-3-0-6-4-7-0-2-2-3-0 277704 0.658089 0.477438 1e-06 0.119704
1-1-0-2-2-3-0-6-4-7-0-4-3-5-0 277704 0.133456 0.006469 1e-06 0.116116
1-1-0-2-2-3-0-6-4-7-0-6-4-7-0 277704 0.130384 0.007751 0 0.116269
1-1-0-4-3-5-0-0-1-1-0-0-1-1-0 277704 0.223559 0.116905 0 0.093296
1-1-0-4-3-5-0-0-1-1-0-2-2-3-0 277704 0.276669 0.134882 1e-06 0.114355
1-1-0-4-3-5-0-0-1-1-0-4-3-5-0 277704 0.128382 0.004808 1e-06 0.114076
1-1-0-4-3-5-0-0-1-1-0-6-4-7-0 277704 0.108781 0.005602 1e-06 0.095436
1-1-0-4-3-5-0-2-2-3-0-0-1-1-0 277704 0.225258 0.087869 0 0.119748
1-1-0-4-3-5-0-2-2-3-0-2-2-3-0 277212 0.24545 0.091364 0 0.137615
1-1-0-4-3-5-0-2-2-3-0-4-3-5-0 277704 0.134718 0.004864 1e-06 0.122764
1-1-0-4-3-5-0-2-2-3-0-6-4-7-0 277704 0.148298 0.004296 1e-06 0.137357
1-1-0-4-3-5-0-4-3-5-0-0-1-1-0 277704 0.445933 0.304572 0 0.126702
1-1-0-4-3-5-0-4-3-5-0-2-2-3-0 277704 0.495807 0.323197 0 0.15548
1-1-0-4-3-5-0-4-3-5-0-4-3-5-0 274950 0.889501 0.714241 0 0.143641
1-1-0-4-3-5-0-4-3-5-0-6-4-7-0 277704 0.752568 0.58937 0 0.142882
1-1-0-4-3-5-0-6-4-7-0-0-1-1-0 277704 0.72174 0.537946 0 0.123959
1-1-0-4-3-5-0-6-4-7-0-2-2-3-0 277704 0.827606 0.580576 1e-06 0.148111
1-1-0-4-3-5-0-6-4-7-0-4-3-5-0 277704 1.56135 1.24385 1e-06 0.148569
1-1-0-4-3-5-0-6-4-7-0-6-4-7-0 277704 1.20476 1.01025 1e-06 0.136842
1-1-0-6-4-7-0-0-1-1-0-0-1-1-0 277704 0.480053 0.306838 0 0.078036
1-1-0-6-4-7-0-0-1-1-0-2-2-3-0 277704 0.498511 0.319589 1e-06 0.102912
1-1-0-6-4-7-0-0-1-1-0-4-3-5-0 277704 0.114423 0.005051 1e-06 0.101401
1-1-0-6-4-7-0-0-1-1-0-6-4-7-0 277704 0.110797 0.00561 0 0.098488
1-1-0-6-4-7-0-2-2-3-0-0-1-1-0 277704 0.374426 0.219371 2e-06 0.113617
1-1-0-6-4-7-0-2-2-3-0-2-2-3-0 277704 0.157271 0.005361 1e-06 0.145725
1-1-0-6-4-7-0-2-2-3-0-4-3-5-0 277704 0.149297 0.006226 0 0.136176
1-1-0-6-4-7-0-2-2-3-0-6-4-7-0 277704 0.142341 0.006155 0 0.130628
1-1-0-6-4-7-0-4-3-5-0-0-1-1-0 277704 0.935321 0.77101 1e-06 0.116307
1-1-0-6-4-7-0-4-3-5-0-2-2-3-0 277704 1.02485 0.777244 1e-06 0.155319
1-1-0-6-4-7-0-4-3-5-0-4-3-5-0 277700 1.70834 1.40949 1e-06 0.142435
1-1-0-6-4-7-0-4-3-5-0-6-4-7-0 277704 1.45819 1.24139 1e-06 0.151519
1-1-0-6-4-7-0-6-4-7-0-0-1-1-0 277704 0.895719 0.669604 1e-06 0.114424
1-1-0-6-4-7-0-6-4-7-0-2-2-3-0 277704 0.947017 0.719967 1e-06 0.155213
1-1-0-6-4-7-0-6-4-7-0-4-3-5-0 277704 0.162265 0.010916 1e-06 0.139508
1-1-0-6-4-7-0-6-4-7-0-6-4-7-0 277704 0.155812 0.010713 1e-06 0.138047
2-3-0-0-1-1-0-0-1-1-0-0-1-1-0 11426723 0.13515 0.077997 1e-06 0.050493
2-3-0-0-1-1-0-0-1-1-0-2-2-3-0 13942082 0.076123 0.006268 1e-06 0.066019
2-3-0-0-1-1-0-0-1-1-0-4-3-5-0 13103489 0.083243 0.015794 1e-06 0.062104
2-3-0-0-1-1-0-0-1-1-0-6-4-7-0 13954551 0.092412 0.015363 0 0.065918
2-3-0-0-1-1-0-2-2-3-0-0-1-1-0 13954626 0.09183 0.007193 0 0.080793
2-3-0-0-1-1-0-2-2-3-0-2-2-3-0 13942082 0.107282 0.007505 0 0.095515
2-3-0-0-1-1-0-2-2-3-0-4-3-5-0 13954538 0.125677 0.01964 1e-06 0.100374
2-3-0-0-1-1-0-2-2-3-0-6-4-7-0 13954626 0.117629 0.017033 1e-06 0.09548
2-3-0-0-1-1-0-4-3-5-0-0-1-1-0 13954626 0.53314 0.425047 1e-06 0.096672
2-3-0-0-1-1-0-4-3-5-0-2-2-3-0 13953539 0.55964 0.426739 0 0.120244
2-3-0-0-1-1-0-4-3-5-0-4-3-5-0 13920168 0.154029 0.029042 1e-06 0.116213
2-3-0-0-1-1-0-4-3-5-0-6-4-7-0 13954618 0.135287 0.029175 0 0.099268
2-3-0-0-1-1-0-6-4-7-0-0-1-1-0 13954626 0.886441 0.73327 0 0.085811
2-3-0-0-1-1-0-6-4-7-0-2-2-3-0 13954626 0.911313 0.736585 0 0.104552
2-3-0-0-1-1-0-6-4-7-0-4-3-5-0 13954622 0.135706 0.026428 1e-06 0.097094
2-3-0-0-1-1-0-6-4-7-0-6-4-7-0 13954626 0.150911 0.028563 1e-06 0.11623
2-3-0-2-2-3-0-0-1-1-0-0-1-1-0 11426723 0.097109 0.003776 1e-06 0.089813
2-3-0-2-2-3-0-0-1-1-0-2-2-3-0 13942082 0.114075 0.004153 0 0.105955
2-3-0-2-2-3-0-0-1-1-0-4-3-5-0 13103489 0.122931 0.014222 2e-06 0.103411
2-3-0-2-2-3-0-0-1-1-0-6-4-7-0 13954551 0.116933 0.012653 1e-06 0.099763
2-3-0-2-2-3-0-2-2-3-0-0-1-1-0 11426723 0.132431 0.001501 1e-06 0.117915
2-3-0-2-2-3-0-2-2-3-0-2-2-3-0 34713 0.174251 0.001317 1e-06 0.149109
2-3-0-2-2-3-0-2-2-3-0-4-3-5-0 1807215 0.144626 0.001834 1e-06 0.137352
2-3-0-2-2-3-0-2-2-3-0-6-4-7-0 6345795 0.141234 0.003115 0 0.131998
2-3-0-2-2-3-0-4-3-5-0-0-1-1-0 13373259 0.371902 0.22455 1e-06 0.131507
2-3-0-2-2-3-0-4-3-5-0-2-2-3-0 12401496 0.413845 0.229153 1e-06 0.158007
2-3-0-2-2-3-0-4-3-5-0-4-3-5-0 12620533 0.163196 0.010575 1e-06 0.145574
2-3-0-2-2-3-0-4-3-5-0-6-4-7-0 13891951 0.159114 0.007996 1e-06 0.145118
2-3-0-2-2-3-0-6-4-7-0-0-1-1-0 13954626 0.619655 0.464205 2e-06 0.123552
2-3-0-2-2-3-0-6-4-7-0-2-2-3-0 13689497 0.172788 0.007473 1e-06 0.159821
2-3-0-2-2-3-0-6-4-7-0-4-3-5-0 13721768 0.172708 0.017669 1e-06 0.147507
2-3-0-2-2-3-0-6-4-7-0-6-4-7-0 13954431 0.162 0.012933 0 0.136357
2-3-0-4-3-5-0-0-1-1-0-0-1-1-0 13373259 0.287917 0.130409 2e-06 0.12503
2-3-0-4-3-5-0-0-1-1-0-2-2-3-0 13950086 0.285127 0.122988 1e-06 0.142973
2-3-0-4-3-5-0-0-1-1-0-4-3-5-0 13749399 0.168867 0.021223 1e-06 0.138032
2-3-0-4-3-5-0-0-1-1-0-6-4-7-0 13954585 0.154102 0.015639 1e-06 0.128711
2-3-0-4-3-5-0-2-2-3-0-0-1-1-0 13954626 0.254918 0.091521 1e-06 0.151401
2-3-0-4-3-5-0-2-2-3-0-2-2-3-0 12401496 0.267324 0.088699 1e-06 0.166259
2-3-0-4-3-5-0-2-2-3-0-4-3-5-0 13920727 0.194071 0.016625 1e-06 0.168987
2-3-0-4-3-5-0-2-2-3-0-6-4-7-0 13954585 0.183795 0.014751 0 0.160466
2-3-0-4-3-5-0-4-3-5-0-0-1-1-0 13954626 0.452992 0.294883 1e-06 0.14612
2-3-0-4-3-5-0-4-3-5-0-2-2-3-0 13942369 0.520299 0.306612 1e-06 0.197414
2-3-0-4-3-5-0-4-3-5-0-4-3-5-0 13780903 0.880296 0.657671 1e-06 0.186314
2-3-0-4-3-5-0-4-3-5-0-6-4-7-0 13954598 0.754996 0.57164 1e-06 0.167658
2-3-0-4-3-5-0-6-4-7-0-0-1-1-0 13954626 0.800294 0.57363 1e-06 0.164711
2-3-0-4-3-5-0-6-4-7-0-2-2-3-0 13953921 0.828422 0.556047 1e-06 0.191537
2-3-0-4-3-5-0-6-4-7-0-4-3-5-0 13953164 1.55695 1.18826 0 0.18156
2-3-0-4-3-5-0-6-4-7-0-6-4-7-0 13954626 1.27794 1.01382 1e-06 0.176476
2-3-0-6-4-7-0-0-1-1-0-0-1-1-0 13954626 0.532245 0.315368 1e-06 0.113389
2-3-0-6-4-7-0-0-1-1-0-2-2-3-0 13954626 0.163391 0.008339 1e-06 0.149868
2-3-0-6-4-7-0-0-1-1-0-4-3-5-0 13954626 0.158807 0.018132 1e-06 0.13344
2-3-0-6-4-7-0-0-1-1-0-6-4-7-0 13954626 0.149614 0.017927 0 0.123661
2-3-0-6-4-7-0-2-2-3-0-0-1-1-0 13954626 0.412817 0.241498 1e-06 0.13973
2-3-0-6-4-7-0-2-2-3-0-2-2-3-0 13689497 0.195543 0.008772 1e-06 0.179197
2-3-0-6-4-7-0-2-2-3-0-4-3-5-0 13952209 0.193182 0.020377 1e-06 0.165481
2-3-0-6-4-7-0-2-2-3-0-6-4-7-0 13954626 0.197134 0.018414 1e-06 0.171444
2-3-0-6-4-7-0-4-3-5-0-0-1-1-0 13954626 1.03343 0.800421 1e-06 0.161618
2-3-0-6-4-7-0-4-3-5-0-2-2-3-0 13954500 1.05465 0.781732 1e-06 0.190153
2-3-0-6-4-7-0-4-3-5-0-4-3-5-0 13850279 1.63795 1.31177 1e-06 0.16967
2-3-0-6-4-7-0-4-3-5-0-6-4-7-0 13954626 1.48362 1.22783 0 0.17713
2-3-0-6-4-7-0-6-4-7-0-0-1-1-0 13954626 0.928572 0.676691 1e-06 0.174916
2-3-0-6-4-7-0-6-4-7-0-2-2-3-0 13954626 0.967958 0.6775 0 0.193405
2-3-0-6-4-7-0-6-4-7-0-4-3-5-0 13954620 0.218747 0.027517 1e-06 0.182514
2-3-0-6-4-7-0-6-4-7-0-6-4-7-0 13954626 0.22902 0.027151 0 0.19125
3-5-0-0-1-1-0-0-1-1-0-0-1-1-0 66667832 0.11353 0.032683 1e-06 0.074282
3-5-0-0-1-1-0-0-1-1-0-2-2-3-0 261068775 0.147863 0.048441 1e-06 0.092204
3-5-0-0-1-1-0-0-1-1-0-4-3-5-0 159103520 0.216432 0.122252 0 0.085224
3-5-0-0-1-1-0-0-1-1-0-6-4-7-0 264520476 0.229867 0.139244 1e-06 0.082334
3-5-0-0-1-1-0-2-2-3-0-0-1-1-0 264547773 0.191684 0.082464 1e-06 0.100843
3-5-0-0-1-1-0-2-2-3-0-2-2-3-0 261068775 0.220536 0.083776 0 0.127691
3-5-0-0-1-1-0-2-2-3-0-4-3-5-0 264505054 0.417765 0.283607 0 0.126445
3-5-0-0-1-1-0-2-2-3-0-6-4-7-0 264547773 0.377657 0.25715 0 0.110627
3-5-0-0-1-1-0-4-3-5-0-0-1-1-0 264547773 0.551902 0.432662 1e-06 0.108708
3-5-0-0-1-1-0-4-3-5-0-2-2-3-0 264335304 0.284283 0.141047 1e-06 0.131068
3-5-0-0-1-1-0-4-3-5-0-4-3-5-0 261568906 0.450577 0.318616 1e-06 0.12127
3-5-0-0-1-1-0-4-3-5-0-6-4-7-0 264546039 0.422566 0.286639 1e-06 0.126323
3-5-0-0-1-1-0-6-4-7-0-0-1-1-0 264547773 0.275584 0.166135 1e-06 0.099907
3-5-0-0-1-1-0-6-4-7-0-2-2-3-0 264547773 0.318353 0.173 1e-06 0.135323
3-5-0-0-1-1-0-6-4-7-0-4-3-5-0 264547070 0.50997 0.378794 1e-06 0.122143
3-5-0-0-1-1-0-6-4-7-0-6-4-7-0 264547773 0.484625 0.347318 0 0.126242
3-5-0-2-2-3-0-0-1-1-0-0-1-1-0 262992233 0.199623 0.069148 2e-06 0.105096
3-5-0-2-2-3-0-0-1-1-0-2-2-3-0 264546361 0.219344 0.072351 1e-06 0.137979
3-5-0-2-2-3-0-0-1-1-0-4-3-5-0 264299335 0.389875 0.265563 1e-06 0.116306
3-5-0-2-2-3-0-0-1-1-0-6-4-7-0 264547769 0.356156 0.220233 1e-06 0.119141
3-5-0-2-2-3-0-2-2-3-0-0-1-1-0 262992233 0.175459 0.025755 3e-06 0.133424
3-5-0-2-2-3-0-2-2-3-0-2-2-3-0 18178411 0.176266 0.012148 2e-06 0.156864
3-5-0-2-2-3-0-2-2-3-0-4-3-5-0 186718068 0.259184 0.094308 0 0.152653
3-5-0-2-2-3-0-2-2-3-0-6-4-7-0 254483838 0.263515 0.10252 1e-06 0.152949
3-5-0-2-2-3-0-4-3-5-0-0-1-1-0 264534436 0.289186 0.128656 1e-06 0.148243
3-5-0-2-2-3-0-4-3-5-0-2-2-3-0 263938876 0.323262 0.133394 1e-06 0.180437
3-5-0-2-2-3-0-4-3-5-0-4-3-5-0 260987845 0.498001 0.327833 2e-06 0.160056
3-5-0-2-2-3-0-4-3-5-0-6-4-7-0 264545893 0.447764 0.283402 1e-06 0.155133
3-5-0-2-2-3-0-6-4-7-0-0-1-1-0 264547773 0.304055 0.143609 0 0.150234
3-5-0-2-2-3-0-6-4-7-0-2-2-3-0 264526605 0.322363 0.14964 1e-06 0.165357
3-5-0-2-2-3-0-6-4-7-0-4-3-5-0 264348044 0.548543 0.357542 1e-06 0.176336
3-5-0-2-2-3-0-6-4-7-0-6-4-7-0 264547772 0.49749 0.321175 1e-06 0.163313
3-5-0-4-3-5-0-0-1-1-0-0-1-1-0 242448037 0.299798 0.133245 1e-06 0.149722
3-5-0-4-3-5-0-0-1-1-0-2-2-3-0 264223483 0.263917 0.092045 2e-06 0.162243
3-5-0-4-3-5-0-0-1-1-0-4-3-5-0 254223236 0.435042 0.272107 1e-06 0.152304
3-5-0-4-3-5-0-0-1-1-0-6-4-7-0 264544959 0.402474 0.232777 1e-06 0.15887
3-5-0-4-3-5-0-2-2-3-0-0-1-1-0 264272027 0.266602 0.087769 1e-06 0.164259
3-5-0-4-3-5-0-2-2-3-0-2-2-3-0 223199128 0.296351 0.086738 1e-06 0.199208
3-5-0-4-3-5-0-2-2-3-0-4-3-5-0 256552028 0.468218 0.271631 1e-06 0.185456
3-5-0-4-3-5-0-2-2-3-0-6-4-7-0 262665496 0.425651 0.234499 0 0.181794
3-5-0-4-3-5-0-4-3-5-0-0-1-1-0 254851812 0.509165 0.313658 0 0.185237
3-5-0-4-3-5-0-4-3-5-0-2-2-3-0 252870735 0.562813 0.319612 1e-06 0.223867
3-5-0-4-3-5-0-4-3-5-0-4-3-5-0 249802666 1.0079 0.7865 1e-06 0.19708
3-5-0-4-3-5-0-4-3-5-0-6-4-7-0 253260419 0.885091 0.669685 1e-06 0.188318
3-5-0-4-3-5-0-6-4-7-0-0-1-1-0 264536355 0.845072 0.604841 0 0.171169
3-5-0-4-3-5-0-6-4-7-0-2-2-3-0 261395656 0.897799 0.588315 1e-06 0.219358
3-5-0-4-3-5-0-6-4-7-0-4-3-5-0 263215652 0.609392 0.405848 1e-06 0.190784
3-5-0-4-3-5-0-6-4-7-0-6-4-7-0 264542880 0.569086 0.35832 2e-06 0.19197
3-5-0-6-4-7-0-0-1-1-0-0-1-1-0 264536355 0.288677 0.14308 1e-06 0.128571
3-5-0-6-4-7-0-0-1-1-0-2-2-3-0 264547768 0.313531 0.143978 0 0.156853
3-5-0-6-4-7-0-0-1-1-0-4-3-5-0 264545622 0.484039 0.335076 0 0.13904
3-5-0-6-4-7-0-0-1-1-0-6-4-7-0 264547773 0.459212 0.296993 1e-06 0.146861
3-5-0-6-4-7-0-2-2-3-0-0-1-1-0 264547773 0.321162 0.145825 1e-06 0.163197
3-5-0-6-4-7-0-2-2-3-0-2-2-3-0 258664239 0.341963 0.144091 2e-06 0.187889
3-5-0-6-4-7-0-2-2-3-0-4-3-5-0 264488100 0.553433 0.357633 1e-06 0.18537
3-5-0-6-4-7-0-2-2-3-0-6-4-7-0 264547773 0.493631 0.312267 0 0.170118
3-5-0-6-4-7-0-4-3-5-0-0-1-1-0 264547773 1.01275 0.799483 1e-06 0.16327
3-5-0-6-4-7-0-4-3-5-0-2-2-3-0 264545259 1.07773 0.78419 1e-06 0.216341
3-5-0-6-4-7-0-4-3-5-0-4-3-5-0 263135171 0.797943 0.557526 1e-06 0.212855
3-5-0-6-4-7-0-4-3-5-0-6-4-7-0 264547770 0.712951 0.502092 1e-06 0.195088
3-5-0-6-4-7-0-6-4-7-0-0-1-1-0 264547773 0.946041 0.69311 2e-06 0.170515
3-5-0-6-4-7-0-6-4-7-0-2-2-3-0 264547767 0.506713 0.294536 1e-06 0.198569
3-5-0-6-4-7-0-6-4-7-0-4-3-5-0 264547650 0.721288 0.50628 0 0.188704
3-5-0-6-4-7-0-6-4-7-0-6-4-7-0 264547773 0.687048 0.469471 1e-06 0.189582
4-7-0-0-1-1-0-0-1-1-0-0-1-1-0 15626706 0.079732 0.009525 1e-06 0.066088
4-7-0-0-1-1-0-0-1-1-0-2-2-3-0 15794087 0.087913 0.008307 0 0.075452
4-7-0-0-1-1-0-0-1-1-0-4-3-5-0 15740985 0.105488 0.022776 0 0.076562
4-7-0-0-1-1-0-0-1-1-0-6-4-7-0 15794415 0.103886 0.01988 2e-06 0.078522
4-7-0-0-1-1-0-2-2-3-0-0-1-1-0 15794415 0.105214 0.01018 1e-06 0.090993
4-7-0-0-1-1-0-2-2-3-0-2-2-3-0 15794087 0.129418 0.008977 1e-06 0.116542
4-7-0-0-1-1-0-2-2-3-0-4-3-5-0 15794415 0.133948 0.022534 1e-06 0.105883
4-7-0-0-1-1-0-2-2-3-0-6-4-7-0 15794415 0.130779 0.020382 0 0.104544
4-7-0-0-1-1-0-4-3-5-0-0-1-1-0 15794415 0.138736 0.022547 0 0.110608
4-7-0-0-1-1-0-4-3-5-0-2-2-3-0 15794372 0.156184 0.022842 1e-06 0.127055
4-7-0-0-1-1-0-4-3-5-0-4-3-5-0 15792180 0.162455 0.037493 2e-06 0.117931
4-7-0-0-1-1-0-4-3-5-0-6-4-7-0 15794415 0.152163 0.032879 1e-06 0.112916
4-7-0-0-1-1-0-6-4-7-0-0-1-1-0 15794415 0.128906 0.021395 1e-06 0.102699
4-7-0-0-1-1-0-6-4-7-0-2-2-3-0 15794415 0.14178 0.019303 1e-06 0.117401
4-7-0-0-1-1-0-6-4-7-0-4-3-5-0 15794415 0.156239 0.03414 0 0.115747
4-7-0-0-1-1-0-6-4-7-0-6-4-7-0 15794415 0.152959 0.031169 3e-06 0.114908
4-7-0-2-2-3-0-0-1-1-0-0-1-1-0 15794415 0.118948 0.009222 1e-06 0.104207
4-7-0-2-2-3-0-0-1-1-0-2-2-3-0 15794415 0.137749 0.009395 1e-06 0.124014
4-7-0-2-2-3-0-0-1-1-0-4-3-5-0 15794415 0.156532 0.020445 1e-06 0.130849
4-7-0-2-2-3-0-0-1-1-0-6-4-7-0 15794415 0.146882 0.019889 1e-06 0.121586
4-7-0-2-2-3-0-2-2-3-0-0-1-1-0 15794415 0.146184 0.008574 1e-06 0.128707
4-7-0-2-2-3-0-2-2-3-0-2-2-3-0 10219172 0.173678 0.008623 1e-06 0.158728
4-7-0-2-2-3-0-2-2-3-0-4-3-5-0 15662521 0.186051 0.020452 0 0.158757
4-7-0-2-2-3-0-2-2-3-0-6-4-7-0 15792946 0.16702 0.017033 1e-06 0.144229
4-7-0-2-2-3-0-4-3-5-0-0-1-1-0 15794415 0.16391 0.019866 1e-06 0.137528
4-7-0-2-2-3-0-4-3-5-0-2-2-3-0 15794338 0.203047 0.021982 1e-06 0.174807
4-7-0-2-2-3-0-4-3-5-0-4-3-5-0 15743848 0.198539 0.036222 1e-06 0.155024
4-7-0-2-2-3-0-4-3-5-0-6-4-7-0 15794415 0.201207 0.034345 1e-06 0.159624
4-7-0-2-2-3-0-6-4-7-0-0-1-1-0 15794415 0.159222 0.018232 1e-06 0.135754
4-7-0-2-2-3-0-6-4-7-0-2-2-3-0 15794414 0.194662 0.020442 1e-06 0.168877
4-7-0-2-2-3-0-6-4-7-0-4-3-5-0 15794371 0.201912 0.031279 1e-06 0.163798
4-7-0-2-2-3-0-6-4-7-0-6-4-7-0 15794415 0.191857 0.028789 1e-06 0.156602
4-7-0-4-3-5-0-0-1-1-0-0-1-1-0 15758734 0.264516 0.120207 1e-06 0.132642
4-7-0-4-3-5-0-0-1-1-0-2-2-3-0 15794374 0.185509 0.01683 1e-06 0.162141
4-7-0-4-3-5-0-0-1-1-0-4-3-5-0 15784512 0.182215 0.027911 1e-06 0.146088
4-7-0-4-3-5-0-0-1-1-0-6-4-7-0 15794415 0.169551 0.025175 1e-06 0.136969
4-7-0-4-3-5-0-2-2-3-0-0-1-1-0 15794415 0.181911 0.017708 1e-06 0.158417
4-7-0-4-3-5-0-2-2-3-0-2-2-3-0 15752999 0.216581 0.015013 1e-06 0.195336
4-7-0-4-3-5-0-2-2-3-0-4-3-5-0 15793767 0.220722 0.028193 1e-06 0.185339
4-7-0-4-3-5-0-2-2-3-0-6-4-7-0 15794415 0.223867 0.026187 2e-06 0.190588
4-7-0-4-3-5-0-4-3-5-0-0-1-1-0 15794415 0.492927 0.301709 1e-06 0.177268
4-7-0-4-3-5-0-4-3-5-0-2-2-3-0 15794351 0.531901 0.304085 2e-06 0.208497
4-7-0-4-3-5-0-4-3-5-0-4-3-5-0 15614461 0.902841 0.687641 1e-06 0.190384
4-7-0-4-3-5-0-4-3-5-0-6-4-7-0 15794415 0.80914 0.599538 0 0.186327
4-7-0-4-3-5-0-6-4-7-0-0-1-1-0 15794415 0.841675 0.573538 1e-06 0.185163
4-7-0-4-3-5-0-6-4-7-0-2-2-3-0 15794415 0.879834 0.565908 1e-06 0.2221
4-7-0-4-3-5-0-6-4-7-0-4-3-5-0 15794412 0.240962 0.04199 1e-06 0.184684
4-7-0-4-3-5-0-6-4-7-0-6-4-7-0 15794415 0.234502 0.037658 1e-06 0.185757
4-7-0-6-4-7-0-0-1-1-0-0-1-1-0 15794415 0.156489 0.015487 1e-06 0.132056
4-7-0-6-4-7-0-0-1-1-0-2-2-3-0 15794415 0.182835 0.016116 2e-06 0.156453
4-7-0-6-4-7-0-0-1-1-0-4-3-5-0 15794415 0.189872 0.029429 1e-06 0.152629
4-7-0-6-4-7-0-0-1-1-0-6-4-7-0 15794415 0.175646 0.027405 1e-06 0.141142
4-7-0-6-4-7-0-2-2-3-0-0-1-1-0 15794415 0.17547 0.016719 1e-06 0.152817
4-7-0-6-4-7-0-2-2-3-0-2-2-3-0 15792398 0.214708 0.020403 1e-06 0.187958
4-7-0-6-4-7-0-2-2-3-0-4-3-5-0 15794397 0.229524 0.031248 1e-06 0.188179
4-7-0-6-4-7-0-2-2-3-0-6-4-7-0 15794415 0.219604 0.029316 1e-06 0.18344
4-7-0-6-4-7-0-4-3-5-0-0-1-1-0 15794415 1.05911 0.816574 1e-06 0.178187
4-7-0-6-4-7-0-4-3-5-0-2-2-3-0 15794413 1.08268 0.78425 1e-06 0.210987
4-7-0-6-4-7-0-4-3-5-0-4-3-5-0 15792097 0.270075 0.046507 1e-06 0.203444
4-7-0-6-4-7-0-4-3-5-0-6-4-7-0 15794415 0.261261 0.041585 2e-06 0.207453
4-7-0-6-4-7-0-6-4-7-0-0-1-1-0 15794415 0.196999 0.028168 1e-06 0.161963
4-7-0-6-4-7-0-6-4-7-0-2-2-3-0 15794415 0.243639 0.029053 1e-06 0.20733
4-7-0-6-4-7-0-6-4-7-0-4-3-5-0 15794415 0.243943 0.041541 0 0.193672
4-7-0-6-4-7-0-6-4-7-0-6-4-7-0 15794415 0.231066 0.038349 1e-06 0.184985
