0-0-1-1-0-0-1-1-0-0-1-1-0-0-1 34713 0.720184 0.711815 0 0
0-0-1-1-0-0-1-1-0-0-1-1-0-2-2 11426723 0.140245 0.134706 0 0
0-0-1-1-0-0-1-1-0-0-1-1-0-4-3 66667832 0.270089 0.26128 0 0
0-0-1-1-0-0-1-1-0-0-1-1-0-6-4 15626706 0.207081 0.193744 0 0
0-0-1-1-0-0-1-1-0-2-2-3-0-0-1 277704 0.90921 0.878934 0 0
0-0-1-1-0-0-1-1-0-2-2-3-0-2-2 11426723 0.41928 0.396249 0 0
0-0-1-1-0-0-1-1-0-2-2-3-0-4-3 262992233 0.936691 0.919429 0 0
0-0-1-1-0-0-1-1-0-2-2-3-0-6-4 15794415 0.811524 0.781626 0 0
0-0-1-1-0-0-1-1-0-4-3-5-0-0-1 277704 0.49855 0.483875 0 0
0-0-1-1-0-0-1-1-0-4-3-5-0-2-2 13373259 0.519822 0.499465 0 0
0-0-1-1-0-0-1-1-0-4-3-5-0-4-3 242448037 0.867414 0.857259 0 0
0-0-1-1-0-0-1-1-0-4-3-5-0-6-4 15758734 0.795378 0.786434 0 0
0-0-1-1-0-0-1-1-0-6-4-7-0-0-1 277704 0.793632 0.759651 0 0
0-0-1-1-0-0-1-1-0-6-4-7-0-2-2 13954626 0.804355 0.761159 0 0
0-0-1-1-0-0-1-1-0-6-4-7-0-4-3 264536355 1.37002 1.35494 0 0
0-0-1-1-0-0-1-1-0-6-4-7-0-6-4 15794415 1.28086 1.24373 0 0
0-0-1-1-0-2-2-3-0-0-1-1-0-0-1 277704 0.6642 0.613806 0 0
0-0-1-1-0-2-2-3-0-0-1-1-0-2-2 13954626 0.603135 0.56525 0 0
0-0-1-1-0-2-2-3-0-0-1-1-0-4-3 264547773 1.07215 1.0458 0 0
0-0-1-1-0-2-2-3-0-0-1-1-0-6-4 15794415 0.936668 0.902026 0 0
0-0-1-1-0-2-2-3-0-2-2-3-0-0-1 277704 0.580716 0.531787 0 0
0-0-1-1-0-2-2-3-0-2-2-3-0-2-2 11426723 0.558559 0.53146 0 0
0-0-1-1-0-2-2-3-0-2-2-3-0-4-3 262992233 1.07955 1.06075 0 0
0-0-1-1-0-2-2-3-0-2-2-3-0-6-4 15794415 1.03826 0.997177 0 0
0-0-1-1-0-2-2-3-0-4-3-5-0-0-1 277704 1.58983 1.54705 0 0
0-0-1-1-0-2-2-3-0-4-3-5-0-2-2 13954626 1.57882 1.54155 0 0
0-0-1-1-0-2-2-3-0-4-3-5-0-4-3 264272027 2.07308 2.05171 0 0
0-0-1-1-0-2-2-3-0-4-3-5-0-6-4 15794415 1.99318 1.95467 0 0
0-0-1-1-0-2-2-3-0-6-4-7-0-0-1 277704 1.33325 1.29965 0 0
0-0-1-1-0-2-2-3-0-6-4-7-0-2-2 13954626 1.3437 1.30325 0 0
0-0-1-1-0-2-2-3-0-6-4-7-0-4-3 264547773 1.84106 1.81952 0 0
0-0-1-1-0-2-2-3-0-6-4-7-0-6-4 15794415 1.77934 1.74267 0 0
0-0-1-1-0-4-3-5-0-0-1-1-0-0-1 277704 0.701273 0.677542 0 0
0-0-1-1-0-4-3-5-0-0-1-1-0-2-2 13954626 0.715888 0.695347 0 0
0-0-1-1-0-4-3-5-0-0-1-1-0-4-3 264547773 1.16197 1.14939 0 0
0-0-1-1-0-4-3-5-0-0-1-1-0-6-4 15794415 1.08786 1.06457 0 0
0-0-1-1-0-4-3-5-0-2-2-3-0-0-1 277704 0.710353 0.688265 0 0
0-0-1-1-0-4-3-5-0-2-2-3-0-2-2 13373259 0.73775 0.711405 0 0
0-0-1-1-0-4-3-5-0-2-2-3-0-4-3 264534436 1.22972 1.21964 0 0
0-0-1-1-0-4-3-5-0-2-2-3-0-6-4 15794415 1.18109 1.14482 0 0
0-0-1-1-0-4-3-5-0-4-3-5-0-0-1 277704 1.5672 1.52894 0 0
0-0-1-1-0-4-3-5-0-4-3-5-0-2-2 13954626 1.59733 1.56026 0 0
0-0-1-1-0-4-3-5-0-4-3-5-0-4-3 254851812 2.0966 2.05313 0 0
0-0-1-1-0-4-3-5-0-4-3-5-0-6-4 15794415 2.02798 1.98669 0 0
0-0-1-1-0-4-3-5-0-6-4-7-0-0-1 277704 1.34906 1.32293 0 0
0-0-1-1-0-4-3-5-0-6-4-7-0-2-2 13954626 1.35657 1.33255 0 0
0-0-1-1-0-4-3-5-0-6-4-7-0-4-3 264547773 1.82814 1.81846 0 0
0-0-1-1-0-4-3-5-0-6-4-7-0-6-4 15794415 1.79477 1.76275 0 0
0-0-1-1-0-6-4-7-0-0-1-1-0-0-1 277704 0.983005 0.943079 0 0
0-0-1-1-0-6-4-7-0-0-1-1-0-2-2 13954626 0.984425 0.948385 0 0
0-0-1-1-0-6-4-7-0-0-1-1-0-4-3 264547773 1.37501 1.35059 0 0
0-0-1-1-0-6-4-7-0-0-1-1-0-6-4 15794415 1.32007 1.27613 0 0
0-0-1-1-0-6-4-7-0-2-2-3-0-0-1 277704 0.986584 0.947133 0 0
0-0-1-1-0-6-4-7-0-2-2-3-0-2-2 13954626 0.998921 0.956049 0 0
0-0-1-1-0-6-4-7-0-2-2-3-0-4-3 264547773 1.46802 1.44161 0 0
0-0-1-1-0-6-4-7-0-2-2-3-0-6-4 15794415 1.43541 1.3973 0 0
0-0-1-1-0-6-4-7-0-4-3-5-0-0-1 277704 1.97991 1.94364 0 0
0-0-1-1-0-6-4-7-0-4-3-5-0-2-2 13954626 1.97377 1.93721 0 0
0-0-1-1-0-6-4-7-0-4-3-5-0-4-3 264536355 2.43135 2.42176 0 0
0-0-1-1-0-6-4-7-0-4-3-5-0-6-4 15794415 2.41303 2.37131 0 0
0-0-1-1-0-6-4-7-0-6-4-7-0-0-1 277704 1.76814 1.72433 0 0
0-0-1-1-0-6-4-7-0-6-4-7-0-2-2 13954626 1.79938 1.75657 0 0
0-0-1-1-0-6-4-7-0-6-4-7-0-4-3 264547773 2.24699 2.21628 0 0
0-0-1-1-0-6-4-7-0-6-4-7-0-6-4 15794415 2.19063 2.14699 0 0
0-2-2-3-0-0-1-1-0-0-1-1-0-0-1 269979 0.521551 0.480995 0 0
0-2-2-3-0-0-1-1-0-0-1-1-0-2-2 13942082 0.546812 0.503568 0 0
0-2-2-3-0-0-1-1-0-0-1-1-0-4-3 261068775 1.05387 0.997755 0 0
0-2-2-3-0-0-1-1-0-0-1-1-0-6-4 15794087 0.951179 0.891036 0 0
0-2-2-3-0-0-1-1-0-2-2-3-0-0-1 277704 0.599806 0.529113 0 0
0-2-2-3-0-0-1-1-0-2-2-3-0-2-2 13942082 0.609439 0.543518 0 0
0-2-2-3-0-0-1-1-0-2-2-3-0-4-3 264546361 1.11309 1.08709 0 0
0-2-2-3-0-0-1-1-0-2-2-3-0-6-4 15794415 1.02588 0.968115 0 0
0-2-2-3-0-0-1-1-0-4-3-5-0-0-1 277704 1.6201 1.50598 0 0
0-2-2-3-0-0-1-1-0-4-3-5-0-2-2 13950086 1.5601 1.51091 0 0
0-2-2-3-0-0-1-1-0-4-3-5-0-4-3 264223483 2.05807 2.03012 0 0
0-2-2-3-0-0-1-1-0-4-3-5-0-6-4 15794374 2.03226 1.96089 0 0
0-2-2-3-0-0-1-1-0-6-4-7-0-0-1 277704 1.29629 1.24646 0 0
0-2-2-3-0-0-1-1-0-6-4-7-0-2-2 13954626 1.32048 1.25686 0 0
0-2-2-3-0-0-1-1-0-6-4-7-0-4-3 264547768 1.86175 1.83622 0 0
0-2-2-3-0-0-1-1-0-6-4-7-0-6-4 15794415 1.70679 1.65046 0 0
0-2-2-3-0-2-2-3-0-0-1-1-0-0-1 269979 0.31872 0.270211 0 0
0-2-2-3-0-2-2-3-0-0-1-1-0-2-2 13942082 0.311245 0.281518 0 0
0-2-2-3-0-2-2-3-0-0-1-1-0-4-3 261068775 0.799035 0.787558 0 0
0-2-2-3-0-2-2-3-0-0-1-1-0-6-4 15794087 0.666907 0.646834 0 0
0-2-2-3-0-2-2-3-0-2-2-3-0-0-1 269979 0.026135 0.012678 0 0
0-2-2-3-0-2-2-3-0-2-2-3-0-2-2 34713 0.017496 0.010269 0 0
0-2-2-3-0-2-2-3-0-2-2-3-0-4-3 18178411 0.027232 0.021372 0 0
0-2-2-3-0-2-2-3-0-2-2-3-0-6-4 10219172 0.023413 0.017459 0 0
0-2-2-3-0-2-2-3-0-4-3-5-0-0-1 277212 0.245023 0.234982 0 0
0-2-2-3-0-2-2-3-0-4-3-5-0-2-2 12401496 0.263555 0.253802 0 0
0-2-2-3-0-2-2-3-0-4-3-5-0-4-3 223199128 0.529089 0.519194 0 0
0-2-2-3-0-2-2-3-0-4-3-5-0-6-4 15752999 0.484207 0.469413 0 0
0-2-2-3-0-2-2-3-0-6-4-7-0-0-1 277704 0.502417 0.481692 0 0
0-2-2-3-0-2-2-3-0-6-4-7-0-2-2 13689497 0.528078 0.507586 0 0
0-2-2-3-0-2-2-3-0-6-4-7-0-4-3 258664239 1.03033 1.01457 0 0
0-2-2-3-0-2-2-3-0-6-4-7-0-6-4 15792398 0.899985 0.885412 0 0
0-2-2-3-0-4-3-5-0-0-1-1-0-0-1 277212 0.626943 0.526768 0 0
0-2-2-3-0-4-3-5-0-0-1-1-0-2-2 13953539 0.604274 0.546058 0 0
0-2-2-3-0-4-3-5-0-0-1-1-0-4-3 264335304 1.03956 1.02943 0 0
0-2-2-3-0-4-3-5-0-0-1-1-0-6-4 15794372 0.939777 0.896486 0 0
0-2-2-3-0-4-3-5-0-2-2-3-0-0-1 277704 0.599301 0.542966 0 0
0-2-2-3-0-4-3-5-0-2-2-3-0-2-2 12401496 0.558427 0.534572 0 0
0-2-2-3-0-4-3-5-0-2-2-3-0-4-3 263938876 1.14479 1.12207 0 0
0-2-2-3-0-4-3-5-0-2-2-3-0-6-4 15794338 1.01807 0.983395 0 0
0-2-2-3-0-4-3-5-0-4-3-5-0-0-1 277704 1.28791 1.25657 0 0
0-2-2-3-0-4-3-5-0-4-3-5-0-2-2 13942369 1.29126 1.25487 0 0
0-2-2-3-0-4-3-5-0-4-3-5-0-4-3 252870735 1.84418 1.80999 0 0
0-2-2-3-0-4-3-5-0-4-3-5-0-6-4 15794351 1.76776 1.73602 0 0
0-2-2-3-0-4-3-5-0-6-4-7-0-0-1 277704 1.22004 1.11204 0 0
0-2-2-3-0-4-3-5-0-6-4-7-0-2-2 13954500 1.17854 1.12316 0 0
0-2-2-3-0-4-3-5-0-6-4-7-0-4-3 264545259 1.69108 1.67292 0 0
0-2-2-3-0-4-3-5-0-6-4-7-0-6-4 15794413 1.59582 1.52983 0 0
0-2-2-3-0-6-4-7-0-0-1-1-0-0-1 277704 0.86022 0.765228 0 0
0-2-2-3-0-6-4-7-0-0-1-1-0-2-2 13954626 0.837919 0.781606 0 0
0-2-2-3-0-6-4-7-0-0-1-1-0-4-3 264547773 1.2993 1.27529 0 0
0-2-2-3-0-6-4-7-0-0-1-1-0-6-4 15794415 1.20012 1.13735 0 0
0-2-2-3-0-6-4-7-0-2-2-3-0-0-1 277704 0.853956 0.76847 0 0
0-2-2-3-0-6-4-7-0-2-2-3-0-2-2 13689497 0.850922 0.787914 0 0
0-2-2-3-0-6-4-7-0-2-2-3-0-4-3 264526605 1.43054 1.40774 0 0
0-2-2-3-0-6-4-7-0-2-2-3-0-6-4 15794414 1.2635 1.19874 0 0
0-2-2-3-0-6-4-7-0-4-3-5-0-0-1 277704 1.96931 1.79793 0 0
0-2-2-3-0-6-4-7-0-4-3-5-0-2-2 13953921 2.03987 1.86916 0 0
0-2-2-3-0-6-4-7-0-4-3-5-0-4-3 261395656 2.3663 2.32644 0 0
0-2-2-3-0-6-4-7-0-4-3-5-0-6-4 15794415 2.44626 2.26491 0 0
0-2-2-3-0-6-4-7-0-6-4-7-0-0-1 277704 1.58818 1.49089 0 0
0-2-2-3-0-6-4-7-0-6-4-7-0-2-2 13954626 1.55514 1.49215 0 0
0-2-2-3-0-6-4-7-0-6-4-7-0-4-3 264547767 2.11378 2.09964 0 0
0-2-2-3-0-6-4-7-0-6-4-7-0-6-4 15794415 2.03946 1.94964 0 0
0-4-3-5-0-0-1-1-0-0-1-1-0-0-1 125547 0.249624 0.232168 0 0
0-4-3-5-0-0-1-1-0-0-1-1-0-2-2 13103489 0.270839 0.249658 0 0
0-4-3-5-0-0-1-1-0-0-1-1-0-4-3 159103520 0.474943 0.459485 0 0
0-4-3-5-0-0-1-1-0-0-1-1-0-6-4 15740985 0.436164 0.41807 0 0
0-4-3-5-0-0-1-1-0-2-2-3-0-0-1 277704 0.56384 0.453268 0 0
0-4-3-5-0-0-1-1-0-2-2-3-0-2-2 13103489 0.522809 0.465661 0 0
0-4-3-5-0-0-1-1-0-2-2-3-0-4-3 264299335 1.02827 1.01796 0 0
0-4-3-5-0-0-1-1-0-2-2-3-0-6-4 15794415 0.979296 0.903422 0 0
0-4-3-5-0-0-1-1-0-4-3-5-0-0-1 277704 0.983788 0.922741 0 0
0-4-3-5-0-0-1-1-0-4-3-5-0-2-2 13749399 0.955552 0.93593 0 0
0-4-3-5-0-0-1-1-0-4-3-5-0-4-3 254223236 1.42196 1.39237 0 0
0-4-3-5-0-0-1-1-0-4-3-5-0-6-4 15784512 1.33013 1.3057 0 0
0-4-3-5-0-0-1-1-0-6-4-7-0-0-1 277704 1.11204 0.944452 0 0
0-4-3-5-0-0-1-1-0-6-4-7-0-2-2 13954626 1.02755 0.966244 0 0
0-4-3-5-0-0-1-1-0-6-4-7-0-4-3 264545622 1.53341 1.50699 0 0
0-4-3-5-0-0-1-1-0-6-4-7-0-6-4 15794415 1.43964 1.36795 0 0
0-4-3-5-0-2-2-3-0-0-1-1-0-0-1 277597 0.545999 0.393548 0 0
0-4-3-5-0-2-2-3-0-0-1-1-0-2-2 13954538 0.473164 0.41581 0 0
0-4-3-5-0-2-2-3-0-0-1-1-0-4-3 264505054 0.934702 0.923976 0 0
0-4-3-5-0-2-2-3-0-0-1-1-0-6-4 15794415 0.816183 0.775728 0 0
0-4-3-5-0-2-2-3-0-2-2-3-0-0-1 277597 0.190722 0.173618 0 0
0-4-3-5-0-2-2-3-0-2-2-3-0-2-2 1807215 0.186839 0.176196 0 0
0-4-3-5-0-2-2-3-0-2-2-3-0-4-3 186718068 0.412622 0.403876 0 0
0-4-3-5-0-2-2-3-0-2-2-3-0-6-4 15662521 0.366121 0.34815 0 0
0-4-3-5-0-2-2-3-0-4-3-5-0-0-1 277704 1.11716 1.05665 0 0
0-4-3-5-0-2-2-3-0-4-3-5-0-2-2 13920727 1.10362 1.0563 0 0
0-4-3-5-0-2-2-3-0-4-3-5-0-4-3 256552028 1.61112 1.57726 0 0
0-4-3-5-0-2-2-3-0-4-3-5-0-6-4 15793767 1.50783 1.4768 0 0
0-4-3-5-0-2-2-3-0-6-4-7-0-0-1 277704 1.02597 0.881317 0 0
0-4-3-5-0-2-2-3-0-6-4-7-0-2-2 13952209 0.975548 0.915572 0 0
0-4-3-5-0-2-2-3-0-6-4-7-0-4-3 264488100 1.49751 1.4771 0 0
0-4-3-5-0-2-2-3-0-6-4-7-0-6-4 15794397 1.41195 1.33239 0 0
0-4-3-5-0-4-3-5-0-0-1-1-0-0-1 273654 0.7261 0.601116 0 0
0-4-3-5-0-4-3-5-0-0-1-1-0-2-2 13920168 0.648651 0.611056 0 0
0-4-3-5-0-4-3-5-0-0-1-1-0-4-3 261568906 1.10829 1.08907 0 0
0-4-3-5-0-4-3-5-0-0-1-1-0-6-4 15792180 1.02679 0.987433 0 0
0-4-3-5-0-4-3-5-0-2-2-3-0-0-1 277611 0.707254 0.623441 0 0
0-4-3-5-0-4-3-5-0-2-2-3-0-2-2 12620533 0.65382 0.620864 0 0
0-4-3-5-0-4-3-5-0-2-2-3-0-4-3 260987845 1.23621 1.1971 0 0
0-4-3-5-0-4-3-5-0-2-2-3-0-6-4 15743848 1.09705 1.04206 0 0
0-4-3-5-0-4-3-5-0-4-3-5-0-0-1 274950 1.48859 1.41313 0 0
0-4-3-5-0-4-3-5-0-4-3-5-0-2-2 13780903 1.41825 1.37482 0 0
0-4-3-5-0-4-3-5-0-4-3-5-0-4-3 249802666 1.91591 1.88993 0 0
0-4-3-5-0-4-3-5-0-4-3-5-0-6-4 15614461 1.82974 1.79153 0 0
0-4-3-5-0-4-3-5-0-6-4-7-0-0-1 277700 1.28634 1.1843 0 0
0-4-3-5-0-4-3-5-0-6-4-7-0-2-2 13850279 1.27401 1.20486 0 0
0-4-3-5-0-4-3-5-0-6-4-7-0-4-3 263135171 1.79441 1.77413 0 0
0-4-3-5-0-4-3-5-0-6-4-7-0-6-4 15792097 1.69211 1.62989 0 0
0-4-3-5-0-6-4-7-0-0-1-1-0-0-1 277700 0.966007 0.863725 0 0
0-4-3-5-0-6-4-7-0-0-1-1-0-2-2 13954622 0.933057 0.850195 0 0
0-4-3-5-0-6-4-7-0-0-1-1-0-4-3 264547070 1.42397 1.34735 0 0
0-4-3-5-0-6-4-7-0-0-1-1-0-6-4 15794415 1.29582 1.22041 0 0
0-4-3-5-0-6-4-7-0-2-2-3-0-0-1 277704 0.923005 0.835998 0 0
0-4-3-5-0-6-4-7-0-2-2-3-0-2-2 13721768 0.901362 0.858606 0 0
0-4-3-5-0-6-4-7-0-2-2-3-0-4-3 264348044 1.46094 1.42613 0 0
0-4-3-5-0-6-4-7-0-2-2-3-0-6-4 15794371 1.34151 1.28273 0 0
0-4-3-5-0-6-4-7-0-4-3-5-0-0-1 277704 2.0707 1.90391 0 0
0-4-3-5-0-6-4-7-0-4-3-5-0-2-2 13953164 2.03501 1.91329 0 0
0-4-3-5-0-6-4-7-0-4-3-5-0-4-3 263215652 2.48006 2.43695 0 0
0-4-3-5-0-6-4-7-0-4-3-5-0-6-4 15794412 2.48786 2.36557 0 0
0-4-3-5-0-6-4-7-0-6-4-7-0-0-1 277704 1.75534 1.62071 0 0
0-4-3-5-0-6-4-7-0-6-4-7-0-2-2 13954620 1.69986 1.6085 0 0
0-4-3-5-0-6-4-7-0-6-4-7-0-4-3 264547650 2.19618 2.17545 0 0
0-4-3-5-0-6-4-7-0-6-4-7-0-6-4 15794415 2.09275 2.03101 0 0
0-6-4-7-0-0-1-1-0-0-1-1-0-0-1 277619 0.811751 0.608239 0 0
0-6-4-7-0-0-1-1-0-0-1-1-0-2-2 13954551 0.72293 0.614788 0 0
0-6-4-7-0-0-1-1-0-0-1-1-0-4-3 264520476 1.24234 1.13988 0 0
0-6-4-7-0-0-1-1-0-0-1-1-0-6-4 15794415 1.08082 0.9781 0 0
0-6-4-7-0-0-1-1-0-2-2-3-0-0-1 277704 0.67406 0.589239 0 0
0-6-4-7-0-0-1-1-0-2-2-3-0-2-2 13954551 0.720632 0.616636 0 0
0-6-4-7-0-0-1-1-0-2-2-3-0-4-3 264547769 1.23887 1.18002 0 0
0-6-4-7-0-0-1-1-0-2-2-3-0-6-4 15794415 1.10786 1.02531 0 0
0-6-4-7-0-0-1-1-0-4-3-5-0-0-1 277704 1.70142 1.54948 0 0
0-6-4-7-0-0-1-1-0-4-3-5-0-2-2 13954585 1.63428 1.55247 0 0
0-6-4-7-0-0-1-1-0-4-3-5-0-4-3 264544959 2.12342 2.08944 0 0
0-6-4-7-0-0-1-1-0-4-3-5-0-6-4 15794415 2.10033 1.99999 0 0
0-6-4-7-0-0-1-1-0-6-4-7-0-0-1 277704 1.40727 1.27747 0 0
0-6-4-7-0-0-1-1-0-6-4-7-0-2-2 13954626 1.39497 1.29789 0 0
0-6-4-7-0-0-1-1-0-6-4-7-0-4-3 264547773 1.90872 1.86041 0 0
0-6-4-7-0-0-1-1-0-6-4-7-0-6-4 15794415 1.83703 1.71677 0 0
0-6-4-7-0-2-2-3-0-0-1-1-0-0-1 277704 0.660158 0.53854 0 0
0-6-4-7-0-2-2-3-0-0-1-1-0-2-2 13954626 0.626961 0.55012 0 0
0-6-4-7-0-2-2-3-0-0-1-1-0-4-3 264547773 1.1148 1.06367 0 0
0-6-4-7-0-2-2-3-0-0-1-1-0-6-4 15794415 1.01202 0.921725 0 0
0-6-4-7-0-2-2-3-0-2-2-3-0-0-1 277704 0.511788 0.448226 0 0
0-6-4-7-0-2-2-3-0-2-2-3-0-2-2 6345795 0.486655 0.447221 0 0
0-6-4-7-0-2-2-3-0-2-2-3-0-4-3 254483838 0.943642 0.914454 0 0
0-6-4-7-0-2-2-3-0-2-2-3-0-6-4 15792946 0.841763 0.8023 0 0
0-6-4-7-0-2-2-3-0-4-3-5-0-0-1 277704 1.66107 1.48872 0 0
0-6-4-7-0-2-2-3-0-4-3-5-0-2-2 13954585 1.68677 1.51517 0 0
0-6-4-7-0-2-2-3-0-4-3-5-0-4-3 262665496 2.07688 2.03728 0 0
0-6-4-7-0-2-2-3-0-4-3-5-0-6-4 15794415 2.11622 1.93537 0 0
0-6-4-7-0-2-2-3-0-6-4-7-0-0-1 277704 1.36015 1.21432 0 0
0-6-4-7-0-2-2-3-0-6-4-7-0-2-2 13954626 1.36273 1.25716 0 0
0-6-4-7-0-2-2-3-0-6-4-7-0-4-3 264547773 1.83964 1.81501 0 0
0-6-4-7-0-2-2-3-0-6-4-7-0-6-4 15794415 1.76472 1.66975 0 0
0-6-4-7-0-4-3-5-0-0-1-1-0-0-1 277701 1.13453 1.06553 0 0
0-6-4-7-0-4-3-5-0-0-1-1-0-2-2 13954618 1.1205 1.03733 0 0
0-6-4-7-0-4-3-5-0-0-1-1-0-4-3 264546039 1.60219 1.51667 0 0
0-6-4-7-0-4-3-5-0-0-1-1-0-6-4 15794415 1.47264 1.39039 0 0
0-6-4-7-0-4-3-5-0-2-2-3-0-0-1 277704 1.14523 1.0397 0 0
0-6-4-7-0-4-3-5-0-2-2-3-0-2-2 13891951 1.08864 1.03882 0 0
0-6-4-7-0-4-3-5-0-2-2-3-0-4-3 264545893 1.60296 1.57055 0 0
0-6-4-7-0-4-3-5-0-2-2-3-0-6-4 15794415 1.49526 1.45407 0 0
0-6-4-7-0-4-3-5-0-4-3-5-0-0-1 277704 2.17023 2.033 0 0
0-6-4-7-0-4-3-5-0-4-3-5-0-2-2 13954598 2.17379 2.05474 0 0
0-6-4-7-0-4-3-5-0-4-3-5-0-4-3 253260419 2.58755 2.56264 0 0
0-6-4-7-0-4-3-5-0-4-3-5-0-6-4 15794415 2.61113 2.48808 0 0
0-6-4-7-0-4-3-5-0-6-4-7-0-0-1 277704 1.89716 1.81061 0 0
0-6-4-7-0-4-3-5-0-6-4-7-0-2-2 13954626 1.842 1.80609 0 0
0-6-4-7-0-4-3-5-0-6-4-7-0-4-3 264547770 2.38815 2.34836 0 0
0-6-4-7-0-4-3-5-0-6-4-7-0-6-4 15794415 2.30506 2.25805 0 0
0-6-4-7-0-6-4-7-0-0-1-1-0-0-1 277704 1.07587 0.962506 0 0
0-6-4-7-0-6-4-7-0-0-1-1-0-2-2 13954626 1.0959 0.985514 0 0
0-6-4-7-0-6-4-7-0-0-1-1-0-4-3 264547773 1.50371 1.43774 0 0
0-6-4-7-0-6-4-7-0-0-1-1-0-6-4 15794415 1.43711 1.29837 0 0
0-6-4-7-0-6-4-7-0-2-2-3-0-0-1 277704 1.02589 0.944303 0 0
0-6-4-7-0-6-4-7-0-2-2-3-0-2-2 13954431 1.0435 0.938756 0 0
0-6-4-7-0-6-4-7-0-2-2-3-0-4-3 264547772 1.5819 1.5467 0 0
0-6-4-7-0-6-4-7-0-2-2-3-0-6-4 15794415 1.46189 1.35974 0 0
0-6-4-7-0-6-4-7-0-4-3-5-0-0-1 277704 2.12192 2.00966 0 0
0-6-4-7-0-6-4-7-0-4-3-5-0-2-2 13954626 2.10833 1.9933 0 0
0-6-4-7-0-6-4-7-0-4-3-5-0-4-3 264542880 2.5521 2.53283 0 0
0-6-4-7-0-6-4-7-0-4-3-5-0-6-4 15794415 2.56559 2.43097 0 0
0-6-4-7-0-6-4-7-0-6-4-7-0-0-1 277704 1.89289 1.74519 0 0
0-6-4-7-0-6-4-7-0-6-4-7-0-2-2 13954626 1.87468 1.73095 0 0
0-6-4-7-0-6-4-7-0-6-4-7-0-4-3 264547773 2.35137 2.29681 0 0
0-6-4-7-0-6-4-7-0-6-4-7-0-6-4 15794415 2.30517 2.1774 0 0
1-1-0-0-1-1-0-0-1-1-0-0-1-1-0 34713 0.002744 0.001212 0 0
1-1-0-0-1-1-0-0-1-1-0-2-2-3-0 269979 0.003434 0.001624 0 0
1-1-0-0-1-1-0-0-1-1-0-4-3-5-0 125547 0.003893 0.001837 0 0
1-1-0-0-1-1-0-0-1-1-0-6-4-7-0 277619 0.003951 0.002168 0 0
1-1-0-0-1-1-0-2-2-3-0-0-1-1-0 277704 0.002908 0.001523 0 0
1-1-0-0-1-1-0-2-2-3-0-2-2-3-0 269979 0.003019 0.001923 0 0
1-1-0-0-1-1-0-2-2-3-0-4-3-5-0 277597 0.005618 0.003937 0 0
1-1-0-0-1-1-0-2-2-3-0-6-4-7-0 277704 0.005331 0.003208 0 0
1-1-0-0-1-1-0-4-3-5-0-0-1-1-0 277704 0.0038 0.002153 0 0
1-1-0-0-1-1-0-4-3-5-0-2-2-3-0 277212 0.004127 0.002257 0 0
1-1-0-0-1-1-0-4-3-5-0-4-3-5-0 273654 0.005532 0.003943 0 0
1-1-0-0-1-1-0-4-3-5-0-6-4-7-0 277701 0.007074 0.005046 0 0
1-1-0-0-1-1-0-6-4-7-0-0-1-1-0 277704 0.004132 0.002659 0 0
1-1-0-0-1-1-0-6-4-7-0-2-2-3-0 277704 0.004447 0.00287 0 0
1-1-0-0-1-1-0-6-4-7-0-4-3-5-0 277700 0.005637 0.004429 0 0
1-1-0-0-1-1-0-6-4-7-0-6-4-7-0 277704 0.005434 0.003998 0 0
1-1-0-2-2-3-0-0-1-1-0-0-1-1-0 277704 0.003171 0.001902 0 0
1-1-0-2-2-3-0-0-1-1-0-2-2-3-0 277704 0.003119 0.001931 0 0
1-1-0-2-2-3-0-0-1-1-0-4-3-5-0 277704 0.005326 0.003439 0 0
1-1-0-2-2-3-0-0-1-1-0-6-4-7-0 277704 0.005167 0.003604 0 0
1-1-0-2-2-3-0-2-2-3-0-0-1-1-0 277704 0.003547 0.002087 0 0
1-1-0-2-2-3-0-2-2-3-0-2-2-3-0 269979 0.003385 0.002073 0 0
1-1-0-2-2-3-0-2-2-3-0-4-3-5-0 277597 0.005357 0.003809 0 0
1-1-0-2-2-3-0-2-2-3-0-6-4-7-0 277704 0.005469 0.003843 0 0
1-1-0-2-2-3-0-4-3-5-0-0-1-1-0 277704 0.005184 0.003841 0 0
1-1-0-2-2-3-0-4-3-5-0-2-2-3-0 277704 0.006211 0.004577 0 0
1-1-0-2-2-3-0-4-3-5-0-4-3-5-0 277611 0.007646 0.006106 0 0
1-1-0-2-2-3-0-4-3-5-0-6-4-7-0 277704 0.007629 0.006287 0 0
1-1-0-2-2-3-0-6-4-7-0-0-1-1-0 277704 0.00544 0.004034 0 0
1-1-0-2-2-3-0-6-4-7-0-2-2-3-0 277704 0.00512 0.003696 0 0
1-1-0-2-2-3-0-6-4-7-0-4-3-5-0 277704 0.007248 0.005806 0 0
1-1-0-2-2-3-0-6-4-7-0-6-4-7-0 277704 0.006441 0.005105 0 0
1-1-0-4-3-5-0-0-1-1-0-0-1-1-0 277704 0.004068 0.002634 0 0
1-1-0-4-3-5-0-0-1-1-0-2-2-3-0 277704 0.004377 0.00295 0 0
1-1-0-4-3-5-0-0-1-1-0-4-3-5-0 277704 0.006115 0.004673 0 0
1-1-0-4-3-5-0-0-1-1-0-6-4-7-0 277704 0.005655 0.004133 0 0
1-1-0-4-3-5-0-2-2-3-0-0-1-1-0 277704 0.004082 0.00249 0 0
1-1-0-4-3-5-0-2-2-3-0-2-2-3-0 277212 0.004403 0.003005 0 0
1-1-0-4-3-5-0-2-2-3-0-4-3-5-0 277704 0.006743 0.004867 0 0
1-1-0-4-3-5-0-2-2-3-0-6-4-7-0 277704 0.006227 0.004522 0 0
1-1-0-4-3-5-0-4-3-5-0-0-1-1-0 277704 0.00599 0.004553 0 0
1-1-0-4-3-5-0-4-3-5-0-2-2-3-0 277704 0.006143 0.004423 0 0
1-1-0-4-3-5-0-4-3-5-0-4-3-5-0 274950 0.008708 0.006808 0 0
1-1-0-4-3-5-0-4-3-5-0-6-4-7-0 277704 0.008702 0.007055 0 0
1-1-0-4-3-5-0-6-4-7-0-0-1-1-0 277704 0.005514 0.004036 0 0
1-1-0-4-3-5-0-6-4-7-0-2-2-3-0 277704 0.009629 0.004765 0 0
1-1-0-4-3-5-0-6-4-7-0-4-3-5-0 277704 0.008047 0.006453 0 0
1-1-0-4-3-5-0-6-4-7-0-6-4-7-0 277704 0.007554 0.00594 0 0
1-1-0-6-4-7-0-0-1-1-0-0-1-1-0 277704 0.00467 0.003333 0 0
1-1-0-6-4-7-0-0-1-1-0-2-2-3-0 277704 0.004031 0.002755 0 0
1-1-0-6-4-7-0-0-1-1-0-4-3-5-0 277704 0.005954 0.004609 0 0
1-1-0-6-4-7-0-0-1-1-0-6-4-7-0 277704 0.005698 0.004251 0 0
1-1-0-6-4-7-0-2-2-3-0-0-1-1-0 277704 0.004124 0.002632 0 0
1-1-0-6-4-7-0-2-2-3-0-2-2-3-0 277704 0.004168 0.002855 0 0
1-1-0-6-4-7-0-2-2-3-0-4-3-5-0 277704 0.006994 0.005505 0 0
1-1-0-6-4-7-0-2-2-3-0-6-4-7-0 277704 0.006146 0.004593 0 0
1-1-0-6-4-7-0-4-3-5-0-0-1-1-0 277704 0.006351 0.004861 0 0
1-1-0-6-4-7-0-4-3-5-0-2-2-3-0 277704 0.006951 0.005456 0 0
1-1-0-6-4-7-0-4-3-5-0-4-3-5-0 277700 0.008963 0.007228 0 0
1-1-0-6-4-7-0-4-3-5-0-6-4-7-0 277704 0.007827 0.006432 0 0
1-1-0-6-4-7-0-6-4-7-0-0-1-1-0 277704 0.005472 0.004235 0 0
1-1-0-6-4-7-0-6-4-7-0-2-2-3-0 277704 0.005539 0.004202 0 0
1-1-0-6-4-7-0-6-4-7-0-4-3-5-0 277704 0.009585 0.00786 0 0
1-1-0-6-4-7-0-6-4-7-0-6-4-7-0 277704 0.008231 0.006867 0 0
2-3-0-0-1-1-0-0-1-1-0-0-1-1-0 11426723 0.008371 0.006075 0 0
2-3-0-0-1-1-0-0-1-1-0-2-2-3-0 13942082 0.008236 0.006301 0 0
2-3-0-0-1-1-0-0-1-1-0-4-3-5-0 13103489 0.018378 0.015857 0 0
2-3-0-0-1-1-0-0-1-1-0-6-4-7-0 13954551 0.016399 0.01423 0 0
2-3-0-0-1-1-0-2-2-3-0-0-1-1-0 13954626 0.008134 0.006149 0 0
2-3-0-0-1-1-0-2-2-3-0-2-2-3-0 13942082 0.008478 0.006718 0 0
2-3-0-0-1-1-0-2-2-3-0-4-3-5-0 13954538 0.020264 0.018081 0 0
2-3-0-0-1-1-0-2-2-3-0-6-4-7-0 13954626 0.018122 0.016006 0 0
2-3-0-0-1-1-0-4-3-5-0-0-1-1-0 13954626 0.018021 0.015678 0 0
2-3-0-0-1-1-0-4-3-5-0-2-2-3-0 13953539 0.01847 0.016143 0 0
2-3-0-0-1-1-0-4-3-5-0-4-3-5-0 13920168 0.034782 0.032092 0 0
2-3-0-0-1-1-0-4-3-5-0-6-4-7-0 13954618 0.028394 0.025776 0 0
2-3-0-0-1-1-0-6-4-7-0-0-1-1-0 13954626 0.016447 0.014281 0 0
2-3-0-0-1-1-0-6-4-7-0-2-2-3-0 13954626 0.016856 0.014354 0 0
2-3-0-0-1-1-0-6-4-7-0-4-3-5-0 13954622 0.03013 0.027543 0 0
2-3-0-0-1-1-0-6-4-7-0-6-4-7-0 13954626 0.026688 0.023984 0 0
2-3-0-2-2-3-0-0-1-1-0-0-1-1-0 11426723 0.005216 0.003454 0 0
2-3-0-2-2-3-0-0-1-1-0-2-2-3-0 13942082 0.005551 0.003751 0 0
2-3-0-2-2-3-0-0-1-1-0-4-3-5-0 13103489 0.016952 0.014265 0 0
2-3-0-2-2-3-0-0-1-1-0-6-4-7-0 13954551 0.014143 0.011802 0 0
2-3-0-2-2-3-0-2-2-3-0-0-1-1-0 11426723 0.008486 0.001418 0 0
2-3-0-2-2-3-0-2-2-3-0-2-2-3-0 34713 0.006364 0.00088 0 0
2-3-0-2-2-3-0-2-2-3-0-4-3-5-0 1807215 0.007768 0.001654 0 0
2-3-0-2-2-3-0-2-2-3-0-6-4-7-0 6345795 0.005049 0.003069 0 0
2-3-0-2-2-3-0-4-3-5-0-0-1-1-0 13373259 0.005109 0.002625 0 0
2-3-0-2-2-3-0-4-3-5-0-2-2-3-0 12401496 0.005226 0.002735 0 0
2-3-0-2-2-3-0-4-3-5-0-4-3-5-0 12620533 0.012033 0.009419 0 0
2-3-0-2-2-3-0-4-3-5-0-6-4-7-0 13891951 0.012658 0.008185 0 0
2-3-0-2-2-3-0-6-4-7-0-0-1-1-0 13954626 0.006931 0.00466 0 0
2-3-0-2-2-3-0-6-4-7-0-2-2-3-0 13689497 0.0082 0.006094 0 0
2-3-0-2-2-3-0-6-4-7-0-4-3-5-0 13721768 0.020218 0.014509 0 0
2-3-0-2-2-3-0-6-4-7-0-6-4-7-0 13954431 0.014387 0.012236 0 0
2-3-0-4-3-5-0-0-1-1-0-0-1-1-0 13373259 0.007711 0.005011 0 0
2-3-0-4-3-5-0-0-1-1-0-2-2-3-0 13950086 0.00742 0.005003 0 0
2-3-0-4-3-5-0-0-1-1-0-4-3-5-0 13749399 0.020153 0.015754 0 0
2-3-0-4-3-5-0-0-1-1-0-6-4-7-0 13954585 0.016324 0.013603 0 0
2-3-0-4-3-5-0-2-2-3-0-0-1-1-0 13954626 0.008461 0.004776 0 0
2-3-0-4-3-5-0-2-2-3-0-2-2-3-0 12401496 0.010112 0.004896 0 0
2-3-0-4-3-5-0-2-2-3-0-4-3-5-0 13920727 0.019012 0.015981 0 0
2-3-0-4-3-5-0-2-2-3-0-6-4-7-0 13954585 0.016989 0.014234 0 0
2-3-0-4-3-5-0-4-3-5-0-0-1-1-0 13954626 0.014125 0.011499 0 0
2-3-0-4-3-5-0-4-3-5-0-2-2-3-0 13942369 0.019089 0.011913 0 0
2-3-0-4-3-5-0-4-3-5-0-4-3-5-0 13780903 0.030909 0.024696 0 0
2-3-0-4-3-5-0-4-3-5-0-6-4-7-0 13954598 0.023687 0.020878 0 0
2-3-0-4-3-5-0-6-4-7-0-0-1-1-0 13954626 0.01284 0.010331 0 0
2-3-0-4-3-5-0-6-4-7-0-2-2-3-0 13953921 0.012899 0.010509 0 0
2-3-0-4-3-5-0-6-4-7-0-4-3-5-0 13953164 0.026485 0.022344 0 0
2-3-0-4-3-5-0-6-4-7-0-6-4-7-0 13954626 0.02235 0.019704 0 0
2-3-0-6-4-7-0-0-1-1-0-0-1-1-0 13954626 0.009821 0.007425 0 0
2-3-0-6-4-7-0-0-1-1-0-2-2-3-0 13954626 0.009285 0.007094 0 0
2-3-0-6-4-7-0-0-1-1-0-4-3-5-0 13954626 0.022077 0.019706 0 0
2-3-0-6-4-7-0-0-1-1-0-6-4-7-0 13954626 0.022634 0.017001 0 0
2-3-0-6-4-7-0-2-2-3-0-0-1-1-0 13954626 0.009122 0.00674 0 0
2-3-0-6-4-7-0-2-2-3-0-2-2-3-0 13689497 0.010069 0.007842 0 0
2-3-0-6-4-7-0-2-2-3-0-4-3-5-0 13952209 0.021205 0.018749 0 0
2-3-0-6-4-7-0-2-2-3-0-6-4-7-0 13954626 0.019336 0.017225 0 0
2-3-0-6-4-7-0-4-3-5-0-0-1-1-0 13954626 0.018947 0.016477 0 0
2-3-0-6-4-7-0-4-3-5-0-2-2-3-0 13954500 0.020332 0.017577 0 0
2-3-0-6-4-7-0-4-3-5-0-4-3-5-0 13850279 0.033644 0.030643 0 0
2-3-0-6-4-7-0-4-3-5-0-6-4-7-0 13954626 0.029482 0.026335 0 0
2-3-0-6-4-7-0-6-4-7-0-0-1-1-0 13954626 0.016953 0.014666 0 0
2-3-0-6-4-7-0-6-4-7-0-2-2-3-0 13954626 0.016463 0.014525 0 0
2-3-0-6-4-7-0-6-4-7-0-4-3-5-0 13954620 0.032048 0.029188 0 0
2-3-0-6-4-7-0-6-4-7-0-6-4-7-0 13954626 0.028184 0.025669 0 0
3-5-0-0-1-1-0-0-1-1-0-0-1-1-0 66667832 0.031882 0.028571 0 0
3-5-0-0-1-1-0-0-1-1-0-2-2-3-0 261068775 0.048964 0.04527 0 0
3-5-0-0-1-1-0-0-1-1-0-4-3-5-0 159103520 0.117328 0.113771 0 0
3-5-0-0-1-1-0-0-1-1-0-6-4-7-0 264520476 0.142166 0.138673 0 0
3-5-0-0-1-1-0-2-2-3-0-0-1-1-0 264547773 0.089821 0.0846 0 0
3-5-0-0-1-1-0-2-2-3-0-2-2-3-0 261068775 0.0876 0.082436 0 0
3-5-0-0-1-1-0-2-2-3-0-4-3-5-0 264505054 0.29616 0.291714 0 0
3-5-0-0-1-1-0-2-2-3-0-6-4-7-0 264547773 0.252834 0.247046 0 0
3-5-0-0-1-1-0-4-3-5-0-0-1-1-0 264547773 0.142717 0.137334 0 0
3-5-0-0-1-1-0-4-3-5-0-2-2-3-0 264335304 0.143783 0.138943 0 0
3-5-0-0-1-1-0-4-3-5-0-4-3-5-0 261568906 0.332202 0.326712 0 0
3-5-0-0-1-1-0-4-3-5-0-6-4-7-0 264546039 0.28873 0.283505 0 0
3-5-0-0-1-1-0-6-4-7-0-0-1-1-0 264547773 0.181801 0.175467 0 0
3-5-0-0-1-1-0-6-4-7-0-2-2-3-0 264547773 0.185553 0.178539 0 0
3-5-0-0-1-1-0-6-4-7-0-4-3-5-0 264547070 0.396964 0.392028 0 0
3-5-0-0-1-1-0-6-4-7-0-6-4-7-0 264547773 0.356489 0.34978 0 0
3-5-0-2-2-3-0-0-1-1-0-0-1-1-0 262992233 0.075399 0.071185 0 0
3-5-0-2-2-3-0-0-1-1-0-2-2-3-0 264546361 0.080451 0.075008 0 0
3-5-0-2-2-3-0-0-1-1-0-4-3-5-0 264299335 0.276211 0.271564 0 0
3-5-0-2-2-3-0-0-1-1-0-6-4-7-0 264547769 0.240872 0.23584 0 0
3-5-0-2-2-3-0-2-2-3-0-0-1-1-0 262992233 0.031746 0.02751 0 0
3-5-0-2-2-3-0-2-2-3-0-2-2-3-0 18178411 0.018692 0.009273 0 0
3-5-0-2-2-3-0-2-2-3-0-4-3-5-0 186718068 0.104392 0.099497 0 0
3-5-0-2-2-3-0-2-2-3-0-6-4-7-0 254483838 0.118805 0.107697 0 0
3-5-0-2-2-3-0-4-3-5-0-0-1-1-0 264534436 0.140739 0.135033 0 0
3-5-0-2-2-3-0-4-3-5-0-2-2-3-0 263938876 0.142008 0.137406 0 0
3-5-0-2-2-3-0-4-3-5-0-4-3-5-0 260987845 0.343797 0.335232 0 0
3-5-0-2-2-3-0-4-3-5-0-6-4-7-0 264545893 0.300444 0.292261 0 0
3-5-0-2-2-3-0-6-4-7-0-0-1-1-0 264547773 0.153557 0.148003 0 0
3-5-0-2-2-3-0-6-4-7-0-2-2-3-0 264526605 0.16508 0.158272 0 0
3-5-0-2-2-3-0-6-4-7-0-4-3-5-0 264348044 0.375692 0.36938 0 0
3-5-0-2-2-3-0-6-4-7-0-6-4-7-0 264547772 0.33903 0.33108 0 0
3-5-0-4-3-5-0-0-1-1-0-0-1-1-0 242448037 0.093517 0.088262 0 0
3-5-0-4-3-5-0-0-1-1-0-2-2-3-0 264223483 0.096387 0.09156 0 0
3-5-0-4-3-5-0-0-1-1-0-4-3-5-0 254223236 0.280737 0.275388 0 0
3-5-0-4-3-5-0-0-1-1-0-6-4-7-0 264544959 0.246494 0.241354 0 0
3-5-0-4-3-5-0-2-2-3-0-0-1-1-0 264272027 0.094813 0.084022 0 0
3-5-0-4-3-5-0-2-2-3-0-2-2-3-0 223199128 0.094413 0.087964 0 0
3-5-0-4-3-5-0-2-2-3-0-4-3-5-0 256552028 0.282206 0.276878 0 0
3-5-0-4-3-5-0-2-2-3-0-6-4-7-0 262665496 0.240321 0.234918 0 0
3-5-0-4-3-5-0-4-3-5-0-0-1-1-0 254851812 0.210258 0.205166 0 0
3-5-0-4-3-5-0-4-3-5-0-2-2-3-0 252870735 0.21091 0.205975 0 0
3-5-0-4-3-5-0-4-3-5-0-4-3-5-0 249802666 0.405765 0.400249 0 0
3-5-0-4-3-5-0-4-3-5-0-6-4-7-0 253260419 0.369373 0.363467 0 0
3-5-0-4-3-5-0-6-4-7-0-0-1-1-0 264536355 0.201544 0.19386 0 0
3-5-0-4-3-5-0-6-4-7-0-2-2-3-0 261395656 0.192864 0.186292 0 0
3-5-0-4-3-5-0-6-4-7-0-4-3-5-0 263215652 0.405878 0.400287 0 0
3-5-0-4-3-5-0-6-4-7-0-6-4-7-0 264542880 0.361272 0.354306 0 0
3-5-0-6-4-7-0-0-1-1-0-0-1-1-0 264536355 0.14894 0.143328 0 0
3-5-0-6-4-7-0-0-1-1-0-2-2-3-0 264547768 0.154129 0.147197 0 0
3-5-0-6-4-7-0-0-1-1-0-4-3-5-0 264545622 0.349733 0.344466 0 0
3-5-0-6-4-7-0-0-1-1-0-6-4-7-0 264547773 0.302011 0.295174 0 0
3-5-0-6-4-7-0-2-2-3-0-0-1-1-0 264547773 0.149501 0.143777 0 0
3-5-0-6-4-7-0-2-2-3-0-2-2-3-0 258664239 0.148483 0.143382 0 0
3-5-0-6-4-7-0-2-2-3-0-4-3-5-0 264488100 0.353068 0.347996 0 0
3-5-0-6-4-7-0-2-2-3-0-6-4-7-0 264547773 0.324443 0.318141 0 0
3-5-0-6-4-7-0-4-3-5-0-0-1-1-0 264547773 0.331212 0.323578 0 0
3-5-0-6-4-7-0-4-3-5-0-2-2-3-0 264545259 0.343907 0.338419 0 0
3-5-0-6-4-7-0-4-3-5-0-4-3-5-0 263135171 0.557924 0.55192 0 0
3-5-0-6-4-7-0-4-3-5-0-6-4-7-0 264547770 0.504352 0.497566 0 0
3-5-0-6-4-7-0-6-4-7-0-0-1-1-0 264547773 0.297198 0.289695 0 0
3-5-0-6-4-7-0-6-4-7-0-2-2-3-0 264547767 0.30064 0.292523 0 0
3-5-0-6-4-7-0-6-4-7-0-4-3-5-0 264547650 0.52827 0.522833 0 0
3-5-0-6-4-7-0-6-4-7-0-6-4-7-0 264547773 0.475506 0.465851 0 0
4-7-0-0-1-1-0-0-1-1-0-0-1-1-0 15626706 0.009081 0.007246 0 0
4-7-0-0-1-1-0-0-1-1-0-2-2-3-0 15794087 0.009364 0.007423 0 0
4-7-0-0-1-1-0-0-1-1-0-4-3-5-0 15740985 0.022255 0.019038 0 0
4-7-0-0-1-1-0-0-1-1-0-6-4-7-0 15794415 0.018413 0.016437 0 0
4-7-0-0-1-1-0-2-2-3-0-0-1-1-0 15794415 0.008934 0.007339 0 0
4-7-0-0-1-1-0-2-2-3-0-2-2-3-0 15794087 0.009139 0.007388 0 0
4-7-0-0-1-1-0-2-2-3-0-4-3-5-0 15794415 0.023148 0.020807 0 0
4-7-0-0-1-1-0-2-2-3-0-6-4-7-0 15794415 0.021463 0.019364 0 0
4-7-0-0-1-1-0-4-3-5-0-0-1-1-0 15794415 0.023564 0.020945 0 0
4-7-0-0-1-1-0-4-3-5-0-2-2-3-0 15794372 0.023149 0.020629 0 0
4-7-0-0-1-1-0-4-3-5-0-4-3-5-0 15792180 0.038721 0.035911 0 0
4-7-0-0-1-1-0-4-3-5-0-6-4-7-0 15794415 0.033436 0.030619 0 0
4-7-0-0-1-1-0-6-4-7-0-0-1-1-0 15794415 0.018894 0.016336 0 0
4-7-0-0-1-1-0-6-4-7-0-2-2-3-0 15794415 0.018852 0.016549 0 0
4-7-0-0-1-1-0-6-4-7-0-4-3-5-0 15794415 0.032395 0.02972 0 0
4-7-0-0-1-1-0-6-4-7-0-6-4-7-0 15794415 0.028911 0.027152 0 0
4-7-0-2-2-3-0-0-1-1-0-0-1-1-0 15794415 0.008023 0.006303 0 0
4-7-0-2-2-3-0-0-1-1-0-2-2-3-0 15794415 0.008019 0.006271 0 0
4-7-0-2-2-3-0-0-1-1-0-4-3-5-0 15794415 0.022103 0.019915 0 0
4-7-0-2-2-3-0-0-1-1-0-6-4-7-0 15794415 0.017384 0.015702 0 0
4-7-0-2-2-3-0-2-2-3-0-0-1-1-0 15794415 0.006517 0.004961 0 0
4-7-0-2-2-3-0-2-2-3-0-2-2-3-0 10219172 0.006341 0.004652 0 0
4-7-0-2-2-3-0-2-2-3-0-4-3-5-0 15662521 0.018547 0.016391 0 0
4-7-0-2-2-3-0-2-2-3-0-6-4-7-0 15792946 0.016192 0.014028 0 0
4-7-0-2-2-3-0-4-3-5-0-0-1-1-0 15794415 0.020124 0.017711 0 0
4-7-0-2-2-3-0-4-3-5-0-2-2-3-0 15794338 0.021171 0.018317 0 0
4-7-0-2-2-3-0-4-3-5-0-4-3-5-0 15743848 0.035372 0.031949 0 0
4-7-0-2-2-3-0-4-3-5-0-6-4-7-0 15794415 0.031385 0.028986 0 0
4-7-0-2-2-3-0-6-4-7-0-0-1-1-0 15794415 0.017498 0.015688 0 0
4-7-0-2-2-3-0-6-4-7-0-2-2-3-0 15794414 0.018023 0.015698 0 0
4-7-0-2-2-3-0-6-4-7-0-4-3-5-0 15794371 0.031074 0.028489 0 0
4-7-0-2-2-3-0-6-4-7-0-6-4-7-0 15794415 0.028377 0.026175 0 0
4-7-0-4-3-5-0-0-1-1-0-0-1-1-0 15758734 0.015567 0.01309 0 0
4-7-0-4-3-5-0-0-1-1-0-2-2-3-0 15794374 0.014945 0.012841 0 0
4-7-0-4-3-5-0-0-1-1-0-4-3-5-0 15784512 0.031013 0.027951 0 0
4-7-0-4-3-5-0-0-1-1-0-6-4-7-0 15794415 0.025076 0.022215 0 0
4-7-0-4-3-5-0-2-2-3-0-0-1-1-0 15794415 0.015362 0.012871 0 0
4-7-0-4-3-5-0-2-2-3-0-2-2-3-0 15752999 0.016435 0.013953 0 0
4-7-0-4-3-5-0-2-2-3-0-4-3-5-0 15793767 0.030246 0.026156 0 0
4-7-0-4-3-5-0-2-2-3-0-6-4-7-0 15794415 0.02695 0.024447 0 0
4-7-0-4-3-5-0-4-3-5-0-0-1-1-0 15794415 0.027819 0.025021 0 0
4-7-0-4-3-5-0-4-3-5-0-2-2-3-0 15794351 0.029076 0.02611 0 0
4-7-0-4-3-5-0-4-3-5-0-4-3-5-0 15614461 0.042269 0.038658 0 0
4-7-0-4-3-5-0-4-3-5-0-6-4-7-0 15794415 0.039294 0.036216 0 0
4-7-0-4-3-5-0-6-4-7-0-0-1-1-0 15794415 0.026015 0.023441 0 0
4-7-0-4-3-5-0-6-4-7-0-2-2-3-0 15794415 0.027949 0.025762 0 0
4-7-0-4-3-5-0-6-4-7-0-4-3-5-0 15794412 0.040178 0.037695 0 0
4-7-0-4-3-5-0-6-4-7-0-6-4-7-0 15794415 0.036584 0.034044 0 0
4-7-0-6-4-7-0-0-1-1-0-0-1-1-0 15794415 0.014441 0.012499 0 0
4-7-0-6-4-7-0-0-1-1-0-2-2-3-0 15794415 0.014677 0.012689 0 0
4-7-0-6-4-7-0-0-1-1-0-4-3-5-0 15794415 0.028497 0.025358 0 0
4-7-0-6-4-7-0-0-1-1-0-6-4-7-0 15794415 0.024587 0.021984 0 0
4-7-0-6-4-7-0-2-2-3-0-0-1-1-0 15794415 0.014556 0.012571 0 0
4-7-0-6-4-7-0-2-2-3-0-2-2-3-0 15792398 0.016176 0.014354 0 0
4-7-0-6-4-7-0-2-2-3-0-4-3-5-0 15794397 0.029366 0.027031 0 0
4-7-0-6-4-7-0-2-2-3-0-6-4-7-0 15794415 0.025583 0.023624 0 0
4-7-0-6-4-7-0-4-3-5-0-0-1-1-0 15794415 0.029075 0.02693 0 0
4-7-0-6-4-7-0-4-3-5-0-2-2-3-0 15794413 0.030352 0.027589 0 0
4-7-0-6-4-7-0-4-3-5-0-4-3-5-0 15792097 0.042544 0.03935 0 0
4-7-0-6-4-7-0-4-3-5-0-6-4-7-0 15794415 0.047662 0.037234 0 0
4-7-0-6-4-7-0-6-4-7-0-0-1-1-0 15794415 0.02534 0.023263 0 0
4-7-0-6-4-7-0-6-4-7-0-2-2-3-0 15794415 0.026067 0.024138 0 0
4-7-0-6-4-7-0-6-4-7-0-4-3-5-0 15794415 0.039307 0.036951 0 0
4-7-0-6-4-7-0-6-4-7-0-6-4-7-0 15794415 0.036492 0.034158 0 0
