0-0-1-1-0-0-1-1-0-0-1-1-0-0-1 34713 0.543156 0.531027 0 0
0-0-1-1-0-0-1-1-0-0-1-1-0-2-2 11426723 0.379263 0.3673 0 0
0-0-1-1-0-0-1-1-0-0-1-1-0-4-3 66667832 0.642701 0.627149 0 0
0-0-1-1-0-0-1-1-0-0-1-1-0-6-4 15626706 0.593398 0.56523 0 0
0-0-1-1-0-0-1-1-0-2-2-3-0-0-1 277704 1.45449 1.41514 0 0
0-0-1-1-0-0-1-1-0-2-2-3-0-2-2 11426723 1.19843 1.17536 0 0
0-0-1-1-0-0-1-1-0-2-2-3-0-4-3 262992233 2.87014 2.84176 0 0
0-0-1-1-0-0-1-1-0-2-2-3-0-6-4 15794415 2.381 2.33494 0 0
0-0-1-1-0-0-1-1-0-4-3-5-0-0-1 277704 1.54687 1.52133 0 0
0-0-1-1-0-0-1-1-0-4-3-5-0-2-2 13373259 1.51703 1.49034 0 0
0-0-1-1-0-0-1-1-0-4-3-5-0-4-3 242448037 2.63543 2.60503 0 0
0-0-1-1-0-0-1-1-0-4-3-5-0-6-4 15758734 2.62756 2.59294 0 0
0-0-1-1-0-0-1-1-0-6-4-7-0-0-1 277704 2.47572 2.39766 0 0
0-0-1-1-0-0-1-1-0-6-4-7-0-2-2 13954626 2.44912 2.3929 0 0
0-0-1-1-0-0-1-1-0-6-4-7-0-4-3 264536355 4.14459 4.12059 0 0
0-0-1-1-0-0-1-1-0-6-4-7-0-6-4 15794415 3.80385 3.71108 0 0
0-0-1-1-0-2-2-3-0-0-1-1-0-0-1 277704 1.62438 1.57647 0 0
0-0-1-1-0-2-2-3-0-0-1-1-0-2-2 13954626 1.62801 1.58055 0 0
0-0-1-1-0-2-2-3-0-0-1-1-0-4-3 264547773 2.84947 2.80113 0 0
0-0-1-1-0-2-2-3-0-0-1-1-0-6-4 15794415 2.59713 2.55643 0 0
0-0-1-1-0-2-2-3-0-2-2-3-0-0-1 277704 1.60644 1.56751 0 0
0-0-1-1-0-2-2-3-0-2-2-3-0-2-2 11426723 1.57045 1.53974 0 0
0-0-1-1-0-2-2-3-0-2-2-3-0-4-3 262992233 3.17557 3.14087 0 0
0-0-1-1-0-2-2-3-0-2-2-3-0-6-4 15794415 2.85682 2.82238 0 0
0-0-1-1-0-2-2-3-0-4-3-5-0-0-1 277704 4.71357 4.63638 0 0
0-0-1-1-0-2-2-3-0-4-3-5-0-2-2 13954626 4.64301 4.59217 0 0
0-0-1-1-0-2-2-3-0-4-3-5-0-4-3 264272027 6.31215 6.26605 0 0
0-0-1-1-0-2-2-3-0-4-3-5-0-6-4 15794415 6.08897 6.0218 0 0
0-0-1-1-0-2-2-3-0-6-4-7-0-0-1 277704 4.08054 4.04579 0 0
0-0-1-1-0-2-2-3-0-6-4-7-0-2-2 13954626 3.95196 3.92172 0 0
0-0-1-1-0-2-2-3-0-6-4-7-0-4-3 264547773 5.53688 5.5073 0 0
0-0-1-1-0-2-2-3-0-6-4-7-0-6-4 15794415 5.14694 5.11399 0 0
0-0-1-1-0-4-3-5-0-0-1-1-0-0-1 277704 2.11193 2.0889 0 0
0-0-1-1-0-4-3-5-0-0-1-1-0-2-2 13954626 2.15512 2.12327 0 0
0-0-1-1-0-4-3-5-0-0-1-1-0-4-3 264547773 3.34204 3.31856 0 0
0-0-1-1-0-4-3-5-0-0-1-1-0-6-4 15794415 3.12793 3.09744 0 0
0-0-1-1-0-4-3-5-0-2-2-3-0-0-1 277704 2.09392 2.05787 0 0
0-0-1-1-0-4-3-5-0-2-2-3-0-2-2 13373259 2.35732 2.29909 0 0
0-0-1-1-0-4-3-5-0-2-2-3-0-4-3 264534436 3.99003 3.95489 0 0
0-0-1-1-0-4-3-5-0-2-2-3-0-6-4 15794415 3.37314 3.33585 0 0
0-0-1-1-0-4-3-5-0-4-3-5-0-0-1 277704 4.76863 4.70937 0 0
0-0-1-1-0-4-3-5-0-4-3-5-0-2-2 13954626 4.95727 4.87995 0 0
0-0-1-1-0-4-3-5-0-4-3-5-0-4-3 254851812 6.38122 6.31741 0 0
0-0-1-1-0-4-3-5-0-4-3-5-0-6-4 15794415 6.1949 6.12314 0 0
0-0-1-1-0-4-3-5-0-6-4-7-0-0-1 277704 4.15369 4.11312 0 0
0-0-1-1-0-4-3-5-0-6-4-7-0-2-2 13954626 4.11159 4.07718 0 0
0-0-1-1-0-4-3-5-0-6-4-7-0-4-3 264547773 5.58885 5.5642 0 0
0-0-1-1-0-4-3-5-0-6-4-7-0-6-4 15794415 5.61067 5.57247 0 0
0-0-1-1-0-6-4-7-0-0-1-1-0-0-1 277704 2.74011 2.69367 0 0
0-0-1-1-0-6-4-7-0-0-1-1-0-2-2 13954626 2.87524 2.84352 0 0
0-0-1-1-0-6-4-7-0-0-1-1-0-4-3 264547773 3.95435 3.92445 0 0
0-0-1-1-0-6-4-7-0-0-1-1-0-6-4 15794415 3.80117 3.76809 0 0
0-0-1-1-0-6-4-7-0-2-2-3-0-0-1 277704 2.99308 2.9479 0 0
0-0-1-1-0-6-4-7-0-2-2-3-0-2-2 13954626 3.14805 3.09821 0 0
0-0-1-1-0-6-4-7-0-2-2-3-0-4-3 264547773 4.71751 4.67953 0 0
0-0-1-1-0-6-4-7-0-2-2-3-0-6-4 15794415 4.1589 4.11341 0 0
0-0-1-1-0-6-4-7-0-4-3-5-0-0-1 277704 6.03968 5.98514 0 0
0-0-1-1-0-6-4-7-0-4-3-5-0-2-2 13954626 6.13539 6.06332 0 0
0-0-1-1-0-6-4-7-0-4-3-5-0-4-3 264536355 7.46097 7.4245 0 0
0-0-1-1-0-6-4-7-0-4-3-5-0-6-4 15794415 7.31388 7.26216 0 0
0-0-1-1-0-6-4-7-0-6-4-7-0-0-1 277704 5.21674 5.17102 0 0
0-0-1-1-0-6-4-7-0-6-4-7-0-2-2 13954626 5.46969 5.41621 0 0
0-0-1-1-0-6-4-7-0-6-4-7-0-4-3 264547773 6.75518 6.71702 0 0
0-0-1-1-0-6-4-7-0-6-4-7-0-6-4 15794415 6.53849 6.49264 0 0
0-2-2-3-0-0-1-1-0-0-1-1-0-0-1 269979 1.48277 1.38646 0 0
0-2-2-3-0-0-1-1-0-0-1-1-0-2-2 13942082 1.55181 1.45599 0 0
0-2-2-3-0-0-1-1-0-0-1-1-0-4-3 261068775 2.89844 2.86467 0 0
0-2-2-3-0-0-1-1-0-0-1-1-0-6-4 15794087 2.51432 2.46979 0 0
0-2-2-3-0-0-1-1-0-2-2-3-0-0-1 277704 1.47062 1.40822 0 0
0-2-2-3-0-0-1-1-0-2-2-3-0-2-2 13942082 1.48993 1.44851 0 0
0-2-2-3-0-0-1-1-0-2-2-3-0-4-3 264546361 3.17106 3.1465 0 0
0-2-2-3-0-0-1-1-0-2-2-3-0-6-4 15794415 2.74408 2.68888 0 0
0-2-2-3-0-0-1-1-0-4-3-5-0-0-1 277704 4.43372 4.34299 0 0
0-2-2-3-0-0-1-1-0-4-3-5-0-2-2 13950086 4.32746 4.24972 0 0
0-2-2-3-0-0-1-1-0-4-3-5-0-4-3 264223483 5.90248 5.85724 0 0
0-2-2-3-0-0-1-1-0-4-3-5-0-6-4 15794374 5.55529 5.47819 0 0
0-2-2-3-0-0-1-1-0-6-4-7-0-0-1 277704 3.69079 3.6245 0 0
0-2-2-3-0-0-1-1-0-6-4-7-0-2-2 13954626 3.64587 3.57358 0 0
0-2-2-3-0-0-1-1-0-6-4-7-0-4-3 264547768 5.25341 5.23044 0 0
0-2-2-3-0-0-1-1-0-6-4-7-0-6-4 15794415 4.88992 4.82644 0 0
0-2-2-3-0-2-2-3-0-0-1-1-0-0-1 269979 0.760832 0.736692 0 0
0-2-2-3-0-2-2-3-0-0-1-1-0-2-2 13942082 0.760933 0.739697 0 0
0-2-2-3-0-2-2-3-0-0-1-1-0-4-3 261068775 2.10617 2.08409 0 0
0-2-2-3-0-2-2-3-0-0-1-1-0-6-4 15794087 1.81293 1.79383 0 0
0-2-2-3-0-2-2-3-0-2-2-3-0-0-1 269979 0.050761 0.033977 0 0
0-2-2-3-0-2-2-3-0-2-2-3-0-2-2 34713 0.060822 0.034064 0 0
0-2-2-3-0-2-2-3-0-2-2-3-0-4-3 18178411 0.071001 0.059957 0 0
0-2-2-3-0-2-2-3-0-2-2-3-0-6-4 10219172 0.067851 0.054919 0 0
0-2-2-3-0-2-2-3-0-4-3-5-0-0-1 277212 0.769661 0.751872 0 0
0-2-2-3-0-2-2-3-0-4-3-5-0-2-2 12401496 0.757865 0.738109 0 0
0-2-2-3-0-2-2-3-0-4-3-5-0-4-3 223199128 1.65186 1.63446 0 0
0-2-2-3-0-2-2-3-0-4-3-5-0-6-4 15752999 1.48587 1.46762 0 0
0-2-2-3-0-2-2-3-0-6-4-7-0-0-1 277704 1.57836 1.55526 0 0
0-2-2-3-0-2-2-3-0-6-4-7-0-2-2 13689497 1.60985 1.57879 0 0
0-2-2-3-0-2-2-3-0-6-4-7-0-4-3 258664239 3.08531 3.0643 0 0
0-2-2-3-0-2-2-3-0-6-4-7-0-6-4 15792398 2.73841 2.71018 0 0
0-2-2-3-0-4-3-5-0-0-1-1-0-0-1 277212 1.52227 1.45741 0 0
0-2-2-3-0-4-3-5-0-0-1-1-0-2-2 13953539 1.6314 1.55935 0 0
0-2-2-3-0-4-3-5-0-0-1-1-0-4-3 264335304 3.05044 3.02553 0 0
0-2-2-3-0-4-3-5-0-0-1-1-0-6-4 15794372 2.59991 2.54775 0 0
0-2-2-3-0-4-3-5-0-2-2-3-0-0-1 277704 1.52212 1.48624 0 0
0-2-2-3-0-4-3-5-0-2-2-3-0-2-2 12401496 1.54058 1.51117 0 0
0-2-2-3-0-4-3-5-0-2-2-3-0-4-3 263938876 3.18935 3.1406 0 0
0-2-2-3-0-4-3-5-0-2-2-3-0-6-4 15794338 2.96689 2.92736 0 0
0-2-2-3-0-4-3-5-0-4-3-5-0-0-1 277704 3.90078 3.8564 0 0
0-2-2-3-0-4-3-5-0-4-3-5-0-2-2 13942369 3.94019 3.89967 0 0
0-2-2-3-0-4-3-5-0-4-3-5-0-4-3 252870735 5.71561 5.67031 0 0
0-2-2-3-0-4-3-5-0-4-3-5-0-6-4 15794351 5.60266 5.55358 0 0
0-2-2-3-0-4-3-5-0-6-4-7-0-0-1 277704 3.45156 3.34829 0 0
0-2-2-3-0-4-3-5-0-6-4-7-0-2-2 13954500 3.548 3.46495 0 0
0-2-2-3-0-4-3-5-0-6-4-7-0-4-3 264545259 5.11153 5.07962 0 0
0-2-2-3-0-4-3-5-0-6-4-7-0-6-4 15794413 4.85528 4.75098 0 0
0-2-2-3-0-6-4-7-0-0-1-1-0-0-1 277704 2.26562 2.19773 0 0
0-2-2-3-0-6-4-7-0-0-1-1-0-2-2 13954626 2.33655 2.28346 0 0
0-2-2-3-0-6-4-7-0-0-1-1-0-4-3 264547773 3.4683 3.43492 0 0
0-2-2-3-0-6-4-7-0-0-1-1-0-6-4 15794415 3.36552 3.30766 0 0
0-2-2-3-0-6-4-7-0-2-2-3-0-0-1 277704 2.30528 2.22049 0 0
0-2-2-3-0-6-4-7-0-2-2-3-0-2-2 13689497 2.43823 2.36942 0 0
0-2-2-3-0-6-4-7-0-2-2-3-0-4-3 264526605 3.90228 3.86919 0 0
0-2-2-3-0-6-4-7-0-2-2-3-0-6-4 15794414 3.57356 3.5063 0 0
0-2-2-3-0-6-4-7-0-4-3-5-0-0-1 277704 5.4398 5.30537 0 0
0-2-2-3-0-6-4-7-0-4-3-5-0-2-2 13953921 5.4745 5.36235 0 0
0-2-2-3-0-6-4-7-0-4-3-5-0-4-3 261395656 7.25117 7.14649 0 0
0-2-2-3-0-6-4-7-0-4-3-5-0-6-4 15794415 7.00588 6.89458 0 0
0-2-2-3-0-6-4-7-0-6-4-7-0-0-1 277704 4.78915 4.7008 0 0
0-2-2-3-0-6-4-7-0-6-4-7-0-2-2 13954626 4.92258 4.83204 0 0
0-2-2-3-0-6-4-7-0-6-4-7-0-4-3 264547767 6.6063 6.56824 0 0
0-2-2-3-0-6-4-7-0-6-4-7-0-6-4 15794415 6.22256 6.14601 0 0
0-4-3-5-0-0-1-1-0-0-1-1-0-0-1 125547 0.718459 0.690469 0 0
0-4-3-5-0-0-1-1-0-0-1-1-0-2-2 13103489 0.702963 0.685117 0 0
0-4-3-5-0-0-1-1-0-0-1-1-0-4-3 159103520 1.40134 1.38307 0 0
0-4-3-5-0-0-1-1-0-0-1-1-0-6-4 15740985 1.22979 1.19689 0 0
0-4-3-5-0-0-1-1-0-2-2-3-0-0-1 277704 1.32426 1.22552 0 0
0-4-3-5-0-0-1-1-0-2-2-3-0-2-2 13103489 1.32562 1.25266 0 0
0-4-3-5-0-0-1-1-0-2-2-3-0-4-3 264299335 3.00138 2.97789 0 0
0-4-3-5-0-0-1-1-0-2-2-3-0-6-4 15794415 2.76225 2.63918 0 0
0-4-3-5-0-0-1-1-0-4-3-5-0-0-1 277704 2.7344 2.70629 0 0
0-4-3-5-0-0-1-1-0-4-3-5-0-2-2 13749399 2.8415 2.81198 0 0
0-4-3-5-0-0-1-1-0-4-3-5-0-4-3 254223236 4.31107 4.28124 0 0
0-4-3-5-0-0-1-1-0-4-3-5-0-6-4 15784512 4.15666 4.12432 0 0
0-4-3-5-0-0-1-1-0-6-4-7-0-0-1 277704 3.05168 2.95772 0 0
0-4-3-5-0-0-1-1-0-6-4-7-0-2-2 13954626 3.16534 3.08424 0 0
0-4-3-5-0-0-1-1-0-6-4-7-0-4-3 264545622 4.52219 4.49873 0 0
0-4-3-5-0-0-1-1-0-6-4-7-0-6-4 15794415 4.28656 4.1878 0 0
0-4-3-5-0-2-2-3-0-0-1-1-0-0-1 277597 1.07664 0.979441 0 0
0-4-3-5-0-2-2-3-0-0-1-1-0-2-2 13954538 1.10378 1.03314 0 0
0-4-3-5-0-2-2-3-0-0-1-1-0-4-3 264505054 2.43978 2.41899 0 0
0-4-3-5-0-2-2-3-0-0-1-1-0-6-4 15794415 2.22118 2.17748 0 0
0-4-3-5-0-2-2-3-0-2-2-3-0-0-1 277597 0.529392 0.50635 0 0
0-4-3-5-0-2-2-3-0-2-2-3-0-2-2 1807215 0.525622 0.507718 0 0
0-4-3-5-0-2-2-3-0-2-2-3-0-4-3 186718068 1.27086 1.24921 0 0
0-4-3-5-0-2-2-3-0-2-2-3-0-6-4 15662521 1.09657 1.07737 0 0
0-4-3-5-0-2-2-3-0-4-3-5-0-0-1 277704 3.21909 3.1884 0 0
0-4-3-5-0-2-2-3-0-4-3-5-0-2-2 13920727 3.31269 3.24236 0 0
0-4-3-5-0-2-2-3-0-4-3-5-0-4-3 256552028 4.98947 4.93228 0 0
0-4-3-5-0-2-2-3-0-4-3-5-0-6-4 15793767 4.66169 4.59141 0 0
0-4-3-5-0-2-2-3-0-6-4-7-0-0-1 277704 2.86526 2.74934 0 0
0-4-3-5-0-2-2-3-0-6-4-7-0-2-2 13952209 2.79251 2.71086 0 0
0-4-3-5-0-2-2-3-0-6-4-7-0-4-3 264488100 4.61131 4.57097 0 0
0-4-3-5-0-2-2-3-0-6-4-7-0-6-4 15794397 4.30276 4.21658 0 0
0-4-3-5-0-4-3-5-0-0-1-1-0-0-1 273654 1.80739 1.72161 0 0
0-4-3-5-0-4-3-5-0-0-1-1-0-2-2 13920168 1.97249 1.88238 0 0
0-4-3-5-0-4-3-5-0-0-1-1-0-4-3 261568906 3.17847 3.14935 0 0
0-4-3-5-0-4-3-5-0-0-1-1-0-6-4 15792180 2.98779 2.93239 0 0
0-4-3-5-0-4-3-5-0-2-2-3-0-0-1 277611 1.72151 1.68535 0 0
0-4-3-5-0-4-3-5-0-2-2-3-0-2-2 12620533 1.7804 1.71789 0 0
0-4-3-5-0-4-3-5-0-2-2-3-0-4-3 260987845 3.62507 3.57336 0 0
0-4-3-5-0-4-3-5-0-2-2-3-0-6-4 15743848 3.25976 3.18766 0 0
0-4-3-5-0-4-3-5-0-4-3-5-0-0-1 274950 4.3751 4.33044 0 0
0-4-3-5-0-4-3-5-0-4-3-5-0-2-2 13780903 4.47368 4.40447 0 0
0-4-3-5-0-4-3-5-0-4-3-5-0-4-3 249802666 6.20812 6.15624 0 0
0-4-3-5-0-4-3-5-0-4-3-5-0-6-4 15614461 5.94053 5.88858 0 0
0-4-3-5-0-4-3-5-0-6-4-7-0-0-1 277700 3.98171 3.87885 0 0
0-4-3-5-0-4-3-5-0-6-4-7-0-2-2 13850279 3.95426 3.86345 0 0
0-4-3-5-0-4-3-5-0-6-4-7-0-4-3 263135171 5.53846 5.50489 0 0
0-4-3-5-0-4-3-5-0-6-4-7-0-6-4 15792097 5.21874 5.1264 0 0
0-4-3-5-0-6-4-7-0-0-1-1-0-0-1 277700 2.68512 2.62861 0 0
0-4-3-5-0-6-4-7-0-0-1-1-0-2-2 13954622 2.75395 2.66541 0 0
0-4-3-5-0-6-4-7-0-0-1-1-0-4-3 264547070 4.09645 4.04758 0 0
0-4-3-5-0-6-4-7-0-0-1-1-0-6-4 15794415 3.71389 3.64492 0 0
0-4-3-5-0-6-4-7-0-2-2-3-0-0-1 277704 2.50656 2.42967 0 0
0-4-3-5-0-6-4-7-0-2-2-3-0-2-2 13721768 2.7043 2.64571 0 0
0-4-3-5-0-6-4-7-0-2-2-3-0-4-3 264348044 4.32156 4.29047 0 0
0-4-3-5-0-6-4-7-0-2-2-3-0-6-4 15794371 4.05877 3.99767 0 0
0-4-3-5-0-6-4-7-0-4-3-5-0-0-1 277704 5.92034 5.74092 0 0
0-4-3-5-0-6-4-7-0-4-3-5-0-2-2 13953164 5.86517 5.77855 0 0
0-4-3-5-0-6-4-7-0-4-3-5-0-4-3 263215652 7.3961 7.35521 0 0
0-4-3-5-0-6-4-7-0-4-3-5-0-6-4 15794412 7.30415 7.20376 0 0
0-4-3-5-0-6-4-7-0-6-4-7-0-0-1 277704 4.93868 4.83042 0 0
0-4-3-5-0-6-4-7-0-6-4-7-0-2-2 13954620 5.30793 5.23029 0 0
0-4-3-5-0-6-4-7-0-6-4-7-0-4-3 264547650 6.8265 6.76512 0 0
0-4-3-5-0-6-4-7-0-6-4-7-0-6-4 15794415 6.68596 6.61079 0 0
0-6-4-7-0-0-1-1-0-0-1-1-0-0-1 277619 1.7553 1.63267 0 0
0-6-4-7-0-0-1-1-0-0-1-1-0-2-2 13954551 1.66288 1.5895 0 0
0-6-4-7-0-0-1-1-0-0-1-1-0-4-3 264520476 3.07318 3.00957 0 0
0-6-4-7-0-0-1-1-0-0-1-1-0-6-4 15794415 2.78948 2.69785 0 0
0-6-4-7-0-0-1-1-0-2-2-3-0-0-1 277704 1.61024 1.52321 0 0
0-6-4-7-0-0-1-1-0-2-2-3-0-2-2 13954551 1.68424 1.5862 0 0
0-6-4-7-0-0-1-1-0-2-2-3-0-4-3 264547769 3.34445 3.2871 0 0
0-6-4-7-0-0-1-1-0-2-2-3-0-6-4 15794415 2.91536 2.83726 0 0
0-6-4-7-0-0-1-1-0-4-3-5-0-0-1 277704 4.45316 4.35032 0 0
0-6-4-7-0-0-1-1-0-4-3-5-0-2-2 13954585 4.63392 4.52051 0 0
0-6-4-7-0-0-1-1-0-4-3-5-0-4-3 264544959 6.11106 6.06674 0 0
0-6-4-7-0-0-1-1-0-4-3-5-0-6-4 15794415 5.84188 5.72899 0 0
0-6-4-7-0-0-1-1-0-6-4-7-0-0-1 277704 3.74678 3.66088 0 0
0-6-4-7-0-0-1-1-0-6-4-7-0-2-2 13954626 3.81142 3.72218 0 0
0-6-4-7-0-0-1-1-0-6-4-7-0-4-3 264547773 5.19725 5.14764 0 0
0-6-4-7-0-0-1-1-0-6-4-7-0-6-4 15794415 5.22885 5.1246 0 0
0-6-4-7-0-2-2-3-0-0-1-1-0-0-1 277704 1.51956 1.41593 0 0
0-6-4-7-0-2-2-3-0-0-1-1-0-2-2 13954626 1.54414 1.47919 0 0
0-6-4-7-0-2-2-3-0-0-1-1-0-4-3 264547773 3.06058 2.98528 0 0
0-6-4-7-0-2-2-3-0-0-1-1-0-6-4 15794415 2.62124 2.55449 0 0
0-6-4-7-0-2-2-3-0-2-2-3-0-0-1 277704 1.25044 1.21275 0 0
0-6-4-7-0-2-2-3-0-2-2-3-0-2-2 6345795 1.24458 1.21112 0 0
0-6-4-7-0-2-2-3-0-2-2-3-0-4-3 254483838 2.53071 2.50102 0 0
0-6-4-7-0-2-2-3-0-2-2-3-0-6-4 15792946 2.4405 2.41047 0 0
0-6-4-7-0-2-2-3-0-4-3-5-0-0-1 277704 4.59774 4.50803 0 0
0-6-4-7-0-2-2-3-0-4-3-5-0-2-2 13954585 4.61222 4.50959 0 0
0-6-4-7-0-2-2-3-0-4-3-5-0-4-3 262665496 6.27776 6.18602 0 0
0-6-4-7-0-2-2-3-0-4-3-5-0-6-4 15794415 6.28717 6.19121 0 0
0-6-4-7-0-2-2-3-0-6-4-7-0-0-1 277704 3.64149 3.57253 0 0
0-6-4-7-0-2-2-3-0-6-4-7-0-2-2 13954626 3.74307 3.67236 0 0
0-6-4-7-0-2-2-3-0-6-4-7-0-4-3 264547773 5.36127 5.32755 0 0
0-6-4-7-0-2-2-3-0-6-4-7-0-6-4 15794415 5.15244 5.06851 0 0
0-6-4-7-0-4-3-5-0-0-1-1-0-0-1 277701 3.01061 2.97218 0 0
0-6-4-7-0-4-3-5-0-0-1-1-0-2-2 13954618 3.06318 3.02085 0 0
0-6-4-7-0-4-3-5-0-0-1-1-0-4-3 264546039 4.55661 4.51329 0 0
0-6-4-7-0-4-3-5-0-0-1-1-0-6-4 15794415 4.28388 4.20233 0 0
0-6-4-7-0-4-3-5-0-2-2-3-0-0-1 277704 3.17713 3.10652 0 0
0-6-4-7-0-4-3-5-0-2-2-3-0-2-2 13891951 3.29158 3.25372 0 0
0-6-4-7-0-4-3-5-0-2-2-3-0-4-3 264545893 4.90061 4.85727 0 0
0-6-4-7-0-4-3-5-0-2-2-3-0-6-4 15794415 4.66214 4.60421 0 0
0-6-4-7-0-4-3-5-0-4-3-5-0-0-1 277704 6.25385 6.12938 0 0
0-6-4-7-0-4-3-5-0-4-3-5-0-2-2 13954598 6.28851 6.17801 0 0
0-6-4-7-0-4-3-5-0-4-3-5-0-4-3 253260419 7.98847 7.93637 0 0
0-6-4-7-0-4-3-5-0-4-3-5-0-6-4 15794415 7.7606 7.67582 0 0
0-6-4-7-0-4-3-5-0-6-4-7-0-0-1 277704 5.6136 5.55395 0 0
0-6-4-7-0-4-3-5-0-6-4-7-0-2-2 13954626 5.90819 5.83246 0 0
0-6-4-7-0-4-3-5-0-6-4-7-0-4-3 264547770 7.49683 7.44668 0 0
0-6-4-7-0-4-3-5-0-6-4-7-0-6-4 15794415 7.34162 7.29251 0 0
0-6-4-7-0-6-4-7-0-0-1-1-0-0-1 277704 2.86408 2.78328 0 0
0-6-4-7-0-6-4-7-0-0-1-1-0-2-2 13954626 3.01617 2.89053 0 0
0-6-4-7-0-6-4-7-0-0-1-1-0-4-3 264547773 4.37542 4.32148 0 0
0-6-4-7-0-6-4-7-0-0-1-1-0-6-4 15794415 4.02118 3.89273 0 0
0-6-4-7-0-6-4-7-0-2-2-3-0-0-1 277704 2.95549 2.82058 0 0
0-6-4-7-0-6-4-7-0-2-2-3-0-2-2 13954431 3.10639 3.00014 0 0
0-6-4-7-0-6-4-7-0-2-2-3-0-4-3 264547772 4.62274 4.5545 0 0
0-6-4-7-0-6-4-7-0-2-2-3-0-6-4 15794415 4.27343 4.17077 0 0
0-6-4-7-0-6-4-7-0-4-3-5-0-0-1 277704 6.13618 5.98633 0 0
0-6-4-7-0-6-4-7-0-4-3-5-0-2-2 13954626 6.22469 6.09839 0 0
0-6-4-7-0-6-4-7-0-4-3-5-0-4-3 264542880 7.69346 7.65108 0 0
0-6-4-7-0-6-4-7-0-4-3-5-0-6-4 15794415 7.89676 7.76943 0 0
0-6-4-7-0-6-4-7-0-6-4-7-0-0-1 277704 5.72429 5.61558 0 0
0-6-4-7-0-6-4-7-0-6-4-7-0-2-2 13954626 5.46103 5.34131 0 0
0-6-4-7-0-6-4-7-0-6-4-7-0-4-3 264547773 7.19249 7.12117 0 0
0-6-4-7-0-6-4-7-0-6-4-7-0-6-4 15794415 6.79913 6.69884 0 0
1-1-0-0-1-1-0-0-1-1-0-0-1-1-0 34713 0.004619 0.001365 0 0
1-1-0-0-1-1-0-0-1-1-0-2-2-3-0 269979 0.003431 0.00116 0 0
1-1-0-0-1-1-0-0-1-1-0-4-3-5-0 125547 0.003914 0.001645 0 0
1-1-0-0-1-1-0-0-1-1-0-6-4-7-0 277619 0.003699 0.0018 0 0
1-1-0-0-1-1-0-2-2-3-0-0-1-1-0 277704 0.003171 0.001226 0 0
1-1-0-0-1-1-0-2-2-3-0-2-2-3-0 269979 0.003696 0.001548 0 0
1-1-0-0-1-1-0-2-2-3-0-4-3-5-0 277597 0.004973 0.002911 0 0
1-1-0-0-1-1-0-2-2-3-0-6-4-7-0 277704 0.005281 0.002841 0 0
1-1-0-0-1-1-0-4-3-5-0-0-1-1-0 277704 0.003787 0.001926 0 0
1-1-0-0-1-1-0-4-3-5-0-2-2-3-0 277212 0.004044 0.002022 0 0
1-1-0-0-1-1-0-4-3-5-0-4-3-5-0 273654 0.006086 0.003895 0 0
1-1-0-0-1-1-0-4-3-5-0-6-4-7-0 277701 0.004924 0.002915 0 0
1-1-0-0-1-1-0-6-4-7-0-0-1-1-0 277704 0.004392 0.002393 0 0
1-1-0-0-1-1-0-6-4-7-0-2-2-3-0 277704 0.004196 0.002144 0 0
1-1-0-0-1-1-0-6-4-7-0-4-3-5-0 277700 0.006596 0.004142 0 0
1-1-0-0-1-1-0-6-4-7-0-6-4-7-0 277704 0.005903 0.003747 0 0
1-1-0-2-2-3-0-0-1-1-0-0-1-1-0 277704 0.004196 0.001833 0 0
1-1-0-2-2-3-0-0-1-1-0-2-2-3-0 277704 0.004055 0.001621 0 0
1-1-0-2-2-3-0-0-1-1-0-4-3-5-0 277704 0.005716 0.003122 0 0
1-1-0-2-2-3-0-0-1-1-0-6-4-7-0 277704 0.005333 0.002813 0 0
1-1-0-2-2-3-0-2-2-3-0-0-1-1-0 277704 0.004466 0.002198 0 0
1-1-0-2-2-3-0-2-2-3-0-2-2-3-0 269979 0.004166 0.001807 0 0
1-1-0-2-2-3-0-2-2-3-0-4-3-5-0 277597 0.00561 0.00317 0 0
1-1-0-2-2-3-0-2-2-3-0-6-4-7-0 277704 0.005589 0.002947 0 0
1-1-0-2-2-3-0-4-3-5-0-0-1-1-0 277704 0.005816 0.003273 0 0
1-1-0-2-2-3-0-4-3-5-0-2-2-3-0 277704 0.006168 0.003491 0 0
1-1-0-2-2-3-0-4-3-5-0-4-3-5-0 277611 0.008573 0.005512 0 0
1-1-0-2-2-3-0-4-3-5-0-6-4-7-0 277704 0.007753 0.004778 0 0
1-1-0-2-2-3-0-6-4-7-0-0-1-1-0 277704 0.005418 0.002987 0 0
1-1-0-2-2-3-0-6-4-7-0-2-2-3-0 277704 0.005734 0.003319 0 0
1-1-0-2-2-3-0-6-4-7-0-4-3-5-0 277704 0.008495 0.005404 0 0
1-1-0-2-2-3-0-6-4-7-0-6-4-7-0 277704 0.006699 0.003955 0 0
1-1-0-4-3-5-0-0-1-1-0-0-1-1-0 277704 0.004599 0.002324 0 0
1-1-0-4-3-5-0-0-1-1-0-2-2-3-0 277704 0.004527 0.002377 0 0
1-1-0-4-3-5-0-0-1-1-0-4-3-5-0 277704 0.006252 0.003725 0 0
1-1-0-4-3-5-0-0-1-1-0-6-4-7-0 277704 0.006178 0.003563 0 0
1-1-0-4-3-5-0-2-2-3-0-0-1-1-0 277704 0.004736 0.002454 0 0
1-1-0-4-3-5-0-2-2-3-0-2-2-3-0 277212 0.004841 0.002524 0 0
1-1-0-4-3-5-0-2-2-3-0-4-3-5-0 277704 0.007295 0.004567 0 0
1-1-0-4-3-5-0-2-2-3-0-6-4-7-0 277704 0.005526 0.003359 0 0
1-1-0-4-3-5-0-4-3-5-0-0-1-1-0 277704 0.006447 0.00393 0 0
1-1-0-4-3-5-0-4-3-5-0-2-2-3-0 277704 0.006289 0.003911 0 0
1-1-0-4-3-5-0-4-3-5-0-4-3-5-0 274950 0.00858 0.005781 0 0
1-1-0-4-3-5-0-4-3-5-0-6-4-7-0 277704 0.007718 0.005066 0 0
1-1-0-4-3-5-0-6-4-7-0-0-1-1-0 277704 0.005576 0.003371 0 0
1-1-0-4-3-5-0-6-4-7-0-2-2-3-0 277704 0.005969 0.003662 0 0
1-1-0-4-3-5-0-6-4-7-0-4-3-5-0 277704 0.008835 0.005933 0 0
1-1-0-4-3-5-0-6-4-7-0-6-4-7-0 277704 0.008081 0.005473 0 0
1-1-0-6-4-7-0-0-1-1-0-0-1-1-0 277704 0.004751 0.002452 0 0
1-1-0-6-4-7-0-0-1-1-0-2-2-3-0 277704 0.004804 0.002724 0 0
1-1-0-6-4-7-0-0-1-1-0-4-3-5-0 277704 0.00653 0.004094 0 0
1-1-0-6-4-7-0-0-1-1-0-6-4-7-0 277704 0.006166 0.003665 0 0
1-1-0-6-4-7-0-2-2-3-0-0-1-1-0 277704 0.004768 0.002486 0 0
1-1-0-6-4-7-0-2-2-3-0-2-2-3-0 277704 0.00453 0.002417 0 0
1-1-0-6-4-7-0-2-2-3-0-4-3-5-0 277704 0.00694 0.004396 0 0
1-1-0-6-4-7-0-2-2-3-0-6-4-7-0 277704 0.00595 0.003526 0 0
1-1-0-6-4-7-0-4-3-5-0-0-1-1-0 277704 0.00692 0.004227 0 0
1-1-0-6-4-7-0-4-3-5-0-2-2-3-0 277704 0.007335 0.004353 0 0
1-1-0-6-4-7-0-4-3-5-0-4-3-5-0 277700 0.009114 0.006055 0 0
1-1-0-6-4-7-0-4-3-5-0-6-4-7-0 277704 0.009928 0.006713 0 0
1-1-0-6-4-7-0-6-4-7-0-0-1-1-0 277704 0.00648 0.003828 0 0
1-1-0-6-4-7-0-6-4-7-0-2-2-3-0 277704 0.006421 0.003683 0 0
1-1-0-6-4-7-0-6-4-7-0-4-3-5-0 277704 0.00893 0.006098 0 0
1-1-0-6-4-7-0-6-4-7-0-6-4-7-0 277704 0.00849 0.00573 0 0
2-3-0-0-1-1-0-0-1-1-0-0-1-1-0 11426723 0.017365 0.015367 0 0
2-3-0-0-1-1-0-0-1-1-0-2-2-3-0 13942082 0.018459 0.016495 0 0
2-3-0-0-1-1-0-0-1-1-0-4-3-5-0 13103489 0.047644 0.044985 0 0
2-3-0-0-1-1-0-0-1-1-0-6-4-7-0 13954551 0.042395 0.039759 0 0
2-3-0-0-1-1-0-2-2-3-0-0-1-1-0 13954626 0.020287 0.017753 0 0
2-3-0-0-1-1-0-2-2-3-0-2-2-3-0 13942082 0.020724 0.018379 0 0
2-3-0-0-1-1-0-2-2-3-0-4-3-5-0 13954538 0.060097 0.057363 0 0
2-3-0-0-1-1-0-2-2-3-0-6-4-7-0 13954626 0.051188 0.048699 0 0
2-3-0-0-1-1-0-4-3-5-0-0-1-1-0 13954626 0.05016 0.047299 0 0
2-3-0-0-1-1-0-4-3-5-0-2-2-3-0 13953539 0.051064 0.048081 0 0
2-3-0-0-1-1-0-4-3-5-0-4-3-5-0 13920168 0.089915 0.085777 0 0
2-3-0-0-1-1-0-4-3-5-0-6-4-7-0 13954618 0.079719 0.076353 0 0
2-3-0-0-1-1-0-6-4-7-0-0-1-1-0 13954626 0.043209 0.040799 0 0
2-3-0-0-1-1-0-6-4-7-0-2-2-3-0 13954626 0.044374 0.041653 0 0
2-3-0-0-1-1-0-6-4-7-0-4-3-5-0 13954622 0.082643 0.0799 0 0
2-3-0-0-1-1-0-6-4-7-0-6-4-7-0 13954626 0.079721 0.077125 0 0
2-3-0-2-2-3-0-0-1-1-0-0-1-1-0 11426723 0.012809 0.010067 0 0
2-3-0-2-2-3-0-0-1-1-0-2-2-3-0 13942082 0.013616 0.011201 0 0
2-3-0-2-2-3-0-0-1-1-0-4-3-5-0 13103489 0.047175 0.042929 0 0
2-3-0-2-2-3-0-0-1-1-0-6-4-7-0 13954551 0.045205 0.041983 0 0
2-3-0-2-2-3-0-2-2-3-0-0-1-1-0 11426723 0.014784 0.003285 0 0
2-3-0-2-2-3-0-2-2-3-0-2-2-3-0 34713 0.008891 0.000825 0 0
2-3-0-2-2-3-0-2-2-3-0-4-3-5-0 1807215 0.006642 0.002959 0 0
2-3-0-2-2-3-0-2-2-3-0-6-4-7-0 6345795 0.011831 0.007142 0 0
2-3-0-2-2-3-0-4-3-5-0-0-1-1-0 13373259 0.009717 0.006093 0 0
2-3-0-2-2-3-0-4-3-5-0-2-2-3-0 12401496 0.013559 0.006368 0 0
2-3-0-2-2-3-0-4-3-5-0-4-3-5-0 12620533 0.032113 0.028063 0 0
2-3-0-2-2-3-0-4-3-5-0-6-4-7-0 13891951 0.02989 0.026092 0 0
2-3-0-2-2-3-0-6-4-7-0-0-1-1-0 13954626 0.015329 0.012652 0 0
2-3-0-2-2-3-0-6-4-7-0-2-2-3-0 13689497 0.016321 0.013111 0 0
2-3-0-2-2-3-0-6-4-7-0-4-3-5-0 13721768 0.047417 0.044212 0 0
2-3-0-2-2-3-0-6-4-7-0-6-4-7-0 13954431 0.041312 0.038025 0 0
2-3-0-4-3-5-0-0-1-1-0-0-1-1-0 13373259 0.016718 0.013702 0 0
2-3-0-4-3-5-0-0-1-1-0-2-2-3-0 13950086 0.016855 0.013973 0 0
2-3-0-4-3-5-0-0-1-1-0-4-3-5-0 13749399 0.052385 0.048552 0 0
2-3-0-4-3-5-0-0-1-1-0-6-4-7-0 13954585 0.043238 0.039881 0 0
2-3-0-4-3-5-0-2-2-3-0-0-1-1-0 13954626 0.017102 0.013517 0 0
2-3-0-4-3-5-0-2-2-3-0-2-2-3-0 12401496 0.016889 0.01336 0 0
2-3-0-4-3-5-0-2-2-3-0-4-3-5-0 13920727 0.054689 0.050762 0 0
2-3-0-4-3-5-0-2-2-3-0-6-4-7-0 13954585 0.046372 0.042473 0 0
2-3-0-4-3-5-0-4-3-5-0-0-1-1-0 13954626 0.038943 0.034804 0 0
2-3-0-4-3-5-0-4-3-5-0-2-2-3-0 13942369 0.040722 0.036288 0 0
2-3-0-4-3-5-0-4-3-5-0-4-3-5-0 13780903 0.078762 0.073825 0 0
2-3-0-4-3-5-0-4-3-5-0-6-4-7-0 13954598 0.070834 0.066901 0 0
2-3-0-4-3-5-0-6-4-7-0-0-1-1-0 13954626 0.034439 0.03107 0 0
2-3-0-4-3-5-0-6-4-7-0-2-2-3-0 13953921 0.037501 0.031796 0 0
2-3-0-4-3-5-0-6-4-7-0-4-3-5-0 13953164 0.07653 0.072441 0 0
2-3-0-4-3-5-0-6-4-7-0-6-4-7-0 13954626 0.067665 0.064167 0 0
2-3-0-6-4-7-0-0-1-1-0-0-1-1-0 13954626 0.022137 0.019636 0 0
2-3-0-6-4-7-0-0-1-1-0-2-2-3-0 13954626 0.022908 0.020254 0 0
2-3-0-6-4-7-0-0-1-1-0-4-3-5-0 13954626 0.057563 0.054328 0 0
2-3-0-6-4-7-0-0-1-1-0-6-4-7-0 13954626 0.049518 0.046759 0 0
2-3-0-6-4-7-0-2-2-3-0-0-1-1-0 13954626 0.022389 0.019842 0 0
2-3-0-6-4-7-0-2-2-3-0-2-2-3-0 13689497 0.02252 0.020125 0 0
2-3-0-6-4-7-0-2-2-3-0-4-3-5-0 13952209 0.061247 0.058044 0 0
2-3-0-6-4-7-0-2-2-3-0-6-4-7-0 13954626 0.052399 0.049498 0 0
2-3-0-6-4-7-0-4-3-5-0-0-1-1-0 13954626 0.054314 0.051037 0 0
2-3-0-6-4-7-0-4-3-5-0-2-2-3-0 13954500 0.054262 0.051138 0 0
2-3-0-6-4-7-0-4-3-5-0-4-3-5-0 13850279 0.093661 0.089924 0 0
2-3-0-6-4-7-0-4-3-5-0-6-4-7-0 13954626 0.085231 0.08187 0 0
2-3-0-6-4-7-0-6-4-7-0-0-1-1-0 13954626 0.046955 0.043821 0 0
2-3-0-6-4-7-0-6-4-7-0-2-2-3-0 13954626 0.047572 0.044674 0 0
2-3-0-6-4-7-0-6-4-7-0-4-3-5-0 13954620 0.08575 0.082573 0 0
2-3-0-6-4-7-0-6-4-7-0-6-4-7-0 13954626 0.080768 0.077837 0 0
3-5-0-0-1-1-0-0-1-1-0-0-1-1-0 66667832 0.092199 0.086437 0 0
3-5-0-0-1-1-0-0-1-1-0-2-2-3-0 261068775 0.136828 0.130295 0 0
3-5-0-0-1-1-0-0-1-1-0-4-3-5-0 159103520 0.362654 0.354865 0 0
3-5-0-0-1-1-0-0-1-1-0-6-4-7-0 264520476 0.430902 0.423484 0 0
3-5-0-0-1-1-0-2-2-3-0-0-1-1-0 264547773 0.244863 0.237937 0 0
3-5-0-0-1-1-0-2-2-3-0-2-2-3-0 261068775 0.250768 0.243387 0 0
3-5-0-0-1-1-0-2-2-3-0-4-3-5-0 264505054 0.906191 0.897012 0 0
3-5-0-0-1-1-0-2-2-3-0-6-4-7-0 264547773 0.783039 0.774476 0 0
3-5-0-0-1-1-0-4-3-5-0-0-1-1-0 264547773 0.462567 0.453859 0 0
3-5-0-0-1-1-0-4-3-5-0-2-2-3-0 264335304 0.479319 0.470273 0 0
3-5-0-0-1-1-0-4-3-5-0-4-3-5-0 261568906 1.10546 1.09414 0 0
3-5-0-0-1-1-0-4-3-5-0-6-4-7-0 264546039 0.914964 0.905767 0 0
3-5-0-0-1-1-0-6-4-7-0-0-1-1-0 264547773 0.576129 0.568085 0 0
3-5-0-0-1-1-0-6-4-7-0-2-2-3-0 264547773 0.587428 0.579395 0 0
3-5-0-0-1-1-0-6-4-7-0-4-3-5-0 264547070 1.36111 1.34966 0 0
3-5-0-0-1-1-0-6-4-7-0-6-4-7-0 264547773 1.14165 1.13132 0 0
3-5-0-2-2-3-0-0-1-1-0-0-1-1-0 262992233 0.214554 0.206929 0 0
3-5-0-2-2-3-0-0-1-1-0-2-2-3-0 264546361 0.225461 0.21397 0 0
3-5-0-2-2-3-0-0-1-1-0-4-3-5-0 264299335 0.922124 0.910453 0 0
3-5-0-2-2-3-0-0-1-1-0-6-4-7-0 264547769 0.743179 0.734935 0 0
3-5-0-2-2-3-0-2-2-3-0-0-1-1-0 262992233 0.083517 0.077056 0 0
3-5-0-2-2-3-0-2-2-3-0-2-2-3-0 18178411 0.0322 0.025959 0 0
3-5-0-2-2-3-0-2-2-3-0-4-3-5-0 186718068 0.330056 0.322478 0 0
3-5-0-2-2-3-0-2-2-3-0-6-4-7-0 254483838 0.376144 0.368221 0 0
3-5-0-2-2-3-0-4-3-5-0-0-1-1-0 264534436 0.446797 0.438655 0 0
3-5-0-2-2-3-0-4-3-5-0-2-2-3-0 263938876 0.438688 0.430298 0 0
3-5-0-2-2-3-0-4-3-5-0-4-3-5-0 260987845 1.1379 1.12648 0 0
3-5-0-2-2-3-0-4-3-5-0-6-4-7-0 264545893 0.920853 0.911769 0 0
3-5-0-2-2-3-0-6-4-7-0-0-1-1-0 264547773 0.467898 0.46039 0 0
3-5-0-2-2-3-0-6-4-7-0-2-2-3-0 264526605 0.480475 0.472726 0 0
3-5-0-2-2-3-0-6-4-7-0-4-3-5-0 264348044 1.25197 1.24179 0 0
3-5-0-2-2-3-0-6-4-7-0-6-4-7-0 264547772 1.06164 1.05282 0 0
3-5-0-4-3-5-0-0-1-1-0-0-1-1-0 242448037 0.269371 0.261547 0 0
3-5-0-4-3-5-0-0-1-1-0-2-2-3-0 264223483 0.286546 0.278607 0 0
3-5-0-4-3-5-0-0-1-1-0-4-3-5-0 254223236 0.932463 0.92272 0 0
3-5-0-4-3-5-0-0-1-1-0-6-4-7-0 264544959 0.737227 0.72005 0 0
3-5-0-4-3-5-0-2-2-3-0-0-1-1-0 264272027 0.259487 0.251169 0 0
3-5-0-4-3-5-0-2-2-3-0-2-2-3-0 223199128 0.25776 0.24924 0 0
3-5-0-4-3-5-0-2-2-3-0-4-3-5-0 256552028 0.871786 0.861533 0 0
3-5-0-4-3-5-0-2-2-3-0-6-4-7-0 262665496 0.795295 0.786167 0 0
3-5-0-4-3-5-0-4-3-5-0-0-1-1-0 254851812 0.65765 0.649058 0 0
3-5-0-4-3-5-0-4-3-5-0-2-2-3-0 252870735 0.679332 0.669721 0 0
3-5-0-4-3-5-0-4-3-5-0-4-3-5-0 249802666 1.2913 1.27917 0 0
3-5-0-4-3-5-0-4-3-5-0-6-4-7-0 253260419 1.2285 1.21619 0 0
3-5-0-4-3-5-0-6-4-7-0-0-1-1-0 264536355 0.611375 0.603365 0 0
3-5-0-4-3-5-0-6-4-7-0-2-2-3-0 261395656 0.616801 0.608467 0 0
3-5-0-4-3-5-0-6-4-7-0-4-3-5-0 263215652 1.25187 1.24102 0 0
3-5-0-4-3-5-0-6-4-7-0-6-4-7-0 264542880 1.11838 1.10921 0 0
3-5-0-6-4-7-0-0-1-1-0-0-1-1-0 264536355 0.437084 0.428591 0 0
3-5-0-6-4-7-0-0-1-1-0-2-2-3-0 264547768 0.44302 0.435481 0 0
3-5-0-6-4-7-0-0-1-1-0-4-3-5-0 264545622 1.03919 1.02922 0 0
3-5-0-6-4-7-0-0-1-1-0-6-4-7-0 264547773 0.920886 0.912533 0 0
3-5-0-6-4-7-0-2-2-3-0-0-1-1-0 264547773 0.444764 0.436524 0 0
3-5-0-6-4-7-0-2-2-3-0-2-2-3-0 258664239 0.446964 0.438308 0 0
3-5-0-6-4-7-0-2-2-3-0-4-3-5-0 264488100 1.11756 1.10749 0 0
3-5-0-6-4-7-0-2-2-3-0-6-4-7-0 264547773 0.969456 0.959246 0 0
3-5-0-6-4-7-0-4-3-5-0-0-1-1-0 264547773 1.03971 1.02955 0 0
3-5-0-6-4-7-0-4-3-5-0-2-2-3-0 264545259 1.08044 1.07131 0 0
3-5-0-6-4-7-0-4-3-5-0-4-3-5-0 263135171 1.8809 1.86735 0 0
3-5-0-6-4-7-0-4-3-5-0-6-4-7-0 264547770 1.74853 1.73454 0 0
3-5-0-6-4-7-0-6-4-7-0-0-1-1-0 264547773 0.911254 0.902309 0 0
3-5-0-6-4-7-0-6-4-7-0-2-2-3-0 264547767 0.922263 0.913155 0 0
3-5-0-6-4-7-0-6-4-7-0-4-3-5-0 264547650 1.6105 1.59927 0 0
3-5-0-6-4-7-0-6-4-7-0-6-4-7-0 264547773 1.52866 1.5191 0 0
4-7-0-0-1-1-0-0-1-1-0-0-1-1-0 15626706 0.025986 0.022809 0 0
4-7-0-0-1-1-0-0-1-1-0-2-2-3-0 15794087 0.023317 0.020962 0 0
4-7-0-0-1-1-0-0-1-1-0-4-3-5-0 15740985 0.062097 0.058853 0 0
4-7-0-0-1-1-0-0-1-1-0-6-4-7-0 15794415 0.053424 0.050514 0 0
4-7-0-0-1-1-0-2-2-3-0-0-1-1-0 15794415 0.023239 0.020609 0 0
4-7-0-0-1-1-0-2-2-3-0-2-2-3-0 15794087 0.02389 0.021257 0 0
4-7-0-0-1-1-0-2-2-3-0-4-3-5-0 15794415 0.067635 0.064496 0 0
4-7-0-0-1-1-0-2-2-3-0-6-4-7-0 15794415 0.058282 0.055138 0 0
4-7-0-0-1-1-0-4-3-5-0-0-1-1-0 15794415 0.061889 0.058624 0 0
4-7-0-0-1-1-0-4-3-5-0-2-2-3-0 15794372 0.062778 0.059342 0 0
4-7-0-0-1-1-0-4-3-5-0-4-3-5-0 15792180 0.106931 0.102993 0 0
4-7-0-0-1-1-0-4-3-5-0-6-4-7-0 15794415 0.09794 0.094141 0 0
4-7-0-0-1-1-0-6-4-7-0-0-1-1-0 15794415 0.052757 0.050104 0 0
4-7-0-0-1-1-0-6-4-7-0-2-2-3-0 15794415 0.053629 0.050864 0 0
4-7-0-0-1-1-0-6-4-7-0-4-3-5-0 15794415 0.10378 0.100304 0 0
4-7-0-0-1-1-0-6-4-7-0-6-4-7-0 15794415 0.088809 0.085431 0 0
4-7-0-2-2-3-0-0-1-1-0-0-1-1-0 15794415 0.020217 0.01755 0 0
4-7-0-2-2-3-0-0-1-1-0-2-2-3-0 15794415 0.020533 0.017753 0 0
4-7-0-2-2-3-0-0-1-1-0-4-3-5-0 15794415 0.060062 0.056829 0 0
4-7-0-2-2-3-0-0-1-1-0-6-4-7-0 15794415 0.050682 0.047824 0 0
4-7-0-2-2-3-0-2-2-3-0-0-1-1-0 15794415 0.016996 0.014179 0 0
4-7-0-2-2-3-0-2-2-3-0-2-2-3-0 10219172 0.016018 0.013116 0 0
4-7-0-2-2-3-0-2-2-3-0-4-3-5-0 15662521 0.053504 0.050226 0 0
4-7-0-2-2-3-0-2-2-3-0-6-4-7-0 15792946 0.048119 0.044988 0 0
4-7-0-2-2-3-0-4-3-5-0-0-1-1-0 15794415 0.05858 0.055004 0 0
4-7-0-2-2-3-0-4-3-5-0-2-2-3-0 15794338 0.058626 0.055292 0 0
4-7-0-2-2-3-0-4-3-5-0-4-3-5-0 15743848 0.103581 0.099671 0 0
4-7-0-2-2-3-0-4-3-5-0-6-4-7-0 15794415 0.094723 0.090982 0 0
4-7-0-2-2-3-0-6-4-7-0-0-1-1-0 15794415 0.050112 0.047204 0 0
4-7-0-2-2-3-0-6-4-7-0-2-2-3-0 15794414 0.050586 0.047657 0 0
4-7-0-2-2-3-0-6-4-7-0-4-3-5-0 15794371 0.09506 0.091375 0 0
4-7-0-2-2-3-0-6-4-7-0-6-4-7-0 15794415 0.085966 0.082729 0 0
4-7-0-4-3-5-0-0-1-1-0-0-1-1-0 15758734 0.041582 0.038489 0 0
4-7-0-4-3-5-0-0-1-1-0-2-2-3-0 15794374 0.041781 0.038794 0 0
4-7-0-4-3-5-0-0-1-1-0-4-3-5-0 15784512 0.081631 0.077903 0 0
4-7-0-4-3-5-0-0-1-1-0-6-4-7-0 15794415 0.070964 0.067447 0 0
4-7-0-4-3-5-0-2-2-3-0-0-1-1-0 15794415 0.039952 0.036751 0 0
4-7-0-4-3-5-0-2-2-3-0-2-2-3-0 15752999 0.041007 0.037809 0 0
4-7-0-4-3-5-0-2-2-3-0-4-3-5-0 15793767 0.084618 0.080414 0 0
4-7-0-4-3-5-0-2-2-3-0-6-4-7-0 15794415 0.074879 0.071392 0 0
4-7-0-4-3-5-0-4-3-5-0-0-1-1-0 15794415 0.082213 0.07843 0 0
4-7-0-4-3-5-0-4-3-5-0-2-2-3-0 15794351 0.082983 0.079164 0 0
4-7-0-4-3-5-0-4-3-5-0-4-3-5-0 15614461 0.127249 0.122351 0 0
4-7-0-4-3-5-0-4-3-5-0-6-4-7-0 15794415 0.117222 0.11324 0 0
4-7-0-4-3-5-0-6-4-7-0-0-1-1-0 15794415 0.073722 0.070525 0 0
4-7-0-4-3-5-0-6-4-7-0-2-2-3-0 15794415 0.073803 0.070329 0 0
4-7-0-4-3-5-0-6-4-7-0-4-3-5-0 15794412 0.118789 0.114918 0 0
4-7-0-4-3-5-0-6-4-7-0-6-4-7-0 15794415 0.114884 0.111249 0 0
4-7-0-6-4-7-0-0-1-1-0-0-1-1-0 15794415 0.039933 0.036871 0 0
4-7-0-6-4-7-0-0-1-1-0-2-2-3-0 15794415 0.040437 0.03751 0 0
4-7-0-6-4-7-0-0-1-1-0-4-3-5-0 15794415 0.079445 0.076295 0 0
4-7-0-6-4-7-0-0-1-1-0-6-4-7-0 15794415 0.06983 0.066953 0 0
4-7-0-6-4-7-0-2-2-3-0-0-1-1-0 15794415 0.040093 0.037178 0 0
4-7-0-6-4-7-0-2-2-3-0-2-2-3-0 15792398 0.040855 0.037797 0 0
4-7-0-6-4-7-0-2-2-3-0-4-3-5-0 15794397 0.084439 0.080515 0 0
4-7-0-6-4-7-0-2-2-3-0-6-4-7-0 15794415 0.07474 0.071827 0 0
4-7-0-6-4-7-0-4-3-5-0-0-1-1-0 15794415 0.085009 0.081107 0 0
4-7-0-6-4-7-0-4-3-5-0-2-2-3-0 15794413 0.086535 0.081017 0 0
4-7-0-6-4-7-0-4-3-5-0-4-3-5-0 15792097 0.129625 0.125362 0 0
4-7-0-6-4-7-0-4-3-5-0-6-4-7-0 15794415 0.119018 0.115357 0 0
4-7-0-6-4-7-0-6-4-7-0-0-1-1-0 15794415 0.074569 0.071238 0 0
4-7-0-6-4-7-0-6-4-7-0-2-2-3-0 15794415 0.075153 0.07164 0 0
4-7-0-6-4-7-0-6-4-7-0-4-3-5-0 15794415 0.119061 0.115388 0 0
4-7-0-6-4-7-0-6-4-7-0-6-4-7-0 15794415 0.10976 0.106592 0 0
