0-0-1-1-0-0-1-1-0-0-1-1-0 197321793 0.974867 0.968691 0 0
0-0-1-1-0-0-1-1-0-2-2-3-0 1180774212 0.738544 0.733036 0 0
0-0-1-1-0-0-1-1-0-4-3-5-0 612621062 0.573058 0.518195 0 0
0-0-1-1-0-0-1-1-0-6-4-7-0 1204757174 0.835463 0.812935 0 0
0-0-1-1-0-2-2-3-0-0-1-1-0 1204992369 0.683329 0.601046 0 0
0-0-1-1-0-2-2-3-0-2-2-3-0 1180774212 0.583512 0.550457 0 0
0-0-1-1-0-2-2-3-0-4-3-5-0 1204673267 1.84876 1.8189 0 0
0-0-1-1-0-2-2-3-0-6-4-7-0 1204992369 1.46523 1.44232 0 0
0-0-1-1-0-4-3-5-0-0-1-1-0 1204992369 0.660086 0.64857 0 0
0-0-1-1-0-4-3-5-0-2-2-3-0 1203474062 0.696062 0.680677 0 0
0-0-1-1-0-4-3-5-0-4-3-5-0 1188779139 1.6944 1.66959 0 0
0-0-1-1-0-4-3-5-0-6-4-7-0 1204981110 1.49813 1.4725 0 0
0-0-1-1-0-6-4-7-0-0-1-1-0 1204992369 1.05091 1.00146 0 0
0-0-1-1-0-6-4-7-0-2-2-3-0 1204992369 1.01011 0.968153 0 0
0-0-1-1-0-6-4-7-0-4-3-5-0 1204980951 2.13575 2.11521 0 0
0-0-1-1-0-6-4-7-0-6-4-7-0 1204992369 1.86083 1.82759 0 0
0-2-2-3-0-0-1-1-0-0-1-1-0 1180774212 0.420342 0.376763 0 0
0-2-2-3-0-0-1-1-0-2-2-3-0 1204961287 0.448577 0.409205 0 0
0-2-2-3-0-0-1-1-0-4-3-5-0 1199591762 1.55114 1.51909 0 0
0-2-2-3-0-0-1-1-0-6-4-7-0 1204992254 1.22825 1.20625 0 0
0-2-2-3-0-2-2-3-0-0-1-1-0 1180774212 0.17395 0.157471 0 0
0-2-2-3-0-2-2-3-0-2-2-3-0 13786567 0.037579 0.012468 0 0
0-2-2-3-0-2-2-3-0-4-3-5-0 449954072 0.227646 0.217419 0 0
0-2-2-3-0-2-2-3-0-6-4-7-0 983207857 0.431051 0.422472 0 0
0-2-2-3-0-4-3-5-0-0-1-1-0 1203474062 0.446815 0.425156 0 0
0-2-2-3-0-4-3-5-0-2-2-3-0 1188978725 0.475053 0.459093 0 0
0-2-2-3-0-4-3-5-0-4-3-5-0 1175109253 1.31513 1.29027 0 0
0-2-2-3-0-4-3-5-0-6-4-7-0 1204910770 1.12546 1.09591 0 0
0-2-2-3-0-6-4-7-0-0-1-1-0 1204992369 0.757599 0.710709 0 0
0-2-2-3-0-6-4-7-0-2-2-3-0 1203886581 0.722417 0.702176 0 0
0-2-2-3-0-6-4-7-0-4-3-5-0 1200535872 1.84373 1.82983 0 0
0-2-2-3-0-6-4-7-0-6-4-7-0 1204992090 1.56262 1.54086 0 0
0-4-3-5-0-0-1-1-0-0-1-1-0 612621062 0.220546 0.190952 0 0
0-4-3-5-0-0-1-1-0-2-2-3-0 1199591762 0.380556 0.359689 0 0
0-4-3-5-0-0-1-1-0-4-3-5-0 949804367 0.892966 0.876892 0 0
0-4-3-5-0-0-1-1-0-6-4-7-0 1204952695 0.915372 0.889237 0 0
0-4-3-5-0-2-2-3-0-0-1-1-0 1204673267 0.293874 0.282875 0 0
0-4-3-5-0-2-2-3-0-2-2-3-0 449954072 0.152489 0.137041 0 0
0-4-3-5-0-2-2-3-0-4-3-5-0 1162370235 1.0093 0.999218 0 0
0-4-3-5-0-2-2-3-0-6-4-7-0 1202640776 0.908993 0.838646 0 0
0-4-3-5-0-4-3-5-0-0-1-1-0 1188779139 0.529362 0.519823 0 0
0-4-3-5-0-4-3-5-0-2-2-3-0 1175109253 0.540869 0.530968 0 0
0-4-3-5-0-4-3-5-0-4-3-5-0 1160779883 1.40046 1.37672 0 0
0-4-3-5-0-4-3-5-0-6-4-7-0 1190875501 1.19238 1.15015 0 0
0-4-3-5-0-6-4-7-0-0-1-1-0 1204980951 0.843028 0.791389 0 0
0-4-3-5-0-6-4-7-0-2-2-3-0 1200535872 0.807695 0.790507 0 0
0-4-3-5-0-6-4-7-0-4-3-5-0 1201668973 1.92004 1.88319 0 0
0-4-3-5-0-6-4-7-0-6-4-7-0 1204987114 1.56659 1.53961 0 0
0-6-4-7-0-0-1-1-0-0-1-1-0 1204757174 0.599365 0.497987 0 0
0-6-4-7-0-0-1-1-0-2-2-3-0 1204992254 0.546325 0.489328 0 0
0-6-4-7-0-0-1-1-0-4-3-5-0 1204952695 1.52774 1.50301 0 0
0-6-4-7-0-0-1-1-0-6-4-7-0 1204992369 1.25839 1.18992 0 0
0-6-4-7-0-2-2-3-0-0-1-1-0 1204992369 0.455648 0.416862 0 0
0-6-4-7-0-2-2-3-0-2-2-3-0 983207857 0.367365 0.335734 0 0
0-6-4-7-0-2-2-3-0-4-3-5-0 1202640776 1.47282 1.45278 0 0
0-6-4-7-0-2-2-3-0-6-4-7-0 1204992347 1.17635 1.15059 0 0
0-6-4-7-0-4-3-5-0-0-1-1-0 1204981110 0.995024 0.944593 0 0
0-6-4-7-0-4-3-5-0-2-2-3-0 1204910770 0.980922 0.968399 0 0
0-6-4-7-0-4-3-5-0-4-3-5-0 1190875501 1.96948 1.95588 0 0
0-6-4-7-0-4-3-5-0-6-4-7-0 1204992279 1.75926 1.73787 0 0
0-6-4-7-0-6-4-7-0-0-1-1-0 1204992369 0.949701 0.859972 0 0
0-6-4-7-0-6-4-7-0-2-2-3-0 1204992090 0.920655 0.86336 0 0
0-6-4-7-0-6-4-7-0-4-3-5-0 1204987114 1.96994 1.94425 0 0
0-6-4-7-0-6-4-7-0-6-4-7-0 1204992369 1.71808 1.65067 0 0
1-1-0-0-1-1-0-0-1-1-0-0-1 8 0.002135 0.000877 0 0
1-1-0-0-1-1-0-0-1-1-0-2-2 2501 0.002399 0.001046 0 0
1-1-0-0-1-1-0-0-1-1-0-4-3 12415 0.008195 0.0012 0 0
1-1-0-0-1-1-0-0-1-1-0-6-4 3588 0.002444 0.001201 0 0
1-1-0-0-1-1-0-2-2-3-0-0-1 64 0.003076 0.001624 0 0
1-1-0-0-1-1-0-2-2-3-0-2-2 2501 0.002826 0.001527 0 0
1-1-0-0-1-1-0-2-2-3-0-4-3 60416 0.004819 0.002959 0 0
1-1-0-0-1-1-0-2-2-3-0-6-4 3640 0.007655 0.002633 0 0
1-1-0-0-1-1-0-4-3-5-0-0-1 64 0.004445 0.002564 0 0
1-1-0-0-1-1-0-4-3-5-0-2-2 3046 0.00377 0.002108 0 0
1-1-0-0-1-1-0-4-3-5-0-4-3 55228 0.005115 0.003004 0 0
1-1-0-0-1-1-0-4-3-5-0-6-4 3629 0.005624 0.003248 0 0
1-1-0-0-1-1-0-6-4-7-0-0-1 64 0.004185 0.002705 0 0
1-1-0-0-1-1-0-6-4-7-0-2-2 3216 0.004445 0.002704 0 0
1-1-0-0-1-1-0-6-4-7-0-4-3 60964 0.005716 0.003878 0 0
1-1-0-0-1-1-0-6-4-7-0-6-4 3640 0.005308 0.003665 0 0
1-1-0-2-2-3-0-0-1-1-0-0-1 64 0.003646 0.001995 0 0
1-1-0-2-2-3-0-0-1-1-0-2-2 3216 0.003572 0.002027 0 0
1-1-0-2-2-3-0-0-1-1-0-4-3 60968 0.004839 0.002739 0 0
1-1-0-2-2-3-0-0-1-1-0-6-4 3640 0.004564 0.002647 0 0
1-1-0-2-2-3-0-2-2-3-0-0-1 64 0.00357 0.002073 0 0
1-1-0-2-2-3-0-2-2-3-0-2-2 2501 0.003308 0.001899 0 0
1-1-0-2-2-3-0-2-2-3-0-4-3 60416 0.005291 0.003553 0 0
1-1-0-2-2-3-0-2-2-3-0-6-4 3640 0.006403 0.004589 0 0
1-1-0-2-2-3-0-4-3-5-0-0-1 64 0.006221 0.004418 0 0
1-1-0-2-2-3-0-4-3-5-0-2-2 3216 0.010475 0.004526 0 0
1-1-0-2-2-3-0-4-3-5-0-4-3 60877 0.007998 0.005971 0 0
1-1-0-2-2-3-0-4-3-5-0-6-4 3640 0.009034 0.006869 0 0
1-1-0-2-2-3-0-6-4-7-0-0-1 64 0.00605 0.004204 0 0
1-1-0-2-2-3-0-6-4-7-0-2-2 3216 0.00544 0.003522 0 0
1-1-0-2-2-3-0-6-4-7-0-4-3 60968 0.007723 0.005881 0 0
1-1-0-2-2-3-0-6-4-7-0-6-4 3640 0.007041 0.00489 0 0
1-1-0-4-3-5-0-0-1-1-0-0-1 64 0.004668 0.002987 0 0
1-1-0-4-3-5-0-0-1-1-0-2-2 3216 0.004278 0.002568 0 0
1-1-0-4-3-5-0-0-1-1-0-4-3 60968 0.005018 0.003497 0 0
1-1-0-4-3-5-0-0-1-1-0-6-4 3640 0.005094 0.003356 0 0
1-1-0-4-3-5-0-2-2-3-0-0-1 64 0.004317 0.002594 0 0
1-1-0-4-3-5-0-2-2-3-0-2-2 3046 0.004606 0.002783 0 0
1-1-0-4-3-5-0-2-2-3-0-4-3 60963 0.006233 0.00412 0 0
1-1-0-4-3-5-0-2-2-3-0-6-4 3640 0.005544 0.003741 0 0
1-1-0-4-3-5-0-4-3-5-0-0-1 64 0.007583 0.005378 0 0
1-1-0-4-3-5-0-4-3-5-0-2-2 3216 0.006624 0.004641 0 0
1-1-0-4-3-5-0-4-3-5-0-4-3 58641 0.007991 0.005939 0 0
1-1-0-4-3-5-0-4-3-5-0-6-4 3640 0.009289 0.00685 0 0
1-1-0-4-3-5-0-6-4-7-0-0-1 64 0.007938 0.005752 0 0
1-1-0-4-3-5-0-6-4-7-0-2-2 3216 0.006107 0.004367 0 0
1-1-0-4-3-5-0-6-4-7-0-4-3 60968 0.007196 0.005261 0 0
1-1-0-4-3-5-0-6-4-7-0-6-4 3640 0.006679 0.005135 0 0
1-1-0-6-4-7-0-0-1-1-0-0-1 64 0.00462 0.002977 0 0
1-1-0-6-4-7-0-0-1-1-0-2-2 3216 0.004674 0.003126 0 0
1-1-0-6-4-7-0-0-1-1-0-4-3 60968 0.005461 0.003576 0 0
1-1-0-6-4-7-0-0-1-1-0-6-4 3640 0.005496 0.003646 0 0
1-1-0-6-4-7-0-2-2-3-0-0-1 64 0.004149 0.002895 0 0
1-1-0-6-4-7-0-2-2-3-0-2-2 3216 0.004416 0.002668 0 0
1-1-0-6-4-7-0-2-2-3-0-4-3 60968 0.00587 0.004129 0 0
1-1-0-6-4-7-0-2-2-3-0-6-4 3640 0.005431 0.003903 0 0
1-1-0-6-4-7-0-4-3-5-0-0-1 64 0.007158 0.005535 0 0
1-1-0-6-4-7-0-4-3-5-0-2-2 3216 0.006899 0.005088 0 0
1-1-0-6-4-7-0-4-3-5-0-4-3 60964 0.008826 0.006762 0 0
1-1-0-6-4-7-0-4-3-5-0-6-4 3640 0.007965 0.006141 0 0
1-1-0-6-4-7-0-6-4-7-0-0-1 64 0.005959 0.004499 0 0
1-1-0-6-4-7-0-6-4-7-0-2-2 3216 0.006845 0.005281 0 0
1-1-0-6-4-7-0-6-4-7-0-4-3 60968 0.008091 0.006548 0 0
1-1-0-6-4-7-0-6-4-7-0-6-4 3640 0.007194 0.00544 0 0
2-3-0-0-1-1-0-0-1-1-0-0-1 2501 0.012751 0.005243 0 0
2-3-0-0-1-1-0-0-1-1-0-2-2 158938 0.007309 0.005082 0 0
2-3-0-0-1-1-0-0-1-1-0-4-3 2652152 0.011277 0.009368 0 0
2-3-0-0-1-1-0-0-1-1-0-6-4 182777 0.010604 0.008589 0 0
2-3-0-0-1-1-0-2-2-3-0-0-1 3216 0.007461 0.005617 0 0
2-3-0-0-1-1-0-2-2-3-0-2-2 158938 0.007664 0.005977 0 0
2-3-0-0-1-1-0-2-2-3-0-4-3 3063204 0.013614 0.011661 0 0
2-3-0-0-1-1-0-2-2-3-0-6-4 182910 0.012897 0.010752 0 0
2-3-0-0-1-1-0-4-3-5-0-0-1 3216 0.01814 0.015702 0 0
2-3-0-0-1-1-0-4-3-5-0-2-2 160926 0.017896 0.015541 0 0
2-3-0-0-1-1-0-4-3-5-0-4-3 3024726 0.024067 0.021578 0 0
2-3-0-0-1-1-0-4-3-5-0-6-4 182887 0.022621 0.020135 0 0
2-3-0-0-1-1-0-6-4-7-0-0-1 3216 0.016032 0.01387 0 0
2-3-0-0-1-1-0-6-4-7-0-2-2 161604 0.015486 0.01356 0 0
2-3-0-0-1-1-0-6-4-7-0-4-3 3063638 0.023875 0.021064 0 0
2-3-0-0-1-1-0-6-4-7-0-6-4 182910 0.021155 0.018906 0 0
2-3-0-2-2-3-0-0-1-1-0-0-1 2501 0.006436 0.002655 0 0
2-3-0-2-2-3-0-0-1-1-0-2-2 158938 0.004514 0.002804 0 0
2-3-0-2-2-3-0-0-1-1-0-4-3 2652152 0.00909 0.0071 0 0
2-3-0-2-2-3-0-0-1-1-0-6-4 182777 0.008194 0.006436 0 0
2-3-0-2-2-3-0-2-2-3-0-0-1 2501 0.002375 0.000668 0 0
2-3-0-2-2-3-0-2-2-3-0-2-2 402 0.002458 0.000627 0 0
2-3-0-2-2-3-0-2-2-3-0-4-3 58197 0.002483 0.00081 0 0
2-3-0-2-2-3-0-2-2-3-0-6-4 49523 0.007392 0.00081 0 0
2-3-0-2-2-3-0-4-3-5-0-0-1 3046 0.005591 0.00304 0 0
2-3-0-2-2-3-0-4-3-5-0-2-2 104040 0.004568 0.001872 0 0
2-3-0-2-2-3-0-4-3-5-0-4-3 2000819 0.005768 0.003448 0 0
2-3-0-2-2-3-0-4-3-5-0-6-4 180031 0.005332 0.003006 0 0
2-3-0-2-2-3-0-6-4-7-0-0-1 3216 0.006271 0.004157 0 0
2-3-0-2-2-3-0-6-4-7-0-2-2 142912 0.005843 0.003662 0 0
2-3-0-2-2-3-0-6-4-7-0-4-3 2742607 0.014203 0.008016 0 0
2-3-0-2-2-3-0-6-4-7-0-6-4 182627 0.009286 0.007113 0 0
2-3-0-4-3-5-0-0-1-1-0-0-1 3046 0.008621 0.005727 0 0
2-3-0-4-3-5-0-0-1-1-0-2-2 160926 0.006915 0.004247 0 0
2-3-0-4-3-5-0-0-1-1-0-4-3 2973549 0.012915 0.009637 0 0
2-3-0-4-3-5-0-0-1-1-0-6-4 182870 0.011318 0.008596 0 0
2-3-0-4-3-5-0-2-2-3-0-0-1 3216 0.013838 0.005128 0 0
2-3-0-4-3-5-0-2-2-3-0-2-2 104040 0.00876 0.004259 0 0
2-3-0-4-3-5-0-2-2-3-0-4-3 2963165 0.012533 0.009573 0 0
2-3-0-4-3-5-0-2-2-3-0-6-4 182861 0.011392 0.00862 0 0
2-3-0-4-3-5-0-4-3-5-0-0-1 3216 0.013854 0.010807 0 0
2-3-0-4-3-5-0-4-3-5-0-2-2 160308 0.017783 0.010848 0 0
2-3-0-4-3-5-0-4-3-5-0-4-3 2901292 0.019355 0.016798 0 0
2-3-0-4-3-5-0-4-3-5-0-6-4 182871 0.019297 0.016119 0 0
2-3-0-4-3-5-0-6-4-7-0-0-1 3216 0.013703 0.010547 0 0
2-3-0-4-3-5-0-6-4-7-0-2-2 161480 0.016271 0.009809 0 0
2-3-0-4-3-5-0-6-4-7-0-4-3 3061380 0.018832 0.015853 0 0
2-3-0-4-3-5-0-6-4-7-0-6-4 182908 0.020937 0.014837 0 0
2-3-0-6-4-7-0-0-1-1-0-0-1 3216 0.008311 0.006224 0 0
2-3-0-6-4-7-0-0-1-1-0-2-2 161604 0.012628 0.006015 0 0
2-3-0-6-4-7-0-0-1-1-0-4-3 3063642 0.013019 0.011049 0 0
2-3-0-6-4-7-0-0-1-1-0-6-4 182910 0.012689 0.010138 0 0
2-3-0-6-4-7-0-2-2-3-0-0-1 3216 0.008108 0.006022 0 0
2-3-0-6-4-7-0-2-2-3-0-2-2 142912 0.008617 0.006249 0 0
2-3-0-6-4-7-0-2-2-3-0-4-3 3054372 0.015312 0.012972 0 0
2-3-0-6-4-7-0-2-2-3-0-6-4 182909 0.013007 0.010958 0 0
2-3-0-6-4-7-0-4-3-5-0-0-1 3216 0.019001 0.01621 0 0
2-3-0-6-4-7-0-4-3-5-0-2-2 161480 0.018702 0.016167 0 0
2-3-0-6-4-7-0-4-3-5-0-4-3 2972666 0.027865 0.022011 0 0
2-3-0-6-4-7-0-4-3-5-0-6-4 182910 0.024229 0.021469 0 0
2-3-0-6-4-7-0-6-4-7-0-0-1 3216 0.0166 0.014262 0 0
2-3-0-6-4-7-0-6-4-7-0-2-2 161604 0.016217 0.013871 0 0
2-3-0-6-4-7-0-6-4-7-0-4-3 3063636 0.023437 0.020742 0 0
2-3-0-6-4-7-0-6-4-7-0-6-4 182910 0.023339 0.020825 0 0
3-5-0-0-1-1-0-0-1-1-0-0-1 12415 0.031435 0.027938 0 0
3-5-0-0-1-1-0-0-1-1-0-2-2 2652152 0.028747 0.025567 0 0
3-5-0-0-1-1-0-0-1-1-0-4-3 21692253 0.052841 0.04963 0 0
3-5-0-0-1-1-0-0-1-1-0-6-4 3441023 0.047895 0.044791 0 0
3-5-0-0-1-1-0-2-2-3-0-0-1 60968 0.07267 0.063998 0 0
3-5-0-0-1-1-0-2-2-3-0-2-2 2652152 0.072554 0.063511 0 0
3-5-0-0-1-1-0-2-2-3-0-4-3 57885025 0.17787 0.173752 0 0
3-5-0-0-1-1-0-2-2-3-0-6-4 3467555 0.165283 0.156969 0 0
3-5-0-0-1-1-0-4-3-5-0-0-1 60968 0.1292 0.123177 0 0
3-5-0-0-1-1-0-4-3-5-0-2-2 2973549 0.131452 0.127356 0 0
3-5-0-0-1-1-0-4-3-5-0-4-3 54281919 0.216483 0.212027 0 0
3-5-0-0-1-1-0-4-3-5-0-6-4 3461526 0.200282 0.195385 0 0
3-5-0-0-1-1-0-6-4-7-0-0-1 60968 0.172 0.163184 0 0
3-5-0-0-1-1-0-6-4-7-0-2-2 3063642 0.173963 0.164578 0 0
3-5-0-0-1-1-0-6-4-7-0-4-3 58078938 0.281688 0.277714 0 0
3-5-0-0-1-1-0-6-4-7-0-6-4 3467555 0.276669 0.266562 0 0
3-5-0-2-2-3-0-0-1-1-0-0-1 60416 0.057297 0.051873 0 0
3-5-0-2-2-3-0-0-1-1-0-2-2 3063204 0.059539 0.05304 0 0
3-5-0-2-2-3-0-0-1-1-0-4-3 57885025 0.154563 0.15067 0 0
3-5-0-2-2-3-0-0-1-1-0-6-4 3467549 0.139909 0.131656 0 0
3-5-0-2-2-3-0-2-2-3-0-0-1 60416 0.013467 0.007431 0 0
3-5-0-2-2-3-0-2-2-3-0-2-2 58197 0.010153 0.006768 0 0
3-5-0-2-2-3-0-2-2-3-0-4-3 19843901 0.025906 0.019921 0 0
3-5-0-2-2-3-0-2-2-3-0-6-4 3124458 0.023876 0.014609 0 0
3-5-0-2-2-3-0-4-3-5-0-0-1 60963 0.128494 0.122246 0 0
3-5-0-2-2-3-0-4-3-5-0-2-2 2963165 0.129562 0.123306 0 0
3-5-0-2-2-3-0-4-3-5-0-4-3 53813541 0.217449 0.212913 0 0
3-5-0-2-2-3-0-4-3-5-0-6-4 3463475 0.202255 0.197007 0 0
3-5-0-2-2-3-0-6-4-7-0-0-1 60968 0.145905 0.133192 0 0
3-5-0-2-2-3-0-6-4-7-0-2-2 3054372 0.144235 0.136049 0 0
3-5-0-2-2-3-0-6-4-7-0-4-3 57842363 0.255568 0.248688 0 0
3-5-0-2-2-3-0-6-4-7-0-6-4 3467504 0.235766 0.229794 0 0
3-5-0-4-3-5-0-0-1-1-0-0-1 55228 0.077681 0.069879 0 0
3-5-0-4-3-5-0-0-1-1-0-2-2 3024726 0.078086 0.069522 0 0
3-5-0-4-3-5-0-0-1-1-0-4-3 54281919 0.155746 0.151483 0 0
3-5-0-4-3-5-0-0-1-1-0-6-4 3465007 0.152243 0.14427 0 0
3-5-0-4-3-5-0-2-2-3-0-0-1 60877 0.07762 0.065998 0 0
3-5-0-4-3-5-0-2-2-3-0-2-2 2000819 0.073452 0.067672 0 0
3-5-0-4-3-5-0-2-2-3-0-4-3 53813541 0.169262 0.162493 0 0
3-5-0-4-3-5-0-2-2-3-0-6-4 3418541 0.152487 0.146753 0 0
3-5-0-4-3-5-0-4-3-5-0-0-1 58641 0.204257 0.196362 0 0
3-5-0-4-3-5-0-4-3-5-0-2-2 2901292 0.201781 0.194563 0 0
3-5-0-4-3-5-0-4-3-5-0-4-3 52582147 0.304101 0.298112 0 0
3-5-0-4-3-5-0-4-3-5-0-6-4 3316743 0.285957 0.280766 0 0
3-5-0-4-3-5-0-6-4-7-0-0-1 60964 0.186817 0.173924 0 0
3-5-0-4-3-5-0-6-4-7-0-2-2 2972666 0.18481 0.17605 0 0
3-5-0-4-3-5-0-6-4-7-0-4-3 56836191 0.291276 0.28676 0 0
3-5-0-4-3-5-0-6-4-7-0-6-4 3465492 0.281006 0.270851 0 0
3-5-0-6-4-7-0-0-1-1-0-0-1 60964 0.138987 0.128113 0 0
3-5-0-6-4-7-0-0-1-1-0-2-2 3063638 0.140824 0.128858 0 0
3-5-0-6-4-7-0-0-1-1-0-4-3 58078938 0.227558 0.221819 0 0
3-5-0-6-4-7-0-0-1-1-0-6-4 3467555 0.218785 0.20641 0 0
3-5-0-6-4-7-0-2-2-3-0-0-1 60968 0.135447 0.125724 0 0
3-5-0-6-4-7-0-2-2-3-0-2-2 2742607 0.135364 0.128689 0 0
3-5-0-6-4-7-0-2-2-3-0-4-3 57842363 0.242326 0.237408 0 0
3-5-0-6-4-7-0-2-2-3-0-6-4 3467514 0.228646 0.220581 0 0
3-5-0-6-4-7-0-4-3-5-0-0-1 60968 0.325925 0.317599 0 0
3-5-0-6-4-7-0-4-3-5-0-2-2 3061380 0.327173 0.318447 0 0
3-5-0-6-4-7-0-4-3-5-0-4-3 56836191 0.443832 0.430533 0 0
3-5-0-6-4-7-0-4-3-5-0-6-4 3467552 0.4363 0.421713 0 0
3-5-0-6-4-7-0-6-4-7-0-0-1 60968 0.287479 0.277221 0 0
3-5-0-6-4-7-0-6-4-7-0-2-2 3063636 0.289158 0.2793 0 0
3-5-0-6-4-7-0-6-4-7-0-4-3 58079519 0.393814 0.389461 0 0
3-5-0-6-4-7-0-6-4-7-0-6-4 3467555 0.381067 0.373386 0 0
4-7-0-0-1-1-0-0-1-1-0-0-1 3588 0.009094 0.006871 0 0
4-7-0-0-1-1-0-0-1-1-0-2-2 182777 0.008422 0.006557 0 0
4-7-0-0-1-1-0-0-1-1-0-4-3 3441023 0.01338 0.011761 0 0
4-7-0-0-1-1-0-0-1-1-0-6-4 207025 0.012664 0.010691 0 0
4-7-0-0-1-1-0-2-2-3-0-0-1 3640 0.007891 0.006238 0 0
4-7-0-0-1-1-0-2-2-3-0-2-2 182777 0.007909 0.006331 0 0
4-7-0-0-1-1-0-2-2-3-0-4-3 3467549 0.01565 0.013794 0 0
4-7-0-0-1-1-0-2-2-3-0-6-4 207025 0.013894 0.011908 0 0
4-7-0-0-1-1-0-4-3-5-0-0-1 3640 0.021015 0.018738 0 0
4-7-0-0-1-1-0-4-3-5-0-2-2 182870 0.021919 0.019541 0 0
4-7-0-0-1-1-0-4-3-5-0-4-3 3465007 0.028825 0.025598 0 0
4-7-0-0-1-1-0-4-3-5-0-6-4 207025 0.027827 0.025123 0 0
4-7-0-0-1-1-0-6-4-7-0-0-1 3640 0.018356 0.015784 0 0
4-7-0-0-1-1-0-6-4-7-0-2-2 182910 0.01878 0.01669 0 0
4-7-0-0-1-1-0-6-4-7-0-4-3 3467555 0.025157 0.022684 0 0
4-7-0-0-1-1-0-6-4-7-0-6-4 207025 0.023924 0.021438 0 0
4-7-0-2-2-3-0-0-1-1-0-0-1 3640 0.006737 0.005178 0 0
4-7-0-2-2-3-0-0-1-1-0-2-2 182910 0.006777 0.005233 0 0
4-7-0-2-2-3-0-0-1-1-0-4-3 3467555 0.013852 0.011971 0 0
4-7-0-2-2-3-0-0-1-1-0-6-4 207025 0.011794 0.009915 0 0
4-7-0-2-2-3-0-2-2-3-0-0-1 3640 0.005831 0.004085 0 0
4-7-0-2-2-3-0-2-2-3-0-2-2 49523 0.00565 0.00399 0 0
4-7-0-2-2-3-0-2-2-3-0-4-3 3124458 0.011042 0.008946 0 0
4-7-0-2-2-3-0-2-2-3-0-6-4 206833 0.013179 0.008244 0 0
4-7-0-2-2-3-0-4-3-5-0-0-1 3640 0.019439 0.017164 0 0
4-7-0-2-2-3-0-4-3-5-0-2-2 182861 0.019094 0.016757 0 0
4-7-0-2-2-3-0-4-3-5-0-4-3 3418541 0.026539 0.024135 0 0
4-7-0-2-2-3-0-4-3-5-0-6-4 207025 0.024917 0.022443 0 0
4-7-0-2-2-3-0-6-4-7-0-0-1 3640 0.016887 0.014734 0 0
4-7-0-2-2-3-0-6-4-7-0-2-2 182909 0.016042 0.014212 0 0
4-7-0-2-2-3-0-6-4-7-0-4-3 3467514 0.022868 0.020882 0 0
4-7-0-2-2-3-0-6-4-7-0-6-4 207025 0.024561 0.021981 0 0
4-7-0-4-3-5-0-0-1-1-0-0-1 3629 0.013652 0.0117 0 0
4-7-0-4-3-5-0-0-1-1-0-2-2 182887 0.014308 0.011803 0 0
4-7-0-4-3-5-0-0-1-1-0-4-3 3461526 0.019308 0.01705 0 0
4-7-0-4-3-5-0-0-1-1-0-6-4 207025 0.018269 0.016209 0 0
4-7-0-4-3-5-0-2-2-3-0-0-1 3640 0.013929 0.011872 0 0
4-7-0-4-3-5-0-2-2-3-0-2-2 180031 0.014027 0.011924 0 0
4-7-0-4-3-5-0-2-2-3-0-4-3 3463475 0.021025 0.018472 0 0
4-7-0-4-3-5-0-2-2-3-0-6-4 207025 0.019761 0.017368 0 0
4-7-0-4-3-5-0-4-3-5-0-0-1 3640 0.028517 0.025427 0 0
4-7-0-4-3-5-0-4-3-5-0-2-2 182871 0.028433 0.024965 0 0
4-7-0-4-3-5-0-4-3-5-0-4-3 3316743 0.034511 0.031568 0 0
4-7-0-4-3-5-0-4-3-5-0-6-4 207025 0.034062 0.030957 0 0
4-7-0-4-3-5-0-6-4-7-0-0-1 3640 0.024531 0.02197 0 0
4-7-0-4-3-5-0-6-4-7-0-2-2 182910 0.024572 0.021839 0 0
4-7-0-4-3-5-0-6-4-7-0-4-3 3467552 0.031292 0.028821 0 0
4-7-0-4-3-5-0-6-4-7-0-6-4 207025 0.030444 0.027936 0 0
4-7-0-6-4-7-0-0-1-1-0-0-1 3640 0.01453 0.012783 0 0
4-7-0-6-4-7-0-0-1-1-0-2-2 182910 0.013709 0.01151 0 0
4-7-0-6-4-7-0-0-1-1-0-4-3 3467555 0.019302 0.017035 0 0
4-7-0-6-4-7-0-0-1-1-0-6-4 207025 0.017924 0.016 0 0
4-7-0-6-4-7-0-2-2-3-0-0-1 3640 0.013388 0.011645 0 0
4-7-0-6-4-7-0-2-2-3-0-2-2 182627 0.019528 0.011744 0 0
4-7-0-6-4-7-0-2-2-3-0-4-3 3467504 0.021454 0.018948 0 0
4-7-0-6-4-7-0-2-2-3-0-6-4 207025 0.020331 0.017997 0 0
4-7-0-6-4-7-0-4-3-5-0-0-1 3640 0.027741 0.025135 0 0
4-7-0-6-4-7-0-4-3-5-0-2-2 182908 0.027831 0.025252 0 0
4-7-0-6-4-7-0-4-3-5-0-4-3 3465492 0.034608 0.032013 0 0
4-7-0-6-4-7-0-4-3-5-0-6-4 207025 0.033875 0.031205 0 0
4-7-0-6-4-7-0-6-4-7-0-0-1 3640 0.024766 0.022554 0 0
4-7-0-6-4-7-0-6-4-7-0-2-2 182910 0.025782 0.023767 0 0
4-7-0-6-4-7-0-6-4-7-0-4-3 3467555 0.032374 0.029992 0 0
4-7-0-6-4-7-0-6-4-7-0-6-4 207025 0.031559 0.029156 0 0
