0-0-1-1-0-0-1-1-0-0-1-1-0-0-1 34713 0.647348 0.636724 0 0
0-0-1-1-0-0-1-1-0-0-1-1-0-2-2 11426723 0.215339 0.206366 0 0
0-0-1-1-0-0-1-1-0-0-1-1-0-4-3 66667832 0.413628 0.396439 0 0
0-0-1-1-0-0-1-1-0-0-1-1-0-6-4 15626706 0.368401 0.352213 0 0
0-0-1-1-0-0-1-1-0-2-2-3-0-0-1 277704 0.971483 0.930603 0 0
0-0-1-1-0-0-1-1-0-2-2-3-0-2-2 11426723 0.667228 0.642633 0 0
0-0-1-1-0-0-1-1-0-2-2-3-0-4-3 262992233 1.71176 1.6939 0 0
0-0-1-1-0-0-1-1-0-2-2-3-0-6-4 15794415 1.45505 1.43005 0 0
0-0-1-1-0-0-1-1-0-4-3-5-0-0-1 277704 0.877589 0.855151 0 0
0-0-1-1-0-0-1-1-0-4-3-5-0-2-2 13373259 0.866928 0.852066 0 0
0-0-1-1-0-0-1-1-0-4-3-5-0-4-3 242448037 1.49715 1.47618 0 0
0-0-1-1-0-0-1-1-0-4-3-5-0-6-4 15758734 1.35763 1.33857 0 0
0-0-1-1-0-0-1-1-0-6-4-7-0-0-1 277704 1.40385 1.34241 0 0
0-0-1-1-0-0-1-1-0-6-4-7-0-2-2 13954626 1.43667 1.3829 0 0
0-0-1-1-0-0-1-1-0-6-4-7-0-4-3 264536355 2.3845 2.35934 0 0
0-0-1-1-0-0-1-1-0-6-4-7-0-6-4 15794415 2.04381 1.96667 0 0
0-0-1-1-0-2-2-3-0-0-1-1-0-0-1 277704 0.887196 0.847645 0 0
0-0-1-1-0-2-2-3-0-0-1-1-0-2-2 13954626 0.888776 0.855709 0 0
0-0-1-1-0-2-2-3-0-0-1-1-0-4-3 264547773 1.5567 1.52657 0 0
0-0-1-1-0-2-2-3-0-0-1-1-0-6-4 15794415 1.48538 1.44581 0 0
0-0-1-1-0-2-2-3-0-2-2-3-0-0-1 277704 0.901381 0.868031 0 0
0-0-1-1-0-2-2-3-0-2-2-3-0-2-2 11426723 0.887365 0.858544 0 0
0-0-1-1-0-2-2-3-0-2-2-3-0-4-3 262992233 1.7287 1.7016 0 0
0-0-1-1-0-2-2-3-0-2-2-3-0-6-4 15794415 1.57754 1.55106 0 0
0-0-1-1-0-2-2-3-0-4-3-5-0-0-1 277704 2.66619 2.61213 0 0
0-0-1-1-0-2-2-3-0-4-3-5-0-2-2 13954626 2.63845 2.59264 0 0
0-0-1-1-0-2-2-3-0-4-3-5-0-4-3 264272027 3.45983 3.43379 0 0
0-0-1-1-0-2-2-3-0-4-3-5-0-6-4 15794415 3.20757 3.15326 0 0
0-0-1-1-0-2-2-3-0-6-4-7-0-0-1 277704 2.17749 2.14647 0 0
0-0-1-1-0-2-2-3-0-6-4-7-0-2-2 13954626 2.23733 2.20673 0 0
0-0-1-1-0-2-2-3-0-6-4-7-0-4-3 264547773 3.07353 3.05147 0 0
0-0-1-1-0-2-2-3-0-6-4-7-0-6-4 15794415 2.96155 2.9213 0 0
0-0-1-1-0-4-3-5-0-0-1-1-0-0-1 277704 1.07214 1.0469 0 0
0-0-1-1-0-4-3-5-0-0-1-1-0-2-2 13954626 1.10465 1.0758 0 0
0-0-1-1-0-4-3-5-0-0-1-1-0-4-3 264547773 1.93334 1.91064 0 0
0-0-1-1-0-4-3-5-0-0-1-1-0-6-4 15794415 1.76128 1.73262 0 0
0-0-1-1-0-4-3-5-0-2-2-3-0-0-1 277704 1.19738 1.16011 0 0
0-0-1-1-0-4-3-5-0-2-2-3-0-2-2 13373259 1.1746 1.13934 0 0
0-0-1-1-0-4-3-5-0-2-2-3-0-4-3 264534436 2.05529 2.03781 0 0
0-0-1-1-0-4-3-5-0-2-2-3-0-6-4 15794415 1.88794 1.85137 0 0
0-0-1-1-0-4-3-5-0-4-3-5-0-0-1 277704 2.61231 2.557 0 0
0-0-1-1-0-4-3-5-0-4-3-5-0-2-2 13954626 2.61949 2.56883 0 0
0-0-1-1-0-4-3-5-0-4-3-5-0-4-3 254851812 3.54048 3.48921 0 0
0-0-1-1-0-4-3-5-0-4-3-5-0-6-4 15794415 3.29545 3.24296 0 0
0-0-1-1-0-4-3-5-0-6-4-7-0-0-1 277704 2.28568 2.24423 0 0
0-0-1-1-0-4-3-5-0-6-4-7-0-2-2 13954626 2.34597 2.31366 0 0
0-0-1-1-0-4-3-5-0-6-4-7-0-4-3 264547773 3.15428 3.13471 0 0
0-0-1-1-0-4-3-5-0-6-4-7-0-6-4 15794415 2.8655 2.82984 0 0
0-0-1-1-0-6-4-7-0-0-1-1-0-0-1 277704 1.59852 1.5499 0 0
0-0-1-1-0-6-4-7-0-0-1-1-0-2-2 13954626 1.63189 1.58782 0 0
0-0-1-1-0-6-4-7-0-0-1-1-0-4-3 264547773 2.39573 2.36123 0 0
0-0-1-1-0-6-4-7-0-0-1-1-0-6-4 15794415 2.21224 2.15808 0 0
0-0-1-1-0-6-4-7-0-2-2-3-0-0-1 277704 1.60149 1.54889 0 0
0-0-1-1-0-6-4-7-0-2-2-3-0-2-2 13954626 1.6596 1.60486 0 0
0-0-1-1-0-6-4-7-0-2-2-3-0-4-3 264547773 2.4797 2.44244 0 0
0-0-1-1-0-6-4-7-0-2-2-3-0-6-4 15794415 2.33816 2.28839 0 0
0-0-1-1-0-6-4-7-0-4-3-5-0-0-1 277704 3.08557 3.03438 0 0
0-0-1-1-0-6-4-7-0-4-3-5-0-2-2 13954626 3.20363 3.1548 0 0
0-0-1-1-0-6-4-7-0-4-3-5-0-4-3 264536355 4.08444 4.06208 0 0
0-0-1-1-0-6-4-7-0-4-3-5-0-6-4 15794415 3.99945 3.94188 0 0
0-0-1-1-0-6-4-7-0-6-4-7-0-0-1 277704 2.92264 2.86751 0 0
0-0-1-1-0-6-4-7-0-6-4-7-0-2-2 13954626 3.01957 2.96698 0 0
0-0-1-1-0-6-4-7-0-6-4-7-0-4-3 264547773 3.80565 3.76735 0 0
0-0-1-1-0-6-4-7-0-6-4-7-0-6-4 15794415 3.48624 3.42509 0 0
0-2-2-3-0-0-1-1-0-0-1-1-0-0-1 269979 0.854927 0.796316 0 0
0-2-2-3-0-0-1-1-0-0-1-1-0-2-2 13942082 0.876761 0.821875 0 0
0-2-2-3-0-0-1-1-0-0-1-1-0-4-3 261068775 1.6849 1.64437 0 0
0-2-2-3-0-0-1-1-0-0-1-1-0-6-4 15794087 1.587 1.49008 0 0
0-2-2-3-0-0-1-1-0-2-2-3-0-0-1 277704 0.971084 0.87513 0 0
0-2-2-3-0-0-1-1-0-2-2-3-0-2-2 13942082 0.926254 0.869288 0 0
0-2-2-3-0-0-1-1-0-2-2-3-0-4-3 264546361 1.95239 1.9317 0 0
0-2-2-3-0-0-1-1-0-2-2-3-0-6-4 15794415 1.71329 1.63858 0 0
0-2-2-3-0-0-1-1-0-4-3-5-0-0-1 277704 2.71084 2.62814 0 0
0-2-2-3-0-0-1-1-0-4-3-5-0-2-2 13950086 2.50772 2.44955 0 0
0-2-2-3-0-0-1-1-0-4-3-5-0-4-3 264223483 3.41785 3.36798 0 0
0-2-2-3-0-0-1-1-0-4-3-5-0-6-4 15794374 3.18024 3.11748 0 0
0-2-2-3-0-0-1-1-0-6-4-7-0-0-1 277704 2.04373 1.9905 0 0
0-2-2-3-0-0-1-1-0-6-4-7-0-2-2 13954626 2.13272 2.07478 0 0
0-2-2-3-0-0-1-1-0-6-4-7-0-4-3 264547768 2.93764 2.91853 0 0
0-2-2-3-0-0-1-1-0-6-4-7-0-6-4 15794415 2.87887 2.8195 0 0
0-2-2-3-0-2-2-3-0-0-1-1-0-0-1 269979 0.458736 0.412 0 0
0-2-2-3-0-2-2-3-0-0-1-1-0-2-2 13942082 0.427273 0.410484 0 0
0-2-2-3-0-2-2-3-0-0-1-1-0-4-3 261068775 1.18316 1.16694 0 0
0-2-2-3-0-2-2-3-0-0-1-1-0-6-4 15794087 1.00219 0.983002 0 0
0-2-2-3-0-2-2-3-0-2-2-3-0-0-1 269979 0.030627 0.017039 0 0
0-2-2-3-0-2-2-3-0-2-2-3-0-2-2 34713 0.023547 0.016301 0 0
0-2-2-3-0-2-2-3-0-2-2-3-0-4-3 18178411 0.038546 0.031143 0 0
0-2-2-3-0-2-2-3-0-2-2-3-0-6-4 10219172 0.03746 0.029333 0 0
0-2-2-3-0-2-2-3-0-4-3-5-0-0-1 277212 0.380279 0.371452 0 0
0-2-2-3-0-2-2-3-0-4-3-5-0-2-2 12401496 0.392018 0.382336 0 0
0-2-2-3-0-2-2-3-0-4-3-5-0-4-3 223199128 0.882283 0.863165 0 0
0-2-2-3-0-2-2-3-0-4-3-5-0-6-4 15752999 0.781545 0.769853 0 0
0-2-2-3-0-2-2-3-0-6-4-7-0-0-1 277704 0.798851 0.782731 0 0
0-2-2-3-0-2-2-3-0-6-4-7-0-2-2 13689497 0.853518 0.821794 0 0
0-2-2-3-0-2-2-3-0-6-4-7-0-4-3 258664239 1.76191 1.74593 0 0
0-2-2-3-0-2-2-3-0-6-4-7-0-6-4 15792398 1.56379 1.5407 0 0
0-2-2-3-0-4-3-5-0-0-1-1-0-0-1 277212 0.93751 0.858008 0 0
0-2-2-3-0-4-3-5-0-0-1-1-0-2-2 13953539 0.923614 0.868279 0 0
0-2-2-3-0-4-3-5-0-0-1-1-0-4-3 264335304 1.67929 1.66671 0 0
0-2-2-3-0-4-3-5-0-0-1-1-0-6-4 15794372 1.56759 1.49086 0 0
0-2-2-3-0-4-3-5-0-2-2-3-0-0-1 277704 0.908751 0.877372 0 0
0-2-2-3-0-4-3-5-0-2-2-3-0-2-2 12401496 0.871819 0.843481 0 0
0-2-2-3-0-4-3-5-0-2-2-3-0-4-3 263938876 1.90063 1.88102 0 0
0-2-2-3-0-4-3-5-0-2-2-3-0-6-4 15794338 1.61848 1.58637 0 0
0-2-2-3-0-4-3-5-0-4-3-5-0-0-1 277704 2.25564 2.22819 0 0
0-2-2-3-0-4-3-5-0-4-3-5-0-2-2 13942369 2.2155 2.18703 0 0
0-2-2-3-0-4-3-5-0-4-3-5-0-4-3 252870735 3.14362 3.09734 0 0
0-2-2-3-0-4-3-5-0-4-3-5-0-6-4 15794351 2.92193 2.89177 0 0
0-2-2-3-0-4-3-5-0-6-4-7-0-0-1 277704 1.98635 1.91321 0 0
0-2-2-3-0-4-3-5-0-6-4-7-0-2-2 13954500 2.00322 1.94281 0 0
0-2-2-3-0-4-3-5-0-6-4-7-0-4-3 264545259 2.86306 2.84908 0 0
0-2-2-3-0-4-3-5-0-6-4-7-0-6-4 15794413 2.6499 2.58192 0 0
0-2-2-3-0-6-4-7-0-0-1-1-0-0-1 277704 1.3111 1.23983 0 0
0-2-2-3-0-6-4-7-0-0-1-1-0-2-2 13954626 1.34614 1.25709 0 0
0-2-2-3-0-6-4-7-0-0-1-1-0-4-3 264547773 2.07953 2.04688 0 0
0-2-2-3-0-6-4-7-0-0-1-1-0-6-4 15794415 1.95103 1.89097 0 0
0-2-2-3-0-6-4-7-0-2-2-3-0-0-1 277704 1.3984 1.30759 0 0
0-2-2-3-0-6-4-7-0-2-2-3-0-2-2 13689497 1.3352 1.28648 0 0
0-2-2-3-0-6-4-7-0-2-2-3-0-4-3 264526605 2.33427 2.30282 0 0
0-2-2-3-0-6-4-7-0-2-2-3-0-6-4 15794414 2.08769 2.01786 0 0
0-2-2-3-0-6-4-7-0-4-3-5-0-0-1 277704 3.14357 2.99064 0 0
0-2-2-3-0-6-4-7-0-4-3-5-0-2-2 13953921 3.18043 3.03288 0 0
0-2-2-3-0-6-4-7-0-4-3-5-0-4-3 261395656 3.88537 3.82958 0 0
0-2-2-3-0-6-4-7-0-4-3-5-0-6-4 15794415 3.84197 3.69445 0 0
0-2-2-3-0-6-4-7-0-6-4-7-0-0-1 277704 2.6161 2.52055 0 0
0-2-2-3-0-6-4-7-0-6-4-7-0-2-2 13954626 2.59035 2.54007 0 0
0-2-2-3-0-6-4-7-0-6-4-7-0-4-3 264547767 3.37529 3.35537 0 0
0-2-2-3-0-6-4-7-0-6-4-7-0-6-4 15794415 3.37987 3.3259 0 0
0-4-3-5-0-0-1-1-0-0-1-1-0-0-1 125547 0.399324 0.386151 0 0
0-4-3-5-0-0-1-1-0-0-1-1-0-2-2 13103489 0.405846 0.389803 0 0
0-4-3-5-0-0-1-1-0-0-1-1-0-4-3 159103520 0.754528 0.743664 0 0
0-4-3-5-0-0-1-1-0-0-1-1-0-6-4 15740985 0.678542 0.664483 0 0
0-4-3-5-0-0-1-1-0-2-2-3-0-0-1 277704 0.769981 0.676964 0 0
0-4-3-5-0-0-1-1-0-2-2-3-0-2-2 13103489 0.741131 0.676809 0 0
0-4-3-5-0-0-1-1-0-2-2-3-0-4-3 264299335 1.62911 1.60778 0 0
0-4-3-5-0-0-1-1-0-2-2-3-0-6-4 15794415 1.47349 1.40249 0 0
0-4-3-5-0-0-1-1-0-4-3-5-0-0-1 277704 1.55758 1.52576 0 0
0-4-3-5-0-0-1-1-0-4-3-5-0-2-2 13749399 1.51243 1.48571 0 0
0-4-3-5-0-0-1-1-0-4-3-5-0-4-3 254223236 2.2604 2.23623 0 0
0-4-3-5-0-0-1-1-0-4-3-5-0-6-4 15784512 2.16124 2.12712 0 0
0-4-3-5-0-0-1-1-0-6-4-7-0-0-1 277704 1.6198 1.53734 0 0
0-4-3-5-0-0-1-1-0-6-4-7-0-2-2 13954626 1.64032 1.58231 0 0
0-4-3-5-0-0-1-1-0-6-4-7-0-4-3 264545622 2.53722 2.50906 0 0
0-4-3-5-0-0-1-1-0-6-4-7-0-6-4 15794415 2.43607 2.34607 0 0
0-4-3-5-0-2-2-3-0-0-1-1-0-0-1 277597 0.679581 0.577564 0 0
0-4-3-5-0-2-2-3-0-0-1-1-0-2-2 13954538 0.649151 0.612185 0 0
0-4-3-5-0-2-2-3-0-0-1-1-0-4-3 264505054 1.47119 1.45647 0 0
0-4-3-5-0-2-2-3-0-0-1-1-0-6-4 15794415 1.25238 1.20116 0 0
0-4-3-5-0-2-2-3-0-2-2-3-0-0-1 277597 0.291535 0.272899 0 0
0-4-3-5-0-2-2-3-0-2-2-3-0-2-2 1807215 0.281777 0.271294 0 0
0-4-3-5-0-2-2-3-0-2-2-3-0-4-3 186718068 0.674255 0.662562 0 0
0-4-3-5-0-2-2-3-0-2-2-3-0-6-4 15662521 0.581523 0.567758 0 0
0-4-3-5-0-2-2-3-0-4-3-5-0-0-1 277704 1.81278 1.78885 0 0
0-4-3-5-0-2-2-3-0-4-3-5-0-2-2 13920727 1.74958 1.7006 0 0
0-4-3-5-0-2-2-3-0-4-3-5-0-4-3 256552028 2.75791 2.67971 0 0
0-4-3-5-0-2-2-3-0-4-3-5-0-6-4 15793767 2.59393 2.56625 0 0
0-4-3-5-0-2-2-3-0-6-4-7-0-0-1 277704 1.63657 1.5333 0 0
0-4-3-5-0-2-2-3-0-6-4-7-0-2-2 13952209 1.59718 1.53234 0 0
0-4-3-5-0-2-2-3-0-6-4-7-0-4-3 264488100 2.46368 2.44692 0 0
0-4-3-5-0-2-2-3-0-6-4-7-0-6-4 15794397 2.30062 2.23997 0 0
0-4-3-5-0-4-3-5-0-0-1-1-0-0-1 273654 1.04395 0.960602 0 0
0-4-3-5-0-4-3-5-0-0-1-1-0-2-2 13920168 1.0145 0.963588 0 0
0-4-3-5-0-4-3-5-0-0-1-1-0-4-3 261568906 1.81539 1.80168 0 0
0-4-3-5-0-4-3-5-0-0-1-1-0-6-4 15792180 1.59081 1.53614 0 0
0-4-3-5-0-4-3-5-0-2-2-3-0-0-1 277611 1.01339 0.95639 0 0
0-4-3-5-0-4-3-5-0-2-2-3-0-2-2 12620533 1.01483 0.971175 0 0
0-4-3-5-0-4-3-5-0-2-2-3-0-4-3 260987845 1.9247 1.90725 0 0
0-4-3-5-0-4-3-5-0-2-2-3-0-6-4 15743848 1.7318 1.69961 0 0
0-4-3-5-0-4-3-5-0-4-3-5-0-0-1 274950 2.34088 2.28799 0 0
0-4-3-5-0-4-3-5-0-4-3-5-0-2-2 13780903 2.38088 2.34655 0 0
0-4-3-5-0-4-3-5-0-4-3-5-0-4-3 249802666 3.27763 3.25275 0 0
0-4-3-5-0-4-3-5-0-4-3-5-0-6-4 15614461 3.12292 3.07401 0 0
0-4-3-5-0-4-3-5-0-6-4-7-0-0-1 277700 2.14206 2.08141 0 0
0-4-3-5-0-4-3-5-0-6-4-7-0-2-2 13850279 2.12146 2.02815 0 0
0-4-3-5-0-4-3-5-0-6-4-7-0-4-3 263135171 2.90708 2.88971 0 0
0-4-3-5-0-4-3-5-0-6-4-7-0-6-4 15792097 2.85914 2.77122 0 0
0-4-3-5-0-6-4-7-0-0-1-1-0-0-1 277700 1.42685 1.35514 0 0
0-4-3-5-0-6-4-7-0-0-1-1-0-2-2 13954622 1.46084 1.40371 0 0
0-4-3-5-0-6-4-7-0-0-1-1-0-4-3 264547070 2.28817 2.25303 0 0
0-4-3-5-0-6-4-7-0-0-1-1-0-6-4 15794415 2.06241 2.00814 0 0
0-4-3-5-0-6-4-7-0-2-2-3-0-0-1 277704 1.51242 1.44318 0 0
0-4-3-5-0-6-4-7-0-2-2-3-0-2-2 13721768 1.47081 1.42622 0 0
0-4-3-5-0-6-4-7-0-2-2-3-0-4-3 264348044 2.42302 2.4 0 0
0-4-3-5-0-6-4-7-0-2-2-3-0-6-4 15794371 2.18185 2.1473 0 0
0-4-3-5-0-6-4-7-0-4-3-5-0-0-1 277704 3.21431 3.1238 0 0
0-4-3-5-0-6-4-7-0-4-3-5-0-2-2 13953164 3.13407 3.06242 0 0
0-4-3-5-0-6-4-7-0-4-3-5-0-4-3 263215652 4.0525 3.99353 0 0
0-4-3-5-0-6-4-7-0-4-3-5-0-6-4 15794412 3.82729 3.7732 0 0
0-4-3-5-0-6-4-7-0-6-4-7-0-0-1 277704 2.70457 2.58137 0 0
0-4-3-5-0-6-4-7-0-6-4-7-0-2-2 13954620 2.79942 2.73339 0 0
0-4-3-5-0-6-4-7-0-6-4-7-0-4-3 264547650 3.64404 3.62407 0 0
0-4-3-5-0-6-4-7-0-6-4-7-0-6-4 15794415 3.54173 3.49818 0 0
0-6-4-7-0-0-1-1-0-0-1-1-0-0-1 277619 1.01083 0.874797 0 0
0-6-4-7-0-0-1-1-0-0-1-1-0-2-2 13954551 0.988834 0.874798 0 0
0-6-4-7-0-0-1-1-0-0-1-1-0-4-3 264520476 1.80513 1.72505 0 0
0-6-4-7-0-0-1-1-0-0-1-1-0-6-4 15794415 1.57957 1.48113 0 0
0-6-4-7-0-0-1-1-0-2-2-3-0-0-1 277704 0.957798 0.873217 0 0
0-6-4-7-0-0-1-1-0-2-2-3-0-2-2 13954551 0.985445 0.896776 0 0
0-6-4-7-0-0-1-1-0-2-2-3-0-4-3 264547769 1.92184 1.87482 0 0
0-6-4-7-0-0-1-1-0-2-2-3-0-6-4 15794415 1.70553 1.60866 0 0
0-6-4-7-0-0-1-1-0-4-3-5-0-0-1 277704 2.65791 2.56739 0 0
0-6-4-7-0-0-1-1-0-4-3-5-0-2-2 13954585 2.48023 2.3985 0 0
0-6-4-7-0-0-1-1-0-4-3-5-0-4-3 264544959 3.38608 3.35236 0 0
0-6-4-7-0-0-1-1-0-4-3-5-0-6-4 15794415 3.22187 3.15813 0 0
0-6-4-7-0-0-1-1-0-6-4-7-0-0-1 277704 2.1203 2.03412 0 0
0-6-4-7-0-0-1-1-0-6-4-7-0-2-2 13954626 2.21564 2.11477 0 0
0-6-4-7-0-0-1-1-0-6-4-7-0-4-3 264547773 3.04108 2.99214 0 0
0-6-4-7-0-0-1-1-0-6-4-7-0-6-4 15794415 2.92904 2.82707 0 0
0-6-4-7-0-2-2-3-0-0-1-1-0-0-1 277704 0.83444 0.767892 0 0
0-6-4-7-0-2-2-3-0-0-1-1-0-2-2 13954626 0.838163 0.783921 0 0
0-6-4-7-0-2-2-3-0-0-1-1-0-4-3 264547773 1.62791 1.59196 0 0
0-6-4-7-0-2-2-3-0-0-1-1-0-6-4 15794415 1.46265 1.40595 0 0
0-6-4-7-0-2-2-3-0-2-2-3-0-0-1 277704 0.70452 0.675742 0 0
0-6-4-7-0-2-2-3-0-2-2-3-0-2-2 6345795 0.709779 0.678973 0 0
0-6-4-7-0-2-2-3-0-2-2-3-0-4-3 254483838 1.47534 1.45677 0 0
0-6-4-7-0-2-2-3-0-2-2-3-0-6-4 15792946 1.30717 1.28162 0 0
0-6-4-7-0-2-2-3-0-4-3-5-0-0-1 277704 2.54682 2.41285 0 0
0-6-4-7-0-2-2-3-0-4-3-5-0-2-2 13954585 2.55826 2.44173 0 0
0-6-4-7-0-2-2-3-0-4-3-5-0-4-3 262665496 3.38584 3.33317 0 0
0-6-4-7-0-2-2-3-0-4-3-5-0-6-4 15794415 3.25119 3.13015 0 0
0-6-4-7-0-2-2-3-0-6-4-7-0-0-1 277704 2.01568 1.94094 0 0
0-6-4-7-0-2-2-3-0-6-4-7-0-2-2 13954626 2.07525 2.02156 0 0
0-6-4-7-0-2-2-3-0-6-4-7-0-4-3 264547773 2.95842 2.93276 0 0
0-6-4-7-0-2-2-3-0-6-4-7-0-6-4 15794415 2.78233 2.71846 0 0
0-6-4-7-0-4-3-5-0-0-1-1-0-0-1 277701 1.71281 1.6658 0 0
0-6-4-7-0-4-3-5-0-0-1-1-0-2-2 13954618 1.76325 1.72006 0 0
0-6-4-7-0-4-3-5-0-0-1-1-0-4-3 264546039 2.51151 2.48527 0 0
0-6-4-7-0-4-3-5-0-0-1-1-0-6-4 15794415 2.35166 2.29709 0 0
0-6-4-7-0-4-3-5-0-2-2-3-0-0-1 277704 1.87329 1.79696 0 0
0-6-4-7-0-4-3-5-0-2-2-3-0-2-2 13891951 1.82915 1.79298 0 0
0-6-4-7-0-4-3-5-0-2-2-3-0-4-3 264545893 2.66181 2.63719 0 0
0-6-4-7-0-4-3-5-0-2-2-3-0-6-4 15794415 2.48002 2.44398 0 0
0-6-4-7-0-4-3-5-0-4-3-5-0-0-1 277704 3.50829 3.41221 0 0
0-6-4-7-0-4-3-5-0-4-3-5-0-2-2 13954598 3.42524 3.3598 0 0
0-6-4-7-0-4-3-5-0-4-3-5-0-4-3 253260419 4.25508 4.22432 0 0
0-6-4-7-0-4-3-5-0-4-3-5-0-6-4 15794415 4.25425 4.16616 0 0
0-6-4-7-0-4-3-5-0-6-4-7-0-0-1 277704 3.12914 3.04516 0 0
0-6-4-7-0-4-3-5-0-6-4-7-0-2-2 13954626 2.93207 2.90686 0 0
0-6-4-7-0-4-3-5-0-6-4-7-0-4-3 264547770 3.7542 3.7308 0 0
0-6-4-7-0-4-3-5-0-6-4-7-0-6-4 15794415 3.72913 3.69822 0 0
0-6-4-7-0-6-4-7-0-0-1-1-0-0-1 277704 1.54731 1.4536 0 0
0-6-4-7-0-6-4-7-0-0-1-1-0-2-2 13954626 1.61874 1.53138 0 0
0-6-4-7-0-6-4-7-0-0-1-1-0-4-3 264547773 2.44524 2.39151 0 0
0-6-4-7-0-6-4-7-0-0-1-1-0-6-4 15794415 2.25989 2.16889 0 0
0-6-4-7-0-6-4-7-0-2-2-3-0-0-1 277704 1.6063 1.53538 0 0
0-6-4-7-0-6-4-7-0-2-2-3-0-2-2 13954431 1.6606 1.54696 0 0
0-6-4-7-0-6-4-7-0-2-2-3-0-4-3 264547772 2.56377 2.5168 0 0
0-6-4-7-0-6-4-7-0-2-2-3-0-6-4 15794415 2.44145 2.34112 0 0
0-6-4-7-0-6-4-7-0-4-3-5-0-0-1 277704 3.41377 3.31248 0 0
0-6-4-7-0-6-4-7-0-4-3-5-0-2-2 13954626 3.37249 3.29497 0 0
0-6-4-7-0-6-4-7-0-4-3-5-0-4-3 264542880 4.24491 4.2013 0 0
0-6-4-7-0-6-4-7-0-4-3-5-0-6-4 15794415 3.9509 3.85208 0 0
0-6-4-7-0-6-4-7-0-6-4-7-0-0-1 277704 2.9608 2.86518 0 0
0-6-4-7-0-6-4-7-0-6-4-7-0-2-2 13954626 2.91945 2.82328 0 0
0-6-4-7-0-6-4-7-0-6-4-7-0-4-3 264547773 3.86574 3.80908 0 0
0-6-4-7-0-6-4-7-0-6-4-7-0-6-4 15794415 3.64486 3.55251 0 0
1-1-0-0-1-1-0-0-1-1-0-0-1-1-0 34713 0.002602 0.001093 0 0
1-1-0-0-1-1-0-0-1-1-0-2-2-3-0 269979 0.002311 0.001078 0 0
1-1-0-0-1-1-0-0-1-1-0-4-3-5-0 125547 0.003465 0.001632 0 0
1-1-0-0-1-1-0-0-1-1-0-6-4-7-0 277619 0.003208 0.001772 0 0
1-1-0-0-1-1-0-2-2-3-0-0-1-1-0 277704 0.002552 0.001294 0 0
1-1-0-0-1-1-0-2-2-3-0-2-2-3-0 269979 0.003174 0.001382 0 0
1-1-0-0-1-1-0-2-2-3-0-4-3-5-0 277597 0.004938 0.00281 0 0
1-1-0-0-1-1-0-2-2-3-0-6-4-7-0 277704 0.004594 0.002504 0 0
1-1-0-0-1-1-0-4-3-5-0-0-1-1-0 277704 0.003161 0.001795 0 0
1-1-0-0-1-1-0-4-3-5-0-2-2-3-0 277212 0.003161 0.001946 0 0
1-1-0-0-1-1-0-4-3-5-0-4-3-5-0 273654 0.004878 0.003422 0 0
1-1-0-0-1-1-0-4-3-5-0-6-4-7-0 277701 0.004911 0.003163 0 0
1-1-0-0-1-1-0-6-4-7-0-0-1-1-0 277704 0.003682 0.001977 0 0
1-1-0-0-1-1-0-6-4-7-0-2-2-3-0 277704 0.003472 0.002188 0 0
1-1-0-0-1-1-0-6-4-7-0-4-3-5-0 277700 0.005664 0.003708 0 0
1-1-0-0-1-1-0-6-4-7-0-6-4-7-0 277704 0.005984 0.004197 0 0
1-1-0-2-2-3-0-0-1-1-0-0-1-1-0 277704 0.003086 0.001648 0 0
1-1-0-2-2-3-0-0-1-1-0-2-2-3-0 277704 0.002959 0.001568 0 0
1-1-0-2-2-3-0-0-1-1-0-4-3-5-0 277704 0.004614 0.002889 0 0
1-1-0-2-2-3-0-0-1-1-0-6-4-7-0 277704 0.004807 0.002781 0 0
1-1-0-2-2-3-0-2-2-3-0-0-1-1-0 277704 0.003544 0.00194 0 0
1-1-0-2-2-3-0-2-2-3-0-2-2-3-0 269979 0.003065 0.001801 0 0
1-1-0-2-2-3-0-2-2-3-0-4-3-5-0 277597 0.005012 0.003293 0 0
1-1-0-2-2-3-0-2-2-3-0-6-4-7-0 277704 0.004849 0.003007 0 0
1-1-0-2-2-3-0-4-3-5-0-0-1-1-0 277704 0.005222 0.003535 0 0
1-1-0-2-2-3-0-4-3-5-0-2-2-3-0 277704 0.005626 0.003487 0 0
1-1-0-2-2-3-0-4-3-5-0-4-3-5-0 277611 0.006661 0.004746 0 0
1-1-0-2-2-3-0-4-3-5-0-6-4-7-0 277704 0.006842 0.004913 0 0
1-1-0-2-2-3-0-6-4-7-0-0-1-1-0 277704 0.004563 0.002997 0 0
1-1-0-2-2-3-0-6-4-7-0-2-2-3-0 277704 0.004382 0.002816 0 0
1-1-0-2-2-3-0-6-4-7-0-4-3-5-0 277704 0.007296 0.005561 0 0
1-1-0-2-2-3-0-6-4-7-0-6-4-7-0 277704 0.008587 0.005917 0 0
1-1-0-4-3-5-0-0-1-1-0-0-1-1-0 277704 0.00391 0.002274 0 0
1-1-0-4-3-5-0-0-1-1-0-2-2-3-0 277704 0.003711 0.002205 0 0
1-1-0-4-3-5-0-0-1-1-0-4-3-5-0 277704 0.005633 0.003803 0 0
1-1-0-4-3-5-0-0-1-1-0-6-4-7-0 277704 0.004957 0.003468 0 0
1-1-0-4-3-5-0-2-2-3-0-0-1-1-0 277704 0.003777 0.002253 0 0
1-1-0-4-3-5-0-2-2-3-0-2-2-3-0 277212 0.003948 0.002502 0 0
1-1-0-4-3-5-0-2-2-3-0-4-3-5-0 277704 0.005322 0.003643 0 0
1-1-0-4-3-5-0-2-2-3-0-6-4-7-0 277704 0.005053 0.00344 0 0
1-1-0-4-3-5-0-4-3-5-0-0-1-1-0 277704 0.005579 0.003758 0 0
1-1-0-4-3-5-0-4-3-5-0-2-2-3-0 277704 0.005306 0.003509 0 0
1-1-0-4-3-5-0-4-3-5-0-4-3-5-0 274950 0.007326 0.005287 0 0
1-1-0-4-3-5-0-4-3-5-0-6-4-7-0 277704 0.006959 0.005032 0 0
1-1-0-4-3-5-0-6-4-7-0-0-1-1-0 277704 0.004885 0.003314 0 0
1-1-0-4-3-5-0-6-4-7-0-2-2-3-0 277704 0.0053 0.003673 0 0
1-1-0-4-3-5-0-6-4-7-0-4-3-5-0 277704 0.006805 0.005124 0 0
1-1-0-4-3-5-0-6-4-7-0-6-4-7-0 277704 0.006598 0.004792 0 0
1-1-0-6-4-7-0-0-1-1-0-0-1-1-0 277704 0.003685 0.002206 0 0
1-1-0-6-4-7-0-0-1-1-0-2-2-3-0 277704 0.003781 0.002377 0 0
1-1-0-6-4-7-0-0-1-1-0-4-3-5-0 277704 0.005508 0.003854 0 0
1-1-0-6-4-7-0-0-1-1-0-6-4-7-0 277704 0.005265 0.003582 0 0
1-1-0-6-4-7-0-2-2-3-0-0-1-1-0 277704 0.00399 0.002485 0 0
1-1-0-6-4-7-0-2-2-3-0-2-2-3-0 277704 0.003894 0.002654 0 0
1-1-0-6-4-7-0-2-2-3-0-4-3-5-0 277704 0.00601 0.004361 0 0
1-1-0-6-4-7-0-2-2-3-0-6-4-7-0 277704 0.005333 0.003556 0 0
1-1-0-6-4-7-0-4-3-5-0-0-1-1-0 277704 0.005884 0.004202 0 0
1-1-0-6-4-7-0-4-3-5-0-2-2-3-0 277704 0.005787 0.003954 0 0
1-1-0-6-4-7-0-4-3-5-0-4-3-5-0 277700 0.007719 0.005612 0 0
1-1-0-6-4-7-0-4-3-5-0-6-4-7-0 277704 0.00778 0.005932 0 0
1-1-0-6-4-7-0-6-4-7-0-0-1-1-0 277704 0.005491 0.00394 0 0
1-1-0-6-4-7-0-6-4-7-0-2-2-3-0 277704 0.005451 0.004032 0 0
1-1-0-6-4-7-0-6-4-7-0-4-3-5-0 277704 0.006981 0.005393 0 0
1-1-0-6-4-7-0-6-4-7-0-6-4-7-0 277704 0.00747 0.005699 0 0
2-3-0-0-1-1-0-0-1-1-0-0-1-1-0 11426723 0.011041 0.008939 0 0
2-3-0-0-1-1-0-0-1-1-0-2-2-3-0 13942082 0.010909 0.009168 0 0
2-3-0-0-1-1-0-0-1-1-0-4-3-5-0 13103489 0.0266 0.024324 0 0
2-3-0-0-1-1-0-0-1-1-0-6-4-7-0 13954551 0.023505 0.021547 0 0
2-3-0-0-1-1-0-2-2-3-0-0-1-1-0 13954626 0.011879 0.010132 0 0
2-3-0-0-1-1-0-2-2-3-0-2-2-3-0 13942082 0.011563 0.009895 0 0
2-3-0-0-1-1-0-2-2-3-0-4-3-5-0 13954538 0.031884 0.029838 0 0
2-3-0-0-1-1-0-2-2-3-0-6-4-7-0 13954626 0.02749 0.025638 0 0
2-3-0-0-1-1-0-4-3-5-0-0-1-1-0 13954626 0.027032 0.024826 0 0
2-3-0-0-1-1-0-4-3-5-0-2-2-3-0 13953539 0.027599 0.025238 0 0
2-3-0-0-1-1-0-4-3-5-0-4-3-5-0 13920168 0.047511 0.044878 0 0
2-3-0-0-1-1-0-4-3-5-0-6-4-7-0 13954618 0.043272 0.040866 0 0
2-3-0-0-1-1-0-6-4-7-0-0-1-1-0 13954626 0.024 0.022183 0 0
2-3-0-0-1-1-0-6-4-7-0-2-2-3-0 13954626 0.026079 0.023525 0 0
2-3-0-0-1-1-0-6-4-7-0-4-3-5-0 13954622 0.045559 0.042469 0 0
2-3-0-0-1-1-0-6-4-7-0-6-4-7-0 13954626 0.040681 0.038362 0 0
2-3-0-2-2-3-0-0-1-1-0-0-1-1-0 11426723 0.006983 0.005173 0 0
2-3-0-2-2-3-0-0-1-1-0-2-2-3-0 13942082 0.008294 0.006301 0 0
2-3-0-2-2-3-0-0-1-1-0-4-3-5-0 13103489 0.023421 0.020908 0 0
2-3-0-2-2-3-0-0-1-1-0-6-4-7-0 13954551 0.020489 0.018019 0 0
2-3-0-2-2-3-0-2-2-3-0-0-1-1-0 11426723 0.008427 0.001869 0 0
2-3-0-2-2-3-0-2-2-3-0-2-2-3-0 34713 0.002981 0.000801 0 0
2-3-0-2-2-3-0-2-2-3-0-4-3-5-0 1807215 0.004067 0.001843 0 0
2-3-0-2-2-3-0-2-2-3-0-6-4-7-0 6345795 0.006469 0.0042 0 0
2-3-0-2-2-3-0-4-3-5-0-0-1-1-0 13373259 0.012308 0.004273 0 0
2-3-0-2-2-3-0-4-3-5-0-2-2-3-0 12401496 0.007104 0.003771 0 0
2-3-0-2-2-3-0-4-3-5-0-4-3-5-0 12620533 0.018347 0.014605 0 0
2-3-0-2-2-3-0-4-3-5-0-6-4-7-0 13891951 0.015391 0.012899 0 0
2-3-0-2-2-3-0-6-4-7-0-0-1-1-0 13954626 0.009299 0.006794 0 0
2-3-0-2-2-3-0-6-4-7-0-2-2-3-0 13689497 0.011716 0.006863 0 0
2-3-0-2-2-3-0-6-4-7-0-4-3-5-0 13721768 0.027095 0.023329 0 0
2-3-0-2-2-3-0-6-4-7-0-6-4-7-0 13954431 0.040745 0.025489 0 0
2-3-0-4-3-5-0-0-1-1-0-0-1-1-0 13373259 0.010413 0.007425 0 0
2-3-0-4-3-5-0-0-1-1-0-2-2-3-0 13950086 0.010443 0.007947 0 0
2-3-0-4-3-5-0-0-1-1-0-4-3-5-0 13749399 0.027789 0.024956 0 0
2-3-0-4-3-5-0-0-1-1-0-6-4-7-0 13954585 0.02472 0.02179 0 0
2-3-0-4-3-5-0-2-2-3-0-0-1-1-0 13954626 0.009506 0.007091 0 0
2-3-0-4-3-5-0-2-2-3-0-2-2-3-0 12401496 0.009695 0.00715 0 0
2-3-0-4-3-5-0-2-2-3-0-4-3-5-0 13920727 0.028675 0.025721 0 0
2-3-0-4-3-5-0-2-2-3-0-6-4-7-0 13954585 0.025336 0.022172 0 0
2-3-0-4-3-5-0-4-3-5-0-0-1-1-0 13954626 0.022624 0.019268 0 0
2-3-0-4-3-5-0-4-3-5-0-2-2-3-0 13942369 0.021606 0.018278 0 0
2-3-0-4-3-5-0-4-3-5-0-4-3-5-0 13780903 0.041442 0.037729 0 0
2-3-0-4-3-5-0-4-3-5-0-6-4-7-0 13954598 0.03916 0.034007 0 0
2-3-0-4-3-5-0-6-4-7-0-0-1-1-0 13954626 0.019444 0.016699 0 0
2-3-0-4-3-5-0-6-4-7-0-2-2-3-0 13953921 0.021854 0.019165 0 0
2-3-0-4-3-5-0-6-4-7-0-4-3-5-0 13953164 0.039813 0.036256 0 0
2-3-0-4-3-5-0-6-4-7-0-6-4-7-0 13954626 0.035264 0.032669 0 0
2-3-0-6-4-7-0-0-1-1-0-0-1-1-0 13954626 0.013129 0.010792 0 0
2-3-0-6-4-7-0-0-1-1-0-2-2-3-0 13954626 0.013839 0.011606 0 0
2-3-0-6-4-7-0-0-1-1-0-4-3-5-0 13954626 0.033293 0.030375 0 0
2-3-0-6-4-7-0-0-1-1-0-6-4-7-0 13954626 0.027532 0.02523 0 0
2-3-0-6-4-7-0-2-2-3-0-0-1-1-0 13954626 0.012937 0.010537 0 0
2-3-0-6-4-7-0-2-2-3-0-2-2-3-0 13689497 0.012778 0.01079 0 0
2-3-0-6-4-7-0-2-2-3-0-4-3-5-0 13952209 0.033151 0.030612 0 0
2-3-0-6-4-7-0-2-2-3-0-6-4-7-0 13954626 0.029866 0.02699 0 0
2-3-0-6-4-7-0-4-3-5-0-0-1-1-0 13954626 0.030256 0.027442 0 0
2-3-0-6-4-7-0-4-3-5-0-2-2-3-0 13954500 0.030983 0.027835 0 0
2-3-0-6-4-7-0-4-3-5-0-4-3-5-0 13850279 0.052395 0.049103 0 0
2-3-0-6-4-7-0-4-3-5-0-6-4-7-0 13954626 0.05309 0.05033 0 0
2-3-0-6-4-7-0-6-4-7-0-0-1-1-0 13954626 0.030889 0.028176 0 0
2-3-0-6-4-7-0-6-4-7-0-2-2-3-0 13954626 0.028192 0.025775 0 0
2-3-0-6-4-7-0-6-4-7-0-4-3-5-0 13954620 0.048112 0.045305 0 0
2-3-0-6-4-7-0-6-4-7-0-6-4-7-0 13954626 0.044203 0.041297 0 0
3-5-0-0-1-1-0-0-1-1-0-0-1-1-0 66667832 0.050873 0.046912 0 0
3-5-0-0-1-1-0-0-1-1-0-2-2-3-0 261068775 0.076943 0.072659 0 0
3-5-0-0-1-1-0-0-1-1-0-4-3-5-0 159103520 0.199399 0.194437 0 0
3-5-0-0-1-1-0-0-1-1-0-6-4-7-0 264520476 0.239931 0.235354 0 0
3-5-0-0-1-1-0-2-2-3-0-0-1-1-0 264547773 0.135529 0.130935 0 0
3-5-0-0-1-1-0-2-2-3-0-2-2-3-0 261068775 0.133325 0.128334 0 0
3-5-0-0-1-1-0-2-2-3-0-4-3-5-0 264505054 0.472114 0.466507 0 0
3-5-0-0-1-1-0-2-2-3-0-6-4-7-0 264547773 0.403421 0.398566 0 0
3-5-0-0-1-1-0-4-3-5-0-0-1-1-0 264547773 0.230826 0.225692 0 0
3-5-0-0-1-1-0-4-3-5-0-2-2-3-0 264335304 0.231934 0.226456 0 0
3-5-0-0-1-1-0-4-3-5-0-4-3-5-0 261568906 0.547524 0.541126 0 0
3-5-0-0-1-1-0-4-3-5-0-6-4-7-0 264546039 0.471952 0.466553 0 0
3-5-0-0-1-1-0-6-4-7-0-0-1-1-0 264547773 0.289351 0.284426 0 0
3-5-0-0-1-1-0-6-4-7-0-2-2-3-0 264547773 0.286144 0.280946 0 0
3-5-0-0-1-1-0-6-4-7-0-4-3-5-0 264547070 0.636559 0.630376 0 0
3-5-0-0-1-1-0-6-4-7-0-6-4-7-0 264547773 0.564192 0.55883 0 0
3-5-0-2-2-3-0-0-1-1-0-0-1-1-0 262992233 0.114264 0.109635 0 0
3-5-0-2-2-3-0-0-1-1-0-2-2-3-0 264546361 0.118878 0.11353 0 0
3-5-0-2-2-3-0-0-1-1-0-4-3-5-0 264299335 0.467445 0.461703 0 0
3-5-0-2-2-3-0-0-1-1-0-6-4-7-0 264547769 0.395129 0.387069 0 0
3-5-0-2-2-3-0-2-2-3-0-0-1-1-0 262992233 0.047877 0.041117 0 0
3-5-0-2-2-3-0-2-2-3-0-2-2-3-0 18178411 0.01881 0.012898 0 0
3-5-0-2-2-3-0-2-2-3-0-4-3-5-0 186718068 0.170725 0.165328 0 0
3-5-0-2-2-3-0-2-2-3-0-6-4-7-0 254483838 0.18858 0.183177 0 0
3-5-0-2-2-3-0-4-3-5-0-0-1-1-0 264534436 0.222014 0.216354 0 0
3-5-0-2-2-3-0-4-3-5-0-2-2-3-0 263938876 0.242786 0.231084 0 0
3-5-0-2-2-3-0-4-3-5-0-4-3-5-0 260987845 0.557503 0.55066 0 0
3-5-0-2-2-3-0-4-3-5-0-6-4-7-0 264545893 0.480743 0.474323 0 0
3-5-0-2-2-3-0-6-4-7-0-0-1-1-0 264547773 0.24432 0.238352 0 0
3-5-0-2-2-3-0-6-4-7-0-2-2-3-0 264526605 0.25061 0.245663 0 0
3-5-0-2-2-3-0-6-4-7-0-4-3-5-0 264348044 0.613125 0.60681 0 0
3-5-0-2-2-3-0-6-4-7-0-6-4-7-0 264547772 0.553883 0.547939 0 0
3-5-0-4-3-5-0-0-1-1-0-0-1-1-0 242448037 0.142173 0.136903 0 0
3-5-0-4-3-5-0-0-1-1-0-2-2-3-0 264223483 0.152716 0.144052 0 0
3-5-0-4-3-5-0-0-1-1-0-4-3-5-0 254223236 0.477271 0.470157 0 0
3-5-0-4-3-5-0-0-1-1-0-6-4-7-0 264544959 0.417693 0.411606 0 0
3-5-0-4-3-5-0-2-2-3-0-0-1-1-0 264272027 0.142229 0.137107 0 0
3-5-0-4-3-5-0-2-2-3-0-2-2-3-0 223199128 0.138093 0.13248 0 0
3-5-0-4-3-5-0-2-2-3-0-4-3-5-0 256552028 0.479062 0.47012 0 0
3-5-0-4-3-5-0-2-2-3-0-6-4-7-0 262665496 0.402347 0.395657 0 0
3-5-0-4-3-5-0-4-3-5-0-0-1-1-0 254851812 0.340052 0.333593 0 0
3-5-0-4-3-5-0-4-3-5-0-2-2-3-0 252870735 0.354957 0.3489 0 0
3-5-0-4-3-5-0-4-3-5-0-4-3-5-0 249802666 0.701983 0.694361 0 0
3-5-0-4-3-5-0-4-3-5-0-6-4-7-0 253260419 0.644891 0.637187 0 0
3-5-0-4-3-5-0-6-4-7-0-0-1-1-0 264536355 0.317469 0.311589 0 0
3-5-0-4-3-5-0-6-4-7-0-2-2-3-0 261395656 0.317943 0.311802 0 0
3-5-0-4-3-5-0-6-4-7-0-4-3-5-0 263215652 0.649527 0.64345 0 0
3-5-0-4-3-5-0-6-4-7-0-6-4-7-0 264542880 0.602897 0.596558 0 0
3-5-0-6-4-7-0-0-1-1-0-0-1-1-0 264536355 0.233209 0.228079 0 0
3-5-0-6-4-7-0-0-1-1-0-2-2-3-0 264547768 0.240235 0.234416 0 0
3-5-0-6-4-7-0-0-1-1-0-4-3-5-0 264545622 0.545124 0.539183 0 0
3-5-0-6-4-7-0-0-1-1-0-6-4-7-0 264547773 0.46858 0.462972 0 0
3-5-0-6-4-7-0-2-2-3-0-0-1-1-0 264547773 0.228806 0.222935 0 0
3-5-0-6-4-7-0-2-2-3-0-2-2-3-0 258664239 0.233279 0.227531 0 0
3-5-0-6-4-7-0-2-2-3-0-4-3-5-0 264488100 0.569372 0.562619 0 0
3-5-0-6-4-7-0-2-2-3-0-6-4-7-0 264547773 0.500098 0.493941 0 0
3-5-0-6-4-7-0-4-3-5-0-0-1-1-0 264547773 0.539663 0.532866 0 0
3-5-0-6-4-7-0-4-3-5-0-2-2-3-0 264545259 0.565287 0.55868 0 0
3-5-0-6-4-7-0-4-3-5-0-4-3-5-0 263135171 0.951156 0.942088 0 0
3-5-0-6-4-7-0-4-3-5-0-6-4-7-0 264547770 0.899362 0.890712 0 0
3-5-0-6-4-7-0-6-4-7-0-0-1-1-0 264547773 0.496179 0.489653 0 0
3-5-0-6-4-7-0-6-4-7-0-2-2-3-0 264547767 0.510556 0.503498 0 0
3-5-0-6-4-7-0-6-4-7-0-4-3-5-0 264547650 0.857296 0.849278 0 0
3-5-0-6-4-7-0-6-4-7-0-6-4-7-0 264547773 0.752079 0.745344 0 0
4-7-0-0-1-1-0-0-1-1-0-0-1-1-0 15626706 0.013878 0.011938 0 0
4-7-0-0-1-1-0-0-1-1-0-2-2-3-0 15794087 0.013007 0.011204 0 0
4-7-0-0-1-1-0-0-1-1-0-4-3-5-0 15740985 0.033681 0.031428 0 0
4-7-0-0-1-1-0-0-1-1-0-6-4-7-0 15794415 0.02888 0.026703 0 0
4-7-0-0-1-1-0-2-2-3-0-0-1-1-0 15794415 0.012703 0.010946 0 0
4-7-0-0-1-1-0-2-2-3-0-2-2-3-0 15794087 0.013066 0.01131 0 0
4-7-0-0-1-1-0-2-2-3-0-4-3-5-0 15794415 0.035378 0.032851 0 0
4-7-0-0-1-1-0-2-2-3-0-6-4-7-0 15794415 0.031122 0.028924 0 0
4-7-0-0-1-1-0-4-3-5-0-0-1-1-0 15794415 0.034097 0.031699 0 0
4-7-0-0-1-1-0-4-3-5-0-2-2-3-0 15794372 0.034336 0.031863 0 0
4-7-0-0-1-1-0-4-3-5-0-4-3-5-0 15792180 0.056037 0.053222 0 0
4-7-0-0-1-1-0-4-3-5-0-6-4-7-0 15794415 0.052321 0.04951 0 0
4-7-0-0-1-1-0-6-4-7-0-0-1-1-0 15794415 0.029044 0.026734 0 0
4-7-0-0-1-1-0-6-4-7-0-2-2-3-0 15794415 0.029506 0.027058 0 0
4-7-0-0-1-1-0-6-4-7-0-4-3-5-0 15794415 0.051564 0.048814 0 0
4-7-0-0-1-1-0-6-4-7-0-6-4-7-0 15794415 0.046443 0.044237 0 0
4-7-0-2-2-3-0-0-1-1-0-0-1-1-0 15794415 0.011518 0.009517 0 0
4-7-0-2-2-3-0-0-1-1-0-2-2-3-0 15794415 0.011482 0.00967 0 0
4-7-0-2-2-3-0-0-1-1-0-4-3-5-0 15794415 0.031921 0.02984 0 0
4-7-0-2-2-3-0-0-1-1-0-6-4-7-0 15794415 0.027797 0.025812 0 0
4-7-0-2-2-3-0-2-2-3-0-0-1-1-0 15794415 0.009594 0.007701 0 0
4-7-0-2-2-3-0-2-2-3-0-2-2-3-0 10219172 0.009717 0.007524 0 0
4-7-0-2-2-3-0-2-2-3-0-4-3-5-0 15662521 0.029908 0.027277 0 0
4-7-0-2-2-3-0-2-2-3-0-6-4-7-0 15792946 0.02613 0.023849 0 0
4-7-0-2-2-3-0-4-3-5-0-0-1-1-0 15794415 0.030977 0.028734 0 0
4-7-0-2-2-3-0-4-3-5-0-2-2-3-0 15794338 0.030987 0.028648 0 0
4-7-0-2-2-3-0-4-3-5-0-4-3-5-0 15743848 0.054687 0.051857 0 0
4-7-0-2-2-3-0-4-3-5-0-6-4-7-0 15794415 0.049614 0.047151 0 0
4-7-0-2-2-3-0-6-4-7-0-0-1-1-0 15794415 0.026505 0.024605 0 0
4-7-0-2-2-3-0-6-4-7-0-2-2-3-0 15794414 0.027368 0.025227 0 0
4-7-0-2-2-3-0-6-4-7-0-4-3-5-0 15794371 0.051144 0.048626 0 0
4-7-0-2-2-3-0-6-4-7-0-6-4-7-0 15794415 0.05276 0.050473 0 0
4-7-0-4-3-5-0-0-1-1-0-0-1-1-0 15758734 0.025498 0.023073 0 0
4-7-0-4-3-5-0-0-1-1-0-2-2-3-0 15794374 0.025538 0.022865 0 0
4-7-0-4-3-5-0-0-1-1-0-4-3-5-0 15784512 0.042494 0.040066 0 0
4-7-0-4-3-5-0-0-1-1-0-6-4-7-0 15794415 0.037368 0.035214 0 0
4-7-0-4-3-5-0-2-2-3-0-0-1-1-0 15794415 0.022896 0.02063 0 0
4-7-0-4-3-5-0-2-2-3-0-2-2-3-0 15752999 0.022467 0.020261 0 0
4-7-0-4-3-5-0-2-2-3-0-4-3-5-0 15793767 0.045148 0.042691 0 0
4-7-0-4-3-5-0-2-2-3-0-6-4-7-0 15794415 0.040572 0.038352 0 0
4-7-0-4-3-5-0-4-3-5-0-0-1-1-0 15794415 0.043901 0.041264 0 0
4-7-0-4-3-5-0-4-3-5-0-2-2-3-0 15794351 0.045671 0.042868 0 0
4-7-0-4-3-5-0-4-3-5-0-4-3-5-0 15614461 0.067642 0.064579 0 0
4-7-0-4-3-5-0-4-3-5-0-6-4-7-0 15794415 0.06283 0.059847 0 0
4-7-0-4-3-5-0-6-4-7-0-0-1-1-0 15794415 0.040216 0.037751 0 0
4-7-0-4-3-5-0-6-4-7-0-2-2-3-0 15794415 0.039922 0.037496 0 0
4-7-0-4-3-5-0-6-4-7-0-4-3-5-0 15794412 0.063391 0.06055 0 0
4-7-0-4-3-5-0-6-4-7-0-6-4-7-0 15794415 0.056883 0.054483 0 0
4-7-0-6-4-7-0-0-1-1-0-0-1-1-0 15794415 0.021606 0.019579 0 0
4-7-0-6-4-7-0-0-1-1-0-2-2-3-0 15794415 0.021861 0.019909 0 0
4-7-0-6-4-7-0-0-1-1-0-4-3-5-0 15794415 0.042068 0.039862 0 0
4-7-0-6-4-7-0-0-1-1-0-6-4-7-0 15794415 0.037932 0.035599 0 0
4-7-0-6-4-7-0-2-2-3-0-0-1-1-0 15794415 0.021824 0.019894 0 0
4-7-0-6-4-7-0-2-2-3-0-2-2-3-0 15792398 0.022509 0.020324 0 0
4-7-0-6-4-7-0-2-2-3-0-4-3-5-0 15794397 0.048822 0.046345 0 0
4-7-0-6-4-7-0-2-2-3-0-6-4-7-0 15794415 0.040082 0.037773 0 0
4-7-0-6-4-7-0-4-3-5-0-0-1-1-0 15794415 0.044979 0.042558 0 0
4-7-0-6-4-7-0-4-3-5-0-2-2-3-0 15794413 0.045073 0.042338 0 0
4-7-0-6-4-7-0-4-3-5-0-4-3-5-0 15792097 0.067979 0.064711 0 0
4-7-0-6-4-7-0-4-3-5-0-6-4-7-0 15794415 0.064538 0.061543 0 0
4-7-0-6-4-7-0-6-4-7-0-0-1-1-0 15794415 0.039544 0.037446 0 0
4-7-0-6-4-7-0-6-4-7-0-2-2-3-0 15794415 0.039503 0.037338 0 0
4-7-0-6-4-7-0-6-4-7-0-4-3-5-0 15794415 0.062237 0.059752 0 0
4-7-0-6-4-7-0-6-4-7-0-6-4-7-0 15794415 0.057773 0.055528 0 0
