0-0-1-1-0-0-1-1-0-0-1-1-0-0-1 34713 0.873164 0.844767 0 0
0-0-1-1-0-0-1-1-0-0-1-1-0-2-2 11426723 0.782857 0.747313 0 0
0-0-1-1-0-0-1-1-0-0-1-1-0-4-3 66667832 1.1782 1.14463 0 0
0-0-1-1-0-0-1-1-0-0-1-1-0-6-4 15626706 1.1358 1.10297 0 0
0-0-1-1-0-0-1-1-0-2-2-3-0-0-1 277704 2.59776 2.53068 0 0
0-0-1-1-0-0-1-1-0-2-2-3-0-2-2 11426723 2.1534 2.10342 0 0
0-0-1-1-0-0-1-1-0-2-2-3-0-4-3 262992233 5.13253 5.07712 0 0
0-0-1-1-0-0-1-1-0-2-2-3-0-6-4 15794415 4.91834 4.85483 0 0
0-0-1-1-0-0-1-1-0-4-3-5-0-0-1 277704 2.96421 2.91143 0 0
0-0-1-1-0-0-1-1-0-4-3-5-0-2-2 13373259 3.13652 3.08844 0 0
0-0-1-1-0-0-1-1-0-4-3-5-0-4-3 242448037 5.3335 5.26324 0 0
0-0-1-1-0-0-1-1-0-4-3-5-0-6-4 15758734 5.14968 5.0968 0 0
0-0-1-1-0-0-1-1-0-6-4-7-0-0-1 277704 4.45922 4.37357 0 0
0-0-1-1-0-0-1-1-0-6-4-7-0-2-2 13954626 4.55762 4.49499 0 0
0-0-1-1-0-0-1-1-0-6-4-7-0-4-3 264536355 8.08359 8.03587 0 0
0-0-1-1-0-0-1-1-0-6-4-7-0-6-4 15794415 7.02492 6.9575 0 0
0-0-1-1-0-2-2-3-0-0-1-1-0-0-1 277704 2.96269 2.90514 0 0
0-0-1-1-0-2-2-3-0-0-1-1-0-2-2 13954626 3.10819 3.05183 0 0
0-0-1-1-0-2-2-3-0-0-1-1-0-4-3 264547773 5.51302 5.47142 0 0
0-0-1-1-0-2-2-3-0-0-1-1-0-6-4 15794415 5.15383 5.07429 0 0
0-0-1-1-0-2-2-3-0-2-2-3-0-0-1 277704 2.97736 2.92814 0 0
0-0-1-1-0-2-2-3-0-2-2-3-0-2-2 11426723 3.13596 3.07327 0 0
0-0-1-1-0-2-2-3-0-2-2-3-0-4-3 262992233 6.06439 6.01519 0 0
0-0-1-1-0-2-2-3-0-2-2-3-0-6-4 15794415 5.55003 5.49839 0 0
0-0-1-1-0-2-2-3-0-4-3-5-0-0-1 277704 9.37252 9.29875 0 0
0-0-1-1-0-2-2-3-0-4-3-5-0-2-2 13954626 9.25984 9.19211 0 0
0-0-1-1-0-2-2-3-0-4-3-5-0-4-3 264272027 12.8617 12.785 0 0
0-0-1-1-0-2-2-3-0-4-3-5-0-6-4 15794415 12.6429 12.5609 0 0
0-0-1-1-0-2-2-3-0-6-4-7-0-0-1 277704 8.18353 8.10432 0 0
0-0-1-1-0-2-2-3-0-6-4-7-0-2-2 13954626 8.06829 8.01492 0 0
0-0-1-1-0-2-2-3-0-6-4-7-0-4-3 264547773 11.4897 11.4259 0 0
0-0-1-1-0-2-2-3-0-6-4-7-0-6-4 15794415 10.581 10.5325 0 0
0-0-1-1-0-4-3-5-0-0-1-1-0-0-1 277704 4.08115 4.02943 0 0
0-0-1-1-0-4-3-5-0-0-1-1-0-2-2 13954626 4.07708 4.0228 0 0
0-0-1-1-0-4-3-5-0-0-1-1-0-4-3 264547773 6.94383 6.88417 0 0
0-0-1-1-0-4-3-5-0-0-1-1-0-6-4 15794415 6.44078 6.38201 0 0
0-0-1-1-0-4-3-5-0-2-2-3-0-0-1 277704 4.08408 4.01931 0 0
0-0-1-1-0-4-3-5-0-2-2-3-0-2-2 13373259 4.20576 4.14402 0 0
0-0-1-1-0-4-3-5-0-2-2-3-0-4-3 264534436 7.26183 7.20908 0 0
0-0-1-1-0-4-3-5-0-2-2-3-0-6-4 15794415 7.00472 6.93117 0 0
0-0-1-1-0-4-3-5-0-4-3-5-0-0-1 277704 9.28537 9.20132 0 0
0-0-1-1-0-4-3-5-0-4-3-5-0-2-2 13954626 9.36098 9.28807 0 0
0-0-1-1-0-4-3-5-0-4-3-5-0-4-3 254851812 12.561 12.4763 0 0
0-0-1-1-0-4-3-5-0-4-3-5-0-6-4 15794415 12.4529 12.3514 0 0
0-0-1-1-0-4-3-5-0-6-4-7-0-0-1 277704 8.19452 8.12293 0 0
0-0-1-1-0-4-3-5-0-6-4-7-0-2-2 13954626 8.25054 8.18259 0 0
0-0-1-1-0-4-3-5-0-6-4-7-0-4-3 264547773 11.2331 11.1826 0 0
0-0-1-1-0-4-3-5-0-6-4-7-0-6-4 15794415 11.2425 11.1685 0 0
0-0-1-1-0-6-4-7-0-0-1-1-0-0-1 277704 5.43786 5.36457 0 0
0-0-1-1-0-6-4-7-0-0-1-1-0-2-2 13954626 5.58492 5.5261 0 0
0-0-1-1-0-6-4-7-0-0-1-1-0-4-3 264547773 8.08759 8.01862 0 0
0-0-1-1-0-6-4-7-0-0-1-1-0-6-4 15794415 7.78973 7.73545 0 0
0-0-1-1-0-6-4-7-0-2-2-3-0-0-1 277704 5.65746 5.57564 0 0
0-0-1-1-0-6-4-7-0-2-2-3-0-2-2 13954626 5.81895 5.74472 0 0
0-0-1-1-0-6-4-7-0-2-2-3-0-4-3 264547773 8.61903 8.55216 0 0
0-0-1-1-0-6-4-7-0-2-2-3-0-6-4 15794415 8.41699 8.34057 0 0
0-0-1-1-0-6-4-7-0-4-3-5-0-0-1 277704 11.5975 11.5176 0 0
0-0-1-1-0-6-4-7-0-4-3-5-0-2-2 13954626 11.7688 11.6901 0 0
0-0-1-1-0-6-4-7-0-4-3-5-0-4-3 264536355 14.932 14.8665 0 0
0-0-1-1-0-6-4-7-0-4-3-5-0-6-4 15794415 14.8557 14.764 0 0
0-0-1-1-0-6-4-7-0-6-4-7-0-0-1 277704 10.6082 10.5162 0 0
0-0-1-1-0-6-4-7-0-6-4-7-0-2-2 13954626 10.7425 10.6656 0 0
0-0-1-1-0-6-4-7-0-6-4-7-0-4-3 264547773 14.0266 13.9462 0 0
0-0-1-1-0-6-4-7-0-6-4-7-0-6-4 15794415 13.5541 13.4713 0 0
0-2-2-3-0-0-1-1-0-0-1-1-0-0-1 269979 2.69353 2.62188 0 0
0-2-2-3-0-0-1-1-0-0-1-1-0-2-2 13942082 2.72126 2.6471 0 0
0-2-2-3-0-0-1-1-0-0-1-1-0-4-3 261068775 5.13828 5.09977 0 0
0-2-2-3-0-0-1-1-0-0-1-1-0-6-4 15794087 4.83024 4.74719 0 0
0-2-2-3-0-0-1-1-0-2-2-3-0-0-1 277704 2.8463 2.78352 0 0
0-2-2-3-0-0-1-1-0-2-2-3-0-2-2 13942082 2.94261 2.88298 0 0
0-2-2-3-0-0-1-1-0-2-2-3-0-4-3 264546361 6.28971 6.23944 0 0
0-2-2-3-0-0-1-1-0-2-2-3-0-6-4 15794415 5.77224 5.69919 0 0
0-2-2-3-0-0-1-1-0-4-3-5-0-0-1 277704 8.33853 8.27801 0 0
0-2-2-3-0-0-1-1-0-4-3-5-0-2-2 13950086 8.25256 8.19264 0 0
0-2-2-3-0-0-1-1-0-4-3-5-0-4-3 264223483 11.5478 11.4975 0 0
0-2-2-3-0-0-1-1-0-4-3-5-0-6-4 15794374 10.9702 10.8882 0 0
0-2-2-3-0-0-1-1-0-6-4-7-0-0-1 277704 7.37871 7.32511 0 0
0-2-2-3-0-0-1-1-0-6-4-7-0-2-2 13954626 6.9702 6.91723 0 0
0-2-2-3-0-0-1-1-0-6-4-7-0-4-3 264547768 9.84112 9.80607 0 0
0-2-2-3-0-0-1-1-0-6-4-7-0-6-4 15794415 9.48349 9.43374 0 0
0-2-2-3-0-2-2-3-0-0-1-1-0-0-1 269979 1.41064 1.37267 0 0
0-2-2-3-0-2-2-3-0-0-1-1-0-2-2 13942082 1.34586 1.32211 0 0
0-2-2-3-0-2-2-3-0-0-1-1-0-4-3 261068775 4.07504 4.04684 0 0
0-2-2-3-0-2-2-3-0-0-1-1-0-6-4 15794087 3.70008 3.67331 0 0
0-2-2-3-0-2-2-3-0-2-2-3-0-0-1 269979 0.078074 0.0585 0 0
0-2-2-3-0-2-2-3-0-2-2-3-0-2-2 34713 0.074083 0.054517 0 0
0-2-2-3-0-2-2-3-0-2-2-3-0-4-3 18178411 0.134662 0.115538 0 0
0-2-2-3-0-2-2-3-0-2-2-3-0-6-4 10219172 0.120079 0.099591 0 0
0-2-2-3-0-2-2-3-0-4-3-5-0-0-1 277212 1.45556 1.39886 0 0
0-2-2-3-0-2-2-3-0-4-3-5-0-2-2 12401496 1.57948 1.54537 0 0
0-2-2-3-0-2-2-3-0-4-3-5-0-4-3 223199128 3.31968 3.29131 0 0
0-2-2-3-0-2-2-3-0-4-3-5-0-6-4 15752999 2.95976 2.93097 0 0
0-2-2-3-0-2-2-3-0-6-4-7-0-0-1 277704 3.00168 2.97313 0 0
0-2-2-3-0-2-2-3-0-6-4-7-0-2-2 13689497 2.91903 2.88399 0 0
0-2-2-3-0-2-2-3-0-6-4-7-0-4-3 258664239 6.04833 6.01447 0 0
0-2-2-3-0-2-2-3-0-6-4-7-0-6-4 15792398 5.631 5.58966 0 0
0-2-2-3-0-4-3-5-0-0-1-1-0-0-1 277212 2.83286 2.78332 0 0
0-2-2-3-0-4-3-5-0-0-1-1-0-2-2 13953539 2.9819 2.8894 0 0
0-2-2-3-0-4-3-5-0-0-1-1-0-4-3 264335304 5.2977 5.25783 0 0
0-2-2-3-0-4-3-5-0-0-1-1-0-6-4 15794372 5.22302 5.14578 0 0
0-2-2-3-0-4-3-5-0-2-2-3-0-0-1 277704 2.82923 2.78612 0 0
0-2-2-3-0-4-3-5-0-2-2-3-0-2-2 12401496 2.89741 2.8569 0 0
0-2-2-3-0-4-3-5-0-2-2-3-0-4-3 263938876 5.95854 5.90749 0 0
0-2-2-3-0-4-3-5-0-2-2-3-0-6-4 15794338 5.63953 5.59835 0 0
0-2-2-3-0-4-3-5-0-4-3-5-0-0-1 277704 7.57644 7.53129 0 0
0-2-2-3-0-4-3-5-0-4-3-5-0-2-2 13942369 7.65953 7.6118 0 0
0-2-2-3-0-4-3-5-0-4-3-5-0-4-3 252870735 10.7555 10.6995 0 0
0-2-2-3-0-4-3-5-0-4-3-5-0-6-4 15794351 10.2658 10.2124 0 0
0-2-2-3-0-4-3-5-0-6-4-7-0-0-1 277704 6.36084 6.28908 0 0
0-2-2-3-0-4-3-5-0-6-4-7-0-2-2 13954500 6.67371 6.60708 0 0
0-2-2-3-0-4-3-5-0-6-4-7-0-4-3 264545259 9.68658 9.6359 0 0
0-2-2-3-0-4-3-5-0-6-4-7-0-6-4 15794413 9.37649 9.29347 0 0
0-2-2-3-0-6-4-7-0-0-1-1-0-0-1 277704 4.04017 3.99606 0 0
0-2-2-3-0-6-4-7-0-0-1-1-0-2-2 13954626 4.40654 4.35163 0 0
0-2-2-3-0-6-4-7-0-0-1-1-0-4-3 264547773 7.1479 7.11461 0 0
0-2-2-3-0-6-4-7-0-0-1-1-0-6-4 15794415 6.66818 6.62031 0 0
0-2-2-3-0-6-4-7-0-2-2-3-0-0-1 277704 4.28332 4.22391 0 0
0-2-2-3-0-6-4-7-0-2-2-3-0-2-2 13689497 4.55295 4.48912 0 0
0-2-2-3-0-6-4-7-0-2-2-3-0-4-3 264526605 7.35945 7.31619 0 0
0-2-2-3-0-6-4-7-0-2-2-3-0-6-4 15794414 7.42503 7.34652 0 0
0-2-2-3-0-6-4-7-0-4-3-5-0-0-1 277704 10.9054 10.8012 0 0
0-2-2-3-0-6-4-7-0-4-3-5-0-2-2 13953921 11.1129 11.0325 0 0
0-2-2-3-0-6-4-7-0-4-3-5-0-4-3 261395656 13.7368 13.6485 0 0
0-2-2-3-0-6-4-7-0-4-3-5-0-6-4 15794415 13.6221 13.4955 0 0
0-2-2-3-0-6-4-7-0-6-4-7-0-0-1 277704 9.2017 9.11201 0 0
0-2-2-3-0-6-4-7-0-6-4-7-0-2-2 13954626 9.15747 9.08482 0 0
0-2-2-3-0-6-4-7-0-6-4-7-0-4-3 264547767 12.6078 12.5619 0 0
0-2-2-3-0-6-4-7-0-6-4-7-0-6-4 15794415 11.9992 11.9361 0 0
0-4-3-5-0-0-1-1-0-0-1-1-0-0-1 125547 1.53122 1.48204 0 0
0-4-3-5-0-0-1-1-0-0-1-1-0-2-2 13103489 1.51828 1.47831 0 0
0-4-3-5-0-0-1-1-0-0-1-1-0-4-3 159103520 2.96375 2.92776 0 0
0-4-3-5-0-0-1-1-0-0-1-1-0-6-4 15740985 2.5632 2.51779 0 0
0-4-3-5-0-0-1-1-0-2-2-3-0-0-1 277704 2.31033 2.23722 0 0
0-4-3-5-0-0-1-1-0-2-2-3-0-2-2 13103489 2.42204 2.34496 0 0
0-4-3-5-0-0-1-1-0-2-2-3-0-4-3 264299335 5.57145 5.52959 0 0
0-4-3-5-0-0-1-1-0-2-2-3-0-6-4 15794415 4.96432 4.89489 0 0
0-4-3-5-0-0-1-1-0-4-3-5-0-0-1 277704 5.24823 5.20027 0 0
0-4-3-5-0-0-1-1-0-4-3-5-0-2-2 13749399 5.69516 5.64807 0 0
0-4-3-5-0-0-1-1-0-4-3-5-0-4-3 254223236 8.27293 8.23184 0 0
0-4-3-5-0-0-1-1-0-4-3-5-0-6-4 15784512 7.72813 7.69072 0 0
0-4-3-5-0-0-1-1-0-6-4-7-0-0-1 277704 5.43835 5.36047 0 0
0-4-3-5-0-0-1-1-0-6-4-7-0-2-2 13954626 5.41635 5.33603 0 0
0-4-3-5-0-0-1-1-0-6-4-7-0-4-3 264545622 8.49669 8.45388 0 0
0-4-3-5-0-0-1-1-0-6-4-7-0-6-4 15794415 8.38885 8.31052 0 0
0-4-3-5-0-2-2-3-0-0-1-1-0-0-1 277597 1.92111 1.80477 0 0
0-4-3-5-0-2-2-3-0-0-1-1-0-2-2 13954538 2.01531 1.97052 0 0
0-4-3-5-0-2-2-3-0-0-1-1-0-4-3 264505054 4.32204 4.28224 0 0
0-4-3-5-0-2-2-3-0-0-1-1-0-6-4 15794415 4.25984 4.19931 0 0
0-4-3-5-0-2-2-3-0-2-2-3-0-0-1 277597 0.995272 0.958368 0 0
0-4-3-5-0-2-2-3-0-2-2-3-0-2-2 1807215 1.00094 0.964411 0 0
0-4-3-5-0-2-2-3-0-2-2-3-0-4-3 186718068 2.57636 2.53955 0 0
0-4-3-5-0-2-2-3-0-2-2-3-0-6-4 15662521 2.07202 2.04099 0 0
0-4-3-5-0-2-2-3-0-4-3-5-0-0-1 277704 6.07468 6.03619 0 0
0-4-3-5-0-2-2-3-0-4-3-5-0-2-2 13920727 6.80259 6.72691 0 0
0-4-3-5-0-2-2-3-0-4-3-5-0-4-3 256552028 9.78091 9.70302 0 0
0-4-3-5-0-2-2-3-0-4-3-5-0-6-4 15793767 9.12483 9.07932 0 0
0-4-3-5-0-2-2-3-0-6-4-7-0-0-1 277704 5.17434 5.10412 0 0
0-4-3-5-0-2-2-3-0-6-4-7-0-2-2 13952209 5.31668 5.25533 0 0
0-4-3-5-0-2-2-3-0-6-4-7-0-4-3 264488100 8.6096 8.56573 0 0
0-4-3-5-0-2-2-3-0-6-4-7-0-6-4 15794397 8.25166 8.14739 0 0
0-4-3-5-0-4-3-5-0-0-1-1-0-0-1 273654 3.45324 3.38911 0 0
0-4-3-5-0-4-3-5-0-0-1-1-0-2-2 13920168 3.41128 3.33822 0 0
0-4-3-5-0-4-3-5-0-0-1-1-0-4-3 261568906 6.21068 6.16477 0 0
0-4-3-5-0-4-3-5-0-0-1-1-0-6-4 15792180 5.43602 5.36058 0 0
0-4-3-5-0-4-3-5-0-2-2-3-0-0-1 277611 3.23513 3.19324 0 0
0-4-3-5-0-4-3-5-0-2-2-3-0-2-2 12620533 3.35269 3.28932 0 0
0-4-3-5-0-4-3-5-0-2-2-3-0-4-3 260987845 6.52125 6.4729 0 0
0-4-3-5-0-4-3-5-0-2-2-3-0-6-4 15743848 5.97772 5.89424 0 0
0-4-3-5-0-4-3-5-0-4-3-5-0-0-1 274950 8.39908 8.31211 0 0
0-4-3-5-0-4-3-5-0-4-3-5-0-2-2 13780903 8.70772 8.63333 0 0
0-4-3-5-0-4-3-5-0-4-3-5-0-4-3 249802666 12.0548 11.9861 0 0
0-4-3-5-0-4-3-5-0-4-3-5-0-6-4 15614461 11.526 11.45 0 0
0-4-3-5-0-4-3-5-0-6-4-7-0-0-1 277700 7.14829 7.0614 0 0
0-4-3-5-0-4-3-5-0-6-4-7-0-2-2 13850279 7.3938 7.30765 0 0
0-4-3-5-0-4-3-5-0-6-4-7-0-4-3 263135171 10.4145 10.3583 0 0
0-4-3-5-0-4-3-5-0-6-4-7-0-6-4 15792097 9.85257 9.77971 0 0
0-4-3-5-0-6-4-7-0-0-1-1-0-0-1 277700 4.7583 4.69637 0 0
0-4-3-5-0-6-4-7-0-0-1-1-0-2-2 13954622 4.68446 4.61292 0 0
0-4-3-5-0-6-4-7-0-0-1-1-0-4-3 264547070 7.53236 7.47794 0 0
0-4-3-5-0-6-4-7-0-0-1-1-0-6-4 15794415 6.9798 6.894 0 0
0-4-3-5-0-6-4-7-0-2-2-3-0-0-1 277704 4.95357 4.88842 0 0
0-4-3-5-0-6-4-7-0-2-2-3-0-2-2 13721768 4.99963 4.94109 0 0
0-4-3-5-0-6-4-7-0-2-2-3-0-4-3 264348044 7.9654 7.91826 0 0
0-4-3-5-0-6-4-7-0-2-2-3-0-6-4 15794371 7.70155 7.59817 0 0
0-4-3-5-0-6-4-7-0-4-3-5-0-0-1 277704 11.0075 10.9085 0 0
0-4-3-5-0-6-4-7-0-4-3-5-0-2-2 13953164 10.8652 10.78 0 0
0-4-3-5-0-6-4-7-0-4-3-5-0-4-3 263215652 14.4482 14.3728 0 0
0-4-3-5-0-6-4-7-0-4-3-5-0-6-4 15794412 14.2273 14.1696 0 0
0-4-3-5-0-6-4-7-0-6-4-7-0-0-1 277704 9.90413 9.79311 0 0
0-4-3-5-0-6-4-7-0-6-4-7-0-2-2 13954620 9.72798 9.67263 0 0
0-4-3-5-0-6-4-7-0-6-4-7-0-4-3 264547650 12.6574 12.6126 0 0
0-4-3-5-0-6-4-7-0-6-4-7-0-6-4 15794415 12.7355 12.6524 0 0
0-6-4-7-0-0-1-1-0-0-1-1-0-0-1 277619 3.03937 2.96405 0 0
0-6-4-7-0-0-1-1-0-0-1-1-0-2-2 13954551 3.07588 2.99211 0 0
0-6-4-7-0-0-1-1-0-0-1-1-0-4-3 264520476 5.74842 5.68759 0 0
0-6-4-7-0-0-1-1-0-0-1-1-0-6-4 15794415 5.08306 5.00412 0 0
0-6-4-7-0-0-1-1-0-2-2-3-0-0-1 277704 3.09039 2.99356 0 0
0-6-4-7-0-0-1-1-0-2-2-3-0-2-2 13954551 3.09844 3.01904 0 0
0-6-4-7-0-0-1-1-0-2-2-3-0-4-3 264547769 6.31265 6.25265 0 0
0-6-4-7-0-0-1-1-0-2-2-3-0-6-4 15794415 5.83183 5.71649 0 0
0-6-4-7-0-0-1-1-0-4-3-5-0-0-1 277704 9.22182 9.12248 0 0
0-6-4-7-0-0-1-1-0-4-3-5-0-2-2 13954585 8.5861 8.49514 0 0
0-6-4-7-0-0-1-1-0-4-3-5-0-4-3 264544959 12.2205 12.1182 0 0
0-6-4-7-0-0-1-1-0-4-3-5-0-6-4 15794415 11.1373 11.0462 0 0
0-6-4-7-0-0-1-1-0-6-4-7-0-0-1 277704 7.04627 6.97938 0 0
0-6-4-7-0-0-1-1-0-6-4-7-0-2-2 13954626 7.22271 7.10539 0 0
0-6-4-7-0-0-1-1-0-6-4-7-0-4-3 264547773 10.7253 10.6538 0 0
0-6-4-7-0-0-1-1-0-6-4-7-0-6-4 15794415 10.0309 9.95224 0 0
0-6-4-7-0-2-2-3-0-0-1-1-0-0-1 277704 2.57207 2.50519 0 0
0-6-4-7-0-2-2-3-0-0-1-1-0-2-2 13954626 2.66046 2.61159 0 0
0-6-4-7-0-2-2-3-0-0-1-1-0-4-3 264547773 5.17028 5.12674 0 0
0-6-4-7-0-2-2-3-0-0-1-1-0-6-4 15794415 4.87546 4.81243 0 0
0-6-4-7-0-2-2-3-0-2-2-3-0-0-1 277704 2.2852 2.24414 0 0
0-6-4-7-0-2-2-3-0-2-2-3-0-2-2 6345795 2.36344 2.31699 0 0
0-6-4-7-0-2-2-3-0-2-2-3-0-4-3 254483838 5.26227 5.213 0 0
0-6-4-7-0-2-2-3-0-2-2-3-0-6-4 15792946 4.7729 4.71639 0 0
0-6-4-7-0-2-2-3-0-4-3-5-0-0-1 277704 8.51897 8.42903 0 0
0-6-4-7-0-2-2-3-0-4-3-5-0-2-2 13954585 8.68137 8.56265 0 0
0-6-4-7-0-2-2-3-0-4-3-5-0-4-3 262665496 11.9415 11.8321 0 0
0-6-4-7-0-2-2-3-0-4-3-5-0-6-4 15794415 11.6508 11.5365 0 0
0-6-4-7-0-2-2-3-0-6-4-7-0-0-1 277704 7.34598 7.26865 0 0
0-6-4-7-0-2-2-3-0-6-4-7-0-2-2 13954626 7.25676 7.1681 0 0
0-6-4-7-0-2-2-3-0-6-4-7-0-4-3 264547773 10.5676 10.5171 0 0
0-6-4-7-0-2-2-3-0-6-4-7-0-6-4 15794415 10.1544 10.0819 0 0
0-6-4-7-0-4-3-5-0-0-1-1-0-0-1 277701 6.20471 6.12671 0 0
0-6-4-7-0-4-3-5-0-0-1-1-0-2-2 13954618 6.05286 5.99555 0 0
0-6-4-7-0-4-3-5-0-0-1-1-0-4-3 264546039 9.30082 9.21936 0 0
0-6-4-7-0-4-3-5-0-0-1-1-0-6-4 15794415 8.2026 8.14201 0 0
0-6-4-7-0-4-3-5-0-2-2-3-0-0-1 277704 5.97967 5.89988 0 0
0-6-4-7-0-4-3-5-0-2-2-3-0-2-2 13891951 6.34513 6.28189 0 0
0-6-4-7-0-4-3-5-0-2-2-3-0-4-3 264545893 9.67459 9.60581 0 0
0-6-4-7-0-4-3-5-0-2-2-3-0-6-4 15794415 8.72138 8.65363 0 0
0-6-4-7-0-4-3-5-0-4-3-5-0-0-1 277704 12.2843 12.1799 0 0
0-6-4-7-0-4-3-5-0-4-3-5-0-2-2 13954598 11.9985 11.9211 0 0
0-6-4-7-0-4-3-5-0-4-3-5-0-4-3 253260419 15.3341 15.2685 0 0
0-6-4-7-0-4-3-5-0-4-3-5-0-6-4 15794415 15.4645 15.3572 0 0
0-6-4-7-0-4-3-5-0-6-4-7-0-0-1 277704 10.8109 10.7057 0 0
0-6-4-7-0-4-3-5-0-6-4-7-0-2-2 13954626 10.8192 10.7216 0 0
0-6-4-7-0-4-3-5-0-6-4-7-0-4-3 264547770 14.3271 14.2674 0 0
0-6-4-7-0-4-3-5-0-6-4-7-0-6-4 15794415 13.7684 13.6859 0 0
0-6-4-7-0-6-4-7-0-0-1-1-0-0-1 277704 5.51938 5.43252 0 0
0-6-4-7-0-6-4-7-0-0-1-1-0-2-2 13954626 5.66165 5.56774 0 0
0-6-4-7-0-6-4-7-0-0-1-1-0-4-3 264547773 8.26427 8.16922 0 0
0-6-4-7-0-6-4-7-0-0-1-1-0-6-4 15794415 7.83465 7.74335 0 0
0-6-4-7-0-6-4-7-0-2-2-3-0-0-1 277704 5.91222 5.76318 0 0
0-6-4-7-0-6-4-7-0-2-2-3-0-2-2 13954431 5.67501 5.55698 0 0
0-6-4-7-0-6-4-7-0-2-2-3-0-4-3 264547772 9.16151 9.04999 0 0
0-6-4-7-0-6-4-7-0-2-2-3-0-6-4 15794415 8.23218 8.16571 0 0
0-6-4-7-0-6-4-7-0-4-3-5-0-0-1 277704 11.8555 11.731 0 0
0-6-4-7-0-6-4-7-0-4-3-5-0-2-2 13954626 12.4529 12.2677 0 0
0-6-4-7-0-6-4-7-0-4-3-5-0-4-3 264542880 14.6279 14.5667 0 0
0-6-4-7-0-6-4-7-0-4-3-5-0-6-4 15794415 14.7534 14.6162 0 0
0-6-4-7-0-6-4-7-0-6-4-7-0-0-1 277704 10.2662 10.1755 0 0
0-6-4-7-0-6-4-7-0-6-4-7-0-2-2 13954626 10.1978 10.1028 0 0
0-6-4-7-0-6-4-7-0-6-4-7-0-4-3 264547773 13.6322 13.5465 0 0
0-6-4-7-0-6-4-7-0-6-4-7-0-6-4 15794415 13.1797 13.0575 0 0
1-1-0-0-1-1-0-0-1-1-0-0-1-1-0 34713 0.008435 0.00156 0 0
1-1-0-0-1-1-0-0-1-1-0-2-2-3-0 269979 0.004031 0.00117 0 0
1-1-0-0-1-1-0-0-1-1-0-4-3-5-0 125547 0.004912 0.001767 0 0
1-1-0-0-1-1-0-0-1-1-0-6-4-7-0 277619 0.005137 0.001843 0 0
1-1-0-0-1-1-0-2-2-3-0-0-1-1-0 277704 0.00459 0.001338 0 0
1-1-0-0-1-1-0-2-2-3-0-2-2-3-0 269979 0.004417 0.001315 0 0
1-1-0-0-1-1-0-2-2-3-0-4-3-5-0 277597 0.006601 0.002936 0 0
1-1-0-0-1-1-0-2-2-3-0-6-4-7-0 277704 0.006241 0.002524 0 0
1-1-0-0-1-1-0-4-3-5-0-0-1-1-0 277704 0.005397 0.002107 0 0
1-1-0-0-1-1-0-4-3-5-0-2-2-3-0 277212 0.005614 0.002193 0 0
1-1-0-0-1-1-0-4-3-5-0-4-3-5-0 273654 0.007565 0.003706 0 0
1-1-0-0-1-1-0-4-3-5-0-6-4-7-0 277701 0.006877 0.003393 0 0
1-1-0-0-1-1-0-6-4-7-0-0-1-1-0 277704 0.005483 0.002131 0 0
1-1-0-0-1-1-0-6-4-7-0-2-2-3-0 277704 0.005512 0.002139 0 0
1-1-0-0-1-1-0-6-4-7-0-4-3-5-0 277700 0.008034 0.003894 0 0
1-1-0-0-1-1-0-6-4-7-0-6-4-7-0 277704 0.007353 0.003539 0 0
1-1-0-2-2-3-0-0-1-1-0-0-1-1-0 277704 0.005472 0.001486 0 0
1-1-0-2-2-3-0-0-1-1-0-2-2-3-0 277704 0.005429 0.001489 0 0
1-1-0-2-2-3-0-0-1-1-0-4-3-5-0 277704 0.007648 0.002868 0 0
1-1-0-2-2-3-0-0-1-1-0-6-4-7-0 277704 0.007345 0.002514 0 0
1-1-0-2-2-3-0-2-2-3-0-0-1-1-0 277704 0.005392 0.001504 0 0
1-1-0-2-2-3-0-2-2-3-0-2-2-3-0 269979 0.005396 0.001527 0 0
1-1-0-2-2-3-0-2-2-3-0-4-3-5-0 277597 0.008414 0.003102 0 0
1-1-0-2-2-3-0-2-2-3-0-6-4-7-0 277704 0.007341 0.002749 0 0
1-1-0-2-2-3-0-4-3-5-0-0-1-1-0 277704 0.008682 0.00315 0 0
1-1-0-2-2-3-0-4-3-5-0-2-2-3-0 277704 0.008029 0.00318 0 0
1-1-0-2-2-3-0-4-3-5-0-4-3-5-0 277611 0.010788 0.004975 0 0
1-1-0-2-2-3-0-4-3-5-0-6-4-7-0 277704 0.009344 0.004497 0 0
1-1-0-2-2-3-0-6-4-7-0-0-1-1-0 277704 0.007268 0.002741 0 0
1-1-0-2-2-3-0-6-4-7-0-2-2-3-0 277704 0.007233 0.002804 0 0
1-1-0-2-2-3-0-6-4-7-0-4-3-5-0 277704 0.009667 0.004546 0 0
1-1-0-2-2-3-0-6-4-7-0-6-4-7-0 277704 0.0093 0.004203 0 0
1-1-0-4-3-5-0-0-1-1-0-0-1-1-0 277704 0.00645 0.002162 0 0
1-1-0-4-3-5-0-0-1-1-0-2-2-3-0 277704 0.006234 0.002324 0 0
1-1-0-4-3-5-0-0-1-1-0-4-3-5-0 277704 0.009016 0.003653 0 0
1-1-0-4-3-5-0-0-1-1-0-6-4-7-0 277704 0.007634 0.003235 0 0
1-1-0-4-3-5-0-2-2-3-0-0-1-1-0 277704 0.006018 0.002301 0 0
1-1-0-4-3-5-0-2-2-3-0-2-2-3-0 277212 0.006219 0.002256 0 0
1-1-0-4-3-5-0-2-2-3-0-4-3-5-0 277704 0.008525 0.003947 0 0
1-1-0-4-3-5-0-2-2-3-0-6-4-7-0 277704 0.007758 0.003576 0 0
1-1-0-4-3-5-0-4-3-5-0-0-1-1-0 277704 0.00845 0.003839 0 0
1-1-0-4-3-5-0-4-3-5-0-2-2-3-0 277704 0.008174 0.004006 0 0
1-1-0-4-3-5-0-4-3-5-0-4-3-5-0 274950 0.010556 0.005526 0 0
1-1-0-4-3-5-0-4-3-5-0-6-4-7-0 277704 0.009994 0.005202 0 0
1-1-0-4-3-5-0-6-4-7-0-0-1-1-0 277704 0.007659 0.003556 0 0
1-1-0-4-3-5-0-6-4-7-0-2-2-3-0 277704 0.007945 0.003717 0 0
1-1-0-4-3-5-0-6-4-7-0-4-3-5-0 277704 0.010484 0.005489 0 0
1-1-0-4-3-5-0-6-4-7-0-6-4-7-0 277704 0.009814 0.004965 0 0
1-1-0-6-4-7-0-0-1-1-0-0-1-1-0 277704 0.006495 0.002272 0 0
1-1-0-6-4-7-0-0-1-1-0-2-2-3-0 277704 0.006412 0.002358 0 0
1-1-0-6-4-7-0-0-1-1-0-4-3-5-0 277704 0.008373 0.003779 0 0
1-1-0-6-4-7-0-0-1-1-0-6-4-7-0 277704 0.008022 0.003327 0 0
1-1-0-6-4-7-0-2-2-3-0-0-1-1-0 277704 0.006876 0.002322 0 0
1-1-0-6-4-7-0-2-2-3-0-2-2-3-0 277704 0.006287 0.002391 0 0
1-1-0-6-4-7-0-2-2-3-0-4-3-5-0 277704 0.008732 0.003959 0 0
1-1-0-6-4-7-0-2-2-3-0-6-4-7-0 277704 0.008259 0.003558 0 0
1-1-0-6-4-7-0-4-3-5-0-0-1-1-0 277704 0.009285 0.00414 0 0
1-1-0-6-4-7-0-4-3-5-0-2-2-3-0 277704 0.009021 0.004125 0 0
1-1-0-6-4-7-0-4-3-5-0-4-3-5-0 277700 0.011265 0.005836 0 0
1-1-0-6-4-7-0-4-3-5-0-6-4-7-0 277704 0.010869 0.005526 0 0
1-1-0-6-4-7-0-6-4-7-0-0-1-1-0 277704 0.008348 0.003798 0 0
1-1-0-6-4-7-0-6-4-7-0-2-2-3-0 277704 0.008746 0.003892 0 0
1-1-0-6-4-7-0-6-4-7-0-4-3-5-0 277704 0.010616 0.005511 0 0
1-1-0-6-4-7-0-6-4-7-0-6-4-7-0 277704 0.010247 0.005192 0 0
2-3-0-0-1-1-0-0-1-1-0-0-1-1-0 11426723 0.033074 0.029229 0 0
2-3-0-0-1-1-0-0-1-1-0-2-2-3-0 13942082 0.033911 0.030257 0 0
2-3-0-0-1-1-0-0-1-1-0-4-3-5-0 13103489 0.091053 0.086468 0 0
2-3-0-0-1-1-0-0-1-1-0-6-4-7-0 13954551 0.080284 0.0762 0 0
2-3-0-0-1-1-0-2-2-3-0-0-1-1-0 13954626 0.040202 0.036561 0 0
2-3-0-0-1-1-0-2-2-3-0-2-2-3-0 13942082 0.037865 0.034026 0 0
2-3-0-0-1-1-0-2-2-3-0-4-3-5-0 13954538 0.113443 0.109014 0 0
2-3-0-0-1-1-0-2-2-3-0-6-4-7-0 13954626 0.097008 0.092692 0 0
2-3-0-0-1-1-0-4-3-5-0-0-1-1-0 13954626 0.093255 0.089022 0 0
2-3-0-0-1-1-0-4-3-5-0-2-2-3-0 13953539 0.095325 0.090428 0 0
2-3-0-0-1-1-0-4-3-5-0-4-3-5-0 13920168 0.170566 0.164895 0 0
2-3-0-0-1-1-0-4-3-5-0-6-4-7-0 13954618 0.159018 0.15442 0 0
2-3-0-0-1-1-0-6-4-7-0-0-1-1-0 13954626 0.084434 0.080401 0 0
2-3-0-0-1-1-0-6-4-7-0-2-2-3-0 13954626 0.095107 0.08254 0 0
2-3-0-0-1-1-0-6-4-7-0-4-3-5-0 13954622 0.166359 0.161796 0 0
2-3-0-0-1-1-0-6-4-7-0-6-4-7-0 13954626 0.146346 0.141788 0 0
2-3-0-2-2-3-0-0-1-1-0-0-1-1-0 11426723 0.020754 0.016636 0 0
2-3-0-2-2-3-0-0-1-1-0-2-2-3-0 13942082 0.023826 0.01946 0 0
2-3-0-2-2-3-0-0-1-1-0-4-3-5-0 13103489 0.079887 0.074887 0 0
2-3-0-2-2-3-0-0-1-1-0-6-4-7-0 13954551 0.06944 0.065083 0 0
2-3-0-2-2-3-0-2-2-3-0-0-1-1-0 11426723 0.014607 0.005175 0 0
2-3-0-2-2-3-0-2-2-3-0-2-2-3-0 34713 0.007583 0.001029 0 0
2-3-0-2-2-3-0-2-2-3-0-4-3-5-0 1807215 0.011648 0.005248 0 0
2-3-0-2-2-3-0-2-2-3-0-6-4-7-0 6345795 0.020725 0.015406 0 0
2-3-0-2-2-3-0-4-3-5-0-0-1-1-0 13373259 0.01772 0.012078 0 0
2-3-0-2-2-3-0-4-3-5-0-2-2-3-0 12401496 0.017874 0.012023 0 0
2-3-0-2-2-3-0-4-3-5-0-4-3-5-0 12620533 0.060949 0.054547 0 0
2-3-0-2-2-3-0-4-3-5-0-6-4-7-0 13891951 0.052669 0.047033 0 0
2-3-0-2-2-3-0-6-4-7-0-0-1-1-0 13954626 0.027761 0.023063 0 0
2-3-0-2-2-3-0-6-4-7-0-2-2-3-0 13689497 0.029367 0.023925 0 0
2-3-0-2-2-3-0-6-4-7-0-4-3-5-0 13721768 0.094968 0.089571 0 0
2-3-0-2-2-3-0-6-4-7-0-6-4-7-0 13954431 0.07836 0.073512 0 0
2-3-0-4-3-5-0-0-1-1-0-0-1-1-0 13373259 0.030216 0.025124 0 0
2-3-0-4-3-5-0-0-1-1-0-2-2-3-0 13950086 0.031907 0.026389 0 0
2-3-0-4-3-5-0-0-1-1-0-4-3-5-0 13749399 0.098919 0.093133 0 0
2-3-0-4-3-5-0-0-1-1-0-6-4-7-0 13954585 0.084002 0.078456 0 0
2-3-0-4-3-5-0-2-2-3-0-0-1-1-0 13954626 0.030109 0.024967 0 0
2-3-0-4-3-5-0-2-2-3-0-2-2-3-0 12401496 0.030149 0.025181 0 0
2-3-0-4-3-5-0-2-2-3-0-4-3-5-0 13920727 0.105177 0.098901 0 0
2-3-0-4-3-5-0-2-2-3-0-6-4-7-0 13954585 0.088088 0.082407 0 0
2-3-0-4-3-5-0-4-3-5-0-0-1-1-0 13954626 0.07368 0.067815 0 0
2-3-0-4-3-5-0-4-3-5-0-2-2-3-0 13942369 0.072753 0.067133 0 0
2-3-0-4-3-5-0-4-3-5-0-4-3-5-0 13780903 0.147984 0.142078 0 0
2-3-0-4-3-5-0-4-3-5-0-6-4-7-0 13954598 0.133955 0.128015 0 0
2-3-0-4-3-5-0-6-4-7-0-0-1-1-0 13954626 0.065343 0.060238 0 0
2-3-0-4-3-5-0-6-4-7-0-2-2-3-0 13953921 0.066894 0.061591 0 0
2-3-0-4-3-5-0-6-4-7-0-4-3-5-0 13953164 0.142948 0.137271 0 0
2-3-0-4-3-5-0-6-4-7-0-6-4-7-0 13954626 0.126825 0.121566 0 0
2-3-0-6-4-7-0-0-1-1-0-0-1-1-0 13954626 0.040335 0.036462 0 0
2-3-0-6-4-7-0-0-1-1-0-2-2-3-0 13954626 0.041644 0.037588 0 0
2-3-0-6-4-7-0-0-1-1-0-4-3-5-0 13954626 0.109843 0.105221 0 0
2-3-0-6-4-7-0-0-1-1-0-6-4-7-0 13954626 0.094693 0.090304 0 0
2-3-0-6-4-7-0-2-2-3-0-0-1-1-0 13954626 0.041135 0.036962 0 0
2-3-0-6-4-7-0-2-2-3-0-2-2-3-0 13689497 0.042201 0.037774 0 0
2-3-0-6-4-7-0-2-2-3-0-4-3-5-0 13952209 0.118943 0.113582 0 0
2-3-0-6-4-7-0-2-2-3-0-6-4-7-0 13954626 0.101574 0.097014 0 0
2-3-0-6-4-7-0-4-3-5-0-0-1-1-0 13954626 0.103357 0.098693 0 0
2-3-0-6-4-7-0-4-3-5-0-2-2-3-0 13954500 0.103943 0.099446 0 0
2-3-0-6-4-7-0-4-3-5-0-4-3-5-0 13850279 0.181311 0.176101 0 0
2-3-0-6-4-7-0-4-3-5-0-6-4-7-0 13954626 0.166286 0.160963 0 0
2-3-0-6-4-7-0-6-4-7-0-0-1-1-0 13954626 0.089951 0.08547 0 0
2-3-0-6-4-7-0-6-4-7-0-2-2-3-0 13954626 0.090436 0.086309 0 0
2-3-0-6-4-7-0-6-4-7-0-4-3-5-0 13954620 0.167219 0.162325 0 0
2-3-0-6-4-7-0-6-4-7-0-6-4-7-0 13954626 0.151488 0.147097 0 0
3-5-0-0-1-1-0-0-1-1-0-0-1-1-0 66667832 0.177624 0.168776 0 0
3-5-0-0-1-1-0-0-1-1-0-2-2-3-0 261068775 0.261669 0.252858 0 0
3-5-0-0-1-1-0-0-1-1-0-4-3-5-0 159103520 0.734338 0.723799 0 0
3-5-0-0-1-1-0-0-1-1-0-6-4-7-0 264520476 0.83929 0.825991 0 0
3-5-0-0-1-1-0-2-2-3-0-0-1-1-0 264547773 0.467886 0.456841 0 0
3-5-0-0-1-1-0-2-2-3-0-2-2-3-0 261068775 0.476695 0.46689 0 0
3-5-0-0-1-1-0-2-2-3-0-4-3-5-0 264505054 1.77917 1.76523 0 0
3-5-0-0-1-1-0-2-2-3-0-6-4-7-0 264547773 1.5015 1.48971 0 0
3-5-0-0-1-1-0-4-3-5-0-0-1-1-0 264547773 0.853248 0.84238 0 0
3-5-0-0-1-1-0-4-3-5-0-2-2-3-0 264335304 0.868893 0.857324 0 0
3-5-0-0-1-1-0-4-3-5-0-4-3-5-0 261568906 2.02218 2.0071 0 0
3-5-0-0-1-1-0-4-3-5-0-6-4-7-0 264546039 1.78498 1.76818 0 0
3-5-0-0-1-1-0-6-4-7-0-0-1-1-0 264547773 1.06498 1.05489 0 0
3-5-0-0-1-1-0-6-4-7-0-2-2-3-0 264547773 1.06522 1.05336 0 0
3-5-0-0-1-1-0-6-4-7-0-4-3-5-0 264547070 2.39408 2.38265 0 0
3-5-0-0-1-1-0-6-4-7-0-6-4-7-0 264547773 2.12303 2.10868 0 0
3-5-0-2-2-3-0-0-1-1-0-0-1-1-0 262992233 0.391401 0.382893 0 0
3-5-0-2-2-3-0-0-1-1-0-2-2-3-0 264546361 0.410107 0.401194 0 0
3-5-0-2-2-3-0-0-1-1-0-4-3-5-0 264299335 1.59517 1.58446 0 0
3-5-0-2-2-3-0-0-1-1-0-6-4-7-0 264547769 1.34647 1.33577 0 0
3-5-0-2-2-3-0-2-2-3-0-0-1-1-0 262992233 0.143243 0.134716 0 0
3-5-0-2-2-3-0-2-2-3-0-2-2-3-0 18178411 0.051311 0.044393 0 0
3-5-0-2-2-3-0-2-2-3-0-4-3-5-0 186718068 0.606921 0.597895 0 0
3-5-0-2-2-3-0-2-2-3-0-6-4-7-0 254483838 0.644703 0.636013 0 0
3-5-0-2-2-3-0-4-3-5-0-0-1-1-0 264534436 0.821713 0.810806 0 0
3-5-0-2-2-3-0-4-3-5-0-2-2-3-0 263938876 0.837219 0.826411 0 0
3-5-0-2-2-3-0-4-3-5-0-4-3-5-0 260987845 2.05021 2.03901 0 0
3-5-0-2-2-3-0-4-3-5-0-6-4-7-0 264545893 1.79146 1.78031 0 0
3-5-0-2-2-3-0-6-4-7-0-0-1-1-0 264547773 0.908356 0.898499 0 0
3-5-0-2-2-3-0-6-4-7-0-2-2-3-0 264526605 0.928749 0.918718 0 0
3-5-0-2-2-3-0-6-4-7-0-4-3-5-0 264348044 2.2355 2.22172 0 0
3-5-0-2-2-3-0-6-4-7-0-6-4-7-0 264547772 1.97489 1.96305 0 0
3-5-0-4-3-5-0-0-1-1-0-0-1-1-0 242448037 0.485924 0.47484 0 0
3-5-0-4-3-5-0-0-1-1-0-2-2-3-0 264223483 0.518326 0.506719 0 0
3-5-0-4-3-5-0-0-1-1-0-4-3-5-0 254223236 1.62877 1.61573 0 0
3-5-0-4-3-5-0-0-1-1-0-6-4-7-0 264544959 1.48439 1.47113 0 0
3-5-0-4-3-5-0-2-2-3-0-0-1-1-0 264272027 0.530444 0.518993 0 0
3-5-0-4-3-5-0-2-2-3-0-2-2-3-0 223199128 0.530826 0.518372 0 0
3-5-0-4-3-5-0-2-2-3-0-4-3-5-0 256552028 1.82432 1.80757 0 0
3-5-0-4-3-5-0-2-2-3-0-6-4-7-0 262665496 1.49325 1.47846 0 0
3-5-0-4-3-5-0-4-3-5-0-0-1-1-0 254851812 1.2856 1.27182 0 0
3-5-0-4-3-5-0-4-3-5-0-2-2-3-0 252870735 1.31499 1.3005 0 0
3-5-0-4-3-5-0-4-3-5-0-4-3-5-0 249802666 2.55366 2.53487 0 0
3-5-0-4-3-5-0-4-3-5-0-6-4-7-0 253260419 2.32855 2.31348 0 0
3-5-0-4-3-5-0-6-4-7-0-0-1-1-0 264536355 1.17857 1.16477 0 0
3-5-0-4-3-5-0-6-4-7-0-2-2-3-0 261395656 1.26297 1.24798 0 0
3-5-0-4-3-5-0-6-4-7-0-4-3-5-0 263215652 2.62016 2.60298 0 0
3-5-0-4-3-5-0-6-4-7-0-6-4-7-0 264542880 2.29734 2.28266 0 0
3-5-0-6-4-7-0-0-1-1-0-0-1-1-0 264536355 0.837117 0.824676 0 0
3-5-0-6-4-7-0-0-1-1-0-2-2-3-0 264547768 0.858389 0.846887 0 0
3-5-0-6-4-7-0-0-1-1-0-4-3-5-0 264545622 2.05507 2.04146 0 0
3-5-0-6-4-7-0-0-1-1-0-6-4-7-0 264547773 1.77526 1.76372 0 0
3-5-0-6-4-7-0-2-2-3-0-0-1-1-0 264547773 0.862704 0.851069 0 0
3-5-0-6-4-7-0-2-2-3-0-2-2-3-0 258664239 0.878832 0.866506 0 0
3-5-0-6-4-7-0-2-2-3-0-4-3-5-0 264488100 2.18247 2.16552 0 0
3-5-0-6-4-7-0-2-2-3-0-6-4-7-0 264547773 1.90104 1.88798 0 0
3-5-0-6-4-7-0-4-3-5-0-0-1-1-0 264547773 2.06997 2.05482 0 0
3-5-0-6-4-7-0-4-3-5-0-2-2-3-0 264545259 2.03971 2.02646 0 0
3-5-0-6-4-7-0-4-3-5-0-4-3-5-0 263135171 3.38057 3.36356 0 0
3-5-0-6-4-7-0-4-3-5-0-6-4-7-0 264547770 3.10159 3.08516 0 0
3-5-0-6-4-7-0-6-4-7-0-0-1-1-0 264547773 1.78152 1.76705 0 0
3-5-0-6-4-7-0-6-4-7-0-2-2-3-0 264547767 1.79672 1.78369 0 0
3-5-0-6-4-7-0-6-4-7-0-4-3-5-0 264547650 3.12601 3.11114 0 0
3-5-0-6-4-7-0-6-4-7-0-6-4-7-0 264547773 2.84477 2.83129 0 0
4-7-0-0-1-1-0-0-1-1-0-0-1-1-0 15626706 0.044886 0.040244 0 0
4-7-0-0-1-1-0-0-1-1-0-2-2-3-0 15794087 0.044539 0.040401 0 0
4-7-0-0-1-1-0-0-1-1-0-4-3-5-0 15740985 0.119891 0.114589 0 0
4-7-0-0-1-1-0-0-1-1-0-6-4-7-0 15794415 0.103416 0.098572 0 0
4-7-0-0-1-1-0-2-2-3-0-0-1-1-0 15794415 0.044099 0.039955 0 0
4-7-0-0-1-1-0-2-2-3-0-2-2-3-0 15794087 0.045178 0.041275 0 0
4-7-0-0-1-1-0-2-2-3-0-4-3-5-0 15794415 0.131591 0.126622 0 0
4-7-0-0-1-1-0-2-2-3-0-6-4-7-0 15794415 0.112461 0.107937 0 0
4-7-0-0-1-1-0-4-3-5-0-0-1-1-0 15794415 0.121267 0.116242 0 0
4-7-0-0-1-1-0-4-3-5-0-2-2-3-0 15794372 0.121501 0.116285 0 0
4-7-0-0-1-1-0-4-3-5-0-4-3-5-0 15792180 0.208042 0.201945 0 0
4-7-0-0-1-1-0-4-3-5-0-6-4-7-0 15794415 0.19081 0.185105 0 0
4-7-0-0-1-1-0-6-4-7-0-0-1-1-0 15794415 0.117713 0.11223 0 0
4-7-0-0-1-1-0-6-4-7-0-2-2-3-0 15794415 0.104339 0.099876 0 0
4-7-0-0-1-1-0-6-4-7-0-4-3-5-0 15794415 0.190678 0.185398 0 0
4-7-0-0-1-1-0-6-4-7-0-6-4-7-0 15794415 0.172311 0.167265 0 0
4-7-0-2-2-3-0-0-1-1-0-0-1-1-0 15794415 0.039382 0.035093 0 0
4-7-0-2-2-3-0-0-1-1-0-2-2-3-0 15794415 0.039649 0.03485 0 0
4-7-0-2-2-3-0-0-1-1-0-4-3-5-0 15794415 0.115799 0.110644 0 0
4-7-0-2-2-3-0-0-1-1-0-6-4-7-0 15794415 0.098769 0.093834 0 0
4-7-0-2-2-3-0-2-2-3-0-0-1-1-0 15794415 0.032111 0.027646 0 0
4-7-0-2-2-3-0-2-2-3-0-2-2-3-0 10219172 0.029607 0.025418 0 0
4-7-0-2-2-3-0-2-2-3-0-4-3-5-0 15662521 0.104115 0.098982 0 0
4-7-0-2-2-3-0-2-2-3-0-6-4-7-0 15792946 0.087016 0.082708 0 0
4-7-0-2-2-3-0-4-3-5-0-0-1-1-0 15794415 0.109668 0.104594 0 0
4-7-0-2-2-3-0-4-3-5-0-2-2-3-0 15794338 0.112017 0.106662 0 0
4-7-0-2-2-3-0-4-3-5-0-4-3-5-0 15743848 0.200161 0.194134 0 0
4-7-0-2-2-3-0-4-3-5-0-6-4-7-0 15794415 0.181131 0.175583 0 0
4-7-0-2-2-3-0-6-4-7-0-0-1-1-0 15794415 0.093437 0.088864 0 0
4-7-0-2-2-3-0-6-4-7-0-2-2-3-0 15794414 0.095111 0.090114 0 0
4-7-0-2-2-3-0-6-4-7-0-4-3-5-0 15794371 0.18203 0.17654 0 0
4-7-0-2-2-3-0-6-4-7-0-6-4-7-0 15794415 0.164312 0.159317 0 0
4-7-0-4-3-5-0-0-1-1-0-0-1-1-0 15758734 0.076871 0.072004 0 0
4-7-0-4-3-5-0-0-1-1-0-2-2-3-0 15794374 0.078789 0.074334 0 0
4-7-0-4-3-5-0-0-1-1-0-4-3-5-0 15784512 0.155699 0.150202 0 0
4-7-0-4-3-5-0-0-1-1-0-6-4-7-0 15794415 0.136812 0.131877 0 0
4-7-0-4-3-5-0-2-2-3-0-0-1-1-0 15794415 0.077326 0.072795 0 0
4-7-0-4-3-5-0-2-2-3-0-2-2-3-0 15752999 0.079219 0.074367 0 0
4-7-0-4-3-5-0-2-2-3-0-4-3-5-0 15793767 0.163891 0.158365 0 0
4-7-0-4-3-5-0-2-2-3-0-6-4-7-0 15794415 0.146162 0.140932 0 0
4-7-0-4-3-5-0-4-3-5-0-0-1-1-0 15794415 0.160791 0.155045 0 0
4-7-0-4-3-5-0-4-3-5-0-2-2-3-0 15794351 0.161243 0.155885 0 0
4-7-0-4-3-5-0-4-3-5-0-4-3-5-0 15614461 0.247221 0.240462 0 0
4-7-0-4-3-5-0-4-3-5-0-6-4-7-0 15794415 0.230591 0.22461 0 0
4-7-0-4-3-5-0-6-4-7-0-0-1-1-0 15794415 0.144387 0.139081 0 0
4-7-0-4-3-5-0-6-4-7-0-2-2-3-0 15794415 0.143739 0.138694 0 0
4-7-0-4-3-5-0-6-4-7-0-4-3-5-0 15794412 0.231634 0.225344 0 0
4-7-0-4-3-5-0-6-4-7-0-6-4-7-0 15794415 0.213207 0.207762 0 0
4-7-0-6-4-7-0-0-1-1-0-0-1-1-0 15794415 0.076863 0.072088 0 0
4-7-0-6-4-7-0-0-1-1-0-2-2-3-0 15794415 0.077671 0.073081 0 0
4-7-0-6-4-7-0-0-1-1-0-4-3-5-0 15794415 0.159194 0.153965 0 0
4-7-0-6-4-7-0-0-1-1-0-6-4-7-0 15794415 0.139925 0.135209 0 0
4-7-0-6-4-7-0-2-2-3-0-0-1-1-0 15794415 0.077393 0.073119 0 0
4-7-0-6-4-7-0-2-2-3-0-2-2-3-0 15792398 0.078839 0.074156 0 0
4-7-0-6-4-7-0-2-2-3-0-4-3-5-0 15794397 0.164926 0.159674 0 0
4-7-0-6-4-7-0-2-2-3-0-6-4-7-0 15794415 0.145637 0.14069 0 0
4-7-0-6-4-7-0-4-3-5-0-0-1-1-0 15794415 0.165297 0.15995 0 0
4-7-0-6-4-7-0-4-3-5-0-2-2-3-0 15794413 0.164836 0.159414 0 0
4-7-0-6-4-7-0-4-3-5-0-4-3-5-0 15792097 0.251487 0.245425 0 0
4-7-0-6-4-7-0-4-3-5-0-6-4-7-0 15794415 0.235788 0.23005 0 0
4-7-0-6-4-7-0-6-4-7-0-0-1-1-0 15794415 0.145883 0.140946 0 0
4-7-0-6-4-7-0-6-4-7-0-2-2-3-0 15794415 0.145686 0.140732 0 0
4-7-0-6-4-7-0-6-4-7-0-4-3-5-0 15794415 0.232964 0.227443 0 0
4-7-0-6-4-7-0-6-4-7-0-6-4-7-0 15794415 0.215098 0.209616 0 0
