0-0-1-1-0 197321793 0.557509 0.556078 0 0
0-2-2-3-0 13786567 0.003003 0.002483 0 0
0-4-3-5-0 4316287 0.005228 0.002818 0 0
0-6-4-7-0 44408829 0.010358 0.009718 0 0
1-1-0-0-1 8 0.000635 0.000285 0 0
1-1-0-2-2 2501 0.000703 0.000234 0 0
1-1-0-4-3 12415 0.001373 0.000718 0 0
1-1-0-6-4 3588 0.001143 0.000567 0 0
2-3-0-0-1 2501 0.000625 0.000145 0 0
2-3-0-2-2 402 0.00071 0.00014 0 0
2-3-0-4-3 58197 0.000852 0.00036 0 0
2-3-0-6-4 49523 0.000901 0.000361 0 0
3-5-0-0-1 12415 0.001004 0.000298 0 0
3-5-0-2-2 58197 0.001128 0.000324 0 0
3-5-0-4-3 3669643 0.002151 0.001526 0 0
3-5-0-6-4 1623543 0.001991 0.001198 0 0
4-7-0-0-1 3588 0.000637 0.000152 0 0
4-7-0-2-2 49523 0.000679 0.000179 0 0
4-7-0-4-3 1623543 0.001749 0.00117 0 0
4-7-0-6-4 200839 0.001223 0.000769 0 0
