0-0-1-1-0-0-1-1-0 197321793 1.69344 1.68985 0 0
0-0-1-1-0-2-2-3-0 1180774212 3.14966 3.13849 0 0
0-0-1-1-0-4-3-5-0 612621062 0.574297 0.517501 0 0
0-0-1-1-0-6-4-7-0 1204757174 1.08503 1.07375 0 0
0-2-2-3-0-0-1-1-0 1180774212 0.597062 0.562816 0 0
0-2-2-3-0-2-2-3-0 13786567 0.043887 0.009027 0 0
0-2-2-3-0-4-3-5-0 449954072 0.283623 0.267109 0 0
0-2-2-3-0-6-4-7-0 983207857 0.526369 0.506195 0 0
0-4-3-5-0-0-1-1-0 612621062 0.133078 0.07615 0 0
0-4-3-5-0-2-2-3-0 449954072 0.096225 0.06876 0 0
0-4-3-5-0-4-3-5-0 547588523 0.343394 0.332832 0 0
0-4-3-5-0-6-4-7-0 1111476579 0.761378 0.741511 0 0
0-6-4-7-0-0-1-1-0 1204757174 0.924064 0.91447 0 0
0-6-4-7-0-2-2-3-0 983207857 0.523497 0.493027 0 0
0-6-4-7-0-4-3-5-0 1111476579 1.24218 1.23135 0 0
0-6-4-7-0-6-4-7-0 1204754523 1.16595 1.10777 0 0
1-1-0-0-1-1-0-0-1 8 0.006396 0.000987 0 0
1-1-0-0-1-1-0-2-2 2501 0.002464 0.001167 0 0
1-1-0-0-1-1-0-4-3 12415 0.018217 0.001535 0 0
1-1-0-0-1-1-0-6-4 3588 0.00296 0.001545 0 0
1-1-0-2-2-3-0-0-1 64 0.00376 0.001839 0 0
1-1-0-2-2-3-0-2-2 2501 0.00432 0.002078 0 0
1-1-0-2-2-3-0-4-3 60416 0.00553 0.003598 0 0
1-1-0-2-2-3-0-6-4 3640 0.005322 0.003633 0 0
1-1-0-4-3-5-0-0-1 64 0.005858 0.003265 0 0
1-1-0-4-3-5-0-2-2 3046 0.004969 0.00279 0 0
1-1-0-4-3-5-0-4-3 55228 0.006576 0.004192 0 0
1-1-0-4-3-5-0-6-4 3629 0.013962 0.011692 0 0
1-1-0-6-4-7-0-0-1 64 0.00557 0.003676 0 0
1-1-0-6-4-7-0-2-2 3216 0.008266 0.004521 0 0
1-1-0-6-4-7-0-4-3 60964 0.007921 0.005643 0 0
1-1-0-6-4-7-0-6-4 3640 0.007016 0.00537 0 0
2-3-0-0-1-1-0-0-1 2501 0.009816 0.006767 0 0
2-3-0-0-1-1-0-2-2 158938 0.008522 0.006353 0 0
2-3-0-0-1-1-0-4-3 2652152 0.015 0.012621 0 0
2-3-0-0-1-1-0-6-4 182777 0.013382 0.011226 0 0
2-3-0-2-2-3-0-0-1 2501 0.00216 0.000641 0 0
2-3-0-2-2-3-0-2-2 402 0.00244 0.000686 0 0
2-3-0-2-2-3-0-4-3 58197 0.002914 0.000991 0 0
2-3-0-2-2-3-0-6-4 49523 0.003355 0.00089 0 0
2-3-0-4-3-5-0-0-1 3046 0.01411 0.002682 0 0
2-3-0-4-3-5-0-2-2 104040 0.008257 0.002584 0 0
2-3-0-4-3-5-0-4-3 2000819 0.009605 0.005651 0 0
2-3-0-4-3-5-0-6-4 180031 0.010548 0.004815 0 0
2-3-0-6-4-7-0-0-1 3216 0.015152 0.011965 0 0
2-3-0-6-4-7-0-2-2 142912 0.009065 0.005459 0 0
2-3-0-6-4-7-0-4-3 2742607 0.022656 0.012396 0 0
2-3-0-6-4-7-0-6-4 182627 0.013491 0.011133 0 0
3-5-0-0-1-1-0-0-1 12415 0.022124 0.019551 0 0
3-5-0-0-1-1-0-2-2 2652152 0.021041 0.018612 0 0
3-5-0-0-1-1-0-4-3 21692253 0.054488 0.051471 0 0
3-5-0-0-1-1-0-6-4 3441023 0.043987 0.041807 0 0
3-5-0-2-2-3-0-0-1 60416 0.006976 0.004654 0 0
3-5-0-2-2-3-0-2-2 58197 0.007121 0.004711 0 0
3-5-0-2-2-3-0-4-3 19843901 0.026004 0.022349 0 0
3-5-0-2-2-3-0-6-4 3124458 0.017179 0.014585 0 0
3-5-0-4-3-5-0-0-1 55228 0.038191 0.030908 0 0
3-5-0-4-3-5-0-2-2 2000819 0.040292 0.032456 0 0
3-5-0-4-3-5-0-4-3 39593037 0.087578 0.080538 0 0
3-5-0-4-3-5-0-6-4 3251114 0.073755 0.065961 0 0
3-5-0-6-4-7-0-0-1 60964 0.10851 0.10291 0 0
3-5-0-6-4-7-0-2-2 2742607 0.106538 0.103393 0 0
3-5-0-6-4-7-0-4-3 52976979 0.216399 0.21292 0 0
3-5-0-6-4-7-0-6-4 3462094 0.192975 0.189195 0 0
4-7-0-0-1-1-0-0-1 3588 0.005476 0.004089 0 0
4-7-0-0-1-1-0-2-2 182777 0.005565 0.003899 0 0
4-7-0-0-1-1-0-4-3 3441023 0.012929 0.011128 0 0
4-7-0-0-1-1-0-6-4 207025 0.011688 0.010182 0 0
4-7-0-2-2-3-0-0-1 3640 0.003917 0.002693 0 0
4-7-0-2-2-3-0-2-2 49523 0.004136 0.002722 0 0
4-7-0-2-2-3-0-4-3 3124458 0.010534 0.009117 0 0
4-7-0-2-2-3-0-6-4 206833 0.009341 0.007749 0 0
4-7-0-4-3-5-0-0-1 3629 0.01282 0.011108 0 0
4-7-0-4-3-5-0-2-2 180031 0.012648 0.011054 0 0
4-7-0-4-3-5-0-4-3 3251114 0.020966 0.019287 0 0
4-7-0-4-3-5-0-6-4 206991 0.019766 0.018109 0 0
4-7-0-6-4-7-0-0-1 3640 0.01231 0.010832 0 0
4-7-0-6-4-7-0-2-2 182627 0.012253 0.010806 0 0
4-7-0-6-4-7-0-4-3 3462094 0.020928 0.019569 0 0
4-7-0-6-4-7-0-6-4 207023 0.020067 0.018291 0 0
