0-0-1-1-0-0-1-1-0-0-1 34713 1.92664 1.91468 0 0
0-0-1-1-0-0-1-1-0-2-2 11426723 0.35225 0.347337 0 0
0-0-1-1-0-0-1-1-0-4-3 66667832 0.792306 0.77828 0 0
0-0-1-1-0-0-1-1-0-6-4 15626706 0.194943 0.187516 0 0
0-0-1-1-0-2-2-3-0-0-1 277704 3.81456 3.7528 0 0
0-0-1-1-0-2-2-3-0-2-2 11426723 0.740451 0.712879 0 0
0-0-1-1-0-2-2-3-0-4-3 262992233 2.24324 2.23532 0 0
0-0-1-1-0-2-2-3-0-6-4 15794415 1.27291 1.24803 0 0
0-0-1-1-0-4-3-5-0-0-1 277704 0.62051 0.610017 0 0
0-0-1-1-0-4-3-5-0-2-2 13373259 0.602586 0.594563 0 0
0-0-1-1-0-4-3-5-0-4-3 242448037 1.02761 1.01499 0 0
0-0-1-1-0-4-3-5-0-6-4 15758734 0.96227 0.943166 0 0
0-0-1-1-0-6-4-7-0-0-1 277704 1.24186 1.17371 0 0
0-0-1-1-0-6-4-7-0-2-2 13954626 1.0498 1.01004 0 0
0-0-1-1-0-6-4-7-0-4-3 264536355 2.12395 2.11305 0 0
0-0-1-1-0-6-4-7-0-6-4 15794415 1.6173 1.56385 0 0
0-2-2-3-0-0-1-1-0-0-1 269979 0.503381 0.449326 0 0
0-2-2-3-0-0-1-1-0-2-2 13942082 0.421816 0.396833 0 0
0-2-2-3-0-0-1-1-0-4-3 261068775 1.64268 1.61934 0 0
0-2-2-3-0-0-1-1-0-6-4 15794087 0.864619 0.843955 0 0
0-2-2-3-0-2-2-3-0-0-1 269979 0.065221 0.012639 0 0
0-2-2-3-0-2-2-3-0-2-2 34713 0.036209 0.011087 0 0
0-2-2-3-0-2-2-3-0-4-3 18178411 0.033822 0.021938 0 0
0-2-2-3-0-2-2-3-0-6-4 10219172 0.023892 0.018143 0 0
0-2-2-3-0-4-3-5-0-0-1 277212 0.300213 0.289366 0 0
0-2-2-3-0-4-3-5-0-2-2 12401496 0.31975 0.303347 0 0
0-2-2-3-0-4-3-5-0-4-3 223199128 0.695475 0.683214 0 0
0-2-2-3-0-4-3-5-0-6-4 15752999 0.588674 0.580016 0 0
0-2-2-3-0-6-4-7-0-0-1 277704 0.686411 0.632024 0 0
0-2-2-3-0-6-4-7-0-2-2 13689497 0.661781 0.631985 0 0
0-2-2-3-0-6-4-7-0-4-3 258664239 1.94816 1.936 0 0
0-2-2-3-0-6-4-7-0-6-4 15792398 1.17034 1.14607 0 0
0-4-3-5-0-0-1-1-0-0-1 125547 0.156365 0.137064 0 0
0-4-3-5-0-0-1-1-0-2-2 13103489 0.159298 0.143149 0 0
0-4-3-5-0-0-1-1-0-4-3 159103520 0.441291 0.423602 0 0
0-4-3-5-0-0-1-1-0-6-4 15740985 0.371556 0.354538 0 0
0-4-3-5-0-2-2-3-0-0-1 277597 0.111491 0.099449 0 0
0-4-3-5-0-2-2-3-0-2-2 1807215 0.111166 0.101821 0 0
0-4-3-5-0-2-2-3-0-4-3 186718068 0.404084 0.396066 0 0
0-4-3-5-0-2-2-3-0-6-4 15662521 0.325231 0.316095 0 0
0-4-3-5-0-4-3-5-0-0-1 273654 0.386852 0.377976 0 0
0-4-3-5-0-4-3-5-0-2-2 12620533 0.399131 0.385631 0 0
0-4-3-5-0-4-3-5-0-4-3 228319167 0.801677 0.788992 0 0
0-4-3-5-0-4-3-5-0-6-4 15556071 0.71192 0.702459 0 0
0-4-3-5-0-6-4-7-0-0-1 277700 0.81583 0.745376 0 0
0-4-3-5-0-6-4-7-0-2-2 13721768 0.769807 0.723468 0 0
0-4-3-5-0-6-4-7-0-4-3 260634304 1.48317 1.45244 0 0
0-4-3-5-0-6-4-7-0-6-4 15790892 1.29224 1.25466 0 0
0-6-4-7-0-0-1-1-0-0-1 277619 0.493024 0.375847 0 0
0-6-4-7-0-0-1-1-0-2-2 13954551 0.464335 0.399815 0 0
0-6-4-7-0-0-1-1-0-4-3 264520476 1.0142 0.998316 0 0
0-6-4-7-0-0-1-1-0-6-4 15794415 0.898734 0.83319 0 0
0-6-4-7-0-2-2-3-0-0-1 277704 0.304892 0.26232 0 0
0-6-4-7-0-2-2-3-0-2-2 6345795 0.313351 0.268436 0 0
0-6-4-7-0-2-2-3-0-4-3 254483838 0.922628 0.913055 0 0
0-6-4-7-0-2-2-3-0-6-4 15792946 0.734806 0.708056 0 0
0-6-4-7-0-4-3-5-0-0-1 277701 1.04928 0.983485 0 0
0-6-4-7-0-4-3-5-0-2-2 13891951 1.06176 1.03954 0 0
0-6-4-7-0-4-3-5-0-4-3 251652169 1.6326 1.62242 0 0
0-6-4-7-0-4-3-5-0-6-4 15794346 1.59447 1.5737 0 0
0-6-4-7-0-6-4-7-0-0-1 277704 0.987161 0.870034 0 0
0-6-4-7-0-6-4-7-0-2-2 13954431 0.930106 0.843642 0 0
0-6-4-7-0-6-4-7-0-4-3 264542228 1.75912 1.72139 0 0
0-6-4-7-0-6-4-7-0-6-4 15794414 1.41814 1.35307 0 0
1-1-0-0-1-1-0-0-1-1-0 34713 0.001998 0.001092 0 0
1-1-0-0-1-1-0-2-2-3-0 269979 0.003676 0.0024 0 0
1-1-0-0-1-1-0-4-3-5-0 125547 0.004893 0.003169 0 0
1-1-0-0-1-1-0-6-4-7-0 277619 0.003912 0.00261 0 0
1-1-0-2-2-3-0-0-1-1-0 277704 0.002687 0.001383 0 0
1-1-0-2-2-3-0-2-2-3-0 269979 0.003171 0.001508 0 0
1-1-0-2-2-3-0-4-3-5-0 277597 0.00682 0.003897 0 0
1-1-0-2-2-3-0-6-4-7-0 277704 0.005584 0.003835 0 0
1-1-0-4-3-5-0-0-1-1-0 277704 0.003462 0.002123 0 0
1-1-0-4-3-5-0-2-2-3-0 277212 0.003889 0.002443 0 0
1-1-0-4-3-5-0-4-3-5-0 273654 0.008083 0.006118 0 0
1-1-0-4-3-5-0-6-4-7-0 277701 0.006198 0.004526 0 0
1-1-0-6-4-7-0-0-1-1-0 277704 0.004469 0.002738 0 0
1-1-0-6-4-7-0-2-2-3-0 277704 0.004004 0.00283 0 0
1-1-0-6-4-7-0-4-3-5-0 277700 0.006748 0.005248 0 0
1-1-0-6-4-7-0-6-4-7-0 277704 0.007289 0.005769 0 0
2-3-0-0-1-1-0-0-1-1-0 11426723 0.005712 0.004111 0 0
2-3-0-0-1-1-0-2-2-3-0 13942082 0.005387 0.004132 0 0
2-3-0-0-1-1-0-4-3-5-0 13103489 0.017723 0.016028 0 0
2-3-0-0-1-1-0-6-4-7-0 13954551 0.016513 0.01496 0 0
2-3-0-2-2-3-0-0-1-1-0 11426723 0.002454 0.001356 0 0
2-3-0-2-2-3-0-2-2-3-0 34713 0.001519 0.000591 0 0
2-3-0-2-2-3-0-4-3-5-0 1807215 0.013405 0.001932 0 0
2-3-0-2-2-3-0-6-4-7-0 6345795 0.004898 0.003475 0 0
2-3-0-4-3-5-0-0-1-1-0 13373259 0.005552 0.003418 0 0
2-3-0-4-3-5-0-2-2-3-0 12401496 0.01258 0.00295 0 0
2-3-0-4-3-5-0-4-3-5-0 12620533 0.01567 0.012257 0 0
2-3-0-4-3-5-0-6-4-7-0 13891951 0.012852 0.010792 0 0
2-3-0-6-4-7-0-0-1-1-0 13954626 0.007287 0.004985 0 0
2-3-0-6-4-7-0-2-2-3-0 13689497 0.006878 0.005181 0 0
2-3-0-6-4-7-0-4-3-5-0 13721768 0.019569 0.01758 0 0
2-3-0-6-4-7-0-6-4-7-0 13954431 0.017591 0.015314 0 0
3-5-0-0-1-1-0-0-1-1-0 66667832 0.021312 0.019298 0 0
3-5-0-0-1-1-0-2-2-3-0 261068775 0.041289 0.038639 0 0
3-5-0-0-1-1-0-4-3-5-0 159103520 0.12951 0.126586 0 0
3-5-0-0-1-1-0-6-4-7-0 264520476 0.158997 0.156255 0 0
3-5-0-2-2-3-0-0-1-1-0 262992233 0.033487 0.02572 0 0
3-5-0-2-2-3-0-2-2-3-0 18178411 0.010067 0.006094 0 0
3-5-0-2-2-3-0-4-3-5-0 186718068 0.12269 0.11594 0 0
3-5-0-2-2-3-0-6-4-7-0 254483838 0.130628 0.124127 0 0
3-5-0-4-3-5-0-0-1-1-0 242448037 0.061601 0.0479 0 0
3-5-0-4-3-5-0-2-2-3-0 223199128 0.056492 0.049994 0 0
3-5-0-4-3-5-0-4-3-5-0 228319167 0.206805 0.198679 0 0
3-5-0-4-3-5-0-6-4-7-0 251652169 0.175541 0.172414 0 0
3-5-0-6-4-7-0-0-1-1-0 264536355 0.119423 0.116673 0 0
3-5-0-6-4-7-0-2-2-3-0 258664239 0.123262 0.11452 0 0
3-5-0-6-4-7-0-4-3-5-0 260634304 0.348929 0.344145 0 0
3-5-0-6-4-7-0-6-4-7-0 264542228 0.29666 0.291964 0 0
4-7-0-0-1-1-0-0-1-1-0 15626706 0.006753 0.005205 0 0
4-7-0-0-1-1-0-2-2-3-0 15794087 0.005922 0.004778 0 0
4-7-0-0-1-1-0-4-3-5-0 15740985 0.02073 0.018673 0 0
4-7-0-0-1-1-0-6-4-7-0 15794415 0.017379 0.015627 0 0
4-7-0-2-2-3-0-0-1-1-0 15794415 0.004906 0.003686 0 0
4-7-0-2-2-3-0-2-2-3-0 10219172 0.004511 0.003247 0 0
4-7-0-2-2-3-0-4-3-5-0 15662521 0.019195 0.016912 0 0
4-7-0-2-2-3-0-6-4-7-0 15792946 0.01574 0.013938 0 0
4-7-0-4-3-5-0-0-1-1-0 15758734 0.013266 0.011187 0 0
4-7-0-4-3-5-0-2-2-3-0 15752999 0.014256 0.012431 0 0
4-7-0-4-3-5-0-4-3-5-0 15556071 0.030006 0.026517 0 0
4-7-0-4-3-5-0-6-4-7-0 15794346 0.025557 0.023474 0 0
4-7-0-6-4-7-0-0-1-1-0 15794415 0.012128 0.010623 0 0
4-7-0-6-4-7-0-2-2-3-0 15792398 0.012119 0.01081 0 0
4-7-0-6-4-7-0-4-3-5-0 15790892 0.027966 0.026126 0 0
4-7-0-6-4-7-0-6-4-7-0 15794414 0.02516 0.023218 0 0
