0-0-1-1-0-0-1 34713 1.67135 1.66814 0 0
0-0-1-1-0-2-2 11426723 0.406218 0.402984 0 0
0-0-1-1-0-4-3 66667832 0.395373 0.392708 0 0
0-0-1-1-0-6-4 15626706 0.173123 0.163954 0 0
0-2-2-3-0-0-1 269979 0.007306 0.0046 0 0
0-2-2-3-0-2-2 34713 0.010653 0.006691 0 0
0-2-2-3-0-4-3 18178411 0.021225 0.017264 0 0
0-2-2-3-0-6-4 10219172 0.017533 0.013876 0 0
0-4-3-5-0-0-1 125547 0.006907 0.004125 0 0
0-4-3-5-0-2-2 1807215 0.008555 0.004924 0 0
0-4-3-5-0-4-3 45844609 0.030738 0.028092 0 0
0-4-3-5-0-6-4 13230219 0.018708 0.015166 0 0
0-6-4-7-0-0-1 277619 0.019543 0.017529 0 0
0-6-4-7-0-2-2 6345795 0.022303 0.020317 0 0
0-6-4-7-0-4-3 161137646 0.147145 0.142339 0 0
0-6-4-7-0-6-4 15647846 0.08333 0.079167 0 0
1-1-0-0-1-1-0 34713 0.000707 0.0003 0 0
1-1-0-2-2-3-0 269979 0.001087 0.000535 0 0
1-1-0-4-3-5-0 125547 0.002197 0.001508 0 0
1-1-0-6-4-7-0 277619 0.002393 0.001799 0 0
2-3-0-0-1-1-0 11426723 0.001804 0.001279 0 0
2-3-0-2-2-3-0 34713 0.000877 0.000309 0 0
2-3-0-4-3-5-0 1807215 0.002285 0.001566 0 0
2-3-0-6-4-7-0 6345795 0.003763 0.003187 0 0
3-5-0-0-1-1-0 66667832 0.007438 0.006692 0 0
3-5-0-2-2-3-0 18178411 0.003045 0.002139 0 0
3-5-0-4-3-5-0 45844609 0.026325 0.025137 0 0
3-5-0-6-4-7-0 161137646 0.078412 0.077296 0 0
4-7-0-0-1-1-0 15626706 0.002153 0.001665 0 0
4-7-0-2-2-3-0 10219172 0.001727 0.001222 0 0
4-7-0-4-3-5-0 13230219 0.009799 0.008977 0 0
4-7-0-6-4-7-0 15647846 0.008954 0.008431 0 0
