0-0-1-1-0-0-1-1-0 197321793 51.1394 0.551709 0 50.5658
0-0-1-1-0-2-2-3-0 1180774212 2.41043 0.632183 0 1.7647
0-0-1-1-0-4-3-5-0 612621062 4.10725 0.058209 1e-06 4.03116
0-0-1-1-0-6-4-7-0 1204757174 3.98524 0.229795 1e-06 3.73551
0-2-2-3-0-0-1-1-0 1180774212 9.34411 0.211168 1e-06 9.11256
0-2-2-3-0-2-2-3-0 13786567 1.52996 0.00549 1e-06 1.50709
0-2-2-3-0-4-3-5-0 449954072 2.23722 0.05116 1e-06 2.1672
0-2-2-3-0-6-4-7-0 983207857 2.94761 0.121866 1e-06 2.80948
0-4-3-5-0-0-1-1-0 612621062 6.3408 0.09332 1e-06 6.22633
0-4-3-5-0-2-2-3-0 449954072 1.00525 0.062147 1e-06 0.925691
0-4-3-5-0-4-3-5-0 547588523 3.14607 0.123526 1e-06 2.99748
0-4-3-5-0-6-4-7-0 1111476579 3.59175 0.466257 0 3.09153
0-6-4-7-0-0-1-1-0 1204757174 18.6282 0.210274 0 18.3982
0-6-4-7-0-2-2-3-0 983207857 1.50195 0.14496 2e-06 1.31537
0-6-4-7-0-4-3-5-0 1111476579 4.10665 0.181467 0 3.89577
0-6-4-7-0-6-4-7-0 1204754523 3.96764 0.210143 1e-06 3.73424
1-1-0-0-1-1-0-0-1 8 105.129 0.003475 3e-06 105.11
1-1-0-0-1-1-0-2-2 2501 27.3238 0.002349 0 27.3016
1-1-0-0-1-1-0-4-3 12415 27.6681 0.001399 1e-06 27.6491
1-1-0-0-1-1-0-6-4 3588 27.9935 0.000857 0 27.9786
1-1-0-2-2-3-0-0-1 64 35.3251 0.00253 0 35.3037
1-1-0-2-2-3-0-2-2 2501 2.55871 0.000545 1e-06 2.54204
1-1-0-2-2-3-0-4-3 60416 2.11981 0.00881 1e-06 2.09362
1-1-0-2-2-3-0-6-4 3640 2.05179 0.002977 0 2.03209
1-1-0-4-3-5-0-0-1 64 31.1104 0.00239 1e-06 31.0876
1-1-0-4-3-5-0-2-2 3046 2.99232 0.002743 0 2.96878
1-1-0-4-3-5-0-4-3 55228 3.24295 0.004458 0 3.21918
1-1-0-4-3-5-0-6-4 3629 3.36399 0.002629 0 3.34389
1-1-0-6-4-7-0-0-1 64 44.6866 0.004555 0 44.6624
1-1-0-6-4-7-0-2-2 3216 3.15252 0.003934 0 3.13248
1-1-0-6-4-7-0-4-3 60964 3.79397 0.00319 0 3.77422
1-1-0-6-4-7-0-6-4 3640 3.66278 0.005369 1e-06 3.64117
2-3-0-0-1-1-0-0-1 2501 81.2529 0.003827 4e-06 81.2244
2-3-0-0-1-1-0-2-2 158938 5.35801 0.00102 1e-06 5.33815
2-3-0-0-1-1-0-4-3 2652152 5.92333 0.001922 1e-06 5.90446
2-3-0-0-1-1-0-6-4 182777 4.71248 0.001036 1e-06 4.69554
2-3-0-2-2-3-0-0-1 2501 13.6169 0.000804 1e-06 13.598
2-3-0-2-2-3-0-2-2 402 2.54561 0.000327 2e-06 2.52775
2-3-0-2-2-3-0-4-3 58197 1.74439 0.000831 0 1.72285
2-3-0-2-2-3-0-6-4 49523 1.74066 0.000663 1e-06 1.71819
2-3-0-4-3-5-0-0-1 3046 25.9217 0.006568 1e-06 25.8943
2-3-0-4-3-5-0-2-2 104040 1.9719 0.000885 1e-06 1.94963
2-3-0-4-3-5-0-4-3 2000819 2.50384 0.00644 0 2.47656
2-3-0-4-3-5-0-6-4 180031 2.53468 0.004672 1e-06 2.50485
2-3-0-6-4-7-0-0-1 3216 53.466 0.002333 1e-06 53.4397
2-3-0-6-4-7-0-2-2 142912 3.14712 0.001163 0 3.11772
2-3-0-6-4-7-0-4-3 2742607 3.51501 0.010926 1e-06 3.48482
2-3-0-6-4-7-0-6-4 182627 3.25549 0.008286 0 3.23033
3-5-0-0-1-1-0-0-1 12415 75.0379 0.001884 0 75.0162
3-5-0-0-1-1-0-2-2 2652152 3.3791 0.001227 1e-06 3.36042
3-5-0-0-1-1-0-4-3 21692253 3.92761 0.004267 1e-06 3.90632
3-5-0-0-1-1-0-6-4 3441023 3.95809 0.001416 1e-06 3.9419
3-5-0-2-2-3-0-0-1 60416 21.3464 0.000612 1e-06 21.3273
3-5-0-2-2-3-0-2-2 58197 2.32817 0.001316 1e-06 2.30623
3-5-0-2-2-3-0-4-3 19843901 1.59619 0.004674 1e-06 1.57245
3-5-0-2-2-3-0-6-4 3124458 1.6837 0.021449 1e-06 1.63416
3-5-0-4-3-5-0-0-1 55228 28.8427 0.005196 1e-06 28.8162
3-5-0-4-3-5-0-2-2 2000819 2.60684 0.005451 1e-06 2.5776
3-5-0-4-3-5-0-4-3 39593037 3.02944 0.076256 0 2.91629
3-5-0-4-3-5-0-6-4 3251114 3.03487 0.052057 0 2.96239
3-5-0-6-4-7-0-0-1 60964 44.8338 0.004017 0 44.805
3-5-0-6-4-7-0-2-2 2742607 3.13593 0.005287 1e-06 3.09757
3-5-0-6-4-7-0-4-3 52976979 3.72559 0.101454 0 3.60397
3-5-0-6-4-7-0-6-4 3462094 3.65128 0.013928 1e-06 3.61935
4-7-0-0-1-1-0-0-1 3588 77.2484 0.001572 0 77.2279
4-7-0-0-1-1-0-2-2 182777 7.67672 0.001665 1e-06 7.6537
4-7-0-0-1-1-0-4-3 3441023 7.77313 0.002998 0 7.75231
4-7-0-0-1-1-0-6-4 207025 8.57551 0.001124 1e-06 8.55876
4-7-0-2-2-3-0-0-1 3640 36.2479 0.008767 0 36.2102
4-7-0-2-2-3-0-2-2 49523 2.19986 0.000388 1e-06 2.18055
4-7-0-2-2-3-0-4-3 3124458 1.73386 0.001779 0 1.71213
4-7-0-2-2-3-0-6-4 206833 1.91694 0.008064 0 1.89085
4-7-0-4-3-5-0-0-1 3629 30.1678 0.011271 1e-06 30.1345
4-7-0-4-3-5-0-2-2 180031 2.89714 0.003569 0 2.87191
4-7-0-4-3-5-0-4-3 3251114 3.33374 0.016111 0 3.28861
4-7-0-4-3-5-0-6-4 206991 3.40813 0.01579 0 3.37183
4-7-0-6-4-7-0-0-1 3640 43.2918 0.001465 1e-06 43.2696
4-7-0-6-4-7-0-2-2 182627 3.03795 0.001626 1e-06 3.01574
4-7-0-6-4-7-0-4-3 3462094 3.76332 0.014647 1e-06 3.72795
4-7-0-6-4-7-0-6-4 207023 3.69801 0.003651 0 3.67513
