0-0-1-1-0-0-1-1-0-0-1-1-0 197321793 144.148 0.395176 0 143.718
0-0-1-1-0-0-1-1-0-2-2-3-0 1180774212 50.9963 0.605864 0 50.367
0-0-1-1-0-0-1-1-0-4-3-5-0 612621062 57.3006 0.13349 1e-06 57.135
0-0-1-1-0-0-1-1-0-6-4-7-0 1204757174 57.7344 0.308045 1e-06 57.3981
0-0-1-1-0-2-2-3-0-0-1-1-0 1204992369 57.6481 0.292538 1e-06 57.3244
0-0-1-1-0-2-2-3-0-2-2-3-0 1180774212 4.22375 0.174865 1e-06 4.01332
0-0-1-1-0-2-2-3-0-4-3-5-0 1204673267 6.57716 0.253861 2e-06 6.26473
0-0-1-1-0-2-2-3-0-6-4-7-0 1204992369 7.35794 0.258187 2e-06 7.05948
0-0-1-1-0-4-3-5-0-0-1-1-0 1204992369 62.6359 0.278316 2e-06 62.3149
0-0-1-1-0-4-3-5-0-2-2-3-0 1203474062 5.52542 0.124395 2e-06 5.37394
0-0-1-1-0-4-3-5-0-4-3-5-0 1188779139 9.347 0.177062 1e-06 9.13523
0-0-1-1-0-4-3-5-0-6-4-7-0 1204981110 9.43323 0.139962 3e-06 9.26208
0-0-1-1-0-6-4-7-0-0-1-1-0 1204992369 70.2111 0.272197 1e-06 69.9034
0-0-1-1-0-6-4-7-0-2-2-3-0 1204992369 6.01064 0.209011 1e-06 5.77716
0-0-1-1-0-6-4-7-0-4-3-5-0 1204980951 9.81154 0.141275 1e-06 9.64277
0-0-1-1-0-6-4-7-0-6-4-7-0 1204992369 9.53753 0.141031 0 9.36224
0-2-2-3-0-0-1-1-0-0-1-1-0 1180774212 109.144 0.256649 1e-06 108.855
0-2-2-3-0-0-1-1-0-2-2-3-0 1204961287 11.115 0.113779 2e-06 10.9753
0-2-2-3-0-0-1-1-0-4-3-5-0 1199591762 16.0643 0.11378 1e-06 15.923
0-2-2-3-0-0-1-1-0-6-4-7-0 1204992254 15.1035 0.110561 1e-06 14.9685
0-2-2-3-0-2-2-3-0-0-1-1-0 1180774212 21.0056 0.166333 1e-06 20.8087
0-2-2-3-0-2-2-3-0-2-2-3-0 13786567 3.92283 0.005982 2e-06 3.88914
0-2-2-3-0-2-2-3-0-4-3-5-0 449954072 5.11158 0.040018 1e-06 5.04381
0-2-2-3-0-2-2-3-0-6-4-7-0 983207857 6.25908 0.08089 1e-06 6.15282
0-2-2-3-0-4-3-5-0-0-1-1-0 1203474062 70.0384 0.26968 2e-06 69.7287
0-2-2-3-0-4-3-5-0-2-2-3-0 1188978725 3.93335 0.129623 1e-06 3.74076
0-2-2-3-0-4-3-5-0-4-3-5-0 1175109253 7.79034 0.11815 1e-06 7.64002
0-2-2-3-0-4-3-5-0-6-4-7-0 1204910770 8.41231 0.244231 1e-06 8.12818
0-2-2-3-0-6-4-7-0-0-1-1-0 1204992369 85.3437 0.294014 6e-06 85.0114
0-2-2-3-0-6-4-7-0-2-2-3-0 1203886581 4.92995 0.147855 2e-06 4.75305
0-2-2-3-0-6-4-7-0-4-3-5-0 1200535872 9.02726 0.222526 1e-06 8.76635
0-2-2-3-0-6-4-7-0-6-4-7-0 1204992090 8.99692 0.234199 2e-06 8.7216
0-4-3-5-0-0-1-1-0-0-1-1-0 612621062 106.317 0.136828 7e-06 106.139
0-4-3-5-0-0-1-1-0-2-2-3-0 1199591762 9.60354 0.193684 1e-06 9.38102
0-4-3-5-0-0-1-1-0-4-3-5-0 949804367 13.8712 0.152687 0 13.6902
0-4-3-5-0-0-1-1-0-6-4-7-0 1204952695 13.6158 0.256707 1e-06 13.3265
0-4-3-5-0-2-2-3-0-0-1-1-0 1204673267 58.0365 0.397875 0 57.6052
0-4-3-5-0-2-2-3-0-2-2-3-0 449954072 3.53386 0.059364 1e-06 3.39663
0-4-3-5-0-2-2-3-0-4-3-5-0 1162370235 6.23757 0.415002 1e-06 5.78542
0-4-3-5-0-2-2-3-0-6-4-7-0 1202640776 7.02564 0.806365 3e-06 6.18676
0-4-3-5-0-4-3-5-0-0-1-1-0 1188779139 66.3031 1.21457 3e-06 65.044
0-4-3-5-0-4-3-5-0-2-2-3-0 1175109253 7.17944 2.26739 1e-06 4.8742
0-4-3-5-0-4-3-5-0-4-3-5-0 1160779883 9.04503 0.52488 3e-06 8.45293
0-4-3-5-0-4-3-5-0-6-4-7-0 1190875501 8.99687 0.428349 1e-06 8.52508
0-4-3-5-0-6-4-7-0-0-1-1-0 1204980951 81.7477 1.25787 1e-06 80.447
0-4-3-5-0-6-4-7-0-2-2-3-0 1200535872 5.92107 0.822165 2e-06 5.05343
0-4-3-5-0-6-4-7-0-4-3-5-0 1201668973 10.1535 0.98911 1e-06 9.1041
0-4-3-5-0-6-4-7-0-6-4-7-0 1204987114 10.1416 1.15671 1e-06 8.92673
0-6-4-7-0-0-1-1-0-0-1-1-0 1204757174 117.764 0.351388 1e-06 117.377
0-6-4-7-0-0-1-1-0-2-2-3-0 1204992254 21.9686 0.22581 1e-06 21.7152
0-6-4-7-0-0-1-1-0-4-3-5-0 1204952695 27.1652 0.250972 1e-06 26.8821
0-6-4-7-0-0-1-1-0-6-4-7-0 1204992369 25.599 0.26472 2e-06 25.3004
0-6-4-7-0-2-2-3-0-0-1-1-0 1204992369 72.6668 0.331805 4e-06 72.2933
0-6-4-7-0-2-2-3-0-2-2-3-0 983207857 3.89129 0.122473 2e-06 3.7414
0-6-4-7-0-2-2-3-0-4-3-5-0 1202640776 6.26578 0.205277 1e-06 6.03034
0-6-4-7-0-2-2-3-0-6-4-7-0 1204992347 7.01468 0.198274 2e-06 6.77673
0-6-4-7-0-4-3-5-0-0-1-1-0 1204981110 66.1896 0.327233 1e-06 65.8264
0-6-4-7-0-4-3-5-0-2-2-3-0 1204910770 5.64573 0.189201 1e-06 5.42115
0-6-4-7-0-4-3-5-0-4-3-5-0 1190875501 9.18453 0.217539 1e-06 8.92199
0-6-4-7-0-4-3-5-0-6-4-7-0 1204992279 9.46812 0.197317 1e-06 9.23425
0-6-4-7-0-6-4-7-0-0-1-1-0 1204992369 67.4803 0.423274 0 67.0226
0-6-4-7-0-6-4-7-0-2-2-3-0 1204992090 6.10784 0.288907 1e-06 5.78563
0-6-4-7-0-6-4-7-0-4-3-5-0 1204987114 9.68052 0.203681 0 9.44105
0-6-4-7-0-6-4-7-0-6-4-7-0 1204992369 9.8779 0.318097 0 9.52879
1-1-0-0-1-1-0-0-1-1-0-0-1 8 214.18 0.005814 1e-06 214.146
1-1-0-0-1-1-0-0-1-1-0-2-2 2501 99.7348 0.0045 2e-06 99.6999
1-1-0-0-1-1-0-0-1-1-0-4-3 12415 99.8124 0.003864 0 99.7822
1-1-0-0-1-1-0-0-1-1-0-6-4 3588 99.8734 0.00377 0 99.8428
1-1-0-0-1-1-0-2-2-3-0-0-1 64 103.754 0.004798 1e-06 103.719
1-1-0-0-1-1-0-2-2-3-0-2-2 2501 27.1679 0.002179 1e-06 27.136
1-1-0-0-1-1-0-2-2-3-0-4-3 60416 26.5984 0.004356 1e-06 26.5698
1-1-0-0-1-1-0-2-2-3-0-6-4 3640 26.8959 0.003128 1e-06 26.869
1-1-0-0-1-1-0-4-3-5-0-0-1 64 104.202 0.004425 1e-06 104.167
1-1-0-0-1-1-0-4-3-5-0-2-2 3046 29.8367 0.002871 0 29.8023
1-1-0-0-1-1-0-4-3-5-0-4-3 55228 29.7035 0.004562 1e-06 29.6709
1-1-0-0-1-1-0-4-3-5-0-6-4 3629 29.9629 0.003478 1e-06 29.9319
1-1-0-0-1-1-0-6-4-7-0-0-1 64 111.557 0.00677 1e-06 111.518
1-1-0-0-1-1-0-6-4-7-0-2-2 3216 29.3069 0.002989 1e-06 29.2774
1-1-0-0-1-1-0-6-4-7-0-4-3 60964 30.0636 0.007075 1e-06 30.0317
1-1-0-0-1-1-0-6-4-7-0-6-4 3640 29.9471 0.003562 1e-06 29.9176
1-1-0-2-2-3-0-0-1-1-0-0-1 64 151.544 0.005704 1e-06 151.505
1-1-0-2-2-3-0-0-1-1-0-2-2 3216 37.1212 0.002806 0 37.092
1-1-0-2-2-3-0-0-1-1-0-4-3 60968 37.418 0.004423 2e-06 37.3859
1-1-0-2-2-3-0-0-1-1-0-6-4 3640 37.6941 0.004956 1e-06 37.6629
1-1-0-2-2-3-0-2-2-3-0-0-1 64 40.8777 0.001886 1e-06 40.8334
1-1-0-2-2-3-0-2-2-3-0-2-2 2501 5.33421 0.001088 2e-06 5.30197
1-1-0-2-2-3-0-2-2-3-0-4-3 60416 4.17269 0.003084 1e-06 4.13877
1-1-0-2-2-3-0-2-2-3-0-6-4 3640 4.24891 0.003469 2e-06 4.2194
1-1-0-2-2-3-0-4-3-5-0-0-1 64 86.8396 0.009491 1e-06 86.7959
1-1-0-2-2-3-0-4-3-5-0-2-2 3216 5.99046 0.005307 0 5.95661
1-1-0-2-2-3-0-4-3-5-0-4-3 60877 6.42824 0.008499 1e-06 6.39133
1-1-0-2-2-3-0-4-3-5-0-6-4 3640 6.71526 0.009678 1e-06 6.67883
1-1-0-2-2-3-0-6-4-7-0-0-1 64 105.494 0.007685 1e-06 105.452
1-1-0-2-2-3-0-6-4-7-0-2-2 3216 6.97096 0.005421 0 6.9383
1-1-0-2-2-3-0-6-4-7-0-4-3 60968 7.55682 0.007087 1e-06 7.52085
1-1-0-2-2-3-0-6-4-7-0-6-4 3640 7.4333 0.005249 1e-06 7.39168
1-1-0-4-3-5-0-0-1-1-0-0-1 64 149.319 0.00635 3e-06 149.276
1-1-0-4-3-5-0-0-1-1-0-2-2 3216 33.4992 0.0026 1e-06 33.4709
1-1-0-4-3-5-0-0-1-1-0-4-3 60968 37.544 0.005418 1e-06 37.5125
1-1-0-4-3-5-0-0-1-1-0-6-4 3640 36.7079 0.003678 1e-06 36.6778
1-1-0-4-3-5-0-2-2-3-0-0-1 64 73.9246 0.005823 1e-06 73.8872
1-1-0-4-3-5-0-2-2-3-0-2-2 3046 5.85809 0.002648 1e-06 5.82822
1-1-0-4-3-5-0-2-2-3-0-4-3 60963 5.05569 0.004782 1e-06 5.02291
1-1-0-4-3-5-0-2-2-3-0-6-4 3640 5.27084 0.005846 2e-06 5.23798
1-1-0-4-3-5-0-4-3-5-0-0-1 64 89.3423 0.007657 1e-06 89.2996
1-1-0-4-3-5-0-4-3-5-0-2-2 3216 8.10766 0.007936 1e-06 8.06799
1-1-0-4-3-5-0-4-3-5-0-4-3 58641 8.41907 0.007176 1e-06 8.38234
1-1-0-4-3-5-0-4-3-5-0-6-4 3640 8.54896 0.006031 1e-06 8.51514
1-1-0-4-3-5-0-6-4-7-0-0-1 64 94.9188 0.006112 1e-06 94.8761
1-1-0-4-3-5-0-6-4-7-0-2-2 3216 8.35599 0.006214 0 8.3223
1-1-0-4-3-5-0-6-4-7-0-4-3 60968 8.64033 0.005328 1e-06 8.60631
1-1-0-4-3-5-0-6-4-7-0-6-4 3640 8.75672 0.005385 0 8.718
1-1-0-6-4-7-0-0-1-1-0-0-1 64 161.484 0.006675 1e-06 161.442
1-1-0-6-4-7-0-0-1-1-0-2-2 3216 48.7323 0.003891 1e-06 48.7001
1-1-0-6-4-7-0-0-1-1-0-4-3 60968 47.8238 0.005556 1e-06 47.7898
1-1-0-6-4-7-0-0-1-1-0-6-4 3640 45.4178 0.006724 1e-06 45.385
1-1-0-6-4-7-0-2-2-3-0-0-1 64 89.6989 0.003959 1e-06 89.6683
1-1-0-6-4-7-0-2-2-3-0-2-2 3216 6.08053 0.004362 2e-06 6.04916
1-1-0-6-4-7-0-2-2-3-0-4-3 60968 5.53672 0.005863 1e-06 5.50566
1-1-0-6-4-7-0-2-2-3-0-6-4 3640 5.46211 0.007036 1e-06 5.42921
1-1-0-6-4-7-0-4-3-5-0-0-1 64 82.5369 0.006109 1e-06 82.4989
1-1-0-6-4-7-0-4-3-5-0-2-2 3216 8.45325 0.006484 1e-06 8.41806
1-1-0-6-4-7-0-4-3-5-0-4-3 60964 8.79731 0.008972 1e-06 8.75834
1-1-0-6-4-7-0-4-3-5-0-6-4 3640 8.86871 0.00842 3e-06 8.83277
1-1-0-6-4-7-0-6-4-7-0-0-1 64 91.6509 0.007309 3e-06 91.6114
1-1-0-6-4-7-0-6-4-7-0-2-2 3216 8.49328 0.005873 2e-06 8.45181
1-1-0-6-4-7-0-6-4-7-0-4-3 60968 9.04762 0.007995 1e-06 9.01068
1-1-0-6-4-7-0-6-4-7-0-6-4 3640 8.9464 0.007142 1e-06 8.91214
2-3-0-0-1-1-0-0-1-1-0-0-1 2501 193.883 0.004142 0 193.847
2-3-0-0-1-1-0-0-1-1-0-2-2 158938 77.9141 0.003676 9e-06 77.8802
2-3-0-0-1-1-0-0-1-1-0-4-3 2652152 79.4353 0.002521 0 79.4075
2-3-0-0-1-1-0-0-1-1-0-6-4 182777 81.8978 0.003496 1e-06 81.8628
2-3-0-0-1-1-0-2-2-3-0-0-1 3216 83.4614 0.003467 3e-06 83.4274
2-3-0-0-1-1-0-2-2-3-0-2-2 158938 7.82692 0.001222 1e-06 7.79909
2-3-0-0-1-1-0-2-2-3-0-4-3 3063204 7.59783 0.005581 1e-06 7.56635
2-3-0-0-1-1-0-2-2-3-0-6-4 182910 6.65334 0.004067 2e-06 6.6232
2-3-0-0-1-1-0-4-3-5-0-0-1 3216 86.1293 0.002667 1e-06 86.0943
2-3-0-0-1-1-0-4-3-5-0-2-2 160926 10.0538 0.002804 1e-06 10.0217
2-3-0-0-1-1-0-4-3-5-0-4-3 3024726 10.7546 0.004682 1e-06 10.7193
2-3-0-0-1-1-0-4-3-5-0-6-4 182887 10.0537 0.004058 1e-06 10.0221
2-3-0-0-1-1-0-6-4-7-0-0-1 3216 94.465 0.005259 3e-06 94.4236
2-3-0-0-1-1-0-6-4-7-0-2-2 161604 9.63549 0.00269 2e-06 9.60736
2-3-0-0-1-1-0-6-4-7-0-4-3 3063638 10.6044 0.004843 1e-06 10.5734
2-3-0-0-1-1-0-6-4-7-0-6-4 182910 10.6891 0.003477 2e-06 10.66
2-3-0-2-2-3-0-0-1-1-0-0-1 2501 127.275 0.003085 1e-06 127.24
2-3-0-2-2-3-0-0-1-1-0-2-2 158938 14.7287 0.001008 1e-06 14.6845
2-3-0-2-2-3-0-0-1-1-0-4-3 2652152 15.9193 0.002191 1e-06 15.8918
2-3-0-2-2-3-0-0-1-1-0-6-4 182777 15.3803 0.001897 1e-06 15.3525
2-3-0-2-2-3-0-2-2-3-0-0-1 2501 22.7484 0.001413 1e-06 22.7122
2-3-0-2-2-3-0-2-2-3-0-2-2 402 5.50511 0.000657 2e-06 5.47366
2-3-0-2-2-3-0-2-2-3-0-4-3 58197 4.005 0.000956 1e-06 3.97676
2-3-0-2-2-3-0-2-2-3-0-6-4 49523 4.08251 0.001075 1e-06 4.05389
2-3-0-2-2-3-0-4-3-5-0-0-1 3046 84.6115 0.00409 1e-06 84.574
2-3-0-2-2-3-0-4-3-5-0-2-2 104040 5.42031 0.001573 1e-06 5.38758
2-3-0-2-2-3-0-4-3-5-0-4-3 2000819 5.81745 0.006117 3e-06 5.77446
2-3-0-2-2-3-0-4-3-5-0-6-4 180031 6.17844 0.005175 2e-06 6.14357
2-3-0-2-2-3-0-6-4-7-0-0-1 3216 109.552 0.002769 1e-06 109.501
2-3-0-2-2-3-0-6-4-7-0-2-2 142912 7.32727 0.001204 2e-06 7.29318
2-3-0-2-2-3-0-6-4-7-0-4-3 2742607 7.49308 0.011047 1e-06 7.45167
2-3-0-2-2-3-0-6-4-7-0-6-4 182627 7.47733 0.008351 1e-06 7.43275
2-3-0-4-3-5-0-0-1-1-0-0-1 3046 148.352 0.004692 1e-06 148.309
2-3-0-4-3-5-0-0-1-1-0-2-2 160926 35.3161 0.00369 1e-06 35.2783
2-3-0-4-3-5-0-0-1-1-0-4-3 2973549 36.7664 0.005028 1e-06 36.7317
2-3-0-4-3-5-0-0-1-1-0-6-4 182870 38.511 0.004341 1e-06 38.4743
2-3-0-4-3-5-0-2-2-3-0-0-1 3216 75.8778 0.002422 1e-06 75.8423
2-3-0-4-3-5-0-2-2-3-0-2-2 104040 5.00473 0.001517 2e-06 4.97101
2-3-0-4-3-5-0-2-2-3-0-4-3 2963165 4.1411 0.002882 2e-06 4.10958
2-3-0-4-3-5-0-2-2-3-0-6-4 182861 4.28165 0.035625 1e-06 4.20516
2-3-0-4-3-5-0-4-3-5-0-0-1 3216 88.6255 0.013631 1e-06 88.5773
2-3-0-4-3-5-0-4-3-5-0-2-2 160308 7.05597 0.007868 1e-06 7.00091
2-3-0-4-3-5-0-4-3-5-0-4-3 2901292 7.45728 0.018285 1e-06 7.40367
2-3-0-4-3-5-0-4-3-5-0-6-4 182871 7.67596 0.017851 1e-06 7.62631
2-3-0-4-3-5-0-6-4-7-0-0-1 3216 98.4042 0.003498 0 98.36
2-3-0-4-3-5-0-6-4-7-0-2-2 161480 7.74303 0.004536 1e-06 7.70686
2-3-0-4-3-5-0-6-4-7-0-4-3 3061380 8.36947 0.018159 1e-06 8.31922
2-3-0-4-3-5-0-6-4-7-0-6-4 182908 7.77803 0.006582 1e-06 7.73903
2-3-0-6-4-7-0-0-1-1-0-0-1 3216 175.109 0.003686 1e-06 175.07
2-3-0-6-4-7-0-0-1-1-0-2-2 161604 55.2976 0.002584 2e-06 55.2667
2-3-0-6-4-7-0-0-1-1-0-4-3 3063642 54.8381 0.00291 0 54.806
2-3-0-6-4-7-0-0-1-1-0-6-4 182910 54.3972 0.002243 1e-06 54.3664
2-3-0-6-4-7-0-2-2-3-0-0-1 3216 95.1049 0.007196 2e-06 95.0645
2-3-0-6-4-7-0-2-2-3-0-2-2 142912 6.02893 0.001055 0 5.99162
2-3-0-6-4-7-0-2-2-3-0-4-3 3054372 5.79358 0.002528 1e-06 5.75709
2-3-0-6-4-7-0-2-2-3-0-6-4 182909 5.45373 0.013156 0 5.4132
2-3-0-6-4-7-0-4-3-5-0-0-1 3216 89.6676 0.011123 1e-06 89.621
2-3-0-6-4-7-0-4-3-5-0-2-2 161480 8.50436 0.004461 1e-06 8.46919
2-3-0-6-4-7-0-4-3-5-0-4-3 2972666 8.57905 0.022211 2e-06 8.52644
2-3-0-6-4-7-0-4-3-5-0-6-4 182910 8.66715 0.016627 2e-06 8.62251
2-3-0-6-4-7-0-6-4-7-0-0-1 3216 97.7635 0.01254 1e-06 97.7165
2-3-0-6-4-7-0-6-4-7-0-2-2 161604 8.54271 0.002373 1e-06 8.50261
2-3-0-6-4-7-0-6-4-7-0-4-3 3063636 8.88664 0.023099 1e-06 8.83362
2-3-0-6-4-7-0-6-4-7-0-6-4 182910 9.10818 0.017538 1e-06 9.05151
3-5-0-0-1-1-0-0-1-1-0-0-1 12415 197.062 0.004962 1e-06 197.021
3-5-0-0-1-1-0-0-1-1-0-2-2 2652152 80.0713 0.003626 2e-06 80.0345
3-5-0-0-1-1-0-0-1-1-0-4-3 21692253 82.9609 0.007925 2e-06 82.9226
3-5-0-0-1-1-0-0-1-1-0-6-4 3441023 81.4487 0.003396 3e-06 81.4111
3-5-0-0-1-1-0-2-2-3-0-0-1 60968 78.1915 0.002463 1e-06 78.1601
3-5-0-0-1-1-0-2-2-3-0-2-2 2652152 6.72225 0.001449 1e-06 6.69539
3-5-0-0-1-1-0-2-2-3-0-4-3 57885025 6.12028 0.014527 1e-06 6.07915
3-5-0-0-1-1-0-2-2-3-0-6-4 3467555 6.06827 0.004638 1e-06 6.04048
3-5-0-0-1-1-0-4-3-5-0-0-1 60968 82.2122 0.003497 0 82.1783
3-5-0-0-1-1-0-4-3-5-0-2-2 2973549 9.87463 0.003157 1e-06 9.84228
3-5-0-0-1-1-0-4-3-5-0-4-3 54281919 9.65303 0.014234 1e-06 9.6112
3-5-0-0-1-1-0-4-3-5-0-6-4 3461526 9.50188 0.003763 1e-06 9.47309
3-5-0-0-1-1-0-6-4-7-0-0-1 60968 90.1718 0.00593 1e-06 90.1226
3-5-0-0-1-1-0-6-4-7-0-2-2 3063642 9.41008 0.004442 1e-06 9.37649
3-5-0-0-1-1-0-6-4-7-0-4-3 58078938 9.83934 0.018239 0 9.79205
3-5-0-0-1-1-0-6-4-7-0-6-4 3467555 8.97442 0.004292 1e-06 8.94373
3-5-0-2-2-3-0-0-1-1-0-0-1 60416 136.125 0.004348 1e-06 136.084
3-5-0-2-2-3-0-0-1-1-0-2-2 3063204 21.8743 0.002057 1e-06 21.8442
3-5-0-2-2-3-0-0-1-1-0-4-3 57885025 25.9097 0.016663 1e-06 25.8615
3-5-0-2-2-3-0-0-1-1-0-6-4 3467549 27.7903 0.00248 0 27.7649
3-5-0-2-2-3-0-2-2-3-0-0-1 60416 31.4673 0.001639 3e-06 31.4329
3-5-0-2-2-3-0-2-2-3-0-2-2 58197 5.37849 0.00158 2e-06 5.34492
3-5-0-2-2-3-0-2-2-3-0-4-3 19843901 4.22701 0.005414 1e-06 4.18982
3-5-0-2-2-3-0-2-2-3-0-6-4 3124458 4.11628 0.018806 1e-06 4.06205
3-5-0-2-2-3-0-4-3-5-0-0-1 60963 91.1776 0.004218 1e-06 91.1392
3-5-0-2-2-3-0-4-3-5-0-2-2 2963165 6.11557 0.002043 1e-06 6.07917
3-5-0-2-2-3-0-4-3-5-0-4-3 53813541 6.85628 0.018312 3e-06 6.80487
3-5-0-2-2-3-0-4-3-5-0-6-4 3463475 6.40884 0.00521 0 6.37455
3-5-0-2-2-3-0-6-4-7-0-0-1 60968 108.945 0.003274 0 108.886
3-5-0-2-2-3-0-6-4-7-0-2-2 3054372 7.02812 0.002307 1e-06 6.99551
3-5-0-2-2-3-0-6-4-7-0-4-3 57842363 7.78728 0.019949 1e-06 7.73644
3-5-0-2-2-3-0-6-4-7-0-6-4 3467504 7.43429 0.003031 1e-06 7.40411
3-5-0-4-3-5-0-0-1-1-0-0-1 55228 153.943 0.006908 1e-06 153.902
3-5-0-4-3-5-0-0-1-1-0-2-2 3024726 40.0854 0.028725 1e-06 40.0241
3-5-0-4-3-5-0-0-1-1-0-4-3 54281919 40.8507 0.01831 0 40.7933
3-5-0-4-3-5-0-0-1-1-0-6-4 3465007 38.0982 0.004664 2e-06 38.065
3-5-0-4-3-5-0-2-2-3-0-0-1 60877 84.1025 0.008554 3e-06 84.0548
3-5-0-4-3-5-0-2-2-3-0-2-2 2000819 5.60135 0.006338 2e-06 5.5621
3-5-0-4-3-5-0-2-2-3-0-4-3 53813541 5.2282 0.025051 1e-06 5.17005
3-5-0-4-3-5-0-2-2-3-0-6-4 3418541 5.03434 0.012126 1e-06 4.9669
3-5-0-4-3-5-0-4-3-5-0-0-1 58641 87.5812 0.007491 1e-06 87.5125
3-5-0-4-3-5-0-4-3-5-0-2-2 2901292 7.82374 0.031539 2e-06 7.75598
3-5-0-4-3-5-0-4-3-5-0-4-3 52582147 8.64554 0.479159 1e-06 8.1312
3-5-0-4-3-5-0-4-3-5-0-6-4 3316743 8.14174 0.073446 0 8.03042
3-5-0-4-3-5-0-6-4-7-0-0-1 60964 100.058 0.058329 1e-06 99.9636
3-5-0-4-3-5-0-6-4-7-0-2-2 2972666 8.35069 0.038419 1e-06 8.26773
3-5-0-4-3-5-0-6-4-7-0-4-3 56836191 9.09542 0.620809 1e-06 8.44279
3-5-0-4-3-5-0-6-4-7-0-6-4 3465492 8.80444 0.075466 1e-06 8.6958
3-5-0-6-4-7-0-0-1-1-0-0-1 60964 165.17 0.005832 1e-06 165.125
3-5-0-6-4-7-0-0-1-1-0-2-2 3063638 55.6773 0.01404 2e-06 55.6339
3-5-0-6-4-7-0-0-1-1-0-4-3 58078938 48.5994 0.183644 1e-06 48.383
3-5-0-6-4-7-0-0-1-1-0-6-4 3467555 48.4998 0.003478 1e-06 48.4679
3-5-0-6-4-7-0-2-2-3-0-0-1 60968 85.771 0.009142 2e-06 85.7234
3-5-0-6-4-7-0-2-2-3-0-2-2 2742607 6.01605 0.00676 1e-06 5.97562
3-5-0-6-4-7-0-2-2-3-0-4-3 57842363 5.72941 0.175054 1e-06 5.52232
3-5-0-6-4-7-0-2-2-3-0-6-4 3467514 5.67353 0.021521 0 5.62538
3-5-0-6-4-7-0-4-3-5-0-0-1 60968 83.3137 0.004306 1e-06 83.2782
3-5-0-6-4-7-0-4-3-5-0-2-2 3061380 8.32729 0.008233 2e-06 8.28561
3-5-0-6-4-7-0-4-3-5-0-4-3 56836191 8.75058 0.18698 1e-06 8.52813
3-5-0-6-4-7-0-4-3-5-0-6-4 3467552 8.73914 0.026108 1e-06 8.66863
3-5-0-6-4-7-0-6-4-7-0-0-1 60968 95.6952 0.00316 1e-06 95.6596
3-5-0-6-4-7-0-6-4-7-0-2-2 3063636 8.60852 0.01505 1e-06 8.56083
3-5-0-6-4-7-0-6-4-7-0-4-3 58079519 9.25936 0.197001 1e-06 9.03027
3-5-0-6-4-7-0-6-4-7-0-6-4 3467555 8.86478 0.028387 1e-06 8.80736
4-7-0-0-1-1-0-0-1-1-0-0-1 3588 200.429 0.004399 2e-06 200.389
4-7-0-0-1-1-0-0-1-1-0-2-2 182777 84.4155 0.001157 1e-06 84.3916
4-7-0-0-1-1-0-0-1-1-0-4-3 3441023 85.0483 0.004099 3e-06 85.0131
4-7-0-0-1-1-0-0-1-1-0-6-4 207025 84.5728 0.00391 1e-06 84.5353
4-7-0-0-1-1-0-2-2-3-0-0-1 3640 87.8786 0.002157 1e-06 87.8528
4-7-0-0-1-1-0-2-2-3-0-2-2 182777 10.6361 0.00087 1e-06 10.6122
4-7-0-0-1-1-0-2-2-3-0-4-3 3467549 10.7413 0.003777 1e-06 10.7132
4-7-0-0-1-1-0-2-2-3-0-6-4 207025 10.2947 0.004698 1e-06 10.2662
4-7-0-0-1-1-0-4-3-5-0-0-1 3640 89.3927 0.003282 1e-06 89.3552
4-7-0-0-1-1-0-4-3-5-0-2-2 182870 12.0661 0.003048 1e-06 12.0361
4-7-0-0-1-1-0-4-3-5-0-4-3 3465007 13.7966 0.004829 1e-06 13.7638
4-7-0-0-1-1-0-4-3-5-0-6-4 207025 13.182 0.003154 1e-06 13.1529
4-7-0-0-1-1-0-6-4-7-0-0-1 3640 95.0938 0.00377 1e-06 95.0561
4-7-0-0-1-1-0-6-4-7-0-2-2 182910 12.3245 0.002996 1e-06 12.297
4-7-0-0-1-1-0-6-4-7-0-4-3 3467555 14.5054 0.007608 1e-06 14.4722
4-7-0-0-1-1-0-6-4-7-0-6-4 207025 12.9991 0.003299 1e-06 12.9719
4-7-0-2-2-3-0-0-1-1-0-0-1 3640 157.408 0.003411 1e-06 157.37
4-7-0-2-2-3-0-0-1-1-0-2-2 182910 41.5364 0.001862 0 41.5009
4-7-0-2-2-3-0-0-1-1-0-4-3 3467555 42.2948 0.007927 0 42.2595
4-7-0-2-2-3-0-0-1-1-0-6-4 207025 42.1053 0.004071 1e-06 42.0771
4-7-0-2-2-3-0-2-2-3-0-0-1 3640 47.1542 0.000922 1e-06 47.1285
4-7-0-2-2-3-0-2-2-3-0-2-2 49523 5.24394 0.000636 2e-06 5.21452
4-7-0-2-2-3-0-2-2-3-0-4-3 3124458 4.27552 0.0024 2e-06 4.24433
4-7-0-2-2-3-0-2-2-3-0-6-4 206833 4.23042 0.008126 1e-06 4.19775
4-7-0-2-2-3-0-4-3-5-0-0-1 3640 85.3273 0.004224 1e-06 85.2902
4-7-0-2-2-3-0-4-3-5-0-2-2 182861 6.25264 0.001748 2e-06 6.22174
4-7-0-2-2-3-0-4-3-5-0-4-3 3418541 6.34766 0.011021 1e-06 6.2976
4-7-0-2-2-3-0-4-3-5-0-6-4 207025 6.52438 0.02245 2e-06 6.4758
4-7-0-2-2-3-0-6-4-7-0-0-1 3640 106.004 0.001634 1e-06 105.966
4-7-0-2-2-3-0-6-4-7-0-2-2 182909 7.33101 0.001722 2e-06 7.29823
4-7-0-2-2-3-0-6-4-7-0-4-3 3467514 7.72988 0.025633 1e-06 7.67616
4-7-0-2-2-3-0-6-4-7-0-6-4 207025 7.36996 0.022399 1e-06 7.32205
4-7-0-4-3-5-0-0-1-1-0-0-1 3629 154.226 0.015496 1e-06 154.174
4-7-0-4-3-5-0-0-1-1-0-2-2 182887 35.8352 0.003275 2e-06 35.8022
4-7-0-4-3-5-0-0-1-1-0-4-3 3461526 36.9523 0.011032 1e-06 36.9132
4-7-0-4-3-5-0-0-1-1-0-6-4 207025 34.3798 0.011097 1e-06 34.3431
4-7-0-4-3-5-0-2-2-3-0-0-1 3640 77.4878 0.005338 1e-06 77.4428
4-7-0-4-3-5-0-2-2-3-0-2-2 180031 5.97524 0.003484 1e-06 5.94063
4-7-0-4-3-5-0-2-2-3-0-4-3 3463475 5.46201 0.01607 2e-06 5.41502
4-7-0-4-3-5-0-2-2-3-0-6-4 207025 5.26832 0.013284 1e-06 5.22759
4-7-0-4-3-5-0-4-3-5-0-0-1 3640 89.4417 0.029372 1e-06 89.3754
4-7-0-4-3-5-0-4-3-5-0-2-2 182871 7.9689 0.020324 1e-06 7.91606
4-7-0-4-3-5-0-4-3-5-0-4-3 3316743 8.25307 0.032998 1e-06 8.18573
4-7-0-4-3-5-0-4-3-5-0-6-4 207025 8.1512 0.068896 1e-06 8.04873
4-7-0-4-3-5-0-6-4-7-0-0-1 3640 99.096 0.018845 1e-06 99.0401
4-7-0-4-3-5-0-6-4-7-0-2-2 182910 8.46463 0.01702 1e-06 8.41599
4-7-0-4-3-5-0-6-4-7-0-4-3 3467552 9.10853 0.030003 1e-06 9.04444
4-7-0-4-3-5-0-6-4-7-0-6-4 207025 9.0418 0.030632 1e-06 8.9816
4-7-0-6-4-7-0-0-1-1-0-0-1 3640 163.004 0.005683 2e-06 162.957
4-7-0-6-4-7-0-0-1-1-0-2-2 182910 45.7342 0.003698 2e-06 45.7013
4-7-0-6-4-7-0-0-1-1-0-4-3 3467555 48.5169 0.012757 2e-06 48.4778
4-7-0-6-4-7-0-0-1-1-0-6-4 207025 47.4302 0.001873 1e-06 47.4039
4-7-0-6-4-7-0-2-2-3-0-0-1 3640 90.6428 0.004 1e-06 90.6049
4-7-0-6-4-7-0-2-2-3-0-2-2 182627 6.14716 0.002659 2e-06 6.11685
4-7-0-6-4-7-0-2-2-3-0-4-3 3467504 5.85125 0.003962 1e-06 5.81968
4-7-0-6-4-7-0-2-2-3-0-6-4 207025 5.71239 0.011486 1e-06 5.66788
4-7-0-6-4-7-0-4-3-5-0-0-1 3640 84.3537 0.011768 0 84.3084
4-7-0-6-4-7-0-4-3-5-0-2-2 182908 8.72108 0.00608 1e-06 8.68459
4-7-0-6-4-7-0-4-3-5-0-4-3 3465492 9.15668 0.038263 1e-06 9.08607
4-7-0-6-4-7-0-4-3-5-0-6-4 207025 9.11616 0.032682 0 9.0532
4-7-0-6-4-7-0-6-4-7-0-0-1 3640 94.3054 0.018547 1e-06 94.2507
4-7-0-6-4-7-0-6-4-7-0-2-2 182910 8.69833 0.004088 1e-06 8.66533
4-7-0-6-4-7-0-6-4-7-0-4-3 3467555 9.55729 0.031301 2e-06 9.49288
4-7-0-6-4-7-0-6-4-7-0-6-4 207025 9.3787 0.005956 3e-06 9.3452
