0-0-1-1-0-0-1-1-0-0-1-1-0-0-1 34713 282.601 0.009336 2e-06 282.548
0-0-1-1-0-0-1-1-0-0-1-1-0-2-2 11426723 155.303 0.05185 3e-06 155.182
0-0-1-1-0-0-1-1-0-0-1-1-0-4-3 66667832 148.998 0.241851 1e-06 148.719
0-0-1-1-0-0-1-1-0-0-1-1-0-6-4 15626706 149.451 0.006931 1e-06 149.418
0-0-1-1-0-0-1-1-0-2-2-3-0-0-1 277704 155.7 0.002607 1e-06 155.675
0-0-1-1-0-0-1-1-0-2-2-3-0-2-2 11426723 57.0602 0.002992 1e-06 57.032
0-0-1-1-0-0-1-1-0-2-2-3-0-4-3 262992233 52.1505 0.561626 1e-06 51.5526
0-0-1-1-0-0-1-1-0-2-2-3-0-6-4 15794415 50.7503 0.009056 2e-06 50.7128
0-0-1-1-0-0-1-1-0-4-3-5-0-0-1 277704 157.086 0.004558 1e-06 157.044
0-0-1-1-0-0-1-1-0-4-3-5-0-2-2 13373259 58.166 0.007585 1e-06 58.1261
0-0-1-1-0-0-1-1-0-4-3-5-0-4-3 242448037 58.3642 0.064673 2e-06 58.27
0-0-1-1-0-0-1-1-0-4-3-5-0-6-4 15758734 58.094 0.005822 1e-06 58.0622
0-0-1-1-0-0-1-1-0-6-4-7-0-0-1 277704 167.293 0.006902 1e-06 167.254
0-0-1-1-0-0-1-1-0-6-4-7-0-2-2 13954626 57.5283 0.005286 1e-06 57.4962
0-0-1-1-0-0-1-1-0-6-4-7-0-4-3 264536355 58.2405 0.095276 1e-06 58.1096
0-0-1-1-0-0-1-1-0-6-4-7-0-6-4 15794415 58.3296 0.008722 1e-06 58.291
0-0-1-1-0-2-2-3-0-0-1-1-0-0-1 277704 205.8 0.007129 1e-06 205.757
0-0-1-1-0-2-2-3-0-0-1-1-0-2-2 13954626 65.7269 0.006314 1e-06 65.6962
0-0-1-1-0-2-2-3-0-0-1-1-0-4-3 264547773 66.4094 0.090645 1e-06 66.2909
0-0-1-1-0-2-2-3-0-0-1-1-0-6-4 15794415 66.862 0.004736 1e-06 66.8344
0-0-1-1-0-2-2-3-0-2-2-3-0-0-1 277704 71.7829 0.002278 1e-06 71.7565
0-0-1-1-0-2-2-3-0-2-2-3-0-2-2 11426723 7.78644 0.002913 5e-06 7.75439
0-0-1-1-0-2-2-3-0-2-2-3-0-4-3 262992233 6.97637 0.027658 1e-06 6.92386
0-0-1-1-0-2-2-3-0-2-2-3-0-6-4 15794415 6.62728 0.004484 2e-06 6.5992
0-0-1-1-0-2-2-3-0-4-3-5-0-0-1 277704 113.457 0.009461 2e-06 113.408
0-0-1-1-0-2-2-3-0-4-3-5-0-2-2 13954626 9.41355 0.009424 1e-06 9.37532
0-0-1-1-0-2-2-3-0-4-3-5-0-4-3 264272027 9.65248 0.083794 1e-06 9.53837
0-0-1-1-0-2-2-3-0-4-3-5-0-6-4 15794415 10.0816 0.009445 1e-06 10.0451
0-0-1-1-0-2-2-3-0-6-4-7-0-0-1 277704 132.105 0.010732 2e-06 132.051
0-0-1-1-0-2-2-3-0-6-4-7-0-2-2 13954626 10.3846 0.008402 3e-06 10.3464
0-0-1-1-0-2-2-3-0-6-4-7-0-4-3 264547773 10.6507 0.06548 2e-06 10.5549
0-0-1-1-0-2-2-3-0-6-4-7-0-6-4 15794415 10.3547 0.007842 1e-06 10.3178
0-0-1-1-0-4-3-5-0-0-1-1-0-0-1 277704 201.458 0.005699 1e-06 201.413
0-0-1-1-0-4-3-5-0-0-1-1-0-2-2 13954626 65.2332 0.007757 3e-06 65.186
0-0-1-1-0-4-3-5-0-0-1-1-0-4-3 264547773 63.3605 0.061353 1e-06 63.2691
0-0-1-1-0-4-3-5-0-0-1-1-0-6-4 15794415 63.1833 0.008935 3e-06 63.1385
0-0-1-1-0-4-3-5-0-2-2-3-0-0-1 277704 103.603 0.005621 1e-06 103.555
0-0-1-1-0-4-3-5-0-2-2-3-0-2-2 13373259 8.94736 0.006872 4e-06 8.90874
0-0-1-1-0-4-3-5-0-2-2-3-0-4-3 264534436 8.58499 0.072258 2e-06 8.48071
0-0-1-1-0-4-3-5-0-2-2-3-0-6-4 15794415 8.3161 0.006337 2e-06 8.27894
0-0-1-1-0-4-3-5-0-4-3-5-0-0-1 277704 116.301 0.009843 3e-06 116.246
0-0-1-1-0-4-3-5-0-4-3-5-0-2-2 13954626 12.3991 0.01088 1e-06 12.3551
0-0-1-1-0-4-3-5-0-4-3-5-0-4-3 254851812 12.856 0.058711 1e-06 12.7636
0-0-1-1-0-4-3-5-0-4-3-5-0-6-4 15794415 12.3496 0.00915 2e-06 12.3099
0-0-1-1-0-4-3-5-0-6-4-7-0-0-1 277704 131.13 0.008748 3e-06 131.077
0-0-1-1-0-4-3-5-0-6-4-7-0-2-2 13954626 12.6238 0.007836 1e-06 12.5813
0-0-1-1-0-4-3-5-0-6-4-7-0-4-3 264547773 13.2601 0.06585 1e-06 13.158
0-0-1-1-0-4-3-5-0-6-4-7-0-6-4 15794415 12.6023 0.007871 1e-06 12.5627
0-0-1-1-0-6-4-7-0-0-1-1-0-0-1 277704 215.517 0.007811 1e-06 215.472
0-0-1-1-0-6-4-7-0-0-1-1-0-2-2 13954626 73.5191 0.00876 4e-06 73.4821
0-0-1-1-0-6-4-7-0-0-1-1-0-4-3 264547773 72.7591 0.059278 1e-06 72.6581
0-0-1-1-0-6-4-7-0-0-1-1-0-6-4 15794415 71.0582 0.008978 1e-06 71.0179
0-0-1-1-0-6-4-7-0-2-2-3-0-0-1 277704 119.64 0.006932 2e-06 119.591
0-0-1-1-0-6-4-7-0-2-2-3-0-2-2 13954626 9.2354 0.008755 6e-06 9.19605
0-0-1-1-0-6-4-7-0-2-2-3-0-4-3 264547773 8.99057 0.057677 1e-06 8.90107
0-0-1-1-0-6-4-7-0-2-2-3-0-6-4 15794415 8.66276 0.008101 1e-06 8.62829
0-0-1-1-0-6-4-7-0-4-3-5-0-0-1 277704 116.474 0.012688 3e-06 116.423
0-0-1-1-0-6-4-7-0-4-3-5-0-2-2 13954626 12.8323 0.011059 1e-06 12.7901
0-0-1-1-0-6-4-7-0-4-3-5-0-4-3 264536355 13.5089 0.058861 1e-06 13.4177
0-0-1-1-0-6-4-7-0-4-3-5-0-6-4 15794415 13.0747 0.010257 3e-06 13.0322
0-0-1-1-0-6-4-7-0-6-4-7-0-0-1 277704 126.118 0.010377 1e-06 126.053
0-0-1-1-0-6-4-7-0-6-4-7-0-2-2 13954626 12.7465 0.010728 3e-06 12.6931
0-0-1-1-0-6-4-7-0-6-4-7-0-4-3 264547773 13.7199 0.056395 3e-06 13.6216
0-0-1-1-0-6-4-7-0-6-4-7-0-6-4 15794415 12.9619 0.010665 3e-06 12.9108
0-2-2-3-0-0-1-1-0-0-1-1-0-0-1 269979 254.236 0.005615 1e-06 254.192
0-2-2-3-0-0-1-1-0-0-1-1-0-2-2 13942082 107.585 0.007826 3e-06 107.545
0-2-2-3-0-0-1-1-0-0-1-1-0-4-3 261068775 108.865 0.052806 1e-06 108.776
0-2-2-3-0-0-1-1-0-0-1-1-0-6-4 15794087 113.719 0.006508 2e-06 113.671
0-2-2-3-0-0-1-1-0-2-2-3-0-0-1 277704 121.264 0.004344 2e-06 121.22
0-2-2-3-0-0-1-1-0-2-2-3-0-2-2 13942082 14.7808 0.004924 2e-06 14.7457
0-2-2-3-0-0-1-1-0-2-2-3-0-4-3 264546361 14.2938 0.051845 1e-06 14.217
0-2-2-3-0-0-1-1-0-2-2-3-0-6-4 15794415 12.789 0.004284 2e-06 12.7615
0-2-2-3-0-0-1-1-0-4-3-5-0-0-1 277704 121.609 0.002609 1e-06 121.58
0-2-2-3-0-0-1-1-0-4-3-5-0-2-2 13950086 16.7905 0.004552 1e-06 16.7563
0-2-2-3-0-0-1-1-0-4-3-5-0-4-3 264223483 19.1749 0.027648 2e-06 19.1189
0-2-2-3-0-0-1-1-0-4-3-5-0-6-4 15794374 17.7106 0.005078 2e-06 17.6789
0-2-2-3-0-0-1-1-0-6-4-7-0-0-1 277704 133.533 0.008467 2e-06 133.485
0-2-2-3-0-0-1-1-0-6-4-7-0-2-2 13954626 18.3703 0.007025 1e-06 18.3346
0-2-2-3-0-0-1-1-0-6-4-7-0-4-3 264547768 19.6035 0.055734 2e-06 19.5137
0-2-2-3-0-0-1-1-0-6-4-7-0-6-4 15794415 17.6256 0.005577 1e-06 17.5933
0-2-2-3-0-2-2-3-0-0-1-1-0-0-1 269979 170.42 0.004337 2e-06 170.378
0-2-2-3-0-2-2-3-0-0-1-1-0-2-2 13942082 21.9701 0.003879 1e-06 21.932
0-2-2-3-0-2-2-3-0-0-1-1-0-4-3 261068775 24.0777 0.048933 1e-06 24.0043
0-2-2-3-0-2-2-3-0-0-1-1-0-6-4 15794087 20.546 0.003503 2e-06 20.5187
0-2-2-3-0-2-2-3-0-2-2-3-0-0-1 269979 31.4422 0.001701 2e-06 31.4166
0-2-2-3-0-2-2-3-0-2-2-3-0-2-2 34713 7.89156 0.001626 1e-06 7.86323
0-2-2-3-0-2-2-3-0-2-2-3-0-4-3 18178411 6.22662 0.003421 2e-06 6.19492
0-2-2-3-0-2-2-3-0-2-2-3-0-6-4 10219172 6.08531 0.012421 1e-06 6.04588
0-2-2-3-0-2-2-3-0-4-3-5-0-0-1 277212 119.414 0.006588 1e-06 119.365
0-2-2-3-0-2-2-3-0-4-3-5-0-2-2 12401496 8.15953 0.003981 2e-06 8.11972
0-2-2-3-0-2-2-3-0-4-3-5-0-4-3 223199128 8.55523 0.043522 1e-06 8.47536
0-2-2-3-0-2-2-3-0-4-3-5-0-6-4 15752999 8.85345 0.00703 2e-06 8.81589
0-2-2-3-0-2-2-3-0-6-4-7-0-0-1 277704 142.946 0.009101 2e-06 142.89
0-2-2-3-0-2-2-3-0-6-4-7-0-2-2 13689497 10.1788 0.004915 3e-06 10.1363
0-2-2-3-0-2-2-3-0-6-4-7-0-4-3 258664239 10.5229 0.053761 1e-06 10.4298
0-2-2-3-0-2-2-3-0-6-4-7-0-6-4 15792398 10.4871 0.012363 2e-06 10.4376
0-2-2-3-0-4-3-5-0-0-1-1-0-0-1 277212 218.564 0.008829 1e-06 218.506
0-2-2-3-0-4-3-5-0-0-1-1-0-2-2 13953539 68.9068 0.006267 3e-06 68.8659
0-2-2-3-0-4-3-5-0-0-1-1-0-4-3 264335304 71.4041 0.05829 1e-06 71.3118
0-2-2-3-0-4-3-5-0-0-1-1-0-6-4 15794372 67.9021 0.007771 1e-06 67.8594
0-2-2-3-0-4-3-5-0-2-2-3-0-0-1 277704 108.87 0.003678 1e-06 108.827
0-2-2-3-0-4-3-5-0-2-2-3-0-2-2 12401496 7.95131 0.006242 3e-06 7.90977
0-2-2-3-0-4-3-5-0-2-2-3-0-4-3 263938876 7.18796 0.058323 1e-06 7.09344
0-2-2-3-0-4-3-5-0-2-2-3-0-6-4 15794338 6.93163 0.012966 1e-06 6.88799
0-2-2-3-0-4-3-5-0-4-3-5-0-0-1 277704 120.09 0.01568 1e-06 120.027
0-2-2-3-0-4-3-5-0-4-3-5-0-2-2 13942369 10.3641 0.009775 1e-06 10.3132
0-2-2-3-0-4-3-5-0-4-3-5-0-4-3 252870735 10.8335 0.079174 1e-06 10.7145
0-2-2-3-0-4-3-5-0-4-3-5-0-6-4 15794351 10.6294 0.018998 3e-06 10.5752
0-2-2-3-0-4-3-5-0-6-4-7-0-0-1 277704 123.915 0.008742 2e-06 123.861
0-2-2-3-0-4-3-5-0-6-4-7-0-2-2 13954500 10.9532 0.007667 2e-06 10.9091
0-2-2-3-0-4-3-5-0-6-4-7-0-4-3 264545259 11.6176 0.065001 1e-06 11.5175
0-2-2-3-0-4-3-5-0-6-4-7-0-6-4 15794413 11.1894 0.007535 1e-06 11.1417
0-2-2-3-0-6-4-7-0-0-1-1-0-0-1 277704 226.345 0.011428 2e-06 226.285
0-2-2-3-0-6-4-7-0-0-1-1-0-2-2 13954626 84.7831 0.006404 6e-06 84.7379
0-2-2-3-0-6-4-7-0-0-1-1-0-4-3 264547773 81.9592 0.062899 1e-06 81.8603
0-2-2-3-0-6-4-7-0-0-1-1-0-6-4 15794415 81.8826 0.003648 1e-06 81.8507
0-2-2-3-0-6-4-7-0-2-2-3-0-0-1 277704 120.792 0.005076 2e-06 120.754
0-2-2-3-0-6-4-7-0-2-2-3-0-2-2 13689497 8.87428 0.003643 1e-06 8.83565
0-2-2-3-0-6-4-7-0-2-2-3-0-4-3 264526605 8.34938 0.095833 1e-06 8.21531
0-2-2-3-0-6-4-7-0-2-2-3-0-6-4 15794414 8.14159 0.030821 2e-06 8.08059
0-2-2-3-0-6-4-7-0-4-3-5-0-0-1 277704 114.577 0.01258 1e-06 114.507
0-2-2-3-0-6-4-7-0-4-3-5-0-2-2 13953921 11.7795 0.016067 1e-06 11.7191
0-2-2-3-0-6-4-7-0-4-3-5-0-4-3 261395656 12.0475 0.068274 2e-06 11.9403
0-2-2-3-0-6-4-7-0-4-3-5-0-6-4 15794415 11.9337 0.018387 1e-06 11.8824
0-2-2-3-0-6-4-7-0-6-4-7-0-0-1 277704 126.014 0.013116 2e-06 125.952
0-2-2-3-0-6-4-7-0-6-4-7-0-2-2 13954626 11.7216 0.005237 3e-06 11.6804
0-2-2-3-0-6-4-7-0-6-4-7-0-4-3 264547767 12.4137 0.066122 1e-06 12.3032
0-2-2-3-0-6-4-7-0-6-4-7-0-6-4 15794415 12.1715 0.012019 1e-06 12.1268
0-4-3-5-0-0-1-1-0-0-1-1-0-0-1 125547 249.536 0.005676 2e-06 249.486
0-4-3-5-0-0-1-1-0-0-1-1-0-2-2 13103489 106.689 0.008289 2e-05 106.636
0-4-3-5-0-0-1-1-0-0-1-1-0-4-3 159103520 107.978 0.039535 1e-06 107.906
0-4-3-5-0-0-1-1-0-0-1-1-0-6-4 15740985 106.626 0.004719 2e-06 106.587
0-4-3-5-0-0-1-1-0-2-2-3-0-0-1 277704 111.132 0.00512 1e-06 111.089
0-4-3-5-0-0-1-1-0-2-2-3-0-2-2 13103489 12.4942 0.005776 2e-06 12.4558
0-4-3-5-0-0-1-1-0-2-2-3-0-4-3 264299335 11.5488 0.054812 1e-06 11.4526
0-4-3-5-0-0-1-1-0-2-2-3-0-6-4 15794415 13.4544 0.007513 5e-06 13.4167
0-4-3-5-0-0-1-1-0-4-3-5-0-0-1 277704 116.266 0.008292 9e-06 116.207
0-4-3-5-0-0-1-1-0-4-3-5-0-2-2 13749399 15.32 0.008438 1e-06 15.273
0-4-3-5-0-0-1-1-0-4-3-5-0-4-3 254223236 16.0264 0.054927 2e-06 15.9349
0-4-3-5-0-0-1-1-0-4-3-5-0-6-4 15784512 15.0711 0.006965 1e-06 15.0317
0-4-3-5-0-0-1-1-0-6-4-7-0-0-1 277704 124.463 0.007866 1e-06 124.409
0-4-3-5-0-0-1-1-0-6-4-7-0-2-2 13954626 15.1645 0.00887 1e-06 15.1205
0-4-3-5-0-0-1-1-0-6-4-7-0-4-3 264545622 16.2704 0.062292 1e-06 16.1723
0-4-3-5-0-0-1-1-0-6-4-7-0-6-4 15794415 15.7528 0.007332 3e-06 15.7144
0-4-3-5-0-2-2-3-0-0-1-1-0-0-1 277597 197.648 0.004615 1e-06 197.601
0-4-3-5-0-2-2-3-0-0-1-1-0-2-2 13954538 52.1195 0.006183 1e-06 52.0798
0-4-3-5-0-2-2-3-0-0-1-1-0-4-3 264505054 57.6271 0.099998 1e-06 57.4898
0-4-3-5-0-2-2-3-0-0-1-1-0-6-4 15794415 57.6539 0.018264 1e-06 57.5998
0-4-3-5-0-2-2-3-0-2-2-3-0-0-1 277597 58.2548 0.002244 2e-06 58.2185
0-4-3-5-0-2-2-3-0-2-2-3-0-2-2 1807215 7.11624 0.002647 2e-06 7.07526
0-4-3-5-0-2-2-3-0-2-2-3-0-4-3 186718068 6.10489 0.057422 2e-06 6.00395
0-4-3-5-0-2-2-3-0-2-2-3-0-6-4 15662521 6.42656 0.436425 1e-06 5.952
0-4-3-5-0-2-2-3-0-4-3-5-0-0-1 277704 121.131 0.00571 7e-06 121.083
0-4-3-5-0-2-2-3-0-4-3-5-0-2-2 13920727 8.52655 0.006874 1e-06 8.48166
0-4-3-5-0-2-2-3-0-4-3-5-0-4-3 256552028 9.09337 0.192862 1e-06 8.86345
0-4-3-5-0-2-2-3-0-4-3-5-0-6-4 15793767 9.11555 0.02101 2e-06 9.05918
0-4-3-5-0-2-2-3-0-6-4-7-0-0-1 277704 131.757 0.003663 2e-06 131.703
0-4-3-5-0-2-2-3-0-6-4-7-0-2-2 13952209 9.67815 0.006496 2e-06 9.63229
0-4-3-5-0-2-2-3-0-6-4-7-0-4-3 264488100 10.3128 0.222563 2e-06 10.0507
0-4-3-5-0-2-2-3-0-6-4-7-0-6-4 15794397 9.82478 0.025655 1e-06 9.76457
0-4-3-5-0-4-3-5-0-0-1-1-0-0-1 273654 208.773 0.008445 1e-06 208.716
0-4-3-5-0-4-3-5-0-0-1-1-0-2-2 13920168 67.5787 0.009517 1e-06 67.5261
0-4-3-5-0-4-3-5-0-0-1-1-0-4-3 261568906 70.7894 0.067995 2e-06 70.6783
0-4-3-5-0-4-3-5-0-0-1-1-0-6-4 15792180 70.4956 0.010376 2e-06 70.4438
0-4-3-5-0-4-3-5-0-2-2-3-0-0-1 277611 94.8066 0.00908 1e-06 94.7564
0-4-3-5-0-4-3-5-0-2-2-3-0-2-2 12620533 8.17278 0.009804 3e-06 8.12546
0-4-3-5-0-4-3-5-0-2-2-3-0-4-3 260987845 7.90576 0.078466 1e-06 7.78897
0-4-3-5-0-4-3-5-0-2-2-3-0-6-4 15743848 8.01938 0.367445 1e-06 7.6167
0-4-3-5-0-4-3-5-0-4-3-5-0-0-1 274950 125.552 0.038103 1.5e-05 125.463
0-4-3-5-0-4-3-5-0-4-3-5-0-2-2 13780903 11.2487 0.039545 1e-06 11.1629
0-4-3-5-0-4-3-5-0-4-3-5-0-4-3 249802666 12.2444 0.60755 2e-06 11.5946
0-4-3-5-0-4-3-5-0-4-3-5-0-6-4 15614461 11.6747 0.084223 1e-06 11.5485
0-4-3-5-0-4-3-5-0-6-4-7-0-0-1 277700 131.4 0.05761 3e-06 131.295
0-4-3-5-0-4-3-5-0-6-4-7-0-2-2 13850279 11.5825 0.039238 2e-06 11.503
0-4-3-5-0-4-3-5-0-6-4-7-0-4-3 263135171 18.2101 6.11527 1e-06 12.0511
0-4-3-5-0-4-3-5-0-6-4-7-0-6-4 15792097 11.8295 0.083262 1e-06 11.7087
0-4-3-5-0-6-4-7-0-0-1-1-0-0-1 277700 220.728 0.007329 2e-06 220.675
0-4-3-5-0-6-4-7-0-0-1-1-0-2-2 13954622 81.1466 0.049124 4e-06 81.0588
0-4-3-5-0-6-4-7-0-0-1-1-0-4-3 264547070 80.182 0.293609 1e-06 79.8471
0-4-3-5-0-6-4-7-0-0-1-1-0-6-4 15794415 80.6615 0.009161 1e-06 80.6111
0-4-3-5-0-6-4-7-0-2-2-3-0-0-1 277704 120.497 0.010579 1.6e-05 120.444
0-4-3-5-0-6-4-7-0-2-2-3-0-2-2 13721768 8.89355 0.010433 2e-06 8.84315
0-4-3-5-0-6-4-7-0-2-2-3-0-4-3 264348044 8.52849 0.136795 1e-06 8.34827
0-4-3-5-0-6-4-7-0-2-2-3-0-6-4 15794371 8.24545 0.024808 2e-06 8.18589
0-4-3-5-0-6-4-7-0-4-3-5-0-0-1 277704 113.472 0.019087 1e-06 113.392
0-4-3-5-0-6-4-7-0-4-3-5-0-2-2 13953164 11.9103 0.055392 1e-06 11.8107
0-4-3-5-0-6-4-7-0-4-3-5-0-4-3 263215652 12.449 0.292869 1e-06 12.1121
0-4-3-5-0-6-4-7-0-4-3-5-0-6-4 15794412 12.1777 0.03512 1e-06 12.1034
0-4-3-5-0-6-4-7-0-6-4-7-0-0-1 277704 122.492 0.011432 1e-06 122.423
0-4-3-5-0-6-4-7-0-6-4-7-0-2-2 13954620 13.5417 0.035404 2e-06 13.4317
0-4-3-5-0-6-4-7-0-6-4-7-0-4-3 264547650 15.6068 0.575675 2e-06 14.951
0-4-3-5-0-6-4-7-0-6-4-7-0-6-4 15794415 14.6567 0.055744 2e-06 14.5341
0-6-4-7-0-0-1-1-0-0-1-1-0-0-1 277619 262.37 0.005002 3e-06 262.278
0-6-4-7-0-0-1-1-0-0-1-1-0-2-2 13954551 118.853 0.019754 3e-06 118.782
0-6-4-7-0-0-1-1-0-0-1-1-0-4-3 264520476 117.616 0.090343 1e-06 117.447
0-6-4-7-0-0-1-1-0-0-1-1-0-6-4 15794415 121.599 0.013133 2e-06 121.487
0-6-4-7-0-0-1-1-0-2-2-3-0-0-1 277704 125.117 0.005401 3e-06 125.06
0-6-4-7-0-0-1-1-0-2-2-3-0-2-2 13954551 24.2138 0.007472 2e-06 24.164
0-6-4-7-0-0-1-1-0-2-2-3-0-4-3 264547769 24.2578 0.08466 1e-06 24.1134
0-6-4-7-0-0-1-1-0-2-2-3-0-6-4 15794415 21.1738 0.009275 2e-06 21.1026
0-6-4-7-0-0-1-1-0-4-3-5-0-0-1 277704 128.374 0.007184 2e-06 128.285
0-6-4-7-0-0-1-1-0-4-3-5-0-2-2 13954585 29.48 0.014809 1e-06 29.4037
0-6-4-7-0-0-1-1-0-4-3-5-0-4-3 264544959 26.8131 0.084717 1e-06 26.6462
0-6-4-7-0-0-1-1-0-4-3-5-0-6-4 15794415 27.0652 0.008426 2e-06 27.021
0-6-4-7-0-0-1-1-0-6-4-7-0-0-1 277704 135.072 0.017256 1e-06 134.931
0-6-4-7-0-0-1-1-0-6-4-7-0-2-2 13954626 25.638 0.010728 1e-06 25.5571
0-6-4-7-0-0-1-1-0-6-4-7-0-4-3 264547773 29.1651 0.085023 2e-06 29.042
0-6-4-7-0-0-1-1-0-6-4-7-0-6-4 15794415 26.8871 0.010165 2e-06 26.8116
0-6-4-7-0-2-2-3-0-0-1-1-0-0-1 277704 202.023 0.003714 3e-06 201.966
0-6-4-7-0-2-2-3-0-0-1-1-0-2-2 13954626 63.3642 0.012068 2.6e-05 63.3076
0-6-4-7-0-2-2-3-0-0-1-1-0-4-3 264547773 63.9905 0.088632 1e-06 63.8364
0-6-4-7-0-2-2-3-0-0-1-1-0-6-4 15794415 66.3689 0.012769 2e-06 66.3078
0-6-4-7-0-2-2-3-0-2-2-3-0-0-1 277704 71.371 0.005682 1e-06 71.3122
0-6-4-7-0-2-2-3-0-2-2-3-0-2-2 6345795 7.23941 0.003028 1e-06 7.19718
0-6-4-7-0-2-2-3-0-2-2-3-0-4-3 254483838 6.44087 0.073992 2e-06 6.33152
0-6-4-7-0-2-2-3-0-2-2-3-0-6-4 15792946 6.72839 0.013668 1e-06 6.6837
0-6-4-7-0-2-2-3-0-4-3-5-0-0-1 277704 105.637 0.005025 2e-06 105.588
0-6-4-7-0-2-2-3-0-4-3-5-0-2-2 13954585 8.49659 0.007179 1e-06 8.44763
0-6-4-7-0-2-2-3-0-4-3-5-0-4-3 262665496 9.40568 0.10151 3e-06 9.25862
0-6-4-7-0-2-2-3-0-4-3-5-0-6-4 15794415 9.58185 0.032029 2e-06 9.51518
0-6-4-7-0-2-2-3-0-6-4-7-0-0-1 277704 121.286 0.003322 3e-06 121.237
0-6-4-7-0-2-2-3-0-6-4-7-0-2-2 13954626 9.47467 0.00605 1e-06 9.43124
0-6-4-7-0-2-2-3-0-6-4-7-0-4-3 264547773 10.4272 0.077796 1e-06 10.3153
0-6-4-7-0-2-2-3-0-6-4-7-0-6-4 15794415 10.1806 0.012644 1e-06 10.1217
0-6-4-7-0-4-3-5-0-0-1-1-0-0-1 277701 190.458 0.005334 3e-06 190.406
0-6-4-7-0-4-3-5-0-0-1-1-0-2-2 13954618 58.1581 0.01565 3e-06 58.1075
0-6-4-7-0-4-3-5-0-0-1-1-0-4-3 264546039 57.7035 0.072245 2e-06 57.5918
0-6-4-7-0-4-3-5-0-0-1-1-0-6-4 15794415 58.1786 0.006763 1e-06 58.138
0-6-4-7-0-4-3-5-0-2-2-3-0-0-1 277704 104.1 0.013447 3e-06 104.038
0-6-4-7-0-4-3-5-0-2-2-3-0-2-2 13891951 8.86445 0.008025 2e-06 8.80941
0-6-4-7-0-4-3-5-0-2-2-3-0-4-3 264545893 8.78298 0.062977 2e-06 8.68276
0-6-4-7-0-4-3-5-0-2-2-3-0-6-4 15794415 8.71337 0.130232 2e-06 8.54475
0-6-4-7-0-4-3-5-0-4-3-5-0-0-1 277704 111.555 0.022217 1e-06 111.481
0-6-4-7-0-4-3-5-0-4-3-5-0-2-2 13954598 11.9508 0.024338 1e-06 11.8829
0-6-4-7-0-4-3-5-0-4-3-5-0-4-3 253260419 12.396 0.083722 2e-06 12.2694
0-6-4-7-0-4-3-5-0-4-3-5-0-6-4 15794415 12.162 0.036122 2e-06 12.087
0-6-4-7-0-4-3-5-0-6-4-7-0-0-1 277704 125.28 0.022239 1e-06 125.207
0-6-4-7-0-4-3-5-0-6-4-7-0-2-2 13954626 11.9454 0.019709 3e-06 11.8878
0-6-4-7-0-4-3-5-0-6-4-7-0-4-3 264547770 12.3864 0.082256 1e-06 12.2664
0-6-4-7-0-4-3-5-0-6-4-7-0-6-4 15794415 12.4816 0.033498 2e-06 12.4128
0-6-4-7-0-6-4-7-0-0-1-1-0-0-1 277704 213.401 0.006808 2e-06 213.346
0-6-4-7-0-6-4-7-0-0-1-1-0-2-2 13954626 75.3408 0.009593 6e-06 75.2896
0-6-4-7-0-6-4-7-0-0-1-1-0-4-3 264547773 71.035 0.060248 3e-06 70.9342
0-6-4-7-0-6-4-7-0-0-1-1-0-6-4 15794415 69.1569 0.007714 3e-06 69.1126
0-6-4-7-0-6-4-7-0-2-2-3-0-0-1 277704 115.995 0.004898 1e-06 115.937
0-6-4-7-0-6-4-7-0-2-2-3-0-2-2 13954431 9.85564 0.008176 1e-06 9.78209
0-6-4-7-0-6-4-7-0-2-2-3-0-4-3 264547772 10.2413 0.081831 2e-06 10.1026
0-6-4-7-0-6-4-7-0-2-2-3-0-6-4 15794415 9.81149 0.019827 1e-06 9.73043
0-6-4-7-0-6-4-7-0-4-3-5-0-0-1 277704 113.552 0.0382 5e-06 113.457
0-6-4-7-0-6-4-7-0-4-3-5-0-2-2 13954626 13.7768 0.0151 1e-06 13.6786
0-6-4-7-0-6-4-7-0-4-3-5-0-4-3 264542880 15.2341 0.148319 2e-06 14.9851
0-6-4-7-0-6-4-7-0-4-3-5-0-6-4 15794415 15.4985 0.029746 2e-06 15.3989
0-6-4-7-0-6-4-7-0-6-4-7-0-0-1 277704 123.727 0.005013 3e-06 123.665
0-6-4-7-0-6-4-7-0-6-4-7-0-2-2 13954626 14.2269 0.012257 2e-06 14.1669
0-6-4-7-0-6-4-7-0-6-4-7-0-4-3 264547773 15.804 0.127658 2e-06 15.5996
0-6-4-7-0-6-4-7-0-6-4-7-0-6-4 15794415 15.4753 0.029865 1e-06 15.379
1-1-0-0-1-1-0-0-1-1-0-0-1-1-0 34713 220.992 0.005705 1.1e-05 220.913
1-1-0-0-1-1-0-0-1-1-0-2-2-3-0 269979 100.295 0.005824 2e-06 100.239
1-1-0-0-1-1-0-0-1-1-0-4-3-5-0 125547 105.825 0.003164 3e-06 105.787
1-1-0-0-1-1-0-0-1-1-0-6-4-7-0 277619 104.986 0.006127 4e-06 104.932
1-1-0-0-1-1-0-2-2-3-0-0-1-1-0 277704 110.564 0.006465 1e-06 110.512
1-1-0-0-1-1-0-2-2-3-0-2-2-3-0 269979 30.4603 0.002588 2e-06 30.3939
1-1-0-0-1-1-0-2-2-3-0-4-3-5-0 277597 35.4183 0.006508 2e-06 35.3394
1-1-0-0-1-1-0-2-2-3-0-6-4-7-0 277704 35.1821 0.007408 2e-06 35.1068
1-1-0-0-1-1-0-4-3-5-0-0-1-1-0 277704 109.76 0.006332 2e-06 109.695
1-1-0-0-1-1-0-4-3-5-0-2-2-3-0 277212 33.4414 0.005376 1e-06 33.3927
1-1-0-0-1-1-0-4-3-5-0-4-3-5-0 273654 38.4895 0.007093 2e-06 38.4189
1-1-0-0-1-1-0-4-3-5-0-6-4-7-0 277701 38.0702 0.006813 2e-06 37.9927
1-1-0-0-1-1-0-6-4-7-0-0-1-1-0 277704 117.68 0.006441 3e-06 117.627
1-1-0-0-1-1-0-6-4-7-0-2-2-3-0 277704 33.0062 0.004948 3e-06 32.9609
1-1-0-0-1-1-0-6-4-7-0-4-3-5-0 277700 38.0293 0.006393 1e-06 37.9843
1-1-0-0-1-1-0-6-4-7-0-6-4-7-0 277704 38.0407 0.006853 1e-06 37.994
1-1-0-2-2-3-0-0-1-1-0-0-1-1-0 277704 153.04 0.006281 5e-06 152.969
1-1-0-2-2-3-0-0-1-1-0-2-2-3-0 277704 37.8161 0.004214 2e-06 37.7719
1-1-0-2-2-3-0-0-1-1-0-4-3-5-0 277704 42.844 0.004675 1e-06 42.7733
1-1-0-2-2-3-0-0-1-1-0-6-4-7-0 277704 41.3047 0.007246 2e-06 41.2575
1-1-0-2-2-3-0-2-2-3-0-0-1-1-0 277704 41.0671 0.004951 1e-06 41.013
1-1-0-2-2-3-0-2-2-3-0-2-2-3-0 269979 5.39896 0.002195 3e-06 5.3267
1-1-0-2-2-3-0-2-2-3-0-4-3-5-0 277597 7.86806 0.004831 1e-06 7.82504
1-1-0-2-2-3-0-2-2-3-0-6-4-7-0 277704 9.13931 0.007298 3e-06 9.08394
1-1-0-2-2-3-0-4-3-5-0-0-1-1-0 277704 80.4227 0.007336 4e-06 80.3698
1-1-0-2-2-3-0-4-3-5-0-2-2-3-0 277704 6.0724 0.008976 1e-06 6.0272
1-1-0-2-2-3-0-4-3-5-0-4-3-5-0 277611 10.8014 0.009861 1e-06 10.7326
1-1-0-2-2-3-0-4-3-5-0-6-4-7-0 277704 10.9286 0.00905 2e-06 10.8825
1-1-0-2-2-3-0-6-4-7-0-0-1-1-0 277704 100.933 0.007361 1e-06 100.881
1-1-0-2-2-3-0-6-4-7-0-2-2-3-0 277704 6.98115 0.005607 2e-06 6.93974
1-1-0-2-2-3-0-6-4-7-0-4-3-5-0 277704 12.2493 0.008291 2e-06 12.2031
1-1-0-2-2-3-0-6-4-7-0-6-4-7-0 277704 11.7352 0.006811 3e-06 11.6881
1-1-0-4-3-5-0-0-1-1-0-0-1-1-0 277704 144.893 0.005494 4e-06 144.843
1-1-0-4-3-5-0-0-1-1-0-2-2-3-0 277704 33.1136 0.004356 1e-06 33.0736
1-1-0-4-3-5-0-0-1-1-0-4-3-5-0 277704 39.208 0.005918 1e-06 39.163
1-1-0-4-3-5-0-0-1-1-0-6-4-7-0 277704 36.5495 0.006013 3e-06 36.5049
1-1-0-4-3-5-0-2-2-3-0-0-1-1-0 277704 73.7189 0.005185 5e-06 73.6679
1-1-0-4-3-5-0-2-2-3-0-2-2-3-0 277212 6.30426 0.004031 3e-06 6.26514
1-1-0-4-3-5-0-2-2-3-0-4-3-5-0 277704 9.43343 0.007961 1e-06 9.38702
1-1-0-4-3-5-0-2-2-3-0-6-4-7-0 277704 9.94426 0.00576 2e-06 9.90324
1-1-0-4-3-5-0-4-3-5-0-0-1-1-0 277704 80.7247 0.009067 1e-06 80.6707
1-1-0-4-3-5-0-4-3-5-0-2-2-3-0 277704 8.2707 0.006803 2e-06 8.22728
1-1-0-4-3-5-0-4-3-5-0-4-3-5-0 274950 12.9323 0.011425 2e-06 12.8802
1-1-0-4-3-5-0-4-3-5-0-6-4-7-0 277704 13.0383 0.009181 2e-06 12.9916
1-1-0-4-3-5-0-6-4-7-0-0-1-1-0 277704 95.027 0.006893 1e-06 94.9739
1-1-0-4-3-5-0-6-4-7-0-2-2-3-0 277704 8.42131 0.005696 2e-06 8.37765
1-1-0-4-3-5-0-6-4-7-0-4-3-5-0 277704 13.386 0.008317 3e-06 13.337
1-1-0-4-3-5-0-6-4-7-0-6-4-7-0 277704 13.2093 0.008009 4e-06 13.1641
1-1-0-6-4-7-0-0-1-1-0-0-1-1-0 277704 160.612 0.005235 1e-06 160.575
1-1-0-6-4-7-0-0-1-1-0-2-2-3-0 277704 48.8037 0.004792 1e-06 48.7639
1-1-0-6-4-7-0-0-1-1-0-4-3-5-0 277704 54.3375 0.007857 1e-06 54.2891
1-1-0-6-4-7-0-0-1-1-0-6-4-7-0 277704 48.1656 0.00651 2e-06 48.1232
1-1-0-6-4-7-0-2-2-3-0-0-1-1-0 277704 85.6604 0.005752 1e-06 85.6232
1-1-0-6-4-7-0-2-2-3-0-2-2-3-0 277704 6.17034 0.003392 2e-06 6.13132
1-1-0-6-4-7-0-2-2-3-0-4-3-5-0 277704 9.59718 0.00525 1e-06 9.55593
1-1-0-6-4-7-0-2-2-3-0-6-4-7-0 277704 10.0894 0.008912 6e-06 10.0409
1-1-0-6-4-7-0-4-3-5-0-0-1-1-0 277704 82.0445 0.010742 1e-06 81.9941
1-1-0-6-4-7-0-4-3-5-0-2-2-3-0 277704 8.68389 0.007696 2e-06 8.63926
1-1-0-6-4-7-0-4-3-5-0-4-3-5-0 277700 13.6338 0.008421 2e-06 13.5864
1-1-0-6-4-7-0-4-3-5-0-6-4-7-0 277704 13.1948 0.009718 1e-06 13.1489
1-1-0-6-4-7-0-6-4-7-0-0-1-1-0 277704 92.512 0.008398 2e-06 92.4593
1-1-0-6-4-7-0-6-4-7-0-2-2-3-0 277704 8.35717 0.006677 4e-06 8.29676
1-1-0-6-4-7-0-6-4-7-0-4-3-5-0 277704 13.3656 0.011084 1e-06 13.3152
1-1-0-6-4-7-0-6-4-7-0-6-4-7-0 277704 13.4425 0.011466 2e-06 13.3679
2-3-0-0-1-1-0-0-1-1-0-0-1-1-0 11426723 192.748 0.006404 3e-06 192.703
2-3-0-0-1-1-0-0-1-1-0-2-2-3-0 13942082 77.7722 0.005302 1e-06 77.7394
2-3-0-0-1-1-0-0-1-1-0-4-3-5-0 13103489 82.8623 0.005478 3e-06 82.826
2-3-0-0-1-1-0-0-1-1-0-6-4-7-0 13954551 80.6353 0.006422 1e-06 80.6013
2-3-0-0-1-1-0-2-2-3-0-0-1-1-0 13954626 82.5299 0.00782 1e-06 82.4872
2-3-0-0-1-1-0-2-2-3-0-2-2-3-0 13942082 7.93035 0.003906 1e-06 7.89772
2-3-0-0-1-1-0-2-2-3-0-4-3-5-0 13954538 11.8671 0.008046 1e-06 11.8289
2-3-0-0-1-1-0-2-2-3-0-6-4-7-0 13954626 11.2322 0.006192 1e-06 11.1964
2-3-0-0-1-1-0-4-3-5-0-0-1-1-0 13954626 83.5373 0.00851 1e-06 83.491
2-3-0-0-1-1-0-4-3-5-0-2-2-3-0 13953539 9.9885 0.005994 2e-06 9.95088
2-3-0-0-1-1-0-4-3-5-0-4-3-5-0 13920168 14.4705 0.008075 1e-06 14.4272
2-3-0-0-1-1-0-4-3-5-0-6-4-7-0 13954618 14.2023 0.00698 2e-06 14.1625
2-3-0-0-1-1-0-6-4-7-0-0-1-1-0 13954626 93.9358 0.008867 0 93.8943
2-3-0-0-1-1-0-6-4-7-0-2-2-3-0 13954626 10.1004 0.005493 1e-06 10.0639
2-3-0-0-1-1-0-6-4-7-0-4-3-5-0 13954622 14.7219 0.009149 1e-06 14.6815
2-3-0-0-1-1-0-6-4-7-0-6-4-7-0 13954626 14.1846 0.008978 1e-06 14.1407
2-3-0-2-2-3-0-0-1-1-0-0-1-1-0 11426723 128.915 0.006907 2e-06 128.87
2-3-0-2-2-3-0-0-1-1-0-2-2-3-0 13942082 14.5086 0.004502 2e-06 14.4755
2-3-0-2-2-3-0-0-1-1-0-4-3-5-0 13103489 19.3283 0.006509 2e-06 19.2823
2-3-0-2-2-3-0-0-1-1-0-6-4-7-0 13954551 19.0198 0.006296 1e-06 18.9741
2-3-0-2-2-3-0-2-2-3-0-0-1-1-0 11426723 23.0406 0.002218 5e-06 23.0099
2-3-0-2-2-3-0-2-2-3-0-2-2-3-0 34713 5.9577 0.001205 3e-06 5.92653
2-3-0-2-2-3-0-2-2-3-0-4-3-5-0 1807215 7.22701 0.002531 2e-06 7.19015
2-3-0-2-2-3-0-2-2-3-0-6-4-7-0 6345795 8.74933 0.004199 1e-06 8.7132
2-3-0-2-2-3-0-4-3-5-0-0-1-1-0 13373259 83.757 0.004106 1e-06 83.7223
2-3-0-2-2-3-0-4-3-5-0-2-2-3-0 12401496 6.02954 0.017281 1e-06 5.97952
2-3-0-2-2-3-0-4-3-5-0-4-3-5-0 12620533 10.7841 0.011654 1e-06 10.7344
2-3-0-2-2-3-0-4-3-5-0-6-4-7-0 13891951 10.7861 0.011125 2e-06 10.7355
2-3-0-2-2-3-0-6-4-7-0-0-1-1-0 13954626 118.834 0.006295 1e-06 118.797
2-3-0-2-2-3-0-6-4-7-0-2-2-3-0 13689497 7.61451 0.021779 1e-06 7.56079
2-3-0-2-2-3-0-6-4-7-0-4-3-5-0 13721768 12.4502 0.017003 1e-06 12.3992
2-3-0-2-2-3-0-6-4-7-0-6-4-7-0 13954431 11.9391 0.014235 1e-06 11.8912
2-3-0-4-3-5-0-0-1-1-0-0-1-1-0 13373259 148.397 0.007592 5e-06 148.345
2-3-0-4-3-5-0-0-1-1-0-2-2-3-0 13950086 33.3768 0.005143 2e-06 33.3363
2-3-0-4-3-5-0-0-1-1-0-4-3-5-0 13749399 40.2743 0.008122 2e-06 40.2266
2-3-0-4-3-5-0-0-1-1-0-6-4-7-0 13954585 41.1119 0.008718 3e-06 41.0664
2-3-0-4-3-5-0-2-2-3-0-0-1-1-0 13954626 79.0875 0.007428 1e-06 79.0492
2-3-0-4-3-5-0-2-2-3-0-2-2-3-0 12401496 5.0239 0.003374 3e-06 4.98566
2-3-0-4-3-5-0-2-2-3-0-4-3-5-0 13920727 8.15239 0.016572 1e-06 8.10184
2-3-0-4-3-5-0-2-2-3-0-6-4-7-0 13954585 8.4742 0.01533 1e-06 8.42484
2-3-0-4-3-5-0-4-3-5-0-0-1-1-0 13954626 86.2993 0.015318 1e-06 86.2496
2-3-0-4-3-5-0-4-3-5-0-2-2-3-0 13942369 7.54108 0.007657 1e-06 7.49702
2-3-0-4-3-5-0-4-3-5-0-4-3-5-0 13780903 11.9517 0.026519 1e-06 11.8835
2-3-0-4-3-5-0-4-3-5-0-6-4-7-0 13954598 12.0839 0.023383 3e-06 12.0199
2-3-0-4-3-5-0-6-4-7-0-0-1-1-0 13954626 94.5294 0.117538 3e-06 94.3667
2-3-0-4-3-5-0-6-4-7-0-2-2-3-0 13953921 7.83751 0.07602 3e-06 7.72178
2-3-0-4-3-5-0-6-4-7-0-4-3-5-0 13953164 12.4611 0.028114 1e-06 12.3892
2-3-0-4-3-5-0-6-4-7-0-6-4-7-0 13954626 12.1285 0.022246 2e-06 12.0675
2-3-0-6-4-7-0-0-1-1-0-0-1-1-0 13954626 173.982 0.006518 1e-06 173.932
2-3-0-6-4-7-0-0-1-1-0-2-2-3-0 13954626 56.5193 0.004019 3e-06 56.4854
2-3-0-6-4-7-0-0-1-1-0-4-3-5-0 13954626 61.3275 0.038723 2e-06 61.2542
2-3-0-6-4-7-0-0-1-1-0-6-4-7-0 13954626 68.3273 0.007867 1e-06 68.2775
2-3-0-6-4-7-0-2-2-3-0-0-1-1-0 13954626 89.5614 0.087349 1e-06 89.4342
2-3-0-6-4-7-0-2-2-3-0-2-2-3-0 13689497 5.55852 0.002834 1e-06 5.52506
2-3-0-6-4-7-0-2-2-3-0-4-3-5-0 13952209 8.62956 0.018041 1e-06 8.5799
2-3-0-6-4-7-0-2-2-3-0-6-4-7-0 13954626 9.2722 0.049651 2e-06 9.18889
2-3-0-6-4-7-0-4-3-5-0-0-1-1-0 13954626 83.6709 0.019118 2e-06 83.6172
2-3-0-6-4-7-0-4-3-5-0-2-2-3-0 13954500 8.53909 0.005427 6e-06 8.49821
2-3-0-6-4-7-0-4-3-5-0-4-3-5-0 13850279 13.3365 0.052876 3e-06 13.2425
2-3-0-6-4-7-0-4-3-5-0-6-4-7-0 13954626 13.1103 0.054807 1e-06 13.018
2-3-0-6-4-7-0-6-4-7-0-0-1-1-0 13954626 91.1792 0.148248 1e-06 90.9978
2-3-0-6-4-7-0-6-4-7-0-2-2-3-0 13954626 8.59939 0.036815 1e-06 8.52888
2-3-0-6-4-7-0-6-4-7-0-4-3-5-0 13954620 13.3624 0.108932 3e-06 13.2115
2-3-0-6-4-7-0-6-4-7-0-6-4-7-0 13954626 13.2172 0.026945 2e-06 13.1512
3-5-0-0-1-1-0-0-1-1-0-0-1-1-0 66667832 195.937 0.017016 0 195.882
3-5-0-0-1-1-0-0-1-1-0-2-2-3-0 261068775 77.9522 0.055098 3e-06 77.8666
3-5-0-0-1-1-0-0-1-1-0-4-3-5-0 159103520 82.3014 0.019549 1e-06 82.2502
3-5-0-0-1-1-0-0-1-1-0-6-4-7-0 264520476 81.7987 0.054011 1e-06 81.7152
3-5-0-0-1-1-0-2-2-3-0-0-1-1-0 264547773 82.6977 0.053561 1e-06 82.6051
3-5-0-0-1-1-0-2-2-3-0-2-2-3-0 261068775 6.62636 0.028846 1e-06 6.56902
3-5-0-0-1-1-0-2-2-3-0-4-3-5-0 264505054 10.2433 0.028534 1e-06 10.1775
3-5-0-0-1-1-0-2-2-3-0-6-4-7-0 264547773 11.2658 0.03853 4e-06 11.1928
3-5-0-0-1-1-0-4-3-5-0-0-1-1-0 264547773 80.4856 0.02981 1e-06 80.4246
3-5-0-0-1-1-0-4-3-5-0-2-2-3-0 264335304 8.61726 0.044685 2e-06 8.53458
3-5-0-0-1-1-0-4-3-5-0-4-3-5-0 261568906 13.1766 0.036504 1e-06 13.1054
3-5-0-0-1-1-0-4-3-5-0-6-4-7-0 264546039 12.8838 0.027502 1e-06 12.8232
3-5-0-0-1-1-0-6-4-7-0-0-1-1-0 264547773 95.5598 0.056745 1e-06 95.466
3-5-0-0-1-1-0-6-4-7-0-2-2-3-0 264547773 9.24511 0.025104 7e-06 9.18736
3-5-0-0-1-1-0-6-4-7-0-4-3-5-0 264547070 13.5789 0.028483 1e-06 13.5171
3-5-0-0-1-1-0-6-4-7-0-6-4-7-0 264547773 13.7501 0.038846 5e-06 13.6739
3-5-0-2-2-3-0-0-1-1-0-0-1-1-0 262992233 146.621 0.074557 1e-06 146.501
3-5-0-2-2-3-0-0-1-1-0-2-2-3-0 264546361 29.0262 0.053001 0 28.9409
3-5-0-2-2-3-0-0-1-1-0-4-3-5-0 264299335 27.5281 0.068165 3e-06 27.4265
3-5-0-2-2-3-0-0-1-1-0-6-4-7-0 264547769 30.6939 0.047275 5e-06 30.6153
3-5-0-2-2-3-0-2-2-3-0-0-1-1-0 262992233 32.9916 0.066884 1e-06 32.8815
3-5-0-2-2-3-0-2-2-3-0-2-2-3-0 18178411 5.35644 0.003914 2e-06 5.30375
3-5-0-2-2-3-0-2-2-3-0-4-3-5-0 186718068 7.26941 0.039993 3e-06 7.19277
3-5-0-2-2-3-0-2-2-3-0-6-4-7-0 254483838 8.60631 0.048062 1e-06 8.51894
3-5-0-2-2-3-0-4-3-5-0-0-1-1-0 264534436 93.4312 0.068823 3e-06 93.3212
3-5-0-2-2-3-0-4-3-5-0-2-2-3-0 263938876 6.17047 0.045388 2e-06 6.09223
3-5-0-2-2-3-0-4-3-5-0-4-3-5-0 260987845 10.7625 0.053259 1e-06 10.6735
3-5-0-2-2-3-0-4-3-5-0-6-4-7-0 264545893 10.9667 0.053187 1e-06 10.8788
3-5-0-2-2-3-0-6-4-7-0-0-1-1-0 264547773 106.543 0.104183 3e-06 106.397
3-5-0-2-2-3-0-6-4-7-0-2-2-3-0 264526605 7.1233 0.047011 2e-06 7.04368
3-5-0-2-2-3-0-6-4-7-0-4-3-5-0 264348044 11.71 0.057845 4e-06 11.6102
3-5-0-2-2-3-0-6-4-7-0-6-4-7-0 264547772 11.6421 0.058387 3e-06 11.5484
3-5-0-4-3-5-0-0-1-1-0-0-1-1-0 242448037 157.275 0.960536 1e-06 156.268
3-5-0-4-3-5-0-0-1-1-0-2-2-3-0 264223483 31.5117 0.048574 3e-06 31.4298
3-5-0-4-3-5-0-0-1-1-0-4-3-5-0 254223236 39.7352 0.041002 1e-06 39.6579
3-5-0-4-3-5-0-0-1-1-0-6-4-7-0 264544959 39.1679 0.066786 1e-06 39.0585
3-5-0-4-3-5-0-2-2-3-0-0-1-1-0 264272027 74.9288 0.865514 1e-06 74.0241
3-5-0-4-3-5-0-2-2-3-0-2-2-3-0 223199128 5.81648 0.254667 3e-06 5.52271
3-5-0-4-3-5-0-2-2-3-0-4-3-5-0 256552028 8.9504 0.19722 2e-06 8.71367
3-5-0-4-3-5-0-2-2-3-0-6-4-7-0 262665496 9.69822 0.526677 3e-06 9.12902
3-5-0-4-3-5-0-4-3-5-0-0-1-1-0 254851812 86.2662 3.55198 3e-06 82.6624
3-5-0-4-3-5-0-4-3-5-0-2-2-3-0 252870735 10.6521 2.81874 1e-06 7.79385
3-5-0-4-3-5-0-4-3-5-0-4-3-5-0 249802666 15.3232 2.86272 1e-06 12.4154
3-5-0-4-3-5-0-4-3-5-0-6-4-7-0 253260419 19.7854 7.46881 4e-06 12.2628
3-5-0-4-3-5-0-6-4-7-0-0-1-1-0 264536355 108.845 3.46888 1e-06 105.335
3-5-0-4-3-5-0-6-4-7-0-2-2-3-0 261395656 9.38947 1.07086 2e-06 8.28196
3-5-0-4-3-5-0-6-4-7-0-4-3-5-0 263215652 14.3407 1.39475 2e-06 12.9052
3-5-0-4-3-5-0-6-4-7-0-6-4-7-0 264542880 16.1681 3.4458 1e-06 12.6766
3-5-0-6-4-7-0-0-1-1-0-0-1-1-0 264536355 169.544 0.865096 3e-06 168.638
3-5-0-6-4-7-0-0-1-1-0-2-2-3-0 264547768 48.2701 0.859692 3e-06 47.3784
3-5-0-6-4-7-0-0-1-1-0-4-3-5-0 264545622 50.4183 0.854321 1e-06 49.5232
3-5-0-6-4-7-0-0-1-1-0-6-4-7-0 264547773 54.3739 0.889824 3e-06 53.4383
3-5-0-6-4-7-0-2-2-3-0-0-1-1-0 264547773 96.9011 0.941822 8e-06 95.9013
3-5-0-6-4-7-0-2-2-3-0-2-2-3-0 258664239 6.63993 0.58509 3e-06 6.0188
3-5-0-6-4-7-0-2-2-3-0-4-3-5-0 264488100 10.0457 0.869341 2e-06 9.13622
3-5-0-6-4-7-0-2-2-3-0-6-4-7-0 264547773 10.4642 0.860718 1e-06 9.56683
3-5-0-6-4-7-0-4-3-5-0-0-1-1-0 264547773 92.703 0.875755 3e-06 91.7835
3-5-0-6-4-7-0-4-3-5-0-2-2-3-0 264545259 9.41053 0.856182 2e-06 8.51676
3-5-0-6-4-7-0-4-3-5-0-4-3-5-0 263135171 13.6458 0.87374 1e-06 12.7259
3-5-0-6-4-7-0-4-3-5-0-6-4-7-0 264547770 13.6566 0.865724 3e-06 12.7495
3-5-0-6-4-7-0-6-4-7-0-0-1-1-0 264547773 99.2664 0.883434 1e-06 98.3359
3-5-0-6-4-7-0-6-4-7-0-2-2-3-0 264547767 9.33131 0.862669 1e-06 8.42815
3-5-0-6-4-7-0-6-4-7-0-4-3-5-0 264547650 14.4392 0.974642 1e-06 13.4254
3-5-0-6-4-7-0-6-4-7-0-6-4-7-0 264547773 13.9001 0.884446 3e-06 12.9744
4-7-0-0-1-1-0-0-1-1-0-0-1-1-0 15626706 199.36 0.007681 3e-06 199.316
4-7-0-0-1-1-0-0-1-1-0-2-2-3-0 15794087 79.5569 0.009519 3.1e-05 79.5114
4-7-0-0-1-1-0-0-1-1-0-4-3-5-0 15740985 82.3957 0.008573 1e-06 82.3532
4-7-0-0-1-1-0-0-1-1-0-6-4-7-0 15794415 83.8121 0.008809 3e-06 83.7683
4-7-0-0-1-1-0-2-2-3-0-0-1-1-0 15794415 90.1028 0.006291 2e-06 90.0664
4-7-0-0-1-1-0-2-2-3-0-2-2-3-0 15794087 10.2263 0.004861 3e-06 10.1935
4-7-0-0-1-1-0-2-2-3-0-4-3-5-0 15794415 14.1665 0.009479 3e-06 14.1255
4-7-0-0-1-1-0-2-2-3-0-6-4-7-0 15794415 14.3675 0.007886 1e-06 14.3281
4-7-0-0-1-1-0-4-3-5-0-0-1-1-0 15794415 86.2663 0.009577 3e-06 86.2191
4-7-0-0-1-1-0-4-3-5-0-2-2-3-0 15794372 13.5263 0.006395 1e-06 13.4882
4-7-0-0-1-1-0-4-3-5-0-4-3-5-0 15792180 17.3059 0.009259 1e-06 17.2612
4-7-0-0-1-1-0-4-3-5-0-6-4-7-0 15794415 17.3811 0.006896 3e-06 17.3397
4-7-0-0-1-1-0-6-4-7-0-0-1-1-0 15794415 100.301 0.008104 2e-06 100.263
4-7-0-0-1-1-0-6-4-7-0-2-2-3-0 15794415 12.4273 0.006149 1e-06 12.3893
4-7-0-0-1-1-0-6-4-7-0-4-3-5-0 15794415 17.4667 0.011638 1e-06 17.4173
4-7-0-0-1-1-0-6-4-7-0-6-4-7-0 15794415 17.9299 0.010899 1e-06 17.8847
4-7-0-2-2-3-0-0-1-1-0-0-1-1-0 15794415 156.105 0.034505 4e-06 156.032
4-7-0-2-2-3-0-0-1-1-0-2-2-3-0 15794415 39.3596 0.031418 1e-06 39.298
4-7-0-2-2-3-0-0-1-1-0-4-3-5-0 15794415 42.746 0.005847 1e-06 42.7061
4-7-0-2-2-3-0-0-1-1-0-6-4-7-0 15794415 40.7401 0.009393 1e-06 40.6959
4-7-0-2-2-3-0-2-2-3-0-0-1-1-0 15794415 47.9961 0.031383 1e-06 47.9311
4-7-0-2-2-3-0-2-2-3-0-2-2-3-0 10219172 5.4007 0.002364 3e-06 5.36829
4-7-0-2-2-3-0-2-2-3-0-4-3-5-0 15662521 7.22227 0.011332 1e-06 7.17799
4-7-0-2-2-3-0-2-2-3-0-6-4-7-0 15792946 8.72653 0.024294 1e-06 8.67075
4-7-0-2-2-3-0-4-3-5-0-0-1-1-0 15794415 89.4881 0.004424 7e-06 89.4463
4-7-0-2-2-3-0-4-3-5-0-2-2-3-0 15794338 6.31828 0.056768 1e-06 6.22495
4-7-0-2-2-3-0-4-3-5-0-4-3-5-0 15743848 10.7538 0.028329 3e-06 10.688
4-7-0-2-2-3-0-4-3-5-0-6-4-7-0 15794415 11.0021 0.025606 2e-06 10.94
4-7-0-2-2-3-0-6-4-7-0-0-1-1-0 15794415 102.22 0.068072 1e-06 102.117
4-7-0-2-2-3-0-6-4-7-0-2-2-3-0 15794414 7.20908 0.032492 1e-06 7.14351
4-7-0-2-2-3-0-6-4-7-0-4-3-5-0 15794371 12.1189 0.04421 1e-06 12.0377
4-7-0-2-2-3-0-6-4-7-0-6-4-7-0 15794415 11.6597 0.043044 2e-06 11.581
4-7-0-4-3-5-0-0-1-1-0-0-1-1-0 15758734 148.012 0.014066 2e-06 147.959
4-7-0-4-3-5-0-0-1-1-0-2-2-3-0 15794374 34.0297 0.00609 3e-06 33.9907
4-7-0-4-3-5-0-0-1-1-0-4-3-5-0 15784512 39.0708 0.007277 1e-06 39.0248
4-7-0-4-3-5-0-0-1-1-0-6-4-7-0 15794415 38.5865 0.017019 1e-06 38.5341
4-7-0-4-3-5-0-2-2-3-0-0-1-1-0 15794415 75.2782 0.0875 1e-06 75.1482
4-7-0-4-3-5-0-2-2-3-0-2-2-3-0 15752999 6.19196 0.108136 1e-06 6.04988
4-7-0-4-3-5-0-2-2-3-0-4-3-5-0 15793767 9.29554 0.019317 3e-06 9.22549
4-7-0-4-3-5-0-2-2-3-0-6-4-7-0 15794415 9.67118 0.018278 1e-06 9.61621
4-7-0-4-3-5-0-4-3-5-0-0-1-1-0 15794415 88.3752 0.029604 2e-06 88.3057
4-7-0-4-3-5-0-4-3-5-0-2-2-3-0 15794351 8.42903 0.151852 1e-06 8.23799
4-7-0-4-3-5-0-4-3-5-0-4-3-5-0 15614461 12.6175 0.041072 2e-06 12.5358
4-7-0-4-3-5-0-4-3-5-0-6-4-7-0 15794415 12.974 0.083401 2e-06 12.8497
4-7-0-4-3-5-0-6-4-7-0-0-1-1-0 15794415 98.514 0.016079 2e-06 98.4629
4-7-0-4-3-5-0-6-4-7-0-2-2-3-0 15794415 8.53752 0.08711 1e-06 8.40859
4-7-0-4-3-5-0-6-4-7-0-4-3-5-0 15794412 13.6831 0.038542 1e-06 13.6047
4-7-0-4-3-5-0-6-4-7-0-6-4-7-0 15794415 13.1238 0.037991 1e-06 13.0457
4-7-0-6-4-7-0-0-1-1-0-0-1-1-0 15794415 160.126 0.150128 1e-06 159.935
4-7-0-6-4-7-0-0-1-1-0-2-2-3-0 15794415 44.761 0.004829 1e-06 44.723
4-7-0-6-4-7-0-0-1-1-0-4-3-5-0 15794415 48.1962 0.006569 1e-06 48.1516
4-7-0-6-4-7-0-0-1-1-0-6-4-7-0 15794415 48.1146 0.008788 2e-06 48.0705
4-7-0-6-4-7-0-2-2-3-0-0-1-1-0 15794415 91.727 0.082042 6e-06 91.6024
4-7-0-6-4-7-0-2-2-3-0-2-2-3-0 15792398 6.17729 0.074577 1e-06 6.06963
4-7-0-6-4-7-0-2-2-3-0-4-3-5-0 15794397 9.42784 0.017521 1e-06 9.3763
4-7-0-6-4-7-0-2-2-3-0-6-4-7-0 15794415 10.0716 0.050076 1e-06 9.98721
4-7-0-6-4-7-0-4-3-5-0-0-1-1-0 15794415 86.8972 0.02007 3e-06 86.8391
4-7-0-6-4-7-0-4-3-5-0-2-2-3-0 15794413 8.66854 0.006882 1e-06 8.62382
4-7-0-6-4-7-0-4-3-5-0-4-3-5-0 15792097 13.3538 0.133226 1e-06 13.1792
4-7-0-6-4-7-0-4-3-5-0-6-4-7-0 15794415 13.0963 0.133284 1e-06 12.9244
4-7-0-6-4-7-0-6-4-7-0-0-1-1-0 15794415 98.8509 0.117356 6e-06 98.686
4-7-0-6-4-7-0-6-4-7-0-2-2-3-0 15794415 8.91642 0.185508 1e-06 8.69162
4-7-0-6-4-7-0-6-4-7-0-4-3-5-0 15794415 13.7458 0.136115 1e-06 13.5648
4-7-0-6-4-7-0-6-4-7-0-6-4-7-0 15794415 13.2831 0.135818 4e-06 13.1044
