0-0-1-1-0-0-1-1-0-0-1 34713 148.881 0.005774 0 148.853
0-0-1-1-0-0-1-1-0-2-2 11426723 53.7204 0.046543 1e-06 53.6505
0-0-1-1-0-0-1-1-0-4-3 66667832 55.1185 0.234511 0 54.8642
0-0-1-1-0-0-1-1-0-6-4 15626706 54.3947 0.006827 1e-06 54.3697
0-0-1-1-0-2-2-3-0-0-1 277704 59.4628 0.006317 1e-06 59.4325
0-0-1-1-0-2-2-3-0-2-2 11426723 4.17555 0.003347 0 4.15081
0-0-1-1-0-2-2-3-0-4-3 262992233 4.09861 0.489104 1e-06 3.59202
0-0-1-1-0-2-2-3-0-6-4 15794415 3.59071 0.004287 1e-06 3.57196
0-0-1-1-0-4-3-5-0-0-1 277704 62.5044 0.003632 1e-06 62.4754
0-0-1-1-0-4-3-5-0-2-2 13373259 5.38318 0.005434 1e-06 5.35586
0-0-1-1-0-4-3-5-0-4-3 242448037 5.92774 0.050078 0 5.85493
0-0-1-1-0-4-3-5-0-6-4 15758734 5.80761 0.004976 2e-06 5.78167
0-0-1-1-0-6-4-7-0-0-1 277704 64.1625 0.005275 1e-06 64.1395
0-0-1-1-0-6-4-7-0-2-2 13954626 5.32578 0.00506 1e-06 5.29951
0-0-1-1-0-6-4-7-0-4-3 264536355 6.25878 0.051306 1e-06 6.18571
0-0-1-1-0-6-4-7-0-6-4 15794415 6.01678 0.005966 1e-06 5.99022
0-2-2-3-0-0-1-1-0-0-1 269979 104.483 0.003973 1e-06 104.459
0-2-2-3-0-0-1-1-0-2-2 13942082 10.7689 0.003745 1e-06 10.749
0-2-2-3-0-0-1-1-0-4-3 261068775 12.2764 0.063751 1e-06 12.1957
0-2-2-3-0-0-1-1-0-6-4 15794087 10.5018 0.003633 1e-06 10.4804
0-2-2-3-0-2-2-3-0-0-1 269979 19.6374 0.005949 1e-06 19.6133
0-2-2-3-0-2-2-3-0-2-2 34713 3.78427 0.001989 1e-06 3.76227
0-2-2-3-0-2-2-3-0-4-3 18178411 2.93903 0.005119 1e-06 2.91225
0-2-2-3-0-2-2-3-0-6-4 10219172 2.8919 0.011795 1e-06 2.86136
0-2-2-3-0-4-3-5-0-0-1 277212 61.9158 0.004643 1e-06 61.888
0-2-2-3-0-4-3-5-0-2-2 12401496 3.96952 0.005154 0 3.93913
0-2-2-3-0-4-3-5-0-4-3 223199128 4.06035 0.042571 0 3.99221
0-2-2-3-0-4-3-5-0-6-4 15752999 4.32314 0.005518 0 4.2955
0-2-2-3-0-6-4-7-0-0-1 277704 77.5645 0.003998 0 77.5323
0-2-2-3-0-6-4-7-0-2-2 13689497 4.9757 0.005099 0 4.94634
0-2-2-3-0-6-4-7-0-4-3 258664239 5.61055 0.065176 1e-06 5.52094
0-2-2-3-0-6-4-7-0-6-4 15792398 5.26352 0.004315 0 5.23944
0-4-3-5-0-0-1-1-0-0-1 125547 102.199 0.002162 1e-06 102.174
0-4-3-5-0-0-1-1-0-2-2 13103489 9.93262 0.004477 2e-06 9.9024
0-4-3-5-0-0-1-1-0-4-3 159103520 8.4896 0.024525 0 8.4422
0-4-3-5-0-0-1-1-0-6-4 15740985 8.94301 0.005539 0 8.91744
0-4-3-5-0-2-2-3-0-0-1 277597 51.3978 0.001536 1e-06 51.3739
0-4-3-5-0-2-2-3-0-2-2 1807215 3.34293 0.002409 2e-06 3.31509
0-4-3-5-0-2-2-3-0-4-3 186718068 2.81064 0.052383 1e-06 2.73447
0-4-3-5-0-2-2-3-0-6-4 15662521 3.18853 0.498548 1e-06 2.66504
0-4-3-5-0-4-3-5-0-0-1 273654 62.6249 0.004748 0 62.5944
0-4-3-5-0-4-3-5-0-2-2 12620533 4.43243 0.009373 1e-06 4.39458
0-4-3-5-0-4-3-5-0-4-3 228319167 5.26432 0.131358 1e-06 5.10307
0-4-3-5-0-4-3-5-0-6-4 15556071 5.36892 0.047978 0 5.28864
0-4-3-5-0-6-4-7-0-0-1 277700 75.4267 0.006108 1e-06 75.3893
0-4-3-5-0-6-4-7-0-2-2 13721768 5.23984 0.033108 0 5.17886
0-4-3-5-0-6-4-7-0-4-3 260634304 6.02095 0.160978 2e-06 5.83435
0-4-3-5-0-6-4-7-0-6-4 15790892 5.66054 0.017016 0 5.62007
0-6-4-7-0-0-1-1-0-0-1 277619 114.09 0.006061 0 114.055
0-6-4-7-0-0-1-1-0-2-2 13954551 18.62 0.005443 1e-06 18.5898
0-6-4-7-0-0-1-1-0-4-3 264520476 19.5333 0.060286 1e-06 19.4519
0-6-4-7-0-0-1-1-0-6-4 15794415 16.7589 0.00445 0 16.7351
0-6-4-7-0-2-2-3-0-0-1 277704 69.8296 0.007989 0 69.7964
0-6-4-7-0-2-2-3-0-2-2 6345795 3.74612 0.003339 0 3.71713
0-6-4-7-0-2-2-3-0-4-3 254483838 3.18163 0.051788 0 3.10701
0-6-4-7-0-2-2-3-0-6-4 15792946 3.32512 0.010701 1e-06 3.29211
0-6-4-7-0-4-3-5-0-0-1 277701 58.4909 0.011903 1e-06 58.4519
0-6-4-7-0-4-3-5-0-2-2 13891951 5.42053 0.007464 0 5.38749
0-6-4-7-0-4-3-5-0-4-3 251652169 5.69545 0.062901 0 5.608
0-6-4-7-0-4-3-5-0-6-4 15794346 5.64352 0.020202 1e-06 5.60004
0-6-4-7-0-6-4-7-0-0-1 277704 70.8426 0.003189 1e-06 70.8128
0-6-4-7-0-6-4-7-0-2-2 13954431 5.61675 0.005103 1e-06 5.58724
0-6-4-7-0-6-4-7-0-4-3 264542228 6.3705 0.064627 1e-06 6.28292
0-6-4-7-0-6-4-7-0-6-4 15794414 5.89371 0.019029 2e-06 5.85265
1-1-0-0-1-1-0-0-1-1-0 34713 95.6809 0.003168 1e-06 95.6546
1-1-0-0-1-1-0-2-2-3-0 269979 26.5611 0.001801 0 26.5373
1-1-0-0-1-1-0-4-3-5-0 125547 30.1401 0.001961 1e-06 30.1148
1-1-0-0-1-1-0-6-4-7-0 277619 30.3305 0.005452 0 30.2994
1-1-0-2-2-3-0-0-1-1-0 277704 35.4839 0.003973 0 35.4583
1-1-0-2-2-3-0-2-2-3-0 269979 2.51437 0.001195 1e-06 2.48114
1-1-0-2-2-3-0-4-3-5-0 277597 3.86347 0.004171 1e-06 3.8333
1-1-0-2-2-3-0-6-4-7-0 277704 4.79071 0.00373 1e-06 4.76273
1-1-0-4-3-5-0-0-1-1-0 277704 33.9749 0.004472 1e-06 33.9483
1-1-0-4-3-5-0-2-2-3-0 277212 3.13191 0.003264 1e-06 3.10434
1-1-0-4-3-5-0-4-3-5-0 273654 5.95111 0.007774 0 5.91837
1-1-0-4-3-5-0-6-4-7-0 277701 5.8077 0.004502 0 5.77826
1-1-0-6-4-7-0-0-1-1-0 277704 43.1577 0.005132 0 43.1315
1-1-0-6-4-7-0-2-2-3-0 277704 3.21576 0.002874 1e-06 3.19011
1-1-0-6-4-7-0-4-3-5-0 277700 6.46637 0.0061 0 6.43506
1-1-0-6-4-7-0-6-4-7-0 277704 6.39306 0.005744 1e-06 6.36343
2-3-0-0-1-1-0-0-1-1-0 11426723 75.5166 0.005808 1e-06 75.485
2-3-0-0-1-1-0-2-2-3-0 13942082 4.54036 0.004538 1e-06 4.51761
2-3-0-0-1-1-0-4-3-5-0 13103489 8.39364 0.004639 1e-06 8.36706
2-3-0-0-1-1-0-6-4-7-0 13954551 7.87188 0.005097 0 7.84616
2-3-0-2-2-3-0-0-1-1-0 11426723 12.8672 0.003036 1e-06 12.8443
2-3-0-2-2-3-0-2-2-3-0 34713 2.76559 0.000776 0 2.7454
2-3-0-2-2-3-0-4-3-5-0 1807215 3.75093 0.00224 1e-06 3.72364
2-3-0-2-2-3-0-6-4-7-0 6345795 4.50824 0.004029 0 4.48096
2-3-0-4-3-5-0-0-1-1-0 13373259 29.1402 0.006164 1e-06 29.1096
2-3-0-4-3-5-0-2-2-3-0 12401496 1.87316 0.003962 0 1.84645
2-3-0-4-3-5-0-4-3-5-0 12620533 5.03779 0.011711 0 4.99969
2-3-0-4-3-5-0-6-4-7-0 13891951 5.19986 0.010004 1e-06 5.16566
2-3-0-6-4-7-0-0-1-1-0 13954626 55.9619 0.00503 1e-06 55.9322
2-3-0-6-4-7-0-2-2-3-0 13689497 3.21631 0.003153 2e-06 3.1915
2-3-0-6-4-7-0-4-3-5-0 13721768 6.42067 0.016867 2e-06 6.37885
2-3-0-6-4-7-0-6-4-7-0 13954431 6.24273 0.035749 1e-06 6.18302
3-5-0-0-1-1-0-0-1-1-0 66667832 76.422 0.00975 0 76.3913
3-5-0-0-1-1-0-2-2-3-0 261068775 3.41383 0.045658 2e-06 3.34881
3-5-0-0-1-1-0-4-3-5-0 159103520 6.32151 0.016859 1e-06 6.28231
3-5-0-0-1-1-0-6-4-7-0 264520476 6.18726 0.029121 1e-06 6.13562
3-5-0-2-2-3-0-0-1-1-0 262992233 26.813 0.053725 1e-06 26.7374
3-5-0-2-2-3-0-2-2-3-0 18178411 2.28256 0.00822 0 2.24904
3-5-0-2-2-3-0-4-3-5-0 186718068 3.72711 0.030621 1e-06 3.66984
3-5-0-2-2-3-0-6-4-7-0 254483838 4.42636 0.0482 1e-06 4.35161
3-5-0-4-3-5-0-0-1-1-0 242448037 31.1664 1.0329 4e-06 30.1049
3-5-0-4-3-5-0-2-2-3-0 223199128 2.74899 0.33334 1e-06 2.38845
3-5-0-4-3-5-0-4-3-5-0 228319167 5.74178 0.307442 1e-06 5.40404
3-5-0-4-3-5-0-6-4-7-0 251652169 7.44172 2.01283 1e-06 5.39571
3-5-0-6-4-7-0-0-1-1-0 264536355 47.0518 0.950628 1e-06 46.0742
3-5-0-6-4-7-0-2-2-3-0 258664239 3.74723 0.575822 1e-06 3.14501
3-5-0-6-4-7-0-4-3-5-0 260634304 7.18719 0.739389 1e-06 6.42052
3-5-0-6-4-7-0-6-4-7-0 264542228 7.24872 0.930151 1e-06 6.2893
4-7-0-0-1-1-0-0-1-1-0 15626706 77.5878 0.00593 2e-06 77.5566
4-7-0-0-1-1-0-2-2-3-0 15794087 7.62107 0.00444 1e-06 7.59801
4-7-0-0-1-1-0-4-3-5-0 15740985 11.2109 0.004978 0 11.1846
4-7-0-0-1-1-0-6-4-7-0 15794415 10.4411 0.005737 1e-06 10.4144
4-7-0-2-2-3-0-0-1-1-0 15794415 36.1876 0.031443 0 36.1366
4-7-0-2-2-3-0-2-2-3-0 10219172 2.43689 0.005764 1e-06 2.40897
4-7-0-2-2-3-0-4-3-5-0 15662521 3.95166 0.011473 1e-06 3.91698
4-7-0-2-2-3-0-6-4-7-0 15792946 4.63081 0.025582 1e-06 4.5819
4-7-0-4-3-5-0-0-1-1-0 15758734 30.9469 0.013155 6e-06 30.907
4-7-0-4-3-5-0-2-2-3-0 15752999 3.07325 0.005568 1e-06 3.04341
4-7-0-4-3-5-0-4-3-5-0 15556071 6.04515 0.02474 0 5.99293
4-7-0-4-3-5-0-6-4-7-0 15794346 6.06916 0.022784 1e-06 6.02032
4-7-0-6-4-7-0-0-1-1-0 15794415 40.9342 0.11286 0 40.7967
4-7-0-6-4-7-0-2-2-3-0 15792398 3.29849 0.003163 1e-06 3.27268
4-7-0-6-4-7-0-4-3-5-0 15790892 6.49593 0.025117 0 6.44472
4-7-0-6-4-7-0-6-4-7-0 15794414 6.46443 0.022389 0 6.41741
