0-0-1-1-0 197321793 2.16601 1.4653 0 0.69193
0-2-2-3-0 13786567 0.208717 0.00205 1e-06 0.200426
0-4-3-5-0 4316287 0.531298 0.003852 0 0.514984
0-6-4-7-0 44408829 0.803466 0.013721 0 0.778711
1-1-0-0-1 8 26.1028 0.003651 1e-06 26.0861
1-1-0-2-2 2501 0.609107 0.00041 0 0.602623
1-1-0-4-3 12415 0.759398 0.000522 0 0.752354
1-1-0-6-4 3588 0.751949 0.000439 0 0.745801
2-3-0-0-1 2501 3.78747 0.000132 0 3.78051
2-3-0-2-2 402 0.740949 0.000105 0 0.730885
2-3-0-4-3 58197 0.528544 0.000382 1e-06 0.52079
2-3-0-6-4 49523 0.591676 0.000427 0 0.584633
3-5-0-0-1 12415 1.99154 0.001555 0 1.97887
3-5-0-2-2 58197 0.424953 0.00028 1e-06 0.41313
3-5-0-4-3 3669643 0.601201 0.003324 0 0.586735
3-5-0-6-4 1623543 0.687261 0.00128 0 0.677093
4-7-0-0-1 3588 6.73407 0.00022 0 6.72566
4-7-0-2-2 49523 0.53193 0.000237 1e-06 0.519985
4-7-0-4-3 1623543 0.894308 0.001434 0 0.883438
4-7-0-6-4 200839 0.815444 0.000752 0 0.80606
