0-0-1-1-0-0-1-1-0-0-1-1-0-0-1 34713 295.577 0.006822 3e-06 295.536
0-0-1-1-0-0-1-1-0-0-1-1-0-2-2 11426723 149.994 0.040132 2e-06 149.913
0-0-1-1-0-0-1-1-0-0-1-1-0-4-3 66667832 149.74 0.141527 1e-06 149.546
0-0-1-1-0-0-1-1-0-0-1-1-0-6-4 15626706 150.783 0.008681 2e-06 150.727
0-0-1-1-0-0-1-1-0-2-2-3-0-0-1 277704 155.241 0.004059 1e-06 155.21
0-0-1-1-0-0-1-1-0-2-2-3-0-2-2 11426723 57.1068 0.006443 3e-06 57.0706
0-0-1-1-0-0-1-1-0-2-2-3-0-4-3 262992233 56.9171 0.230201 1e-06 56.6643
0-0-1-1-0-0-1-1-0-2-2-3-0-6-4 15794415 56.424 0.008616 1e-06 56.3879
0-0-1-1-0-0-1-1-0-4-3-5-0-0-1 277704 157.714 0.005755 3e-06 157.674
0-0-1-1-0-0-1-1-0-4-3-5-0-2-2 13373259 57.9474 0.008849 2e-06 57.9009
0-0-1-1-0-0-1-1-0-4-3-5-0-4-3 242448037 57.7688 0.062512 1e-06 57.6758
0-0-1-1-0-0-1-1-0-4-3-5-0-6-4 15758734 58.6455 0.007165 0 58.6099
0-0-1-1-0-0-1-1-0-6-4-7-0-0-1 277704 164.753 0.007019 1e-06 164.712
0-0-1-1-0-0-1-1-0-6-4-7-0-2-2 13954626 57.9701 0.009998 1e-06 57.9266
0-0-1-1-0-0-1-1-0-6-4-7-0-4-3 264536355 58.2861 0.077951 3e-06 58.1787
0-0-1-1-0-0-1-1-0-6-4-7-0-6-4 15794415 59.3995 0.010956 1e-06 59.3549
0-0-1-1-0-2-2-3-0-0-1-1-0-0-1 277704 203.206 0.006489 2e-06 203.167
0-0-1-1-0-2-2-3-0-0-1-1-0-2-2 13954626 64.068 0.007185 3e-06 64.0262
0-0-1-1-0-2-2-3-0-0-1-1-0-4-3 264547773 64.2564 0.06006 1e-06 64.1743
0-0-1-1-0-2-2-3-0-0-1-1-0-6-4 15794415 65.8911 0.009115 1e-06 65.8505
0-0-1-1-0-2-2-3-0-2-2-3-0-0-1 277704 68.3032 0.00343 1e-06 68.2745
0-0-1-1-0-2-2-3-0-2-2-3-0-2-2 11426723 7.97349 0.004013 3e-06 7.93994
0-0-1-1-0-2-2-3-0-2-2-3-0-4-3 262992233 6.78987 0.070052 1e-06 6.69233
0-0-1-1-0-2-2-3-0-2-2-3-0-6-4 15794415 7.48463 0.007818 1e-06 7.45172
0-0-1-1-0-2-2-3-0-4-3-5-0-0-1 277704 116.078 0.00639 1e-06 116.035
0-0-1-1-0-2-2-3-0-4-3-5-0-2-2 13954626 9.3453 0.009685 1e-06 9.30393
0-0-1-1-0-2-2-3-0-4-3-5-0-4-3 264272027 9.67588 0.064666 1e-06 9.58366
0-0-1-1-0-2-2-3-0-4-3-5-0-6-4 15794415 10.1394 0.009759 1e-06 10.0985
0-0-1-1-0-2-2-3-0-6-4-7-0-0-1 277704 134.526 0.009935 1e-06 134.476
0-0-1-1-0-2-2-3-0-6-4-7-0-2-2 13954626 10.9744 0.00928 3e-06 10.932
0-0-1-1-0-2-2-3-0-6-4-7-0-4-3 264547773 11.343 0.07192 1e-06 11.2328
0-0-1-1-0-2-2-3-0-6-4-7-0-6-4 15794415 12.0036 0.010186 1e-06 11.9569
0-0-1-1-0-4-3-5-0-0-1-1-0-0-1 277704 205.699 0.006988 1e-06 205.647
0-0-1-1-0-4-3-5-0-0-1-1-0-2-2 13954626 64.2736 0.009073 3e-06 64.2117
0-0-1-1-0-4-3-5-0-0-1-1-0-4-3 264547773 63.399 0.071032 1e-06 63.2954
0-0-1-1-0-4-3-5-0-0-1-1-0-6-4 15794415 60.8478 0.009325 1e-06 60.8071
0-0-1-1-0-4-3-5-0-2-2-3-0-0-1 277704 101.105 0.007059 2e-06 101.054
0-0-1-1-0-4-3-5-0-2-2-3-0-2-2 13373259 9.05112 0.008085 3e-06 9.00993
0-0-1-1-0-4-3-5-0-2-2-3-0-4-3 264534436 8.89148 0.063147 1e-06 8.79913
0-0-1-1-0-4-3-5-0-2-2-3-0-6-4 15794415 9.20586 0.009606 2e-06 9.16647
0-0-1-1-0-4-3-5-0-4-3-5-0-0-1 277704 117.203 0.0072 1e-06 117.124
0-0-1-1-0-4-3-5-0-4-3-5-0-2-2 13954626 12.6415 0.009706 1e-06 12.597
0-0-1-1-0-4-3-5-0-4-3-5-0-4-3 254851812 12.5557 0.061226 1e-06 12.4645
0-0-1-1-0-4-3-5-0-4-3-5-0-6-4 15794415 13.3145 0.010463 0 13.2706
0-0-1-1-0-4-3-5-0-6-4-7-0-0-1 277704 126.734 0.009169 3e-06 126.674
0-0-1-1-0-4-3-5-0-6-4-7-0-2-2 13954626 13.1992 0.010013 1e-06 13.1553
0-0-1-1-0-4-3-5-0-6-4-7-0-4-3 264547773 13.7393 0.068174 1e-06 13.6409
0-0-1-1-0-4-3-5-0-6-4-7-0-6-4 15794415 14.2673 0.008088 1e-06 14.2149
0-0-1-1-0-6-4-7-0-0-1-1-0-0-1 277704 214.351 0.00812 1e-06 214.299
0-0-1-1-0-6-4-7-0-0-1-1-0-2-2 13954626 69.8865 0.007224 1e-06 69.8503
0-0-1-1-0-6-4-7-0-0-1-1-0-4-3 264547773 74.273 0.077682 3e-06 74.1534
0-0-1-1-0-6-4-7-0-0-1-1-0-6-4 15794415 72.4955 0.01049 3e-06 72.4453
0-0-1-1-0-6-4-7-0-2-2-3-0-0-1 277704 119.265 0.005615 2e-06 119.217
0-0-1-1-0-6-4-7-0-2-2-3-0-2-2 13954626 9.71322 0.007472 1e-06 9.67033
0-0-1-1-0-6-4-7-0-2-2-3-0-4-3 264547773 9.0594 0.063798 1e-06 8.96644
0-0-1-1-0-6-4-7-0-2-2-3-0-6-4 15794415 9.83915 0.011425 3e-06 9.79898
0-0-1-1-0-6-4-7-0-4-3-5-0-0-1 277704 115.471 0.009306 1e-06 115.417
0-0-1-1-0-6-4-7-0-4-3-5-0-2-2 13954626 13.0137 0.01081 1e-06 12.9669
0-0-1-1-0-6-4-7-0-4-3-5-0-4-3 264536355 13.3943 0.077483 0 13.2865
0-0-1-1-0-6-4-7-0-4-3-5-0-6-4 15794415 13.696 0.012169 1e-06 13.654
0-0-1-1-0-6-4-7-0-6-4-7-0-0-1 277704 124.459 0.011886 1e-06 124.404
0-0-1-1-0-6-4-7-0-6-4-7-0-2-2 13954626 13.6931 0.010653 1e-06 13.6438
0-0-1-1-0-6-4-7-0-6-4-7-0-4-3 264547773 13.8727 0.072323 2e-06 13.7529
0-0-1-1-0-6-4-7-0-6-4-7-0-6-4 15794415 14.4405 0.009391 1e-06 14.4007
0-2-2-3-0-0-1-1-0-0-1-1-0-0-1 269979 251.52 0.004606 1e-06 251.478
0-2-2-3-0-0-1-1-0-0-1-1-0-2-2 13942082 108.052 0.00796 6e-06 108.011
0-2-2-3-0-0-1-1-0-0-1-1-0-4-3 261068775 108.123 0.06238 1e-06 108.03
0-2-2-3-0-0-1-1-0-0-1-1-0-6-4 15794087 108.157 0.007711 2e-06 108.111
0-2-2-3-0-0-1-1-0-2-2-3-0-0-1 277704 117.998 0.004813 2e-06 117.95
0-2-2-3-0-0-1-1-0-2-2-3-0-2-2 13942082 16.566 0.006792 2e-06 16.5251
0-2-2-3-0-0-1-1-0-2-2-3-0-4-3 264546361 14.0612 0.063061 1e-06 13.974
0-2-2-3-0-0-1-1-0-2-2-3-0-6-4 15794415 14.1503 0.006698 1e-06 14.117
0-2-2-3-0-0-1-1-0-4-3-5-0-0-1 277704 121.877 0.004081 0 121.829
0-2-2-3-0-0-1-1-0-4-3-5-0-2-2 13950086 18.9219 0.007888 1e-06 18.8748
0-2-2-3-0-0-1-1-0-4-3-5-0-4-3 264223483 17.7168 0.070929 1e-06 17.6031
0-2-2-3-0-0-1-1-0-4-3-5-0-6-4 15794374 18.0111 0.006221 0 17.9754
0-2-2-3-0-0-1-1-0-6-4-7-0-0-1 277704 130.907 0.004324 1e-06 130.859
0-2-2-3-0-0-1-1-0-6-4-7-0-2-2 13954626 18.9036 0.007965 2e-06 18.8626
0-2-2-3-0-0-1-1-0-6-4-7-0-4-3 264547768 19.0025 0.069008 1e-06 18.9027
0-2-2-3-0-0-1-1-0-6-4-7-0-6-4 15794415 19.492 0.007735 2e-06 19.4447
0-2-2-3-0-2-2-3-0-0-1-1-0-0-1 269979 164.507 0.003675 1e-06 164.461
0-2-2-3-0-2-2-3-0-0-1-1-0-2-2 13942082 21.9348 0.005309 1e-06 21.8994
0-2-2-3-0-2-2-3-0-0-1-1-0-4-3 261068775 22.5751 0.06848 1e-06 22.474
0-2-2-3-0-2-2-3-0-0-1-1-0-6-4 15794087 24.2657 0.006462 1e-06 24.2212
0-2-2-3-0-2-2-3-0-2-2-3-0-0-1 269979 29.1946 0.002168 0 29.166
0-2-2-3-0-2-2-3-0-2-2-3-0-2-2 34713 7.49149 0.001907 0 7.46149
0-2-2-3-0-2-2-3-0-2-2-3-0-4-3 18178411 5.59528 0.005263 0 5.56211
0-2-2-3-0-2-2-3-0-2-2-3-0-6-4 10219172 6.26154 0.004088 1e-06 6.22825
0-2-2-3-0-2-2-3-0-4-3-5-0-0-1 277212 123.411 0.00648 3e-06 123.358
0-2-2-3-0-2-2-3-0-4-3-5-0-2-2 12401496 7.49851 0.008707 1e-06 7.4491
0-2-2-3-0-2-2-3-0-4-3-5-0-4-3 223199128 8.06217 0.060644 2e-06 7.96901
0-2-2-3-0-2-2-3-0-4-3-5-0-6-4 15752999 9.183 0.011024 3e-06 9.1266
0-2-2-3-0-2-2-3-0-6-4-7-0-0-1 277704 146.562 0.003558 1e-06 146.507
0-2-2-3-0-2-2-3-0-6-4-7-0-2-2 13689497 10.1547 0.006072 1e-06 10.1141
0-2-2-3-0-2-2-3-0-6-4-7-0-4-3 258664239 10.5398 0.073722 1e-06 10.4371
0-2-2-3-0-2-2-3-0-6-4-7-0-6-4 15792398 11.0335 0.017925 1e-06 10.984
0-2-2-3-0-4-3-5-0-0-1-1-0-0-1 277212 211.214 0.009396 1e-06 211.157
0-2-2-3-0-4-3-5-0-0-1-1-0-2-2 13953539 70.9766 0.010016 2e-06 70.9232
0-2-2-3-0-4-3-5-0-0-1-1-0-4-3 264335304 67.6534 0.067371 1e-06 67.5569
0-2-2-3-0-4-3-5-0-0-1-1-0-6-4 15794372 67.6683 0.008096 1e-06 67.6286
0-2-2-3-0-4-3-5-0-2-2-3-0-0-1 277704 106.475 0.003915 1e-06 106.432
0-2-2-3-0-4-3-5-0-2-2-3-0-2-2 12401496 7.65102 0.005798 1e-06 7.61238
0-2-2-3-0-4-3-5-0-2-2-3-0-4-3 263938876 6.76512 0.064994 3e-06 6.66674
0-2-2-3-0-4-3-5-0-2-2-3-0-6-4 15794338 7.51879 0.020607 3e-06 7.46347
0-2-2-3-0-4-3-5-0-4-3-5-0-0-1 277704 110.459 0.020797 1e-06 110.374
0-2-2-3-0-4-3-5-0-4-3-5-0-2-2 13942369 10.648 0.013362 2e-06 10.5962
0-2-2-3-0-4-3-5-0-4-3-5-0-4-3 252870735 10.7117 0.085958 1e-06 10.5924
0-2-2-3-0-4-3-5-0-4-3-5-0-6-4 15794351 11.5357 0.033739 1e-06 11.4671
0-2-2-3-0-4-3-5-0-6-4-7-0-0-1 277704 128.914 0.009079 1e-06 128.853
0-2-2-3-0-4-3-5-0-6-4-7-0-2-2 13954500 11.5927 0.010522 1e-06 11.5414
0-2-2-3-0-4-3-5-0-6-4-7-0-4-3 264545259 12.1394 0.096364 3e-06 12.0069
0-2-2-3-0-4-3-5-0-6-4-7-0-6-4 15794413 12.4788 0.029514 1e-06 12.414
0-2-2-3-0-6-4-7-0-0-1-1-0-0-1 277704 223.255 0.004633 3e-06 223.205
0-2-2-3-0-6-4-7-0-0-1-1-0-2-2 13954626 78.4438 0.008188 3e-06 78.3957
0-2-2-3-0-6-4-7-0-0-1-1-0-4-3 264547773 83.3588 0.06725 1e-06 83.2573
0-2-2-3-0-6-4-7-0-0-1-1-0-6-4 15794415 82.2961 0.00606 3e-06 82.2586
0-2-2-3-0-6-4-7-0-2-2-3-0-0-1 277704 118.039 0.009374 1e-06 117.977
0-2-2-3-0-6-4-7-0-2-2-3-0-2-2 13689497 8.79239 0.005863 2e-06 8.75325
0-2-2-3-0-6-4-7-0-2-2-3-0-4-3 264526605 7.97695 0.072395 1e-06 7.87511
0-2-2-3-0-6-4-7-0-2-2-3-0-6-4 15794414 8.87472 0.023463 1e-06 8.81849
0-2-2-3-0-6-4-7-0-4-3-5-0-0-1 277704 114.348 0.019982 1e-06 114.272
0-2-2-3-0-6-4-7-0-4-3-5-0-2-2 13953921 12.0905 0.009993 1e-06 12.0434
0-2-2-3-0-6-4-7-0-4-3-5-0-4-3 261395656 12.5722 0.100862 1e-06 12.4373
0-2-2-3-0-6-4-7-0-4-3-5-0-6-4 15794415 13.2518 0.028754 1e-06 13.1917
0-2-2-3-0-6-4-7-0-6-4-7-0-0-1 277704 124.778 0.017709 1e-06 124.71
0-2-2-3-0-6-4-7-0-6-4-7-0-2-2 13954626 12.6739 0.007766 1e-06 12.625
0-2-2-3-0-6-4-7-0-6-4-7-0-4-3 264547767 13.173 0.103388 0 13.038
0-2-2-3-0-6-4-7-0-6-4-7-0-6-4 15794415 13.8187 0.028445 1e-06 13.7599
0-4-3-5-0-0-1-1-0-0-1-1-0-0-1 125547 248.796 0.00655 1e-06 248.741
0-4-3-5-0-0-1-1-0-0-1-1-0-2-2 13103489 103.579 0.008832 1e-06 103.533
0-4-3-5-0-0-1-1-0-0-1-1-0-4-3 159103520 106.459 0.059013 1e-06 106.366
0-4-3-5-0-0-1-1-0-0-1-1-0-6-4 15740985 108.396 0.010543 1e-06 108.345
0-4-3-5-0-0-1-1-0-2-2-3-0-0-1 277704 116.756 0.005115 2e-06 116.706
0-4-3-5-0-0-1-1-0-2-2-3-0-2-2 13103489 12.3862 0.007616 1e-06 12.3461
0-4-3-5-0-0-1-1-0-2-2-3-0-4-3 264299335 13.9868 0.075289 1e-06 13.8842
0-4-3-5-0-0-1-1-0-2-2-3-0-6-4 15794415 13.9351 0.008744 1e-06 13.8914
0-4-3-5-0-0-1-1-0-4-3-5-0-0-1 277704 120.762 0.005278 1e-06 120.711
0-4-3-5-0-0-1-1-0-4-3-5-0-2-2 13749399 16.4486 0.009087 1e-06 16.4039
0-4-3-5-0-0-1-1-0-4-3-5-0-4-3 254223236 16.5421 0.079127 0 16.4288
0-4-3-5-0-0-1-1-0-4-3-5-0-6-4 15784512 16.3822 0.009041 1e-06 16.3387
0-4-3-5-0-0-1-1-0-6-4-7-0-0-1 277704 129.011 0.00585 1e-06 128.962
0-4-3-5-0-0-1-1-0-6-4-7-0-2-2 13954626 17.6059 0.010299 1e-06 17.5606
0-4-3-5-0-0-1-1-0-6-4-7-0-4-3 264545622 17.059 0.086006 2e-06 16.9323
0-4-3-5-0-0-1-1-0-6-4-7-0-6-4 15794415 18.2191 0.009414 1e-06 18.1776
0-4-3-5-0-2-2-3-0-0-1-1-0-0-1 277597 198.672 0.004397 2e-06 198.624
0-4-3-5-0-2-2-3-0-0-1-1-0-2-2 13954538 55.8833 0.009693 1e-06 55.8358
0-4-3-5-0-2-2-3-0-0-1-1-0-4-3 264505054 54.3066 0.330417 1e-06 53.9387
0-4-3-5-0-2-2-3-0-0-1-1-0-6-4 15794415 56.8147 0.027077 1e-06 56.7495
0-4-3-5-0-2-2-3-0-2-2-3-0-0-1 277597 61.8435 0.003488 4e-06 61.7959
0-4-3-5-0-2-2-3-0-2-2-3-0-2-2 1807215 7.37728 0.003757 0 7.34113
0-4-3-5-0-2-2-3-0-2-2-3-0-4-3 186718068 6.10104 0.101164 1e-06 5.96831
0-4-3-5-0-2-2-3-0-2-2-3-0-6-4 15662521 7.20383 0.589901 0 6.57723
0-4-3-5-0-2-2-3-0-4-3-5-0-0-1 277704 115.668 0.013079 1e-06 115.581
0-4-3-5-0-2-2-3-0-4-3-5-0-2-2 13920727 8.94345 0.011041 1e-06 8.8914
0-4-3-5-0-2-2-3-0-4-3-5-0-4-3 256552028 9.77737 0.306648 1e-06 9.42733
0-4-3-5-0-2-2-3-0-4-3-5-0-6-4 15793767 10.1311 0.035403 3e-06 10.0527
0-4-3-5-0-2-2-3-0-6-4-7-0-0-1 277704 130.38 0.00384 1e-06 130.322
0-4-3-5-0-2-2-3-0-6-4-7-0-2-2 13952209 10.2521 0.009397 1e-06 10.2065
0-4-3-5-0-2-2-3-0-6-4-7-0-4-3 264488100 11.0697 0.3573 1e-06 10.6806
0-4-3-5-0-2-2-3-0-6-4-7-0-6-4 15794397 11.1716 0.035801 1e-06 11.0884
0-4-3-5-0-4-3-5-0-0-1-1-0-0-1 273654 206.114 0.010981 3e-06 206.045
0-4-3-5-0-4-3-5-0-0-1-1-0-2-2 13920168 67.0395 0.051495 4e-06 66.9456
0-4-3-5-0-4-3-5-0-0-1-1-0-4-3 261568906 65.4341 0.100822 1e-06 65.2897
0-4-3-5-0-4-3-5-0-0-1-1-0-6-4 15792180 62.3983 0.012942 1e-06 62.3452
0-4-3-5-0-4-3-5-0-2-2-3-0-0-1 277611 106.68 0.007917 3e-06 106.622
0-4-3-5-0-4-3-5-0-2-2-3-0-2-2 12620533 8.50089 0.014316 0 8.44711
0-4-3-5-0-4-3-5-0-2-2-3-0-4-3 260987845 7.90901 0.191124 1e-06 7.67241
0-4-3-5-0-4-3-5-0-2-2-3-0-6-4 15743848 12.6197 4.14822 1e-06 8.42331
0-4-3-5-0-4-3-5-0-4-3-5-0-0-1 274950 118.209 0.011658 1e-06 118.032
0-4-3-5-0-4-3-5-0-4-3-5-0-2-2 13780903 11.2707 0.076022 1e-06 11.091
0-4-3-5-0-4-3-5-0-4-3-5-0-4-3 249802666 11.9959 0.862958 1e-06 11.0757
0-4-3-5-0-4-3-5-0-4-3-5-0-6-4 15614461 13.9299 1.42544 2e-06 12.4303
0-4-3-5-0-4-3-5-0-6-4-7-0-0-1 277700 123.987 0.010363 1e-06 123.923
0-4-3-5-0-4-3-5-0-6-4-7-0-2-2 13850279 12.1792 0.0622 3e-06 12.0672
0-4-3-5-0-4-3-5-0-6-4-7-0-4-3 263135171 13.5861 0.95227 1e-06 12.5829
0-4-3-5-0-4-3-5-0-6-4-7-0-6-4 15792097 13.6077 0.106256 1e-06 13.4603
0-4-3-5-0-6-4-7-0-0-1-1-0-0-1 277700 215.591 0.012644 1e-06 215.505
0-4-3-5-0-6-4-7-0-0-1-1-0-2-2 13954622 73.9592 0.028381 1e-06 73.8973
0-4-3-5-0-6-4-7-0-0-1-1-0-4-3 264547070 79.3625 0.386558 2e-06 78.9335
0-4-3-5-0-6-4-7-0-0-1-1-0-6-4 15794415 74.9177 0.026448 1e-06 74.8546
0-4-3-5-0-6-4-7-0-2-2-3-0-0-1 277704 116.054 0.01125 2e-06 115.999
0-4-3-5-0-6-4-7-0-2-2-3-0-2-2 13721768 9.18335 0.017733 2e-06 9.11494
0-4-3-5-0-6-4-7-0-2-2-3-0-4-3 264348044 8.93645 0.342251 3e-06 8.56223
0-4-3-5-0-6-4-7-0-2-2-3-0-6-4 15794371 9.34898 0.035613 1e-06 9.28208
0-4-3-5-0-6-4-7-0-4-3-5-0-0-1 277704 110.807 0.00836 1e-06 110.751
0-4-3-5-0-6-4-7-0-4-3-5-0-2-2 13953164 12.2423 0.029272 2e-06 12.1746
0-4-3-5-0-6-4-7-0-4-3-5-0-4-3 263215652 12.8781 0.369154 1e-06 12.4579
0-4-3-5-0-6-4-7-0-4-3-5-0-6-4 15794412 13.0214 0.049243 1e-06 12.9371
0-4-3-5-0-6-4-7-0-6-4-7-0-0-1 277704 120.888 0.008154 1e-06 120.832
0-4-3-5-0-6-4-7-0-6-4-7-0-2-2 13954620 12.7453 0.027992 3e-06 12.6792
0-4-3-5-0-6-4-7-0-6-4-7-0-4-3 264547650 13.6759 0.370684 1e-06 13.2655
0-4-3-5-0-6-4-7-0-6-4-7-0-6-4 15794415 13.6897 0.028461 1e-06 13.6287
0-6-4-7-0-0-1-1-0-0-1-1-0-0-1 277619 262.26 0.005148 1e-06 262.217
0-6-4-7-0-0-1-1-0-0-1-1-0-2-2 13954551 118.999 0.008918 1e-06 118.953
0-6-4-7-0-0-1-1-0-0-1-1-0-4-3 264520476 120.622 0.073234 1e-06 120.513
0-6-4-7-0-0-1-1-0-0-1-1-0-6-4 15794415 119.235 0.008663 0 119.192
0-6-4-7-0-0-1-1-0-2-2-3-0-0-1 277704 121.962 0.005878 1e-06 121.904
0-6-4-7-0-0-1-1-0-2-2-3-0-2-2 13954551 25.4889 0.007058 2e-06 25.4471
0-6-4-7-0-0-1-1-0-2-2-3-0-4-3 264547769 26.3154 0.074507 1e-06 26.2089
0-6-4-7-0-0-1-1-0-2-2-3-0-6-4 15794415 27.8114 0.008941 1e-06 27.7769
0-6-4-7-0-0-1-1-0-4-3-5-0-0-1 277704 125.382 0.005606 1e-06 125.337
0-6-4-7-0-0-1-1-0-4-3-5-0-2-2 13954585 26.4555 0.008832 1e-06 26.4114
0-6-4-7-0-0-1-1-0-4-3-5-0-4-3 264544959 27.1638 0.07707 1e-06 27.0506
0-6-4-7-0-0-1-1-0-4-3-5-0-6-4 15794415 27.2999 0.010188 5e-06 27.2555
0-6-4-7-0-0-1-1-0-6-4-7-0-0-1 277704 137.675 0.007153 1e-06 137.626
0-6-4-7-0-0-1-1-0-6-4-7-0-2-2 13954626 28.172 0.010416 1e-05 28.1227
0-6-4-7-0-0-1-1-0-6-4-7-0-4-3 264547773 30.352 0.075753 1e-06 30.2449
0-6-4-7-0-0-1-1-0-6-4-7-0-6-4 15794415 27.458 0.008524 1e-06 27.42
0-6-4-7-0-2-2-3-0-0-1-1-0-0-1 277704 212.02 0.005212 3e-06 211.969
0-6-4-7-0-2-2-3-0-0-1-1-0-2-2 13954626 70.6338 0.008974 1e-06 70.5872
0-6-4-7-0-2-2-3-0-0-1-1-0-4-3 264547773 73.3825 0.072627 1e-06 73.2718
0-6-4-7-0-2-2-3-0-0-1-1-0-6-4 15794415 72.4783 0.010004 1e-06 72.4433
0-6-4-7-0-2-2-3-0-2-2-3-0-0-1 277704 76.6544 0.008896 2e-06 76.6115
0-6-4-7-0-2-2-3-0-2-2-3-0-2-2 6345795 7.80671 0.005209 0 7.7735
0-6-4-7-0-2-2-3-0-2-2-3-0-4-3 254483838 6.90117 0.068106 1e-06 6.80322
0-6-4-7-0-2-2-3-0-2-2-3-0-6-4 15792946 7.06708 0.017537 1e-06 7.0184
0-6-4-7-0-2-2-3-0-4-3-5-0-0-1 277704 118.406 0.006471 3e-06 118.351
0-6-4-7-0-2-2-3-0-4-3-5-0-2-2 13954585 9.15718 0.009204 1e-06 9.11183
0-6-4-7-0-2-2-3-0-4-3-5-0-4-3 262665496 9.81278 0.082917 1e-06 9.6973
0-6-4-7-0-2-2-3-0-4-3-5-0-6-4 15794415 9.99432 0.036114 1e-06 9.9279
0-6-4-7-0-2-2-3-0-6-4-7-0-0-1 277704 134.378 0.004183 2e-06 134.324
0-6-4-7-0-2-2-3-0-6-4-7-0-2-2 13954626 10.2287 0.009495 1e-06 10.1882
0-6-4-7-0-2-2-3-0-6-4-7-0-4-3 264547773 10.9243 0.090874 3e-06 10.802
0-6-4-7-0-2-2-3-0-6-4-7-0-6-4 15794415 11.3089 0.0174 1e-06 11.2629
0-6-4-7-0-4-3-5-0-0-1-1-0-0-1 277701 204.204 0.020074 3e-06 204.142
0-6-4-7-0-4-3-5-0-0-1-1-0-2-2 13954618 62.1901 0.02233 3e-06 62.1298
0-6-4-7-0-4-3-5-0-0-1-1-0-4-3 264546039 62.318 0.0775 3e-06 62.2085
0-6-4-7-0-4-3-5-0-0-1-1-0-6-4 15794415 63.5103 0.01086 1e-06 63.4655
0-6-4-7-0-4-3-5-0-2-2-3-0-0-1 277704 106.072 0.009593 2e-06 106.02
0-6-4-7-0-4-3-5-0-2-2-3-0-2-2 13891951 8.86802 0.010525 0 8.82606
0-6-4-7-0-4-3-5-0-2-2-3-0-4-3 264545893 8.12045 0.082896 0 7.99685
0-6-4-7-0-4-3-5-0-2-2-3-0-6-4 15794415 8.69743 0.026381 0 8.63949
0-6-4-7-0-4-3-5-0-4-3-5-0-0-1 277704 112.493 0.030208 2e-06 112.416
0-6-4-7-0-4-3-5-0-4-3-5-0-2-2 13954598 11.7698 0.038226 0 11.6957
0-6-4-7-0-4-3-5-0-4-3-5-0-4-3 253260419 12.1516 0.122657 1e-06 11.9926
0-6-4-7-0-4-3-5-0-4-3-5-0-6-4 15794415 13.1042 0.05726 1e-06 13.0126
0-6-4-7-0-4-3-5-0-6-4-7-0-0-1 277704 126.274 0.029048 1e-06 126.198
0-6-4-7-0-4-3-5-0-6-4-7-0-2-2 13954626 12.9077 0.031892 1e-06 12.839
0-6-4-7-0-4-3-5-0-6-4-7-0-4-3 264547770 13.7735 0.115759 3e-06 13.6193
0-6-4-7-0-4-3-5-0-6-4-7-0-6-4 15794415 14.1011 0.032352 1e-06 14.0333
0-6-4-7-0-6-4-7-0-0-1-1-0-0-1 277704 212.238 0.006861 3e-06 212.156
0-6-4-7-0-6-4-7-0-0-1-1-0-2-2 13954626 73.3034 0.011178 1e-06 73.2512
0-6-4-7-0-6-4-7-0-0-1-1-0-4-3 264547773 73.7733 0.076668 3e-06 73.6557
0-6-4-7-0-6-4-7-0-0-1-1-0-6-4 15794415 72.6999 0.009684 1e-06 72.6442
0-6-4-7-0-6-4-7-0-2-2-3-0-0-1 277704 117.217 0.011153 2e-06 117.162
0-6-4-7-0-6-4-7-0-2-2-3-0-2-2 13954431 9.39868 0.010836 1e-06 9.35026
0-6-4-7-0-6-4-7-0-2-2-3-0-4-3 264547772 9.27429 0.199501 3e-06 9.0397
0-6-4-7-0-6-4-7-0-2-2-3-0-6-4 15794415 9.42405 0.024115 1e-06 9.36841
0-6-4-7-0-6-4-7-0-4-3-5-0-0-1 277704 109.525 0.020451 1e-06 109.454
0-6-4-7-0-6-4-7-0-4-3-5-0-2-2 13954626 12.7183 0.014732 0 12.6661
0-6-4-7-0-6-4-7-0-4-3-5-0-4-3 264542880 13.5009 0.130333 1e-06 13.3346
0-6-4-7-0-6-4-7-0-4-3-5-0-6-4 15794415 13.8069 0.035298 3e-06 13.7293
0-6-4-7-0-6-4-7-0-6-4-7-0-0-1 277704 121.537 0.005777 1e-06 121.482
0-6-4-7-0-6-4-7-0-6-4-7-0-2-2 13954626 13.2003 0.012521 1e-06 13.1562
0-6-4-7-0-6-4-7-0-6-4-7-0-4-3 264547773 13.8386 0.134285 1e-06 13.6718
0-6-4-7-0-6-4-7-0-6-4-7-0-6-4 15794415 14.0657 0.032395 1e-06 14.0016
1-1-0-0-1-1-0-0-1-1-0-0-1-1-0 34713 217.114 0.003465 1e-05 217.079
1-1-0-0-1-1-0-0-1-1-0-2-2-3-0 269979 99.8617 0.003536 2e-06 99.8251
1-1-0-0-1-1-0-0-1-1-0-4-3-5-0 125547 104.913 0.0048 1e-06 104.876
1-1-0-0-1-1-0-0-1-1-0-6-4-7-0 277619 105.153 0.006215 5e-06 105.105
1-1-0-0-1-1-0-2-2-3-0-0-1-1-0 277704 106.23 0.004316 1e-06 106.187
1-1-0-0-1-1-0-2-2-3-0-2-2-3-0 269979 28.709 0.002306 1e-06 28.6797
1-1-0-0-1-1-0-2-2-3-0-4-3-5-0 277597 31.8366 0.006128 2e-06 31.8011
1-1-0-0-1-1-0-2-2-3-0-6-4-7-0 277704 32.9749 0.003946 1e-06 32.9399
1-1-0-0-1-1-0-4-3-5-0-0-1-1-0 277704 107.394 0.004279 1e-06 107.354
1-1-0-0-1-1-0-4-3-5-0-2-2-3-0 277212 31.0145 0.004721 1e-06 30.9775
1-1-0-0-1-1-0-4-3-5-0-4-3-5-0 273654 35.5567 0.004077 1e-06 35.522
1-1-0-0-1-1-0-4-3-5-0-6-4-7-0 277701 35.9699 0.004658 0 35.9341
1-1-0-0-1-1-0-6-4-7-0-0-1-1-0 277704 115.216 0.003179 1e-06 115.184
1-1-0-0-1-1-0-6-4-7-0-2-2-3-0 277704 31.3342 0.004343 1e-06 31.2995
1-1-0-0-1-1-0-6-4-7-0-4-3-5-0 277700 36.1155 0.008286 1e-06 36.0751
1-1-0-0-1-1-0-6-4-7-0-6-4-7-0 277704 36.3773 0.005278 1e-06 36.3404
1-1-0-2-2-3-0-0-1-1-0-0-1-1-0 277704 153.329 0.004633 4e-06 153.287
1-1-0-2-2-3-0-0-1-1-0-2-2-3-0 277704 36.3156 0.002539 1e-06 36.2865
1-1-0-2-2-3-0-0-1-1-0-4-3-5-0 277704 40.4172 0.005744 1e-06 40.3768
1-1-0-2-2-3-0-0-1-1-0-6-4-7-0 277704 42.3555 0.005211 1e-06 42.3209
1-1-0-2-2-3-0-2-2-3-0-0-1-1-0 277704 43.7458 0.001401 1e-06 43.7106
1-1-0-2-2-3-0-2-2-3-0-2-2-3-0 269979 5.80532 0.002071 2e-06 5.77262
1-1-0-2-2-3-0-2-2-3-0-4-3-5-0 277597 7.62911 0.006136 1e-06 7.58782
1-1-0-2-2-3-0-2-2-3-0-6-4-7-0 277704 9.52746 0.006285 1e-06 9.48842
1-1-0-2-2-3-0-4-3-5-0-0-1-1-0 277704 88.1634 0.005217 1e-06 88.128
1-1-0-2-2-3-0-4-3-5-0-2-2-3-0 277704 6.33542 0.004602 3e-06 6.29912
1-1-0-2-2-3-0-4-3-5-0-4-3-5-0 277611 10.8703 0.009337 1e-06 10.8225
1-1-0-2-2-3-0-4-3-5-0-6-4-7-0 277704 11.7694 0.009475 2e-06 11.7224
1-1-0-2-2-3-0-6-4-7-0-0-1-1-0 277704 104.995 0.006249 1e-06 104.959
1-1-0-2-2-3-0-6-4-7-0-2-2-3-0 277704 7.83533 0.003875 4e-06 7.80053
1-1-0-2-2-3-0-6-4-7-0-4-3-5-0 277704 12.7368 0.004549 1e-06 12.6994
1-1-0-2-2-3-0-6-4-7-0-6-4-7-0 277704 12.7973 0.009275 3e-06 12.7517
1-1-0-4-3-5-0-0-1-1-0-0-1-1-0 277704 152.641 0.004169 1e-06 152.6
1-1-0-4-3-5-0-0-1-1-0-2-2-3-0 277704 36.2127 0.003958 3e-06 36.1781
1-1-0-4-3-5-0-0-1-1-0-4-3-5-0 277704 39.4145 0.005254 1e-06 39.3673
1-1-0-4-3-5-0-0-1-1-0-6-4-7-0 277704 41.9753 0.003519 1e-06 41.9411
1-1-0-4-3-5-0-2-2-3-0-0-1-1-0 277704 79.0836 0.003851 1e-06 79.0439
1-1-0-4-3-5-0-2-2-3-0-2-2-3-0 277212 5.77139 0.002477 1e-06 5.73896
1-1-0-4-3-5-0-2-2-3-0-4-3-5-0 277704 8.90996 0.005794 1e-06 8.87244
1-1-0-4-3-5-0-2-2-3-0-6-4-7-0 277704 9.65566 0.006328 1e-06 9.6164
1-1-0-4-3-5-0-4-3-5-0-0-1-1-0 277704 86.7417 0.006093 1e-06 86.6925
1-1-0-4-3-5-0-4-3-5-0-2-2-3-0 277704 8.13666 0.005304 3e-06 8.09767
1-1-0-4-3-5-0-4-3-5-0-4-3-5-0 274950 12.2631 0.008547 1e-06 12.2203
1-1-0-4-3-5-0-4-3-5-0-6-4-7-0 277704 13.2139 0.007015 1e-06 13.1723
1-1-0-4-3-5-0-6-4-7-0-0-1-1-0 277704 100.188 0.005421 0 100.14
1-1-0-4-3-5-0-6-4-7-0-2-2-3-0 277704 9.0095 0.004678 2e-06 8.97405
1-1-0-4-3-5-0-6-4-7-0-4-3-5-0 277704 13.9641 0.009457 1e-06 13.9181
1-1-0-4-3-5-0-6-4-7-0-6-4-7-0 277704 14.0304 0.005696 1e-06 13.991
1-1-0-6-4-7-0-0-1-1-0-0-1-1-0 277704 165.239 0.00642 1e-06 165.201
1-1-0-6-4-7-0-0-1-1-0-2-2-3-0 277704 46.5193 0.005467 2e-06 46.4808
1-1-0-6-4-7-0-0-1-1-0-4-3-5-0 277704 52.5246 0.006855 3e-06 52.4727
1-1-0-6-4-7-0-0-1-1-0-6-4-7-0 277704 50.5852 0.007032 2e-06 50.5447
1-1-0-6-4-7-0-2-2-3-0-0-1-1-0 277704 93.7511 0.003158 2e-06 93.7187
1-1-0-6-4-7-0-2-2-3-0-2-2-3-0 277704 6.45084 0.003131 1e-06 6.41793
1-1-0-6-4-7-0-2-2-3-0-4-3-5-0 277704 9.35882 0.006441 1e-06 9.31888
1-1-0-6-4-7-0-2-2-3-0-6-4-7-0 277704 10.6907 0.005763 1e-06 10.6537
1-1-0-6-4-7-0-4-3-5-0-0-1-1-0 277704 85.214 0.005436 1e-06 85.1684
1-1-0-6-4-7-0-4-3-5-0-2-2-3-0 277704 8.77811 0.005441 1e-06 8.74149
1-1-0-6-4-7-0-4-3-5-0-4-3-5-0 277700 13.3509 0.012232 1e-06 13.3045
1-1-0-6-4-7-0-4-3-5-0-6-4-7-0 277704 14.2181 0.008976 1e-06 14.1546
1-1-0-6-4-7-0-6-4-7-0-0-1-1-0 277704 97.2519 0.006503 3e-06 97.2044
1-1-0-6-4-7-0-6-4-7-0-2-2-3-0 277704 9.02719 0.005145 1e-06 8.97879
1-1-0-6-4-7-0-6-4-7-0-4-3-5-0 277704 13.8894 0.010109 1e-06 13.8467
1-1-0-6-4-7-0-6-4-7-0-6-4-7-0 277704 15.3175 0.007528 1e-06 15.2774
2-3-0-0-1-1-0-0-1-1-0-0-1-1-0 11426723 197.186 0.006125 1e-06 197.144
2-3-0-0-1-1-0-0-1-1-0-2-2-3-0 13942082 80.0952 0.007463 1e-06 80.0559
2-3-0-0-1-1-0-0-1-1-0-4-3-5-0 13103489 83.971 0.005252 1e-06 83.9382
2-3-0-0-1-1-0-0-1-1-0-6-4-7-0 13954551 85.1613 0.011173 3e-06 85.1148
2-3-0-0-1-1-0-2-2-3-0-0-1-1-0 13954626 84.7657 0.008103 1e-06 84.7261
2-3-0-0-1-1-0-2-2-3-0-2-2-3-0 13942082 7.78725 0.004536 1e-06 7.75863
2-3-0-0-1-1-0-2-2-3-0-4-3-5-0 13954538 10.3434 0.006672 1e-06 10.3097
2-3-0-0-1-1-0-2-2-3-0-6-4-7-0 13954626 12.3728 0.008352 1e-06 12.3365
2-3-0-0-1-1-0-4-3-5-0-0-1-1-0 13954626 85.7679 0.007343 2e-06 85.7264
2-3-0-0-1-1-0-4-3-5-0-2-2-3-0 13953539 10.6699 0.00614 3e-06 10.6354
2-3-0-0-1-1-0-4-3-5-0-4-3-5-0 13920168 15.1021 0.007413 0 15.0634
2-3-0-0-1-1-0-4-3-5-0-6-4-7-0 13954618 16.7018 0.007698 2e-06 16.6639
2-3-0-0-1-1-0-6-4-7-0-0-1-1-0 13954626 98.9083 0.00781 1e-06 98.859
2-3-0-0-1-1-0-6-4-7-0-2-2-3-0 13954626 11.5452 0.006461 2e-06 11.5115
2-3-0-0-1-1-0-6-4-7-0-4-3-5-0 13954622 15.0061 0.010078 4e-06 14.966
2-3-0-0-1-1-0-6-4-7-0-6-4-7-0 13954626 15.6422 0.008929 3e-06 15.5957
2-3-0-2-2-3-0-0-1-1-0-0-1-1-0 11426723 133.033 0.004682 1e-06 132.994
2-3-0-2-2-3-0-0-1-1-0-2-2-3-0 13942082 16.2343 0.006033 2e-06 16.1979
2-3-0-2-2-3-0-0-1-1-0-4-3-5-0 13103489 21.4258 0.005388 1e-06 21.3933
2-3-0-2-2-3-0-0-1-1-0-6-4-7-0 13954551 20.8401 0.006461 1e-06 20.8058
2-3-0-2-2-3-0-2-2-3-0-0-1-1-0 11426723 23.0504 0.00267 1e-06 23.0224
2-3-0-2-2-3-0-2-2-3-0-2-2-3-0 34713 5.59947 0.001025 3e-06 5.57094
2-3-0-2-2-3-0-2-2-3-0-4-3-5-0 1807215 6.97823 0.001875 1e-06 6.94748
2-3-0-2-2-3-0-2-2-3-0-6-4-7-0 6345795 8.60449 0.005598 1e-06 8.56023
2-3-0-2-2-3-0-4-3-5-0-0-1-1-0 13373259 87.1993 0.005123 1e-06 87.1635
2-3-0-2-2-3-0-4-3-5-0-2-2-3-0 12401496 5.38263 0.004509 2e-06 5.33769
2-3-0-2-2-3-0-4-3-5-0-4-3-5-0 12620533 10.3248 0.017944 1e-06 10.2734
2-3-0-2-2-3-0-4-3-5-0-6-4-7-0 13891951 10.8743 0.015761 1e-06 10.8258
2-3-0-2-2-3-0-6-4-7-0-0-1-1-0 13954626 112.439 0.054009 1e-06 112.35
2-3-0-2-2-3-0-6-4-7-0-2-2-3-0 13689497 7.66209 0.031544 1e-06 7.60254
2-3-0-2-2-3-0-6-4-7-0-4-3-5-0 13721768 11.8164 0.04909 1e-06 11.7317
2-3-0-2-2-3-0-6-4-7-0-6-4-7-0 13954431 12.4677 0.055932 1e-06 12.3756
2-3-0-4-3-5-0-0-1-1-0-0-1-1-0 13373259 147.836 0.006684 9e-06 147.79
2-3-0-4-3-5-0-0-1-1-0-2-2-3-0 13950086 34.9296 0.008321 2e-06 34.8883
2-3-0-4-3-5-0-0-1-1-0-4-3-5-0 13749399 41.707 0.009347 1e-06 41.6669
2-3-0-4-3-5-0-0-1-1-0-6-4-7-0 13954585 37.3311 0.007542 2e-06 37.2931
2-3-0-4-3-5-0-2-2-3-0-0-1-1-0 13954626 80.0696 0.011665 1e-06 80.0193
2-3-0-4-3-5-0-2-2-3-0-2-2-3-0 12401496 5.3019 0.023186 0 5.24542
2-3-0-4-3-5-0-2-2-3-0-4-3-5-0 13920727 8.33723 0.020647 1e-06 8.28359
2-3-0-4-3-5-0-2-2-3-0-6-4-7-0 13954585 9.09359 0.052093 2e-06 9.00777
2-3-0-4-3-5-0-4-3-5-0-0-1-1-0 13954626 87.2188 0.021495 1e-06 87.1602
2-3-0-4-3-5-0-4-3-5-0-2-2-3-0 13942369 7.25515 0.011034 1e-06 7.2095
2-3-0-4-3-5-0-4-3-5-0-4-3-5-0 13780903 11.8226 0.039771 1e-06 11.7453
2-3-0-4-3-5-0-4-3-5-0-6-4-7-0 13954598 12.6032 0.038284 2e-06 12.5281
2-3-0-4-3-5-0-6-4-7-0-0-1-1-0 13954626 101.835 0.00921 3e-06 101.783
2-3-0-4-3-5-0-6-4-7-0-2-2-3-0 13953921 8.37117 0.102179 1e-06 8.23324
2-3-0-4-3-5-0-6-4-7-0-4-3-5-0 13953164 12.6417 0.038344 1e-06 12.5673
2-3-0-4-3-5-0-6-4-7-0-6-4-7-0 13954626 13.2899 0.037848 2e-06 13.2154
2-3-0-6-4-7-0-0-1-1-0-0-1-1-0 13954626 174.531 0.004643 1e-06 174.488
2-3-0-6-4-7-0-0-1-1-0-2-2-3-0 13954626 55.8097 0.007451 1.5e-05 55.7654
2-3-0-6-4-7-0-0-1-1-0-4-3-5-0 13954626 57.1799 0.007458 1e-06 57.135
2-3-0-6-4-7-0-0-1-1-0-6-4-7-0 13954626 61.6952 0.010256 1e-06 61.646
2-3-0-6-4-7-0-2-2-3-0-0-1-1-0 13954626 94.6675 0.050692 2e-06 94.5805
2-3-0-6-4-7-0-2-2-3-0-2-2-3-0 13689497 6.30689 0.031983 1e-06 6.24627
2-3-0-6-4-7-0-2-2-3-0-4-3-5-0 13952209 9.1147 0.024649 3e-06 9.05711
2-3-0-6-4-7-0-2-2-3-0-6-4-7-0 13954626 10.802 0.051454 1e-06 10.7193
2-3-0-6-4-7-0-4-3-5-0-0-1-1-0 13954626 86.9769 0.01638 0 86.9257
2-3-0-6-4-7-0-4-3-5-0-2-2-3-0 13954500 8.62505 0.213158 3e-06 8.37433
2-3-0-6-4-7-0-4-3-5-0-4-3-5-0 13850279 12.6349 0.081699 2e-06 12.4961
2-3-0-6-4-7-0-4-3-5-0-6-4-7-0 13954626 13.6497 0.04721 1e-06 13.562
2-3-0-6-4-7-0-6-4-7-0-0-1-1-0 13954626 95.7598 0.221563 2e-06 95.4999
2-3-0-6-4-7-0-6-4-7-0-2-2-3-0 13954626 9.21037 0.167061 0 9.00887
2-3-0-6-4-7-0-6-4-7-0-4-3-5-0 13954620 14.1197 0.197005 1e-06 13.8804
2-3-0-6-4-7-0-6-4-7-0-6-4-7-0 13954626 14.3302 0.220756 1e-06 14.0654
3-5-0-0-1-1-0-0-1-1-0-0-1-1-0 66667832 198.534 0.017523 3e-06 198.481
3-5-0-0-1-1-0-0-1-1-0-2-2-3-0 261068775 77.6256 0.059627 3e-06 77.5356
3-5-0-0-1-1-0-0-1-1-0-4-3-5-0 159103520 83.4973 0.029255 1e-06 83.434
3-5-0-0-1-1-0-0-1-1-0-6-4-7-0 264520476 84.1696 0.059602 1e-06 84.0756
3-5-0-0-1-1-0-2-2-3-0-0-1-1-0 264547773 87.468 0.052792 1e-06 87.379
3-5-0-0-1-1-0-2-2-3-0-2-2-3-0 261068775 7.87173 0.035543 1e-06 7.80898
3-5-0-0-1-1-0-2-2-3-0-4-3-5-0 264505054 10.2077 0.037666 2e-06 10.1382
3-5-0-0-1-1-0-2-2-3-0-6-4-7-0 264547773 10.6179 0.036245 2e-06 10.5518
3-5-0-0-1-1-0-4-3-5-0-0-1-1-0 264547773 88.829 0.040684 1e-06 88.7522
3-5-0-0-1-1-0-4-3-5-0-2-2-3-0 264335304 9.50696 0.039912 1e-06 9.42524
3-5-0-0-1-1-0-4-3-5-0-4-3-5-0 261568906 13.3249 0.062485 2e-06 13.2112
3-5-0-0-1-1-0-4-3-5-0-6-4-7-0 264546039 13.8289 0.045859 3e-06 13.7477
3-5-0-0-1-1-0-6-4-7-0-0-1-1-0 264547773 97.9103 0.033221 1e-06 97.848
3-5-0-0-1-1-0-6-4-7-0-2-2-3-0 264547773 9.35257 0.033819 1e-06 9.28872
3-5-0-0-1-1-0-6-4-7-0-4-3-5-0 264547070 14.3395 0.038262 1e-06 14.2597
3-5-0-0-1-1-0-6-4-7-0-6-4-7-0 264547773 15.0345 0.035137 2e-06 14.9666
3-5-0-2-2-3-0-0-1-1-0-0-1-1-0 262992233 143.526 0.09057 6e-06 143.377
3-5-0-2-2-3-0-0-1-1-0-2-2-3-0 264546361 26.6934 0.075469 3e-06 26.5908
3-5-0-2-2-3-0-0-1-1-0-4-3-5-0 264299335 31.5648 0.07357 3e-06 31.4577
3-5-0-2-2-3-0-0-1-1-0-6-4-7-0 264547769 32.2554 0.091544 4e-06 32.1251
3-5-0-2-2-3-0-2-2-3-0-0-1-1-0 262992233 30.5517 0.070005 1e-06 30.4538
3-5-0-2-2-3-0-2-2-3-0-2-2-3-0 18178411 5.56741 0.008652 1e-06 5.53021
3-5-0-2-2-3-0-2-2-3-0-4-3-5-0 186718068 7.28547 0.04344 1e-06 7.21012
3-5-0-2-2-3-0-2-2-3-0-6-4-7-0 254483838 8.95764 0.065166 1e-06 8.86051
3-5-0-2-2-3-0-4-3-5-0-0-1-1-0 264534436 86.9964 0.093067 0 86.8606
3-5-0-2-2-3-0-4-3-5-0-2-2-3-0 263938876 6.43814 0.111437 1e-06 6.28731
3-5-0-2-2-3-0-4-3-5-0-4-3-5-0 260987845 10.9998 0.088424 1e-06 10.875
3-5-0-2-2-3-0-4-3-5-0-6-4-7-0 264545893 11.7107 0.081876 1e-06 11.5936
3-5-0-2-2-3-0-6-4-7-0-0-1-1-0 264547773 102.196 0.129773 1e-06 102.023
3-5-0-2-2-3-0-6-4-7-0-2-2-3-0 264526605 7.751 0.071543 1e-06 7.63218
3-5-0-2-2-3-0-6-4-7-0-4-3-5-0 264348044 12.394 0.137608 1e-06 12.2177
3-5-0-2-2-3-0-6-4-7-0-6-4-7-0 264547772 12.5252 0.123621 1e-06 12.3593
3-5-0-4-3-5-0-0-1-1-0-0-1-1-0 242448037 148.113 1.23367 2e-06 146.838
3-5-0-4-3-5-0-0-1-1-0-2-2-3-0 264223483 32.1252 0.074506 3e-06 32.0177
3-5-0-4-3-5-0-0-1-1-0-4-3-5-0 254223236 36.8659 0.064535 3e-06 36.7666
3-5-0-4-3-5-0-0-1-1-0-6-4-7-0 264544959 41.0489 0.073557 1e-06 40.9394
3-5-0-4-3-5-0-2-2-3-0-0-1-1-0 264272027 78.201 1.36967 1e-06 76.7911
3-5-0-4-3-5-0-2-2-3-0-2-2-3-0 223199128 5.98751 0.398489 1e-06 5.55187
3-5-0-4-3-5-0-2-2-3-0-4-3-5-0 256552028 8.97796 0.302119 1e-06 8.63932
3-5-0-4-3-5-0-2-2-3-0-6-4-7-0 262665496 10.7664 0.825027 1e-06 9.9041
3-5-0-4-3-5-0-4-3-5-0-0-1-1-0 254851812 89.9903 5.04127 1e-06 84.8986
3-5-0-4-3-5-0-4-3-5-0-2-2-3-0 252870735 12.0087 4.14599 2e-06 7.81187
3-5-0-4-3-5-0-4-3-5-0-4-3-5-0 249802666 16.5739 4.16681 1e-06 12.3604
3-5-0-4-3-5-0-4-3-5-0-6-4-7-0 253260419 14.3156 0.87325 2e-06 13.3876
3-5-0-4-3-5-0-6-4-7-0-0-1-1-0 264536355 98.2324 2.61183 3e-06 95.5762
3-5-0-4-3-5-0-6-4-7-0-2-2-3-0 261395656 13.4115 4.62917 2e-06 8.73342
3-5-0-4-3-5-0-6-4-7-0-4-3-5-0 263215652 16.4562 2.40199 1e-06 13.9942
3-5-0-4-3-5-0-6-4-7-0-6-4-7-0 264542880 16.7636 2.6609 1e-06 14.0539
3-5-0-6-4-7-0-0-1-1-0-0-1-1-0 264536355 163.29 1.33383 2e-06 161.917
3-5-0-6-4-7-0-0-1-1-0-2-2-3-0 264547768 52.4368 1.38214 1e-06 51.0147
3-5-0-6-4-7-0-0-1-1-0-4-3-5-0 264545622 53.088 1.35761 1e-06 51.6686
3-5-0-6-4-7-0-0-1-1-0-6-4-7-0 264547773 54.5 1.31601 1e-06 53.1438
3-5-0-6-4-7-0-2-2-3-0-0-1-1-0 264547773 89.5846 1.34231 1e-06 88.2029
3-5-0-6-4-7-0-2-2-3-0-2-2-3-0 258664239 7.18716 0.878689 1e-06 6.26852
3-5-0-6-4-7-0-2-2-3-0-4-3-5-0 264488100 9.7131 0.349701 1e-06 9.31627
3-5-0-6-4-7-0-2-2-3-0-6-4-7-0 264547773 11.9723 1.3276 1e-06 10.6069
3-5-0-6-4-7-0-4-3-5-0-0-1-1-0 264547773 85.7666 1.33191 3e-06 84.3886
3-5-0-6-4-7-0-4-3-5-0-2-2-3-0 264545259 10.0726 1.31463 6e-06 8.71534
3-5-0-6-4-7-0-4-3-5-0-4-3-5-0 263135171 14.2837 1.3319 1e-06 12.9107
3-5-0-6-4-7-0-4-3-5-0-6-4-7-0 264547770 14.8984 1.32681 0 13.5334
3-5-0-6-4-7-0-6-4-7-0-0-1-1-0 264547773 95.0415 1.33494 5e-06 93.6651
3-5-0-6-4-7-0-6-4-7-0-2-2-3-0 264547767 10.337 1.45761 1e-06 8.84643
3-5-0-6-4-7-0-6-4-7-0-4-3-5-0 264547650 15.4771 1.33725 1e-06 14.0965
3-5-0-6-4-7-0-6-4-7-0-6-4-7-0 264547773 15.3195 1.45858 2e-06 13.8249
4-7-0-0-1-1-0-0-1-1-0-0-1-1-0 15626706 201.756 0.00689 3e-06 201.711
4-7-0-0-1-1-0-0-1-1-0-2-2-3-0 15794087 84.434 0.008866 4e-06 84.3902
4-7-0-0-1-1-0-0-1-1-0-4-3-5-0 15740985 88.2977 0.0097 2e-06 88.2514
4-7-0-0-1-1-0-0-1-1-0-6-4-7-0 15794415 88.1438 0.007878 0 88.1071
4-7-0-0-1-1-0-2-2-3-0-0-1-1-0 15794415 86.0278 0.008494 1e-06 85.9857
4-7-0-0-1-1-0-2-2-3-0-2-2-3-0 15794087 10.9751 0.005529 1e-06 10.9433
4-7-0-0-1-1-0-2-2-3-0-4-3-5-0 15794415 14.3316 0.011252 1e-06 14.2899
4-7-0-0-1-1-0-2-2-3-0-6-4-7-0 15794415 14.7961 0.009399 1e-06 14.7564
4-7-0-0-1-1-0-4-3-5-0-0-1-1-0 15794415 89.5496 0.008642 1e-06 89.5033
4-7-0-0-1-1-0-4-3-5-0-2-2-3-0 15794372 12.832 0.008132 2e-06 12.7896
4-7-0-0-1-1-0-4-3-5-0-4-3-5-0 15792180 18.2117 0.008499 0 18.1697
4-7-0-0-1-1-0-4-3-5-0-6-4-7-0 15794415 18.6419 0.009616 1e-06 18.5991
4-7-0-0-1-1-0-6-4-7-0-0-1-1-0 15794415 100.371 0.0095 2e-06 100.323
4-7-0-0-1-1-0-6-4-7-0-2-2-3-0 15794415 13.6733 0.00782 1e-06 13.6341
4-7-0-0-1-1-0-6-4-7-0-4-3-5-0 15794415 19.1677 0.009522 1e-06 19.1223
4-7-0-0-1-1-0-6-4-7-0-6-4-7-0 15794415 17.8698 0.011485 1e-06 17.8249
4-7-0-2-2-3-0-0-1-1-0-0-1-1-0 15794415 159.362 0.045767 1e-06 159.278
4-7-0-2-2-3-0-0-1-1-0-2-2-3-0 15794415 42.5917 0.009987 1e-06 42.5518
4-7-0-2-2-3-0-0-1-1-0-4-3-5-0 15794415 47.8342 0.011281 1e-06 47.792
4-7-0-2-2-3-0-0-1-1-0-6-4-7-0 15794415 47.2725 0.010323 1e-06 47.2335
4-7-0-2-2-3-0-2-2-3-0-0-1-1-0 15794415 48.278 0.043053 2e-06 48.1987
4-7-0-2-2-3-0-2-2-3-0-2-2-3-0 10219172 5.51146 0.00261 1e-06 5.48074
4-7-0-2-2-3-0-2-2-3-0-4-3-5-0 15662521 7.58341 0.01651 1e-06 7.53635
4-7-0-2-2-3-0-2-2-3-0-6-4-7-0 15792946 9.11884 0.035718 1e-06 9.05007
4-7-0-2-2-3-0-4-3-5-0-0-1-1-0 15794415 90.075 0.046702 2e-06 89.99
4-7-0-2-2-3-0-4-3-5-0-2-2-3-0 15794338 6.25494 0.00556 3e-06 6.21727
4-7-0-2-2-3-0-4-3-5-0-4-3-5-0 15743848 10.8715 0.053613 1e-06 10.783
4-7-0-2-2-3-0-4-3-5-0-6-4-7-0 15794415 11.732 0.05324 1e-06 11.6454
4-7-0-2-2-3-0-6-4-7-0-0-1-1-0 15794415 105.459 0.005767 3e-06 105.415
4-7-0-2-2-3-0-6-4-7-0-2-2-3-0 15794414 7.86805 0.071243 1e-06 7.76655
4-7-0-2-2-3-0-6-4-7-0-4-3-5-0 15794371 12.469 0.04345 1e-06 12.3913
4-7-0-2-2-3-0-6-4-7-0-6-4-7-0 15794415 12.8335 0.1948 0 12.5992
4-7-0-4-3-5-0-0-1-1-0-0-1-1-0 15758734 154.127 0.008338 2e-06 154.078
4-7-0-4-3-5-0-0-1-1-0-2-2-3-0 15794374 37.2819 0.019495 1e-06 37.2286
4-7-0-4-3-5-0-0-1-1-0-4-3-5-0 15784512 41.7624 0.019396 2e-06 41.7093
4-7-0-4-3-5-0-0-1-1-0-6-4-7-0 15794415 44.0427 0.009054 0 43.9993
4-7-0-4-3-5-0-2-2-3-0-0-1-1-0 15794415 79.1935 0.129108 1e-06 79.0255
4-7-0-4-3-5-0-2-2-3-0-2-2-3-0 15752999 6.23926 0.007578 3e-06 6.19996
4-7-0-4-3-5-0-2-2-3-0-4-3-5-0 15793767 9.29516 0.028757 1e-06 9.22664
4-7-0-4-3-5-0-2-2-3-0-6-4-7-0 15794415 10.3386 0.076168 2e-06 10.2121
4-7-0-4-3-5-0-4-3-5-0-0-1-1-0 15794415 89.0222 0.02988 2e-06 88.9511
4-7-0-4-3-5-0-4-3-5-0-2-2-3-0 15794351 8.52696 0.242779 2e-06 8.2483
4-7-0-4-3-5-0-4-3-5-0-4-3-5-0 15614461 12.7764 0.065995 1e-06 12.6713
4-7-0-4-3-5-0-4-3-5-0-6-4-7-0 15794415 13.8011 0.062268 1e-06 13.6994
4-7-0-4-3-5-0-6-4-7-0-0-1-1-0 15794415 97.4281 0.195448 4e-06 97.1964
4-7-0-4-3-5-0-6-4-7-0-2-2-3-0 15794415 9.0858 0.132722 1e-06 8.91958
4-7-0-4-3-5-0-6-4-7-0-4-3-5-0 15794412 14.0319 0.175053 1e-06 13.8121
4-7-0-4-3-5-0-6-4-7-0-6-4-7-0 15794415 14.4312 0.202065 1e-06 14.1901
4-7-0-6-4-7-0-0-1-1-0-0-1-1-0 15794415 162.912 0.172536 4e-06 162.694
4-7-0-6-4-7-0-0-1-1-0-2-2-3-0 15794415 48.4279 0.170787 1e-06 48.2251
4-7-0-6-4-7-0-0-1-1-0-4-3-5-0 15794415 50.7526 0.008421 1e-06 50.7056
4-7-0-6-4-7-0-0-1-1-0-6-4-7-0 15794415 54.1606 0.008761 1e-06 54.1177
4-7-0-6-4-7-0-2-2-3-0-0-1-1-0 15794415 88.1745 0.117806 1.1e-05 88.0168
4-7-0-6-4-7-0-2-2-3-0-2-2-3-0 15792398 6.55045 0.109593 1e-06 6.40643
4-7-0-6-4-7-0-2-2-3-0-4-3-5-0 15794397 9.92269 0.189147 1e-06 9.69341
4-7-0-6-4-7-0-2-2-3-0-6-4-7-0 15794415 10.7374 0.074087 1e-06 10.6309
4-7-0-6-4-7-0-4-3-5-0-0-1-1-0 15794415 83.0645 0.044701 1e-06 82.9858
4-7-0-6-4-7-0-4-3-5-0-2-2-3-0 15794413 9.24267 0.320243 1e-06 8.88447
4-7-0-6-4-7-0-4-3-5-0-4-3-5-0 15792097 13.7314 0.069241 4e-06 13.6245
4-7-0-6-4-7-0-4-3-5-0-6-4-7-0 15794415 14.1937 0.063101 1e-06 14.0927
4-7-0-6-4-7-0-6-4-7-0-0-1-1-0 15794415 93.1264 0.170917 1e-06 92.9162
4-7-0-6-4-7-0-6-4-7-0-2-2-3-0 15794415 9.75122 0.276538 0 9.43432
4-7-0-6-4-7-0-6-4-7-0-4-3-5-0 15794415 14.0604 0.206295 2e-06 13.8119
4-7-0-6-4-7-0-6-4-7-0-6-4-7-0 15794415 14.744 0.202968 1e-06 14.4996
