0-0-1-1-0-0-1-1-0-0-1-1-0-0-1 34713 331.795 0.006724 2e-06 331.748
0-0-1-1-0-0-1-1-0-0-1-1-0-2-2 11426723 177.602 0.039007 6e-06 177.471
0-0-1-1-0-0-1-1-0-0-1-1-0-4-3 66667832 178.589 0.137224 3e-06 178.399
0-0-1-1-0-0-1-1-0-0-1-1-0-6-4 15626706 179.23 0.018633 3e-06 179.174
0-0-1-1-0-0-1-1-0-2-2-3-0-0-1 277704 174.142 0.00711 1e-06 174.095
0-0-1-1-0-0-1-1-0-2-2-3-0-2-2 11426723 55.5677 0.016155 0 55.5194
0-0-1-1-0-0-1-1-0-2-2-3-0-4-3 262992233 60.9436 0.280638 1e-06 60.6268
0-0-1-1-0-0-1-1-0-2-2-3-0-6-4 15794415 64.519 0.021596 1e-06 64.4639
0-0-1-1-0-0-1-1-0-4-3-5-0-0-1 277704 180.632 0.008249 1e-06 180.582
0-0-1-1-0-0-1-1-0-4-3-5-0-2-2 13373259 67.9004 0.01792 1e-06 67.8485
0-0-1-1-0-0-1-1-0-4-3-5-0-4-3 242448037 65.0249 0.223781 1e-06 64.7591
0-0-1-1-0-0-1-1-0-4-3-5-0-6-4 15758734 68.8383 0.024461 3e-06 68.7464
0-0-1-1-0-0-1-1-0-6-4-7-0-0-1 277704 177.558 0.007495 2e-06 177.509
0-0-1-1-0-0-1-1-0-6-4-7-0-2-2 13954626 66.6608 0.023739 2e-06 66.5992
0-0-1-1-0-0-1-1-0-6-4-7-0-4-3 264536355 71.9522 0.245606 1e-06 71.6605
0-0-1-1-0-0-1-1-0-6-4-7-0-6-4 15794415 74.8726 0.023117 1e-06 74.816
0-0-1-1-0-2-2-3-0-0-1-1-0-0-1 277704 229.476 0.00824 1.1e-05 229.429
0-0-1-1-0-2-2-3-0-0-1-1-0-2-2 13954626 69.7237 0.017644 1e-06 69.673
0-0-1-1-0-2-2-3-0-0-1-1-0-4-3 264547773 72.9029 0.260529 3e-06 72.5954
0-0-1-1-0-2-2-3-0-0-1-1-0-6-4 15794415 76.1511 0.019776 0 76.0915
0-0-1-1-0-2-2-3-0-2-2-3-0-0-1 277704 78.8475 0.006474 1e-06 78.8012
0-0-1-1-0-2-2-3-0-2-2-3-0-2-2 11426723 9.48105 0.012517 0 9.44343
0-0-1-1-0-2-2-3-0-2-2-3-0-4-3 262992233 10.4607 0.21173 1e-06 10.216
0-0-1-1-0-2-2-3-0-2-2-3-0-6-4 15794415 13.1813 0.018278 2e-06 13.1309
0-0-1-1-0-2-2-3-0-4-3-5-0-0-1 277704 120.238 0.007655 2e-06 120.19
0-0-1-1-0-2-2-3-0-4-3-5-0-2-2 13954626 12.0765 0.01719 1e-06 12.0271
0-0-1-1-0-2-2-3-0-4-3-5-0-4-3 264272027 13.7906 0.191401 0 13.5637
0-0-1-1-0-2-2-3-0-4-3-5-0-6-4 15794415 18.2113 0.017334 1e-06 18.1647
0-0-1-1-0-2-2-3-0-6-4-7-0-0-1 277704 146.466 0.009283 1e-06 146.414
0-0-1-1-0-2-2-3-0-6-4-7-0-2-2 13954626 15.3982 0.018084 1e-06 15.3493
0-0-1-1-0-2-2-3-0-6-4-7-0-4-3 264547773 17.0519 0.183454 1e-06 16.8287
0-0-1-1-0-2-2-3-0-6-4-7-0-6-4 15794415 21.4037 0.020759 1e-06 21.3449
0-0-1-1-0-4-3-5-0-0-1-1-0-0-1 277704 217.939 0.008456 1e-06 217.887
0-0-1-1-0-4-3-5-0-0-1-1-0-2-2 13954626 75.3021 0.017983 1e-06 75.2467
0-0-1-1-0-4-3-5-0-0-1-1-0-4-3 264547773 75.9809 0.16505 1e-06 75.7795
0-0-1-1-0-4-3-5-0-0-1-1-0-6-4 15794415 78.8833 0.018471 4e-06 78.8217
0-0-1-1-0-4-3-5-0-2-2-3-0-0-1 277704 111.242 0.00919 0 111.19
0-0-1-1-0-4-3-5-0-2-2-3-0-2-2 13373259 11.6252 0.013227 1e-06 11.5835
0-0-1-1-0-4-3-5-0-2-2-3-0-4-3 264534436 12.7222 0.189181 1e-06 12.4899
0-0-1-1-0-4-3-5-0-2-2-3-0-6-4 15794415 15.6895 0.016682 3e-06 15.6369
0-0-1-1-0-4-3-5-0-4-3-5-0-0-1 277704 132.209 0.009904 1e-06 132.155
0-0-1-1-0-4-3-5-0-4-3-5-0-2-2 13954626 15.4651 0.017963 3e-06 15.4116
0-0-1-1-0-4-3-5-0-4-3-5-0-4-3 254851812 16.9217 0.170789 1e-06 16.7109
0-0-1-1-0-4-3-5-0-4-3-5-0-6-4 15794415 20.466 0.017816 1e-06 20.4143
0-0-1-1-0-4-3-5-0-6-4-7-0-0-1 277704 147.09 0.009905 1e-06 147.039
0-0-1-1-0-4-3-5-0-6-4-7-0-2-2 13954626 18.4179 0.016729 1e-06 18.3685
0-0-1-1-0-4-3-5-0-6-4-7-0-4-3 264547773 20.0732 0.170604 1e-06 19.8641
0-0-1-1-0-4-3-5-0-6-4-7-0-6-4 15794415 24.2304 0.020727 1e-06 24.1745
0-0-1-1-0-6-4-7-0-0-1-1-0-0-1 277704 238.681 0.009396 3e-06 238.629
0-0-1-1-0-6-4-7-0-0-1-1-0-2-2 13954626 81.8535 0.018852 1e-06 81.7952
0-0-1-1-0-6-4-7-0-0-1-1-0-4-3 264547773 82.0773 0.184276 1e-06 81.8502
0-0-1-1-0-6-4-7-0-0-1-1-0-6-4 15794415 92.4616 0.021693 3e-06 92.3984
0-0-1-1-0-6-4-7-0-2-2-3-0-0-1 277704 131.455 0.009564 1e-06 131.405
0-0-1-1-0-6-4-7-0-2-2-3-0-2-2 13954626 13.263 0.019023 3e-06 13.2107
0-0-1-1-0-6-4-7-0-2-2-3-0-4-3 264547773 14.451 0.174561 3e-06 14.2308
0-0-1-1-0-6-4-7-0-2-2-3-0-6-4 15794415 17.5815 0.018321 3e-06 17.5317
0-0-1-1-0-6-4-7-0-4-3-5-0-0-1 277704 134.44 0.011708 3e-06 134.383
0-0-1-1-0-6-4-7-0-4-3-5-0-2-2 13954626 17.3669 0.019306 1e-06 17.313
0-0-1-1-0-6-4-7-0-4-3-5-0-4-3 264536355 19.6378 0.166396 3e-06 19.4321
0-0-1-1-0-6-4-7-0-4-3-5-0-6-4 15794415 22.5054 0.022966 1e-06 22.4482
0-0-1-1-0-6-4-7-0-6-4-7-0-0-1 277704 145.475 0.011168 1e-06 145.418
0-0-1-1-0-6-4-7-0-6-4-7-0-2-2 13954626 20.0333 0.018625 2e-06 19.9734
0-0-1-1-0-6-4-7-0-6-4-7-0-4-3 264547773 22.2046 0.174317 1e-06 21.9943
0-0-1-1-0-6-4-7-0-6-4-7-0-6-4 15794415 25.8618 0.022572 3e-06 25.7953
0-2-2-3-0-0-1-1-0-0-1-1-0-0-1 269979 282.943 0.007321 1.1e-05 282.896
0-2-2-3-0-0-1-1-0-0-1-1-0-2-2 13942082 124.604 0.015677 2e-06 124.549
0-2-2-3-0-0-1-1-0-0-1-1-0-4-3 261068775 125.838 0.174549 5e-06 125.619
0-2-2-3-0-0-1-1-0-0-1-1-0-6-4 15794087 129.184 0.018944 4e-06 129.12
0-2-2-3-0-0-1-1-0-2-2-3-0-0-1 277704 136.073 0.006963 4e-06 136.024
0-2-2-3-0-0-1-1-0-2-2-3-0-2-2 13942082 18.6251 0.012955 1e-06 18.5875
0-2-2-3-0-0-1-1-0-2-2-3-0-4-3 264546361 20.7493 0.168585 3e-06 20.5326
0-2-2-3-0-0-1-1-0-2-2-3-0-6-4 15794415 24.1128 0.014537 1e-06 24.0733
0-2-2-3-0-0-1-1-0-4-3-5-0-0-1 277704 143.26 0.007904 0 143.211
0-2-2-3-0-0-1-1-0-4-3-5-0-2-2 13950086 23.3396 0.016405 1e-06 23.293
0-2-2-3-0-0-1-1-0-4-3-5-0-4-3 264223483 25.0543 0.160608 0 24.8604
0-2-2-3-0-0-1-1-0-4-3-5-0-6-4 15794374 29.4484 0.015833 1e-06 29.403
0-2-2-3-0-0-1-1-0-6-4-7-0-0-1 277704 154.556 0.010095 2e-06 154.5
0-2-2-3-0-0-1-1-0-6-4-7-0-2-2 13954626 26.5249 0.017505 1e-06 26.4737
0-2-2-3-0-0-1-1-0-6-4-7-0-4-3 264547768 26.9859 0.170735 1e-06 26.7694
0-2-2-3-0-0-1-1-0-6-4-7-0-6-4 15794415 32.8028 0.020634 1e-06 32.7411
0-2-2-3-0-2-2-3-0-0-1-1-0-0-1 269979 187.299 0.006073 1e-05 187.247
0-2-2-3-0-2-2-3-0-0-1-1-0-2-2 13942082 27.986 0.015347 1e-06 27.9324
0-2-2-3-0-2-2-3-0-0-1-1-0-4-3 261068775 31.7194 0.158406 0 31.523
0-2-2-3-0-2-2-3-0-0-1-1-0-6-4 15794087 33.1031 0.01794 1e-06 33.053
0-2-2-3-0-2-2-3-0-2-2-3-0-0-1 269979 40.4014 0.022262 1e-06 40.3332
0-2-2-3-0-2-2-3-0-2-2-3-0-2-2 34713 8.37169 0.003647 1e-06 8.3365
0-2-2-3-0-2-2-3-0-2-2-3-0-4-3 18178411 7.69658 0.015851 1e-06 7.6459
0-2-2-3-0-2-2-3-0-2-2-3-0-6-4 10219172 9.98315 0.062368 1e-06 9.88021
0-2-2-3-0-2-2-3-0-4-3-5-0-0-1 277212 152.185 0.010653 1e-06 152.126
0-2-2-3-0-2-2-3-0-4-3-5-0-2-2 12401496 10.5077 0.020285 1e-06 10.4433
0-2-2-3-0-2-2-3-0-4-3-5-0-4-3 223199128 11.3832 0.179598 1e-06 11.1696
0-2-2-3-0-2-2-3-0-4-3-5-0-6-4 15752999 17.7708 0.032461 1e-06 17.6899
0-2-2-3-0-2-2-3-0-6-4-7-0-0-1 277704 168.602 0.005618 0 168.545
0-2-2-3-0-2-2-3-0-6-4-7-0-2-2 13689497 14.038 0.01583 3e-06 13.9861
0-2-2-3-0-2-2-3-0-6-4-7-0-4-3 258664239 15.4877 0.228481 2e-06 15.2142
0-2-2-3-0-2-2-3-0-6-4-7-0-6-4 15792398 20.3926 0.052857 3e-06 20.3006
0-2-2-3-0-4-3-5-0-0-1-1-0-0-1 277212 239.144 0.015208 1e-06 239.076
0-2-2-3-0-4-3-5-0-0-1-1-0-2-2 13953539 82.6974 0.021347 1e-06 82.6383
0-2-2-3-0-4-3-5-0-0-1-1-0-4-3 264335304 82.3659 0.226931 1e-06 82.0948
0-2-2-3-0-4-3-5-0-0-1-1-0-6-4 15794372 79.9607 0.024483 1e-06 79.8843
0-2-2-3-0-4-3-5-0-2-2-3-0-0-1 277704 117.21 0.008367 1e-06 117.156
0-2-2-3-0-4-3-5-0-2-2-3-0-2-2 12401496 9.40541 0.017109 1e-06 9.35246
0-2-2-3-0-4-3-5-0-2-2-3-0-4-3 263938876 10.141 0.221419 1e-06 9.87612
0-2-2-3-0-4-3-5-0-2-2-3-0-6-4 15794338 14.3271 0.072019 1e-06 14.2155
0-2-2-3-0-4-3-5-0-4-3-5-0-0-1 277704 129.046 0.072463 2e-06 128.919
0-2-2-3-0-4-3-5-0-4-3-5-0-2-2 13942369 13.4995 0.038955 2e-06 13.4167
0-2-2-3-0-4-3-5-0-4-3-5-0-4-3 252870735 14.7754 0.284939 1e-06 14.4483
0-2-2-3-0-4-3-5-0-4-3-5-0-6-4 15794351 19.2322 0.107642 1e-06 19.0876
0-2-2-3-0-4-3-5-0-6-4-7-0-0-1 277704 142.11 0.020265 2e-06 142.041
0-2-2-3-0-4-3-5-0-6-4-7-0-2-2 13954500 16.6779 0.030491 1e-06 16.6094
0-2-2-3-0-4-3-5-0-6-4-7-0-4-3 264545259 18.777 0.313196 1e-06 18.4227
0-2-2-3-0-4-3-5-0-6-4-7-0-6-4 15794413 22.9042 0.039222 1e-06 22.8283
0-2-2-3-0-6-4-7-0-0-1-1-0-0-1 277704 255.611 0.006126 2e-06 255.557
0-2-2-3-0-6-4-7-0-0-1-1-0-2-2 13954626 99.5829 0.015699 0 99.5295
0-2-2-3-0-6-4-7-0-0-1-1-0-4-3 264547773 100.965 0.200658 2e-06 100.713
0-2-2-3-0-6-4-7-0-0-1-1-0-6-4 15794415 106.769 0.017318 2e-06 106.711
0-2-2-3-0-6-4-7-0-2-2-3-0-0-1 277704 134.515 0.005925 1e-06 134.457
0-2-2-3-0-6-4-7-0-2-2-3-0-2-2 13689497 11.6105 0.014838 1e-06 11.5633
0-2-2-3-0-6-4-7-0-2-2-3-0-4-3 264526605 12.9259 0.212428 1e-06 12.6664
0-2-2-3-0-6-4-7-0-2-2-3-0-6-4 15794414 16.8866 0.171074 1e-06 16.6802
0-2-2-3-0-6-4-7-0-4-3-5-0-0-1 277704 132.04 0.058662 0 131.934
0-2-2-3-0-6-4-7-0-4-3-5-0-2-2 13953921 15.7647 0.028248 3e-06 15.7015
0-2-2-3-0-6-4-7-0-4-3-5-0-4-3 261395656 17.6241 0.337219 1e-06 17.2509
0-2-2-3-0-6-4-7-0-4-3-5-0-6-4 15794415 21.3701 0.105812 1e-06 21.222
0-2-2-3-0-6-4-7-0-6-4-7-0-0-1 277704 142.184 0.009718 2e-06 142.129
0-2-2-3-0-6-4-7-0-6-4-7-0-2-2 13954626 18.8724 0.023073 0 18.8089
0-2-2-3-0-6-4-7-0-6-4-7-0-4-3 264547767 21.1337 0.345634 3e-06 20.7434
0-2-2-3-0-6-4-7-0-6-4-7-0-6-4 15794415 25.6235 0.128787 1e-06 25.4627
0-4-3-5-0-0-1-1-0-0-1-1-0-0-1 125547 272.849 0.008392 1e-06 272.797
0-4-3-5-0-0-1-1-0-0-1-1-0-2-2 13103489 120.827 0.022727 0 120.762
0-4-3-5-0-0-1-1-0-0-1-1-0-4-3 159103520 119.891 0.168897 3e-06 119.664
0-4-3-5-0-0-1-1-0-0-1-1-0-6-4 15740985 125.899 0.027434 1e-06 125.832
0-4-3-5-0-0-1-1-0-2-2-3-0-0-1 277704 132.492 0.008228 1e-05 132.436
0-4-3-5-0-0-1-1-0-2-2-3-0-2-2 13103489 17.2005 0.022815 3e-06 17.1456
0-4-3-5-0-0-1-1-0-2-2-3-0-4-3 264299335 18.9667 0.242773 0 18.6758
0-4-3-5-0-0-1-1-0-2-2-3-0-6-4 15794415 21.7336 0.025526 1e-06 21.6769
0-4-3-5-0-0-1-1-0-4-3-5-0-0-1 277704 136.638 0.008832 2e-06 136.581
0-4-3-5-0-0-1-1-0-4-3-5-0-2-2 13749399 20.3781 0.024994 1e-06 20.3042
0-4-3-5-0-0-1-1-0-4-3-5-0-4-3 254223236 22.9375 0.248053 0 22.6394
0-4-3-5-0-0-1-1-0-4-3-5-0-6-4 15784512 26.595 0.023336 2e-06 26.5235
0-4-3-5-0-0-1-1-0-6-4-7-0-0-1 277704 145.862 0.008336 0 145.809
0-4-3-5-0-0-1-1-0-6-4-7-0-2-2 13954626 22.5652 0.025093 2e-06 22.5
0-4-3-5-0-0-1-1-0-6-4-7-0-4-3 264545622 24.3384 0.22207 3e-06 24.0758
0-4-3-5-0-0-1-1-0-6-4-7-0-6-4 15794415 29.5472 0.024695 3e-06 29.4804
0-4-3-5-0-2-2-3-0-0-1-1-0-0-1 277597 220.491 0.008183 3e-06 220.434
0-4-3-5-0-2-2-3-0-0-1-1-0-2-2 13954538 66.0144 0.025015 2e-06 65.9489
0-4-3-5-0-2-2-3-0-0-1-1-0-4-3 264505054 71.9332 1.27255 3e-06 70.6183
0-4-3-5-0-2-2-3-0-0-1-1-0-6-4 15794415 71.2284 0.102012 0 71.0683
0-4-3-5-0-2-2-3-0-2-2-3-0-0-1 277597 79.1019 0.007906 1e-06 79.0518
0-4-3-5-0-2-2-3-0-2-2-3-0-2-2 1807215 8.34741 0.008765 0 8.30731
0-4-3-5-0-2-2-3-0-2-2-3-0-4-3 186718068 8.59156 0.355858 1e-06 8.19796
0-4-3-5-0-2-2-3-0-2-2-3-0-6-4 15662521 13.1177 1.86639 1e-06 11.2037
0-4-3-5-0-2-2-3-0-4-3-5-0-0-1 277704 143.029 0.017493 2e-06 142.943
0-4-3-5-0-2-2-3-0-4-3-5-0-2-2 13920727 11.7118 0.027131 0 11.6475
0-4-3-5-0-2-2-3-0-4-3-5-0-4-3 256552028 13.8033 1.09149 3e-06 12.6683
0-4-3-5-0-2-2-3-0-4-3-5-0-6-4 15793767 17.8146 0.103212 1e-06 17.6617
0-4-3-5-0-2-2-3-0-6-4-7-0-0-1 277704 160.653 0.007304 1e-06 160.595
0-4-3-5-0-2-2-3-0-6-4-7-0-2-2 13952209 14.3279 0.0282 1e-06 14.2564
0-4-3-5-0-2-2-3-0-6-4-7-0-4-3 264488100 17.4721 1.23221 1e-06 16.2036
0-4-3-5-0-2-2-3-0-6-4-7-0-6-4 15794397 20.7601 0.136975 1e-06 20.575
0-4-3-5-0-4-3-5-0-0-1-1-0-0-1 273654 236.768 0.023536 1e-06 236.684
0-4-3-5-0-4-3-5-0-0-1-1-0-2-2 13920168 78.7508 0.177467 1e-06 78.5278
0-4-3-5-0-4-3-5-0-0-1-1-0-4-3 261568906 73.9526 0.378788 1e-06 73.4982
0-4-3-5-0-4-3-5-0-0-1-1-0-6-4 15792180 74.389 0.045985 3e-06 74.2909
0-4-3-5-0-4-3-5-0-2-2-3-0-0-1 277611 121.081 0.061095 2e-06 120.969
0-4-3-5-0-4-3-5-0-2-2-3-0-2-2 12620533 10.2595 0.042232 1e-06 10.1739
0-4-3-5-0-4-3-5-0-2-2-3-0-4-3 260987845 11.5539 0.672726 1e-06 10.8296
0-4-3-5-0-4-3-5-0-2-2-3-0-6-4 15743848 17.268 2.15525 1e-06 15.0525
0-4-3-5-0-4-3-5-0-4-3-5-0-0-1 274950 136.076 0.037206 3e-06 135.984
0-4-3-5-0-4-3-5-0-4-3-5-0-2-2 13780903 14.2961 0.198668 1e-06 14.0509
0-4-3-5-0-4-3-5-0-4-3-5-0-4-3 249802666 18.3586 3.12564 3e-06 15.173
0-4-3-5-0-4-3-5-0-4-3-5-0-6-4 15614461 23.176 2.51879 1e-06 20.6018
0-4-3-5-0-4-3-5-0-6-4-7-0-0-1 277700 142.748 0.023439 1e-06 142.671
0-4-3-5-0-4-3-5-0-6-4-7-0-2-2 13850279 17.1309 0.209823 1e-06 16.8813
0-4-3-5-0-4-3-5-0-6-4-7-0-4-3 263135171 21.1282 1.5829 1e-06 19.4681
0-4-3-5-0-4-3-5-0-6-4-7-0-6-4 15792097 23.7507 0.270884 1e-06 23.4148
0-4-3-5-0-6-4-7-0-0-1-1-0-0-1 277700 245.468 0.018127 2e-06 245.401
0-4-3-5-0-6-4-7-0-0-1-1-0-2-2 13954622 84.3881 0.258022 1e-06 84.0807
0-4-3-5-0-6-4-7-0-0-1-1-0-4-3 264547070 86.4792 0.340756 1e-06 86.0894
0-4-3-5-0-6-4-7-0-0-1-1-0-6-4 15794415 92.8497 0.038205 1e-06 92.7622
0-4-3-5-0-6-4-7-0-2-2-3-0-0-1 277704 126.844 0.026921 3e-06 126.773
0-4-3-5-0-6-4-7-0-2-2-3-0-2-2 13721768 11.6036 0.180488 1e-06 11.3846
0-4-3-5-0-6-4-7-0-2-2-3-0-4-3 264348044 13.8398 1.28274 1e-06 12.504
0-4-3-5-0-6-4-7-0-2-2-3-0-6-4 15794371 17.0637 0.133848 1e-06 16.8675
0-4-3-5-0-6-4-7-0-4-3-5-0-0-1 277704 126.416 0.065435 1e-06 126.302
0-4-3-5-0-6-4-7-0-4-3-5-0-2-2 13953164 15.8358 0.095494 1e-06 15.7019
0-4-3-5-0-6-4-7-0-4-3-5-0-4-3 263215652 18.6764 1.41561 3e-06 17.2093
0-4-3-5-0-6-4-7-0-4-3-5-0-6-4 15794412 21.5355 0.177738 1e-06 21.3036
0-4-3-5-0-6-4-7-0-6-4-7-0-0-1 277704 149.342 0.019206 1e-06 149.27
0-4-3-5-0-6-4-7-0-6-4-7-0-2-2 13954620 18.9775 0.091773 1e-06 18.8468
0-4-3-5-0-6-4-7-0-6-4-7-0-4-3 264547650 22.3211 1.45863 1e-06 20.7996
0-4-3-5-0-6-4-7-0-6-4-7-0-6-4 15794415 25.9527 0.183195 1e-06 25.7312
0-6-4-7-0-0-1-1-0-0-1-1-0-0-1 277619 289.616 0.007795 1e-06 289.57
0-6-4-7-0-0-1-1-0-0-1-1-0-2-2 13954551 138.219 0.020434 1e-06 138.161
0-6-4-7-0-0-1-1-0-0-1-1-0-4-3 264520476 137.674 0.263306 1e-06 137.373
0-6-4-7-0-0-1-1-0-0-1-1-0-6-4 15794415 140.226 0.022968 1e-06 140.155
0-6-4-7-0-0-1-1-0-2-2-3-0-0-1 277704 145.609 0.007313 2e-06 145.56
0-6-4-7-0-0-1-1-0-2-2-3-0-2-2 13954551 27.4759 0.01993 0 27.4279
0-6-4-7-0-0-1-1-0-2-2-3-0-4-3 264547769 32.9288 0.276225 1e-06 32.6071
0-6-4-7-0-0-1-1-0-2-2-3-0-6-4 15794415 34.5745 0.022471 2e-06 34.5179
0-6-4-7-0-0-1-1-0-4-3-5-0-0-1 277704 148.126 0.007754 8e-06 148.077
0-6-4-7-0-0-1-1-0-4-3-5-0-2-2 13954585 34.4427 0.021373 1e-06 34.3817
0-6-4-7-0-0-1-1-0-4-3-5-0-4-3 264544959 35.9267 0.280287 3e-06 35.5991
0-6-4-7-0-0-1-1-0-4-3-5-0-6-4 15794415 36.419 0.021909 0 36.363
0-6-4-7-0-0-1-1-0-6-4-7-0-0-1 277704 158.904 0.006939 1e-06 158.848
0-6-4-7-0-0-1-1-0-6-4-7-0-2-2 13954626 33.4091 0.024397 3e-06 33.3459
0-6-4-7-0-0-1-1-0-6-4-7-0-4-3 264547773 38.7322 0.261144 1e-06 38.437
0-6-4-7-0-0-1-1-0-6-4-7-0-6-4 15794415 41.5243 0.024021 3e-06 41.4679
0-6-4-7-0-2-2-3-0-0-1-1-0-0-1 277704 239.581 0.006467 1e-06 239.528
0-6-4-7-0-2-2-3-0-0-1-1-0-2-2 13954626 82.3674 0.031473 1e-06 82.2999
0-6-4-7-0-2-2-3-0-0-1-1-0-4-3 264547773 83.0508 0.279849 3e-06 82.7204
0-6-4-7-0-2-2-3-0-0-1-1-0-6-4 15794415 87.4341 0.03377 1e-06 87.3608
0-6-4-7-0-2-2-3-0-2-2-3-0-0-1 277704 90.1573 0.018036 1e-06 90.1019
0-6-4-7-0-2-2-3-0-2-2-3-0-2-2 6345795 8.75842 0.012025 1e-06 8.71247
0-6-4-7-0-2-2-3-0-2-2-3-0-4-3 254483838 9.88579 0.278475 1e-06 9.56843
0-6-4-7-0-2-2-3-0-2-2-3-0-6-4 15792946 12.8417 0.055453 1e-06 12.7559
0-6-4-7-0-2-2-3-0-4-3-5-0-0-1 277704 139.798 0.012247 4e-06 139.735
0-6-4-7-0-2-2-3-0-4-3-5-0-2-2 13954585 11.8929 0.0234 1e-06 11.8345
0-6-4-7-0-2-2-3-0-4-3-5-0-4-3 262665496 13.8291 0.324562 1e-06 13.4494
0-6-4-7-0-2-2-3-0-4-3-5-0-6-4 15794415 18.6504 0.035669 1e-06 18.5763
0-6-4-7-0-2-2-3-0-6-4-7-0-0-1 277704 151.575 0.006922 2e-06 151.509
0-6-4-7-0-2-2-3-0-6-4-7-0-2-2 13954626 15.4759 0.022924 1e-06 15.4101
0-6-4-7-0-2-2-3-0-6-4-7-0-4-3 264547773 17.4342 0.384463 1e-06 17.0038
0-6-4-7-0-2-2-3-0-6-4-7-0-6-4 15794415 22.0226 0.059286 1e-06 21.933
0-6-4-7-0-4-3-5-0-0-1-1-0-0-1 277701 212.164 0.019728 2e-06 212.102
0-6-4-7-0-4-3-5-0-0-1-1-0-2-2 13954618 70.7738 0.029184 0 70.7076
0-6-4-7-0-4-3-5-0-0-1-1-0-4-3 264546039 70.6131 0.331149 3e-06 70.2296
0-6-4-7-0-4-3-5-0-0-1-1-0-6-4 15794415 77.3877 0.07325 1e-06 77.2715
0-6-4-7-0-4-3-5-0-2-2-3-0-0-1 277704 127.648 0.019693 3e-06 127.579
0-6-4-7-0-4-3-5-0-2-2-3-0-2-2 13891951 10.3244 0.030845 1e-06 10.2615
0-6-4-7-0-4-3-5-0-2-2-3-0-4-3 264545893 11.7231 0.332341 1e-06 11.3457
0-6-4-7-0-4-3-5-0-2-2-3-0-6-4 15794415 16.3544 0.663331 0 15.6528
0-6-4-7-0-4-3-5-0-4-3-5-0-0-1 277704 130.418 0.104155 2e-06 130.265
0-6-4-7-0-4-3-5-0-4-3-5-0-2-2 13954598 15.6987 0.128244 1e-06 15.5318
0-6-4-7-0-4-3-5-0-4-3-5-0-4-3 253260419 16.9954 0.454104 3e-06 16.4968
0-6-4-7-0-4-3-5-0-4-3-5-0-6-4 15794415 22.4574 0.211767 1e-06 22.203
0-6-4-7-0-4-3-5-0-6-4-7-0-0-1 277704 146.753 0.096222 2e-06 146.605
0-6-4-7-0-4-3-5-0-6-4-7-0-2-2 13954626 18.1732 0.108704 1e-06 18.028
0-6-4-7-0-4-3-5-0-6-4-7-0-4-3 264547770 19.7763 0.485446 1e-06 19.2217
0-6-4-7-0-4-3-5-0-6-4-7-0-6-4 15794415 25.3123 0.122006 1e-06 25.1544
0-6-4-7-0-6-4-7-0-0-1-1-0-0-1 277704 243.098 0.014224 2e-06 243.036
0-6-4-7-0-6-4-7-0-0-1-1-0-2-2 13954626 85.0664 0.032069 2e-06 84.9899
0-6-4-7-0-6-4-7-0-0-1-1-0-4-3 264547773 85.5436 0.275436 1e-06 85.2155
0-6-4-7-0-6-4-7-0-0-1-1-0-6-4 15794415 86.4282 0.025375 2e-06 86.3598
0-6-4-7-0-6-4-7-0-2-2-3-0-0-1 277704 134.281 0.032281 2e-06 134.202
0-6-4-7-0-6-4-7-0-2-2-3-0-2-2 13954431 12.8291 0.02383 3e-06 12.7693
0-6-4-7-0-6-4-7-0-2-2-3-0-4-3 264547772 13.7524 0.271375 3e-06 13.4332
0-6-4-7-0-6-4-7-0-2-2-3-0-6-4 15794415 19.2634 0.485253 3e-06 18.7362
0-6-4-7-0-6-4-7-0-4-3-5-0-0-1 277704 131.911 0.166325 2e-06 131.695
0-6-4-7-0-6-4-7-0-4-3-5-0-2-2 13954626 17.3212 0.042805 1e-06 17.24
0-6-4-7-0-6-4-7-0-4-3-5-0-4-3 264542880 19.952 0.495034 3e-06 19.4021
0-6-4-7-0-6-4-7-0-4-3-5-0-6-4 15794415 23.8127 0.214042 1e-06 23.5512
0-6-4-7-0-6-4-7-0-6-4-7-0-0-1 277704 142.781 0.01379 1e-06 142.716
0-6-4-7-0-6-4-7-0-6-4-7-0-2-2 13954626 19.8095 0.037098 1e-06 19.7344
0-6-4-7-0-6-4-7-0-6-4-7-0-4-3 264547773 22.4409 0.505887 1e-06 21.8768
0-6-4-7-0-6-4-7-0-6-4-7-0-6-4 15794415 25.7169 0.048368 1e-06 25.6267
1-1-0-0-1-1-0-0-1-1-0-0-1-1-0 34713 250.077 0.004556 3e-06 250.037
1-1-0-0-1-1-0-0-1-1-0-2-2-3-0 269979 105.543 0.004755 1e-06 105.506
1-1-0-0-1-1-0-0-1-1-0-4-3-5-0 125547 119.121 0.005555 1e-06 119.078
1-1-0-0-1-1-0-0-1-1-0-6-4-7-0 277619 119.691 0.006947 1.1e-05 119.647
1-1-0-0-1-1-0-2-2-3-0-0-1-1-0 277704 121.28 0.003707 1e-06 121.243
1-1-0-0-1-1-0-2-2-3-0-2-2-3-0 269979 33.6417 0.003409 0 33.6127
1-1-0-0-1-1-0-2-2-3-0-4-3-5-0 277597 38.1423 0.003464 0 38.1089
1-1-0-0-1-1-0-2-2-3-0-6-4-7-0 277704 41.4422 0.00593 1e-06 41.4022
1-1-0-0-1-1-0-4-3-5-0-0-1-1-0 277704 126.152 0.004642 1e-06 126.111
1-1-0-0-1-1-0-4-3-5-0-2-2-3-0 277212 37.1564 0.002124 1e-06 37.125
1-1-0-0-1-1-0-4-3-5-0-4-3-5-0 273654 42.566 0.004193 2e-06 42.5269
1-1-0-0-1-1-0-4-3-5-0-6-4-7-0 277701 45.7037 0.004835 2e-06 45.6672
1-1-0-0-1-1-0-6-4-7-0-0-1-1-0 277704 140.064 0.00495 1e-06 140.023
1-1-0-0-1-1-0-6-4-7-0-2-2-3-0 277704 36.8 0.005556 2e-06 36.7579
1-1-0-0-1-1-0-6-4-7-0-4-3-5-0 277700 45.58 0.004378 1e-06 45.5436
1-1-0-0-1-1-0-6-4-7-0-6-4-7-0 277704 47.75 0.006859 7e-06 47.7062
1-1-0-2-2-3-0-0-1-1-0-0-1-1-0 277704 172.192 0.003662 4e-06 172.155
1-1-0-2-2-3-0-0-1-1-0-2-2-3-0 277704 41.8499 0.004308 1e-05 41.8163
1-1-0-2-2-3-0-0-1-1-0-4-3-5-0 277704 49.6068 0.005742 1e-06 49.5595
1-1-0-2-2-3-0-0-1-1-0-6-4-7-0 277704 54.7901 0.003961 3e-06 54.7415
1-1-0-2-2-3-0-2-2-3-0-0-1-1-0 277704 53.077 0.003085 2e-06 53.0384
1-1-0-2-2-3-0-2-2-3-0-2-2-3-0 269979 6.16302 0.001776 0 6.11715
1-1-0-2-2-3-0-2-2-3-0-4-3-5-0 277597 9.51566 0.005617 1.6e-05 9.45173
1-1-0-2-2-3-0-2-2-3-0-6-4-7-0 277704 12.6611 0.005005 2e-06 12.6249
1-1-0-2-2-3-0-4-3-5-0-0-1-1-0 277704 103.971 0.005848 1e-06 103.917
1-1-0-2-2-3-0-4-3-5-0-2-2-3-0 277704 8.24151 0.003588 2e-06 8.20625
1-1-0-2-2-3-0-4-3-5-0-4-3-5-0 277611 13.5713 0.007916 1e-06 13.5267
1-1-0-2-2-3-0-4-3-5-0-6-4-7-0 277704 17.0179 0.007179 1e-06 16.9768
1-1-0-2-2-3-0-6-4-7-0-0-1-1-0 277704 125.791 0.005041 2e-06 125.74
1-1-0-2-2-3-0-6-4-7-0-2-2-3-0 277704 10.8442 0.003022 1e-06 10.8088
1-1-0-2-2-3-0-6-4-7-0-4-3-5-0 277704 16.3368 0.007294 2e-06 16.2927
1-1-0-2-2-3-0-6-4-7-0-6-4-7-0 277704 20.964 0.006498 2e-06 20.9145
1-1-0-4-3-5-0-0-1-1-0-0-1-1-0 277704 181.182 0.004797 1e-06 181.131
1-1-0-4-3-5-0-0-1-1-0-2-2-3-0 277704 47.3224 0.004931 1e-06 47.2829
1-1-0-4-3-5-0-0-1-1-0-4-3-5-0 277704 49.6501 0.006796 1e-06 49.6045
1-1-0-4-3-5-0-0-1-1-0-6-4-7-0 277704 55.7841 0.006875 2e-06 55.7378
1-1-0-4-3-5-0-2-2-3-0-0-1-1-0 277704 96.5549 0.004155 2e-06 96.513
1-1-0-4-3-5-0-2-2-3-0-2-2-3-0 277212 6.87925 0.002441 1e-06 6.84828
1-1-0-4-3-5-0-2-2-3-0-4-3-5-0 277704 11.4693 0.004228 1e-06 11.4321
1-1-0-4-3-5-0-2-2-3-0-6-4-7-0 277704 14.182 0.004313 1e-06 14.1412
1-1-0-4-3-5-0-4-3-5-0-0-1-1-0 277704 103.351 0.005778 1e-06 103.301
1-1-0-4-3-5-0-4-3-5-0-2-2-3-0 277704 10.0252 0.004269 1.4e-05 9.98293
1-1-0-4-3-5-0-4-3-5-0-4-3-5-0 274950 15.2618 0.007423 0 15.2145
1-1-0-4-3-5-0-4-3-5-0-6-4-7-0 277704 18.8011 0.00799 1e-06 18.7562
1-1-0-4-3-5-0-6-4-7-0-0-1-1-0 277704 120.862 0.005479 1e-06 120.812
1-1-0-4-3-5-0-6-4-7-0-2-2-3-0 277704 11.8769 0.004019 1e-06 11.8374
1-1-0-4-3-5-0-6-4-7-0-4-3-5-0 277704 17.5602 0.007005 1e-06 17.5107
1-1-0-4-3-5-0-6-4-7-0-6-4-7-0 277704 20.609 0.005849 1e-06 20.5671
1-1-0-6-4-7-0-0-1-1-0-0-1-1-0 277704 186.252 0.005966 7e-06 186.206
1-1-0-6-4-7-0-0-1-1-0-2-2-3-0 277704 57.126 0.00418 1e-06 57.0911
1-1-0-6-4-7-0-0-1-1-0-4-3-5-0 277704 64.9556 0.008585 3e-06 64.9113
1-1-0-6-4-7-0-0-1-1-0-6-4-7-0 277704 64.7289 0.006607 1e-06 64.6868
1-1-0-6-4-7-0-2-2-3-0-0-1-1-0 277704 104.953 0.004093 1e-06 104.907
1-1-0-6-4-7-0-2-2-3-0-2-2-3-0 277704 7.69945 0.002694 1e-06 7.66648
1-1-0-6-4-7-0-2-2-3-0-4-3-5-0 277704 12.0563 0.005327 1e-06 12.017
1-1-0-6-4-7-0-2-2-3-0-6-4-7-0 277704 15.7263 0.005558 1e-06 15.6879
1-1-0-6-4-7-0-4-3-5-0-0-1-1-0 277704 99.4908 0.006035 1e-06 99.4384
1-1-0-6-4-7-0-4-3-5-0-2-2-3-0 277704 11.2137 0.005675 1e-06 11.1732
1-1-0-6-4-7-0-4-3-5-0-4-3-5-0 277700 16.6253 0.009687 1e-06 16.5779
1-1-0-6-4-7-0-4-3-5-0-6-4-7-0 277704 19.0019 0.010195 2e-06 18.9479
1-1-0-6-4-7-0-6-4-7-0-0-1-1-0 277704 106.373 0.005765 1e-06 106.325
1-1-0-6-4-7-0-6-4-7-0-2-2-3-0 277704 12.8216 0.00527 2e-06 12.7735
1-1-0-6-4-7-0-6-4-7-0-4-3-5-0 277704 18.7246 0.009294 3e-06 18.6753
1-1-0-6-4-7-0-6-4-7-0-6-4-7-0 277704 22.4994 0.007127 1e-06 22.456
2-3-0-0-1-1-0-0-1-1-0-0-1-1-0 11426723 223.354 0.009864 3e-06 223.309
2-3-0-0-1-1-0-0-1-1-0-2-2-3-0 13942082 94.5222 0.01795 0 94.4731
2-3-0-0-1-1-0-0-1-1-0-4-3-5-0 13103489 97.8353 0.017423 2e-06 97.7786
2-3-0-0-1-1-0-0-1-1-0-6-4-7-0 13954551 100.325 0.019509 1e-06 100.26
2-3-0-0-1-1-0-2-2-3-0-0-1-1-0 13954626 100.765 0.017288 1e-06 100.708
2-3-0-0-1-1-0-2-2-3-0-2-2-3-0 13942082 10.9513 0.013133 1e-06 10.9115
2-3-0-0-1-1-0-2-2-3-0-4-3-5-0 13954538 14.6844 0.01692 1e-06 14.6369
2-3-0-0-1-1-0-2-2-3-0-6-4-7-0 13954626 18.2224 0.016085 1e-06 18.176
2-3-0-0-1-1-0-4-3-5-0-0-1-1-0 13954626 107.599 0.017478 1e-06 107.543
2-3-0-0-1-1-0-4-3-5-0-2-2-3-0 13953539 14.1534 0.018435 2e-06 14.0977
2-3-0-0-1-1-0-4-3-5-0-4-3-5-0 13920168 18.1593 0.018225 1e-06 18.1056
2-3-0-0-1-1-0-4-3-5-0-6-4-7-0 13954618 21.4192 0.015739 1e-06 21.37
2-3-0-0-1-1-0-6-4-7-0-0-1-1-0 13954626 116.02 0.019411 1e-06 115.953
2-3-0-0-1-1-0-6-4-7-0-2-2-3-0 13954626 16.0149 0.017928 1e-06 15.9652
2-3-0-0-1-1-0-6-4-7-0-4-3-5-0 13954622 20.8792 0.016397 1e-06 20.8302
2-3-0-0-1-1-0-6-4-7-0-6-4-7-0 13954626 25.1748 0.021601 2e-06 25.1052
2-3-0-2-2-3-0-0-1-1-0-0-1-1-0 11426723 156.034 0.009444 1e-06 155.987
2-3-0-2-2-3-0-0-1-1-0-2-2-3-0 13942082 22.3015 0.017083 1e-06 22.2558
2-3-0-2-2-3-0-0-1-1-0-4-3-5-0 13103489 24.9777 0.013738 1e-06 24.934
2-3-0-2-2-3-0-0-1-1-0-6-4-7-0 13954551 29.7028 0.018199 1e-06 29.646
2-3-0-2-2-3-0-2-2-3-0-0-1-1-0 11426723 31.4003 0.005709 1e-06 31.3687
2-3-0-2-2-3-0-2-2-3-0-2-2-3-0 34713 6.26501 0.001501 1e-06 6.23337
2-3-0-2-2-3-0-2-2-3-0-4-3-5-0 1807215 8.98361 0.006187 2e-06 8.94235
2-3-0-2-2-3-0-2-2-3-0-6-4-7-0 6345795 13.1994 0.015716 1e-06 13.1502
2-3-0-2-2-3-0-4-3-5-0-0-1-1-0 13373259 117.85 0.014693 1e-06 117.79
2-3-0-2-2-3-0-4-3-5-0-2-2-3-0 12401496 7.28037 0.008151 1e-06 7.24207
2-3-0-2-2-3-0-4-3-5-0-4-3-5-0 12620533 12.5172 0.055372 2e-06 12.4252
2-3-0-2-2-3-0-4-3-5-0-6-4-7-0 13891951 16.1378 0.048893 1e-06 16.0523
2-3-0-2-2-3-0-6-4-7-0-0-1-1-0 13954626 135.445 0.01048 3e-06 135.39
2-3-0-2-2-3-0-6-4-7-0-2-2-3-0 13689497 10.5827 0.130906 1e-06 10.4202
2-3-0-2-2-3-0-6-4-7-0-4-3-5-0 13721768 15.7797 0.176341 1e-06 15.5652
2-3-0-2-2-3-0-6-4-7-0-6-4-7-0 13954431 19.6431 0.196769 1e-06 19.4064
2-3-0-4-3-5-0-0-1-1-0-0-1-1-0 13373259 169.697 0.016222 3e-06 169.634
2-3-0-4-3-5-0-0-1-1-0-2-2-3-0 13950086 46.8743 0.024494 1e-06 46.8134
2-3-0-4-3-5-0-0-1-1-0-4-3-5-0 13749399 47.5489 0.023208 1e-06 47.4799
2-3-0-4-3-5-0-0-1-1-0-6-4-7-0 13954585 52.7719 0.026803 1e-06 52.6995
2-3-0-4-3-5-0-2-2-3-0-0-1-1-0 13954626 99.5569 0.288175 2e-06 99.2266
2-3-0-4-3-5-0-2-2-3-0-2-2-3-0 12401496 6.35424 0.073227 1e-06 6.23883
2-3-0-4-3-5-0-2-2-3-0-4-3-5-0 13920727 10.6878 0.074808 2e-06 10.571
2-3-0-4-3-5-0-2-2-3-0-6-4-7-0 13954585 14.3983 0.190119 5e-06 14.1704
2-3-0-4-3-5-0-4-3-5-0-0-1-1-0 13954626 107.866 0.071676 4e-06 107.749
2-3-0-4-3-5-0-4-3-5-0-2-2-3-0 13942369 10.0213 0.633294 1e-06 9.34277
2-3-0-4-3-5-0-4-3-5-0-4-3-5-0 13780903 14.7254 0.145031 1e-06 14.5373
2-3-0-4-3-5-0-4-3-5-0-6-4-7-0 13954598 18.5145 0.129494 1e-06 18.3468
2-3-0-4-3-5-0-6-4-7-0-0-1-1-0 13954626 118.177 0.023885 1e-06 118.106
2-3-0-4-3-5-0-6-4-7-0-2-2-3-0 13953921 11.6153 0.386659 1e-06 11.194
2-3-0-4-3-5-0-6-4-7-0-4-3-5-0 13953164 17.6519 0.544322 2e-06 17.0529
2-3-0-4-3-5-0-6-4-7-0-6-4-7-0 13954626 20.0692 0.125538 1e-06 19.9063
2-3-0-6-4-7-0-0-1-1-0-0-1-1-0 13954626 203.396 0.011602 2e-06 203.339
2-3-0-6-4-7-0-0-1-1-0-2-2-3-0 13954626 67.4382 0.019906 2e-06 67.3802
2-3-0-6-4-7-0-0-1-1-0-4-3-5-0 13954626 75.5642 0.019262 1e-06 75.5056
2-3-0-6-4-7-0-0-1-1-0-6-4-7-0 13954626 70.8439 0.021109 2e-06 70.7795
2-3-0-6-4-7-0-2-2-3-0-0-1-1-0 13954626 106.938 0.381504 2e-06 106.512
2-3-0-6-4-7-0-2-2-3-0-2-2-3-0 13689497 8.41562 0.109897 1e-06 8.27397
2-3-0-6-4-7-0-2-2-3-0-4-3-5-0 13952209 12.89 0.081491 2e-06 12.7709
2-3-0-6-4-7-0-2-2-3-0-6-4-7-0 13954626 16.5339 0.243431 1e-06 16.2497
2-3-0-6-4-7-0-4-3-5-0-0-1-1-0 13954626 100.859 0.019587 1e-06 100.795
2-3-0-6-4-7-0-4-3-5-0-2-2-3-0 13954500 11.9584 0.748424 1e-06 11.1726
2-3-0-6-4-7-0-4-3-5-0-4-3-5-0 13850279 17.3535 0.179125 1e-06 17.1339
2-3-0-6-4-7-0-4-3-5-0-6-4-7-0 13954626 20.2546 0.16779 6e-06 20.042
2-3-0-6-4-7-0-6-4-7-0-0-1-1-0 13954626 115.013 0.166391 1e-06 114.799
2-3-0-6-4-7-0-6-4-7-0-2-2-3-0 13954626 13.9367 0.563885 1e-06 13.3412
2-3-0-6-4-7-0-6-4-7-0-4-3-5-0 13954620 19.9559 0.16416 2e-06 19.7528
2-3-0-6-4-7-0-6-4-7-0-6-4-7-0 13954626 22.1593 0.148338 1e-06 21.9754
3-5-0-0-1-1-0-0-1-1-0-0-1-1-0 66667832 227.629 0.041524 1e-06 227.548
3-5-0-0-1-1-0-0-1-1-0-2-2-3-0 261068775 93.6682 0.194516 1e-06 93.4339
3-5-0-0-1-1-0-0-1-1-0-4-3-5-0 159103520 98.0388 0.126992 1e-06 97.8502
3-5-0-0-1-1-0-0-1-1-0-6-4-7-0 264520476 90.6037 0.206686 1e-06 90.3396
3-5-0-0-1-1-0-2-2-3-0-0-1-1-0 264547773 101.884 0.195218 1e-06 101.641
3-5-0-0-1-1-0-2-2-3-0-2-2-3-0 261068775 10.452 0.131241 1e-06 10.2927
3-5-0-0-1-1-0-2-2-3-0-4-3-5-0 264505054 14.5448 0.131184 2e-06 14.3764
3-5-0-0-1-1-0-2-2-3-0-6-4-7-0 264547773 17.7782 0.132714 1e-06 17.6117
3-5-0-0-1-1-0-4-3-5-0-0-1-1-0 264547773 109.728 0.167683 1e-06 109.516
3-5-0-0-1-1-0-4-3-5-0-2-2-3-0 264335304 12.6643 0.143375 1e-06 12.4751
3-5-0-0-1-1-0-4-3-5-0-4-3-5-0 261568906 17.9984 0.126867 2e-06 17.8353
3-5-0-0-1-1-0-4-3-5-0-6-4-7-0 264546039 21.3914 0.168201 1e-06 21.1851
3-5-0-0-1-1-0-6-4-7-0-0-1-1-0 264547773 112.649 0.171619 0 112.435
3-5-0-0-1-1-0-6-4-7-0-2-2-3-0 264547773 13.3124 0.135153 1e-06 13.1461
3-5-0-0-1-1-0-6-4-7-0-4-3-5-0 264547070 19.5441 0.138714 1e-06 19.3672
3-5-0-0-1-1-0-6-4-7-0-6-4-7-0 264547773 23.8817 0.187178 4e-06 23.6415
3-5-0-2-2-3-0-0-1-1-0-0-1-1-0 262992233 169.184 0.289513 2e-06 168.844
3-5-0-2-2-3-0-0-1-1-0-2-2-3-0 264546361 35.5924 0.316395 0 35.223
3-5-0-2-2-3-0-0-1-1-0-4-3-5-0 264299335 38.7334 0.301537 1e-06 38.3836
3-5-0-2-2-3-0-0-1-1-0-6-4-7-0 264547769 46.8237 0.32526 1e-06 46.444
3-5-0-2-2-3-0-2-2-3-0-0-1-1-0 262992233 46.6712 0.296646 7e-06 46.3361
3-5-0-2-2-3-0-2-2-3-0-2-2-3-0 18178411 6.12784 0.029263 1e-06 6.05471
3-5-0-2-2-3-0-2-2-3-0-4-3-5-0 186718068 9.40535 0.19948 2e-06 9.16004
3-5-0-2-2-3-0-2-2-3-0-6-4-7-0 254483838 12.9143 0.30519 1e-06 12.5539
3-5-0-2-2-3-0-4-3-5-0-0-1-1-0 264534436 114.781 0.309957 1e-06 114.414
3-5-0-2-2-3-0-4-3-5-0-2-2-3-0 263938876 8.4918 0.313405 2e-06 8.13162
3-5-0-2-2-3-0-4-3-5-0-4-3-5-0 260987845 13.0011 0.308822 1e-06 12.646
3-5-0-2-2-3-0-4-3-5-0-6-4-7-0 264545893 16.4659 0.356731 2e-06 16.0519
3-5-0-2-2-3-0-6-4-7-0-0-1-1-0 264547773 118.472 0.305739 2e-06 118.107
3-5-0-2-2-3-0-6-4-7-0-2-2-3-0 264526605 11.1948 0.43151 4e-06 10.6954
3-5-0-2-2-3-0-6-4-7-0-4-3-5-0 264348044 16.5979 0.458956 1e-06 16.0926
3-5-0-2-2-3-0-6-4-7-0-6-4-7-0 264547772 20.1877 0.374134 3.2e-05 19.7582
3-5-0-4-3-5-0-0-1-1-0-0-1-1-0 242448037 179.772 4.41838 1e-06 175.301
3-5-0-4-3-5-0-0-1-1-0-2-2-3-0 264223483 44.3279 0.29102 1e-06 43.9966
3-5-0-4-3-5-0-0-1-1-0-4-3-5-0 254223236 47.0805 0.312961 2e-06 46.6984
3-5-0-4-3-5-0-0-1-1-0-6-4-7-0 264544959 51.9688 0.345894 4e-06 51.5453
3-5-0-4-3-5-0-2-2-3-0-0-1-1-0 264272027 109.965 12.9947 2e-06 96.9109
3-5-0-4-3-5-0-2-2-3-0-2-2-3-0 223199128 8.65057 1.50118 1e-06 7.08827
3-5-0-4-3-5-0-2-2-3-0-4-3-5-0 256552028 11.9912 1.16397 1e-06 10.7637
3-5-0-4-3-5-0-2-2-3-0-6-4-7-0 262665496 17.8645 3.24636 1e-06 14.5635
3-5-0-4-3-5-0-4-3-5-0-0-1-1-0 254851812 128.573 16.8963 1e-06 111.61
3-5-0-4-3-5-0-4-3-5-0-2-2-3-0 252870735 24.078 13.8262 1e-06 10.1806
3-5-0-4-3-5-0-4-3-5-0-4-3-5-0 249802666 29.5085 14.3279 1e-06 15.0967
3-5-0-4-3-5-0-4-3-5-0-6-4-7-0 253260419 33.3484 13.4689 4e-06 19.8241
3-5-0-4-3-5-0-6-4-7-0-0-1-1-0 264536355 139.699 17.7058 2e-06 121.937
3-5-0-4-3-5-0-6-4-7-0-2-2-3-0 261395656 27.6789 15.7971 2e-06 11.8238
3-5-0-4-3-5-0-6-4-7-0-4-3-5-0 263215652 26.313 8.42823 3e-06 17.8171
3-5-0-4-3-5-0-6-4-7-0-6-4-7-0 264542880 38.7546 17.8973 1e-06 20.7743
3-5-0-6-4-7-0-0-1-1-0-0-1-1-0 264536355 201.106 5.01807 8e-06 196.035
3-5-0-6-4-7-0-0-1-1-0-2-2-3-0 264547768 66.8631 5.01849 1e-06 61.7981
3-5-0-6-4-7-0-0-1-1-0-4-3-5-0 264545622 72.3381 5.09277 2e-06 67.202
3-5-0-6-4-7-0-0-1-1-0-6-4-7-0 264547773 75.735 4.99956 2e-06 70.6915
3-5-0-6-4-7-0-2-2-3-0-0-1-1-0 264547773 112.263 5.02986 1e-06 107.189
3-5-0-6-4-7-0-2-2-3-0-2-2-3-0 258664239 11.4624 3.35999 1e-06 8.06032
3-5-0-6-4-7-0-2-2-3-0-4-3-5-0 264488100 17.7034 5.03764 2e-06 12.6207
3-5-0-6-4-7-0-2-2-3-0-6-4-7-0 264547773 22.1585 5.08838 1e-06 17.0284
3-5-0-6-4-7-0-4-3-5-0-0-1-1-0 264547773 103.79 4.97755 1e-06 98.7597
3-5-0-6-4-7-0-4-3-5-0-2-2-3-0 264545259 17.0055 5.57325 1e-06 11.3807
3-5-0-6-4-7-0-4-3-5-0-4-3-5-0 263135171 22.1014 5.17135 1e-06 16.8725
3-5-0-6-4-7-0-4-3-5-0-6-4-7-0 264547770 23.82 5.09488 1e-06 18.6796
3-5-0-6-4-7-0-6-4-7-0-0-1-1-0 264547773 122.921 5.64514 0 117.226
3-5-0-6-4-7-0-6-4-7-0-2-2-3-0 264547767 19.3187 5.48091 1e-06 13.7801
3-5-0-6-4-7-0-6-4-7-0-4-3-5-0 264547650 25.9745 5.61583 2e-06 20.3141
3-5-0-6-4-7-0-6-4-7-0-6-4-7-0 264547773 28.587 5.69964 1e-06 22.8395
4-7-0-0-1-1-0-0-1-1-0-0-1-1-0 15626706 231.643 0.015713 4e-06 231.588
4-7-0-0-1-1-0-0-1-1-0-2-2-3-0 15794087 98.9912 0.02359 6e-06 98.9134
4-7-0-0-1-1-0-0-1-1-0-4-3-5-0 15740985 105.795 0.020394 2e-06 105.735
4-7-0-0-1-1-0-0-1-1-0-6-4-7-0 15794415 107.52 0.02339 3e-06 107.456
4-7-0-0-1-1-0-2-2-3-0-0-1-1-0 15794415 106.94 0.022172 4e-06 106.88
4-7-0-0-1-1-0-2-2-3-0-2-2-3-0 15794087 14.9354 0.021421 1e-06 14.8842
4-7-0-0-1-1-0-2-2-3-0-4-3-5-0 15794415 20.51 0.020423 2e-06 20.4552
4-7-0-0-1-1-0-2-2-3-0-6-4-7-0 15794415 22.8439 0.024646 1e-06 22.7817
4-7-0-0-1-1-0-4-3-5-0-0-1-1-0 15794415 110.548 0.022299 3e-06 110.483
4-7-0-0-1-1-0-4-3-5-0-2-2-3-0 15794372 17.4527 0.020804 1e-06 17.393
4-7-0-0-1-1-0-4-3-5-0-4-3-5-0 15792180 22.6652 0.025207 2e-06 22.5783
4-7-0-0-1-1-0-4-3-5-0-6-4-7-0 15794415 25.4974 0.021786 3e-06 25.4355
4-7-0-0-1-1-0-6-4-7-0-0-1-1-0 15794415 112.16 0.022294 1.6e-05 112.094
4-7-0-0-1-1-0-6-4-7-0-2-2-3-0 15794415 20.1015 0.022664 1e-06 20.0418
4-7-0-0-1-1-0-6-4-7-0-4-3-5-0 15794415 25.4869 0.023178 2e-06 25.426
4-7-0-0-1-1-0-6-4-7-0-6-4-7-0 15794415 28.2838 0.021392 1e-06 28.2268
4-7-0-2-2-3-0-0-1-1-0-0-1-1-0 15794415 174.327 0.024164 2e-06 174.261
4-7-0-2-2-3-0-0-1-1-0-2-2-3-0 15794415 50.2127 0.167339 1e-06 50.0064
4-7-0-2-2-3-0-0-1-1-0-4-3-5-0 15794415 55.9643 0.032072 1e-06 55.8966
4-7-0-2-2-3-0-0-1-1-0-6-4-7-0 15794415 57.8539 0.034492 1e-06 57.7794
4-7-0-2-2-3-0-2-2-3-0-0-1-1-0 15794415 60.2312 0.149625 2e-06 60.0516
4-7-0-2-2-3-0-2-2-3-0-2-2-3-0 10219172 5.86862 0.023176 1e-06 5.81227
4-7-0-2-2-3-0-2-2-3-0-4-3-5-0 15662521 9.37622 0.057842 1e-06 9.27424
4-7-0-2-2-3-0-2-2-3-0-6-4-7-0 15792946 13.0708 0.127404 1e-06 12.9089
4-7-0-2-2-3-0-4-3-5-0-0-1-1-0 15794415 109.449 0.016662 2e-06 109.386
4-7-0-2-2-3-0-4-3-5-0-2-2-3-0 15794338 8.94897 0.01303 1e-06 8.90156
4-7-0-2-2-3-0-4-3-5-0-4-3-5-0 15743848 13.7773 0.170326 1e-06 13.5635
4-7-0-2-2-3-0-4-3-5-0-6-4-7-0 15794415 17.4158 0.202047 3e-06 17.173
4-7-0-2-2-3-0-6-4-7-0-0-1-1-0 15794415 126.899 0.160991 2e-06 126.69
4-7-0-2-2-3-0-6-4-7-0-2-2-3-0 15794414 11.286 0.256254 1e-06 10.9968
4-7-0-2-2-3-0-6-4-7-0-4-3-5-0 15794371 18.3628 0.259059 2e-06 18.0478
4-7-0-2-2-3-0-6-4-7-0-6-4-7-0 15794415 20.4542 0.161514 0 20.2564
4-7-0-4-3-5-0-0-1-1-0-0-1-1-0 15758734 181.505 0.027559 4e-06 181.411
4-7-0-4-3-5-0-0-1-1-0-2-2-3-0 15794374 43.8186 0.030577 1e-06 43.746
4-7-0-4-3-5-0-0-1-1-0-4-3-5-0 15784512 49.9734 0.07229 1e-06 49.8474
4-7-0-4-3-5-0-0-1-1-0-6-4-7-0 15794415 52.0016 0.07384 3e-06 51.8844
4-7-0-4-3-5-0-2-2-3-0-0-1-1-0 15794415 94.5482 0.039958 7e-06 94.4594
4-7-0-4-3-5-0-2-2-3-0-2-2-3-0 15752999 7.93594 0.630746 1e-06 7.25575
4-7-0-4-3-5-0-2-2-3-0-4-3-5-0 15793767 11.77 0.110341 2e-06 11.6132
4-7-0-4-3-5-0-2-2-3-0-6-4-7-0 15794415 15.2083 0.282197 1e-06 14.8905
4-7-0-4-3-5-0-4-3-5-0-0-1-1-0 15794415 110.86 0.106211 2e-06 110.705
4-7-0-4-3-5-0-4-3-5-0-2-2-3-0 15794351 10.7043 0.110931 1e-06 10.5561
4-7-0-4-3-5-0-4-3-5-0-4-3-5-0 15614461 16.4323 0.250944 3e-06 16.1308
4-7-0-4-3-5-0-4-3-5-0-6-4-7-0 15794415 20.0634 0.230032 1e-06 19.794
4-7-0-4-3-5-0-6-4-7-0-0-1-1-0 15794415 118.267 0.752498 4e-06 117.467
4-7-0-4-3-5-0-6-4-7-0-2-2-3-0 15794415 12.2328 0.096795 1e-06 12.0993
4-7-0-4-3-5-0-6-4-7-0-4-3-5-0 15794412 18.7341 0.679121 3e-06 18.0132
4-7-0-4-3-5-0-6-4-7-0-6-4-7-0 15794415 21.5167 0.213755 1e-06 21.2628
4-7-0-6-4-7-0-0-1-1-0-0-1-1-0 15794415 198.504 0.63842 2e-06 197.82
4-7-0-6-4-7-0-0-1-1-0-2-2-3-0 15794415 57.0062 0.649212 1e-06 56.3222
4-7-0-6-4-7-0-0-1-1-0-4-3-5-0 15794415 61.6474 0.024205 1e-06 61.5796
4-7-0-6-4-7-0-0-1-1-0-6-4-7-0 15794415 63.4759 0.0236 1.2e-05 63.4058
4-7-0-6-4-7-0-2-2-3-0-0-1-1-0 15794415 108.06 0.494219 5e-06 107.507
4-7-0-6-4-7-0-2-2-3-0-2-2-3-0 15792398 8.8538 0.410275 1e-06 8.40739
4-7-0-6-4-7-0-2-2-3-0-4-3-5-0 15794397 13.6836 0.102613 3e-06 13.5411
4-7-0-6-4-7-0-2-2-3-0-6-4-7-0 15794415 17.9723 0.289861 2e-06 17.6285
4-7-0-6-4-7-0-4-3-5-0-0-1-1-0 15794415 98.554 0.691197 1e-06 97.803
4-7-0-6-4-7-0-4-3-5-0-2-2-3-0 15794413 12.6733 1.23284 1e-06 11.388
4-7-0-6-4-7-0-4-3-5-0-4-3-5-0 15792097 18.1709 0.763737 1e-06 17.361
4-7-0-6-4-7-0-4-3-5-0-6-4-7-0 15794415 20.568 0.750279 1e-06 19.7664
4-7-0-6-4-7-0-6-4-7-0-0-1-1-0 15794415 114.916 0.757588 3e-06 114.108
4-7-0-6-4-7-0-6-4-7-0-2-2-3-0 15794415 14.5095 1.03597 1e-06 13.4389
4-7-0-6-4-7-0-6-4-7-0-4-3-5-0 15794415 20.573 1.20191 2e-06 19.3182
4-7-0-6-4-7-0-6-4-7-0-6-4-7-0 15794415 22.8656 0.753585 1e-06 22.0743
