0-0-1-1-0-0-1-1-0-0-1-1-0-0-1 34713 333.311 0.007845 1e-06 333.247
0-0-1-1-0-0-1-1-0-0-1-1-0-2-2 11426723 164.96 0.034787 4e-06 164.888
0-0-1-1-0-0-1-1-0-0-1-1-0-4-3 66667832 167.501 0.107074 2e-06 167.352
0-0-1-1-0-0-1-1-0-0-1-1-0-6-4 15626706 171.863 0.013792 1e-06 171.813
0-0-1-1-0-0-1-1-0-2-2-3-0-0-1 277704 176.723 0.007339 1e-06 176.685
0-0-1-1-0-0-1-1-0-2-2-3-0-2-2 11426723 60.9502 0.00784 3e-06 60.917
0-0-1-1-0-0-1-1-0-2-2-3-0-4-3 262992233 59.7279 0.260637 1e-06 59.4257
0-0-1-1-0-0-1-1-0-2-2-3-0-6-4 15794415 65.0154 0.013489 2e-06 64.9738
0-0-1-1-0-0-1-1-0-4-3-5-0-0-1 277704 179.903 0.005904 1e-06 179.862
0-0-1-1-0-0-1-1-0-4-3-5-0-2-2 13373259 67.9487 0.010971 1e-06 67.9057
0-0-1-1-0-0-1-1-0-4-3-5-0-4-3 242448037 68.5216 0.092126 1e-06 68.4016
0-0-1-1-0-0-1-1-0-4-3-5-0-6-4 15758734 70.2704 0.009448 1e-06 70.2311
0-0-1-1-0-0-1-1-0-6-4-7-0-0-1 277704 197.132 0.006844 1e-06 197.09
0-0-1-1-0-0-1-1-0-6-4-7-0-2-2 13954626 67.6062 0.013642 0 67.5599
0-0-1-1-0-0-1-1-0-6-4-7-0-4-3 264536355 68.8155 0.118181 1e-06 68.6613
0-0-1-1-0-0-1-1-0-6-4-7-0-6-4 15794415 70.1827 0.012329 1e-06 70.1423
0-0-1-1-0-2-2-3-0-0-1-1-0-0-1 277704 231.404 0.006526 2e-06 231.358
0-0-1-1-0-2-2-3-0-0-1-1-0-2-2 13954626 70.5895 0.010351 2e-06 70.5517
0-0-1-1-0-2-2-3-0-0-1-1-0-4-3 264547773 68.8499 0.096232 1e-06 68.7235
0-0-1-1-0-2-2-3-0-0-1-1-0-6-4 15794415 74.8748 0.011609 1e-06 74.8369
0-0-1-1-0-2-2-3-0-2-2-3-0-0-1 277704 82.8157 0.006696 2e-06 82.7784
0-0-1-1-0-2-2-3-0-2-2-3-0-2-2 11426723 9.14367 0.007426 1e-06 9.1118
0-0-1-1-0-2-2-3-0-2-2-3-0-4-3 262992233 8.17643 0.101844 1e-06 8.04955
0-0-1-1-0-2-2-3-0-2-2-3-0-6-4 15794415 9.26271 0.011242 1e-06 9.21615
0-0-1-1-0-2-2-3-0-4-3-5-0-0-1 277704 130.195 0.010089 1e-06 130.143
0-0-1-1-0-2-2-3-0-4-3-5-0-2-2 13954626 10.8977 0.014009 1e-06 10.8544
0-0-1-1-0-2-2-3-0-4-3-5-0-4-3 264272027 11.798 0.107204 1e-06 11.6552
0-0-1-1-0-2-2-3-0-4-3-5-0-6-4 15794415 13.6951 0.012474 1e-06 13.655
0-0-1-1-0-2-2-3-0-6-4-7-0-0-1 277704 149.164 0.009351 1e-06 149.112
0-0-1-1-0-2-2-3-0-6-4-7-0-2-2 13954626 12.682 0.013697 0 12.6365
0-0-1-1-0-2-2-3-0-6-4-7-0-4-3 264547773 13.9729 0.118841 1e-06 13.8203
0-0-1-1-0-2-2-3-0-6-4-7-0-6-4 15794415 15.629 0.018716 1e-06 15.5776
0-0-1-1-0-4-3-5-0-0-1-1-0-0-1 277704 227.462 0.007652 1e-06 227.417
0-0-1-1-0-4-3-5-0-0-1-1-0-2-2 13954626 68.4918 0.011303 1e-06 68.4511
0-0-1-1-0-4-3-5-0-0-1-1-0-4-3 264547773 70.2091 0.101871 3e-06 70.0734
0-0-1-1-0-4-3-5-0-0-1-1-0-6-4 15794415 70.097 0.011725 1e-06 70.0552
0-0-1-1-0-4-3-5-0-2-2-3-0-0-1 277704 116.456 0.006427 2e-06 116.418
0-0-1-1-0-4-3-5-0-2-2-3-0-2-2 13373259 10.7225 0.009284 3e-06 10.6842
0-0-1-1-0-4-3-5-0-2-2-3-0-4-3 264534436 10.4996 0.100064 1e-06 10.3722
0-0-1-1-0-4-3-5-0-2-2-3-0-6-4 15794415 11.8845 0.011632 1e-06 11.8457
0-0-1-1-0-4-3-5-0-4-3-5-0-0-1 277704 131.346 0.008593 5e-06 131.303
0-0-1-1-0-4-3-5-0-4-3-5-0-2-2 13954626 14.2061 0.013595 2e-06 14.146
0-0-1-1-0-4-3-5-0-4-3-5-0-4-3 254851812 14.6193 0.098816 1e-06 14.4823
0-0-1-1-0-4-3-5-0-4-3-5-0-6-4 15794415 15.8629 0.014581 2e-06 15.8165
0-0-1-1-0-4-3-5-0-6-4-7-0-0-1 277704 147.314 0.010311 1e-06 147.268
0-0-1-1-0-4-3-5-0-6-4-7-0-2-2 13954626 14.8197 0.013309 1e-06 14.7757
0-0-1-1-0-4-3-5-0-6-4-7-0-4-3 264547773 15.8886 0.111766 1e-06 15.744
0-0-1-1-0-4-3-5-0-6-4-7-0-6-4 15794415 17.2902 0.014578 1e-06 17.2451
0-0-1-1-0-6-4-7-0-0-1-1-0-0-1 277704 240.788 0.008905 1e-06 240.739
0-0-1-1-0-6-4-7-0-0-1-1-0-2-2 13954626 79.684 0.012259 1e-06 79.6389
0-0-1-1-0-6-4-7-0-0-1-1-0-4-3 264547773 83.9586 0.117961 1e-06 83.7861
0-0-1-1-0-6-4-7-0-0-1-1-0-6-4 15794415 81.7263 0.01406 1e-06 81.679
0-0-1-1-0-6-4-7-0-2-2-3-0-0-1 277704 132.293 0.009028 1e-06 132.247
0-0-1-1-0-6-4-7-0-2-2-3-0-2-2 13954626 10.7619 0.00948 0 10.7263
0-0-1-1-0-6-4-7-0-2-2-3-0-4-3 264547773 11.107 0.106235 1e-06 10.9661
0-0-1-1-0-6-4-7-0-2-2-3-0-6-4 15794415 12.091 0.013201 1e-06 12.0482
0-0-1-1-0-6-4-7-0-4-3-5-0-0-1 277704 130.158 0.01005 2e-06 130.105
0-0-1-1-0-6-4-7-0-4-3-5-0-2-2 13954626 14.6293 0.016093 1e-06 14.5817
0-0-1-1-0-6-4-7-0-4-3-5-0-4-3 264536355 15.3065 0.107159 1e-06 15.162
0-0-1-1-0-6-4-7-0-4-3-5-0-6-4 15794415 17.5417 0.014126 1e-06 17.4963
0-0-1-1-0-6-4-7-0-6-4-7-0-0-1 277704 141.605 0.010757 1e-06 141.553
0-0-1-1-0-6-4-7-0-6-4-7-0-2-2 13954626 15.823 0.014506 0 15.7797
0-0-1-1-0-6-4-7-0-6-4-7-0-4-3 264547773 16.9942 0.095449 1e-06 16.853
0-0-1-1-0-6-4-7-0-6-4-7-0-6-4 15794415 17.6864 0.017172 1e-06 17.6383
0-2-2-3-0-0-1-1-0-0-1-1-0-0-1 269979 278.526 0.006499 1e-06 278.481
0-2-2-3-0-0-1-1-0-0-1-1-0-2-2 13942082 121.7 0.011418 1e-06 121.653
0-2-2-3-0-0-1-1-0-0-1-1-0-4-3 261068775 124.568 0.106809 3e-06 124.423
0-2-2-3-0-0-1-1-0-0-1-1-0-6-4 15794087 124.02 0.011658 1e-06 123.982
0-2-2-3-0-0-1-1-0-2-2-3-0-0-1 277704 134.366 0.005936 1e-06 134.323
0-2-2-3-0-0-1-1-0-2-2-3-0-2-2 13942082 16.9601 0.00804 1e-06 16.9293
0-2-2-3-0-0-1-1-0-2-2-3-0-4-3 264546361 17.4189 0.100826 1e-06 17.2897
0-2-2-3-0-0-1-1-0-2-2-3-0-6-4 15794415 21.8366 0.009583 1e-06 21.8032
0-2-2-3-0-0-1-1-0-4-3-5-0-0-1 277704 136.075 0.006331 3e-06 136.027
0-2-2-3-0-0-1-1-0-4-3-5-0-2-2 13950086 20.6139 0.011117 1e-06 20.5746
0-2-2-3-0-0-1-1-0-4-3-5-0-4-3 264223483 21.5504 0.092418 1e-06 21.4311
0-2-2-3-0-0-1-1-0-4-3-5-0-6-4 15794374 23.351 0.012333 1e-06 23.3092
0-2-2-3-0-0-1-1-0-6-4-7-0-0-1 277704 148.676 0.007886 1e-06 148.632
0-2-2-3-0-0-1-1-0-6-4-7-0-2-2 13954626 21.9635 0.012736 1e-06 21.9176
0-2-2-3-0-0-1-1-0-6-4-7-0-4-3 264547768 24.2648 0.104941 1e-06 24.1288
0-2-2-3-0-0-1-1-0-6-4-7-0-6-4 15794415 22.8547 0.013889 1e-06 22.8049
0-2-2-3-0-2-2-3-0-0-1-1-0-0-1 269979 181.719 0.007719 1e-06 181.672
0-2-2-3-0-2-2-3-0-0-1-1-0-2-2 13942082 26.9494 0.00985 1e-06 26.9041
0-2-2-3-0-2-2-3-0-0-1-1-0-4-3 261068775 27.4567 0.098743 2e-06 27.334
0-2-2-3-0-2-2-3-0-0-1-1-0-6-4 15794087 25.1967 0.010995 0 25.1597
0-2-2-3-0-2-2-3-0-2-2-3-0-0-1 269979 34.0385 0.004551 1e-06 33.9825
0-2-2-3-0-2-2-3-0-2-2-3-0-2-2 34713 8.32614 0.00338 0 8.29855
0-2-2-3-0-2-2-3-0-2-2-3-0-4-3 18178411 6.59327 0.009013 1e-06 6.55093
0-2-2-3-0-2-2-3-0-2-2-3-0-6-4 10219172 7.4298 0.033998 1e-06 7.364
0-2-2-3-0-2-2-3-0-4-3-5-0-0-1 277212 140.356 0.008724 1e-06 140.306
0-2-2-3-0-2-2-3-0-4-3-5-0-2-2 12401496 9.26356 0.009512 1e-06 9.22053
0-2-2-3-0-2-2-3-0-4-3-5-0-4-3 223199128 9.31783 0.094684 1e-06 9.18909
0-2-2-3-0-2-2-3-0-4-3-5-0-6-4 15752999 11.4805 0.016626 1e-06 11.4319
0-2-2-3-0-2-2-3-0-6-4-7-0-0-1 277704 155.692 0.00537 2e-06 155.63
0-2-2-3-0-2-2-3-0-6-4-7-0-2-2 13689497 11.2536 0.009737 1e-06 11.216
0-2-2-3-0-2-2-3-0-6-4-7-0-4-3 258664239 12.4763 0.113536 1e-06 12.3239
0-2-2-3-0-2-2-3-0-6-4-7-0-6-4 15792398 14.3517 0.036603 1e-06 14.2863
0-2-2-3-0-4-3-5-0-0-1-1-0-0-1 277212 233.274 0.012049 3e-06 233.22
0-2-2-3-0-4-3-5-0-0-1-1-0-2-2 13953539 71.27 0.015135 3e-06 71.2223
0-2-2-3-0-4-3-5-0-0-1-1-0-4-3 264335304 78.4277 0.114894 1e-06 78.271
0-2-2-3-0-4-3-5-0-0-1-1-0-6-4 15794372 76.3958 0.012098 0 76.3527
0-2-2-3-0-4-3-5-0-2-2-3-0-0-1 277704 113.049 0.014793 3e-06 112.986
0-2-2-3-0-4-3-5-0-2-2-3-0-2-2 12401496 8.43356 0.013373 1e-06 8.39113
0-2-2-3-0-4-3-5-0-2-2-3-0-4-3 263938876 8.18357 0.131783 1e-06 8.01685
0-2-2-3-0-4-3-5-0-2-2-3-0-6-4 15794338 9.48641 0.071936 1e-06 9.36223
0-2-2-3-0-4-3-5-0-4-3-5-0-0-1 277704 130.193 0.037951 1e-06 130.112
0-2-2-3-0-4-3-5-0-4-3-5-0-2-2 13942369 11.8319 0.023593 1e-06 11.7733
0-2-2-3-0-4-3-5-0-4-3-5-0-4-3 252870735 12.524 0.155962 1e-06 12.3286
0-2-2-3-0-4-3-5-0-4-3-5-0-6-4 15794351 14.4801 0.063048 1e-06 14.3721
0-2-2-3-0-4-3-5-0-6-4-7-0-0-1 277704 136.214 0.017109 2e-06 136.146
0-2-2-3-0-4-3-5-0-6-4-7-0-2-2 13954500 13.2975 0.018246 1e-06 13.2486
0-2-2-3-0-4-3-5-0-6-4-7-0-4-3 264545259 14.5655 0.162721 1e-06 14.362
0-2-2-3-0-4-3-5-0-6-4-7-0-6-4 15794413 15.9713 0.055653 2e-06 15.8816
0-2-2-3-0-6-4-7-0-0-1-1-0-0-1 277704 250.416 0.005389 1e-06 250.37
0-2-2-3-0-6-4-7-0-0-1-1-0-2-2 13954626 95.2587 0.009348 1e-06 95.218
0-2-2-3-0-6-4-7-0-0-1-1-0-4-3 264547773 91.4206 0.113346 1e-06 91.2612
0-2-2-3-0-6-4-7-0-0-1-1-0-6-4 15794415 87.9157 0.010172 1e-06 87.8642
0-2-2-3-0-6-4-7-0-2-2-3-0-0-1 277704 132.612 0.013293 1e-06 132.561
0-2-2-3-0-6-4-7-0-2-2-3-0-2-2 13689497 10.112 0.008481 2e-06 10.073
0-2-2-3-0-6-4-7-0-2-2-3-0-4-3 264526605 10.0162 0.153693 1e-06 9.82535
0-2-2-3-0-6-4-7-0-2-2-3-0-6-4 15794414 11.4188 0.033735 1e-06 11.3485
0-2-2-3-0-6-4-7-0-4-3-5-0-0-1 277704 127.715 0.055145 1e-06 127.623
0-2-2-3-0-6-4-7-0-4-3-5-0-2-2 13953921 13.7223 0.019404 0 13.6637
0-2-2-3-0-6-4-7-0-4-3-5-0-4-3 261395656 13.8207 0.175024 1e-06 13.6096
0-2-2-3-0-6-4-7-0-4-3-5-0-6-4 15794415 15.4552 0.055932 1e-06 15.3565
0-2-2-3-0-6-4-7-0-6-4-7-0-0-1 277704 139.374 0.025329 1e-06 139.306
0-2-2-3-0-6-4-7-0-6-4-7-0-2-2 13954626 14.7948 0.013434 0 14.7515
0-2-2-3-0-6-4-7-0-6-4-7-0-4-3 264547767 15.5767 0.181721 1e-06 15.3494
0-2-2-3-0-6-4-7-0-6-4-7-0-6-4 15794415 17.4001 0.05421 3e-06 17.3151
0-4-3-5-0-0-1-1-0-0-1-1-0-0-1 125547 279.355 0.006982 1e-06 279.307
0-4-3-5-0-0-1-1-0-0-1-1-0-2-2 13103489 118.964 0.014226 1e-06 118.912
0-4-3-5-0-0-1-1-0-0-1-1-0-4-3 159103520 119.497 0.09569 1e-06 119.359
0-4-3-5-0-0-1-1-0-0-1-1-0-6-4 15740985 125.132 0.015412 0 125.082
0-4-3-5-0-0-1-1-0-2-2-3-0-0-1 277704 134.603 0.006504 4e-06 134.564
0-4-3-5-0-0-1-1-0-2-2-3-0-2-2 13103489 14.9064 0.012972 1e-06 14.8614
0-4-3-5-0-0-1-1-0-2-2-3-0-4-3 264299335 14.363 0.127689 1e-06 14.2012
0-4-3-5-0-0-1-1-0-2-2-3-0-6-4 15794415 15.9641 0.014496 1e-06 15.9225
0-4-3-5-0-0-1-1-0-4-3-5-0-0-1 277704 132.289 0.005957 2e-06 132.235
0-4-3-5-0-0-1-1-0-4-3-5-0-2-2 13749399 17.3663 0.013882 1e-06 17.3169
0-4-3-5-0-0-1-1-0-4-3-5-0-4-3 254223236 18.7014 0.120552 1e-06 18.5463
0-4-3-5-0-0-1-1-0-4-3-5-0-6-4 15784512 20.2382 0.015229 2e-06 20.1811
0-4-3-5-0-0-1-1-0-6-4-7-0-0-1 277704 149.674 0.010093 2e-06 149.624
0-4-3-5-0-0-1-1-0-6-4-7-0-2-2 13954626 21.504 0.016147 2e-06 21.4506
0-4-3-5-0-0-1-1-0-6-4-7-0-4-3 264545622 19.7222 0.142843 1e-06 19.5405
0-4-3-5-0-0-1-1-0-6-4-7-0-6-4 15794415 21.2517 0.014893 1e-06 21.2061
0-4-3-5-0-2-2-3-0-0-1-1-0-0-1 277597 217.792 0.011418 2e-06 217.719
0-4-3-5-0-2-2-3-0-0-1-1-0-2-2 13954538 60.5536 0.015901 6e-06 60.5012
0-4-3-5-0-2-2-3-0-0-1-1-0-4-3 264505054 61.2589 0.687638 1e-06 60.53
0-4-3-5-0-2-2-3-0-0-1-1-0-6-4 15794415 63.2007 0.048238 1e-06 63.1158
0-4-3-5-0-2-2-3-0-2-2-3-0-0-1 277597 73.11 0.024656 1e-06 73.0525
0-4-3-5-0-2-2-3-0-2-2-3-0-2-2 1807215 8.22951 0.007031 1e-06 8.18793
0-4-3-5-0-2-2-3-0-2-2-3-0-4-3 186718068 7.07564 0.182808 1e-06 6.85855
0-4-3-5-0-2-2-3-0-2-2-3-0-6-4 15662521 9.70234 1.11489 1e-06 8.54693
0-4-3-5-0-2-2-3-0-4-3-5-0-0-1 277704 134.862 0.008956 1e-06 134.781
0-4-3-5-0-2-2-3-0-4-3-5-0-2-2 13920727 9.49203 0.018937 1e-06 9.42527
0-4-3-5-0-2-2-3-0-4-3-5-0-4-3 256552028 11.19 0.556759 1e-06 10.5981
0-4-3-5-0-2-2-3-0-4-3-5-0-6-4 15793767 12.3356 0.055053 0 12.2116
0-4-3-5-0-2-2-3-0-6-4-7-0-0-1 277704 151.14 0.005004 1e-06 151.087
0-4-3-5-0-2-2-3-0-6-4-7-0-2-2 13952209 11.2256 0.015315 1e-06 11.1786
0-4-3-5-0-2-2-3-0-6-4-7-0-4-3 264488100 12.5291 0.672977 1e-06 11.8173
0-4-3-5-0-2-2-3-0-6-4-7-0-6-4 15794397 14.0164 0.065643 1e-06 13.9144
0-4-3-5-0-4-3-5-0-0-1-1-0-0-1 273654 229.993 0.014546 1e-06 229.931
0-4-3-5-0-4-3-5-0-0-1-1-0-2-2 13920168 66.1746 0.025427 3e-06 66.1081
0-4-3-5-0-4-3-5-0-0-1-1-0-4-3 261568906 73.2957 0.227563 1e-06 73.0036
0-4-3-5-0-4-3-5-0-0-1-1-0-6-4 15792180 77.0651 0.028124 1e-06 76.9826
0-4-3-5-0-4-3-5-0-2-2-3-0-0-1 277611 117.474 0.02377 2e-06 117.384
0-4-3-5-0-4-3-5-0-2-2-3-0-2-2 12620533 9.11512 0.029588 3e-06 9.04836
0-4-3-5-0-4-3-5-0-2-2-3-0-4-3 260987845 9.32723 0.385561 2e-06 8.89252
0-4-3-5-0-4-3-5-0-2-2-3-0-6-4 15743848 14.5197 3.8111 1e-06 10.6592
0-4-3-5-0-4-3-5-0-4-3-5-0-0-1 274950 132.712 0.023951 2e-06 132.491
0-4-3-5-0-4-3-5-0-4-3-5-0-2-2 13780903 12.8834 0.114171 1e-06 12.7026
0-4-3-5-0-4-3-5-0-4-3-5-0-4-3 249802666 14.5538 1.57427 0 12.9325
0-4-3-5-0-4-3-5-0-4-3-5-0-6-4 15614461 15.8103 0.244949 1e-06 15.4989
0-4-3-5-0-4-3-5-0-6-4-7-0-0-1 277700 144.086 0.016913 1e-06 144.017
0-4-3-5-0-4-3-5-0-6-4-7-0-2-2 13850279 14.6486 0.7655 1e-06 13.8397
0-4-3-5-0-4-3-5-0-6-4-7-0-4-3 263135171 16.0023 0.859917 3e-06 15.1013
0-4-3-5-0-4-3-5-0-6-4-7-0-6-4 15792097 16.6669 0.217974 1e-06 16.3757
0-4-3-5-0-6-4-7-0-0-1-1-0-0-1 277700 245.807 0.011285 1e-06 245.75
0-4-3-5-0-6-4-7-0-0-1-1-0-2-2 13954622 81.4044 0.049002 1e-06 81.3046
0-4-3-5-0-6-4-7-0-0-1-1-0-4-3 264547070 85.7903 0.725087 1e-06 85.0219
0-4-3-5-0-6-4-7-0-0-1-1-0-6-4 15794415 85.2032 0.050778 1e-06 85.106
0-4-3-5-0-6-4-7-0-2-2-3-0-0-1 277704 134.398 0.008758 2e-06 134.341
0-4-3-5-0-6-4-7-0-2-2-3-0-2-2 13721768 10.8429 0.093592 1e-06 10.7036
0-4-3-5-0-6-4-7-0-2-2-3-0-4-3 264348044 11.3271 0.710193 1e-06 10.5824
0-4-3-5-0-6-4-7-0-2-2-3-0-6-4 15794371 12.3735 0.069563 0 12.2567
0-4-3-5-0-6-4-7-0-4-3-5-0-0-1 277704 131.579 0.035733 1e-06 131.482
0-4-3-5-0-6-4-7-0-4-3-5-0-2-2 13953164 14.0708 0.05057 1e-06 13.9802
0-4-3-5-0-6-4-7-0-4-3-5-0-4-3 263215652 15.3258 0.772451 1e-06 14.5008
0-4-3-5-0-6-4-7-0-4-3-5-0-6-4 15794412 16.987 0.095242 1e-06 16.8479
0-4-3-5-0-6-4-7-0-6-4-7-0-0-1 277704 143.129 0.020581 2e-06 143.064
0-4-3-5-0-6-4-7-0-6-4-7-0-2-2 13954620 15.0384 0.138551 1e-06 14.8594
0-4-3-5-0-6-4-7-0-6-4-7-0-4-3 264547650 16.4764 0.770732 1e-06 15.6503
0-4-3-5-0-6-4-7-0-6-4-7-0-6-4 15794415 18.2599 0.056719 0 18.1486
0-6-4-7-0-0-1-1-0-0-1-1-0-0-1 277619 290.756 0.005724 4e-06 290.711
0-6-4-7-0-0-1-1-0-0-1-1-0-2-2 13954551 129.991 0.012509 3e-06 129.943
0-6-4-7-0-0-1-1-0-0-1-1-0-4-3 264520476 129.373 0.15721 0 129.179
0-6-4-7-0-0-1-1-0-0-1-1-0-6-4 15794415 133.543 0.014846 3e-06 133.497
0-6-4-7-0-0-1-1-0-2-2-3-0-0-1 277704 147.136 0.005585 1e-06 147.099
0-6-4-7-0-0-1-1-0-2-2-3-0-2-2 13954551 27.1597 0.010635 1e-06 27.1224
0-6-4-7-0-0-1-1-0-2-2-3-0-4-3 264547769 28.285 0.143824 1e-06 28.1077
0-6-4-7-0-0-1-1-0-2-2-3-0-6-4 15794415 26.9525 0.01375 1e-06 26.9118
0-6-4-7-0-0-1-1-0-4-3-5-0-0-1 277704 147.281 0.006871 0 147.236
0-6-4-7-0-0-1-1-0-4-3-5-0-2-2 13954585 30.9396 0.012927 0 30.894
0-6-4-7-0-0-1-1-0-4-3-5-0-4-3 264544959 29.969 0.144495 1e-06 29.7831
0-6-4-7-0-0-1-1-0-4-3-5-0-6-4 15794415 31.8547 0.013902 1e-06 31.8109
0-6-4-7-0-0-1-1-0-6-4-7-0-0-1 277704 158.979 0.008627 1e-06 158.929
0-6-4-7-0-0-1-1-0-6-4-7-0-2-2 13954626 30.1833 0.014977 2e-06 30.1324
0-6-4-7-0-0-1-1-0-6-4-7-0-4-3 264547773 33.9814 0.144341 3e-06 33.8013
0-6-4-7-0-0-1-1-0-6-4-7-0-6-4 15794415 34.4641 0.0162 1e-06 34.4195
0-6-4-7-0-2-2-3-0-0-1-1-0-0-1 277704 237.063 0.015459 3e-06 237.009
0-6-4-7-0-2-2-3-0-0-1-1-0-2-2 13954626 73.4406 0.013167 1e-06 73.3872
0-6-4-7-0-2-2-3-0-0-1-1-0-4-3 264547773 74.3366 0.151377 1e-06 74.1489
0-6-4-7-0-2-2-3-0-0-1-1-0-6-4 15794415 77.0678 0.020326 0 77.0117
0-6-4-7-0-2-2-3-0-2-2-3-0-0-1 277704 82.3268 0.004766 1e-06 82.2844
0-6-4-7-0-2-2-3-0-2-2-3-0-2-2 6345795 8.16708 0.007473 1e-06 8.13141
0-6-4-7-0-2-2-3-0-2-2-3-0-4-3 254483838 7.53598 0.137639 2e-06 7.36886
0-6-4-7-0-2-2-3-0-2-2-3-0-6-4 15792946 9.04106 0.030957 1e-06 8.98182
0-6-4-7-0-2-2-3-0-4-3-5-0-0-1 277704 128.711 0.010243 2e-06 128.662
0-6-4-7-0-2-2-3-0-4-3-5-0-2-2 13954585 10.264 0.014511 1e-06 10.2084
0-6-4-7-0-2-2-3-0-4-3-5-0-4-3 262665496 10.6978 0.158913 0 10.496
0-6-4-7-0-2-2-3-0-4-3-5-0-6-4 15794415 12.9756 0.067266 1e-06 12.8659
0-6-4-7-0-2-2-3-0-6-4-7-0-0-1 277704 154.51 0.005458 1e-06 154.444
0-6-4-7-0-2-2-3-0-6-4-7-0-2-2 13954626 13.1995 0.014236 1e-06 13.1507
0-6-4-7-0-2-2-3-0-6-4-7-0-4-3 264547773 13.3509 0.181044 1e-06 13.1237
0-6-4-7-0-2-2-3-0-6-4-7-0-6-4 15794415 14.7896 0.041993 0 14.6931
0-6-4-7-0-4-3-5-0-0-1-1-0-0-1 277701 233.26 0.012804 1e-06 233.201
0-6-4-7-0-4-3-5-0-0-1-1-0-2-2 13954618 67.174 0.016261 4e-06 67.1224
0-6-4-7-0-4-3-5-0-0-1-1-0-4-3 264546039 70.1459 0.174199 0 69.9249
0-6-4-7-0-4-3-5-0-0-1-1-0-6-4 15794415 71.688 0.040297 1e-06 71.6112
0-6-4-7-0-4-3-5-0-2-2-3-0-0-1 277704 120.492 0.01293 3e-06 120.413
0-6-4-7-0-4-3-5-0-2-2-3-0-2-2 13891951 10.2097 0.018042 1e-06 10.1599
0-6-4-7-0-4-3-5-0-2-2-3-0-4-3 264545893 10.261 0.162752 1e-06 10.0511
0-6-4-7-0-4-3-5-0-2-2-3-0-6-4 15794415 12.433 0.322923 1e-06 12.06
0-6-4-7-0-4-3-5-0-4-3-5-0-0-1 277704 133.505 0.081015 1e-06 133.384
0-6-4-7-0-4-3-5-0-4-3-5-0-2-2 13954598 12.946 0.066561 1e-06 12.8383
0-6-4-7-0-4-3-5-0-4-3-5-0-4-3 253260419 13.3342 0.228602 1e-06 13.0646
0-6-4-7-0-4-3-5-0-4-3-5-0-6-4 15794415 15.7997 0.107283 0 15.6489
0-6-4-7-0-4-3-5-0-6-4-7-0-0-1 277704 141.269 0.049004 2e-06 141.175
0-6-4-7-0-4-3-5-0-6-4-7-0-2-2 13954626 14.1203 0.056439 1e-06 14.0304
0-6-4-7-0-4-3-5-0-6-4-7-0-4-3 264547770 15.156 0.240261 1e-06 14.8775
0-6-4-7-0-4-3-5-0-6-4-7-0-6-4 15794415 16.9599 0.061914 1e-06 16.8573
0-6-4-7-0-6-4-7-0-0-1-1-0-0-1 277704 236.775 0.008286 1e-06 236.723
0-6-4-7-0-6-4-7-0-0-1-1-0-2-2 13954626 82.0939 0.014285 0 82.0416
0-6-4-7-0-6-4-7-0-0-1-1-0-4-3 264547773 80.192 0.148586 2e-06 79.9998
0-6-4-7-0-6-4-7-0-0-1-1-0-6-4 15794415 84.0092 0.013124 1e-06 83.9634
0-6-4-7-0-6-4-7-0-2-2-3-0-0-1 277704 135.272 0.014675 3e-06 135.211
0-6-4-7-0-6-4-7-0-2-2-3-0-2-2 13954431 10.6383 0.013591 1e-06 10.592
0-6-4-7-0-6-4-7-0-2-2-3-0-4-3 264547772 10.1205 0.153909 0 9.91669
0-6-4-7-0-6-4-7-0-2-2-3-0-6-4 15794415 12.7154 0.243624 0 12.441
0-6-4-7-0-6-4-7-0-4-3-5-0-0-1 277704 129.769 0.033249 2e-06 129.694
0-6-4-7-0-6-4-7-0-4-3-5-0-2-2 13954626 14.1299 0.024108 1e-06 14.0662
0-6-4-7-0-6-4-7-0-4-3-5-0-4-3 264542880 15.1098 0.264088 0 14.8065
0-6-4-7-0-6-4-7-0-4-3-5-0-6-4 15794415 17.0799 0.060544 0 16.9856
0-6-4-7-0-6-4-7-0-6-4-7-0-0-1 277704 143.51 0.009809 1e-06 143.452
0-6-4-7-0-6-4-7-0-6-4-7-0-2-2 13954626 15.8072 0.059015 1e-06 15.7156
0-6-4-7-0-6-4-7-0-6-4-7-0-4-3 264547773 16.8972 0.24572 1e-06 16.6126
0-6-4-7-0-6-4-7-0-6-4-7-0-6-4 15794415 18.7765 0.063008 2e-06 18.6775
1-1-0-0-1-1-0-0-1-1-0-0-1-1-0 34713 244.21 0.003722 1e-06 244.177
1-1-0-0-1-1-0-0-1-1-0-2-2-3-0 269979 114.59 0.00414 1e-06 114.559
1-1-0-0-1-1-0-0-1-1-0-4-3-5-0 125547 119.165 0.004481 1e-06 119.128
1-1-0-0-1-1-0-0-1-1-0-6-4-7-0 277619 120.176 0.0023 1.5e-05 120.146
1-1-0-0-1-1-0-2-2-3-0-0-1-1-0 277704 124.152 0.003923 1e-06 124.118
1-1-0-0-1-1-0-2-2-3-0-2-2-3-0 269979 34.8936 0.002929 1e-06 34.8635
1-1-0-0-1-1-0-2-2-3-0-4-3-5-0 277597 38.5799 0.00418 1e-06 38.5469
1-1-0-0-1-1-0-2-2-3-0-6-4-7-0 277704 40.2249 0.005202 1e-06 40.1909
1-1-0-0-1-1-0-4-3-5-0-0-1-1-0 277704 120.138 0.00368 1e-06 120.1
1-1-0-0-1-1-0-4-3-5-0-2-2-3-0 277212 35.207 0.002458 1e-06 35.1769
1-1-0-0-1-1-0-4-3-5-0-4-3-5-0 273654 40.2175 0.005635 1e-06 40.1784
1-1-0-0-1-1-0-4-3-5-0-6-4-7-0 277701 42.6209 0.005349 1e-06 42.5848
1-1-0-0-1-1-0-6-4-7-0-0-1-1-0 277704 134.489 0.004641 3e-06 134.45
1-1-0-0-1-1-0-6-4-7-0-2-2-3-0 277704 37.4851 0.002758 2e-06 37.4549
1-1-0-0-1-1-0-6-4-7-0-4-3-5-0 277700 43.1969 0.004196 1e-06 43.1619
1-1-0-0-1-1-0-6-4-7-0-6-4-7-0 277704 43.7466 0.006296 1e-06 43.7104
1-1-0-2-2-3-0-0-1-1-0-0-1-1-0 277704 175.956 0.004355 1e-05 175.915
1-1-0-2-2-3-0-0-1-1-0-2-2-3-0 277704 41.7931 0.003083 1e-06 41.7639
1-1-0-2-2-3-0-0-1-1-0-4-3-5-0 277704 47.394 0.002498 1e-06 47.364
1-1-0-2-2-3-0-0-1-1-0-6-4-7-0 277704 48.3609 0.005894 1e-06 48.3234
1-1-0-2-2-3-0-2-2-3-0-0-1-1-0 277704 48.5852 0.001591 2e-06 48.5514
1-1-0-2-2-3-0-2-2-3-0-2-2-3-0 269979 6.36702 0.001273 1e-06 6.33996
1-1-0-2-2-3-0-2-2-3-0-4-3-5-0 277597 8.5534 0.003035 1e-06 8.52219
1-1-0-2-2-3-0-2-2-3-0-6-4-7-0 277704 11.9746 0.004401 2e-06 11.9354
1-1-0-2-2-3-0-4-3-5-0-0-1-1-0 277704 97.8855 0.005101 1e-06 97.8492
1-1-0-2-2-3-0-4-3-5-0-2-2-3-0 277704 7.09959 0.004474 1e-06 7.0658
1-1-0-2-2-3-0-4-3-5-0-4-3-5-0 277611 11.9678 0.005997 2e-06 11.9176
1-1-0-2-2-3-0-4-3-5-0-6-4-7-0 277704 13.9298 0.007115 1e-06 13.8892
1-1-0-2-2-3-0-6-4-7-0-0-1-1-0 277704 119.895 0.005197 1e-06 119.854
1-1-0-2-2-3-0-6-4-7-0-2-2-3-0 277704 8.74839 0.003428 1e-06 8.71795
1-1-0-2-2-3-0-6-4-7-0-4-3-5-0 277704 13.4387 0.005329 1e-06 13.4027
1-1-0-2-2-3-0-6-4-7-0-6-4-7-0 277704 15.1125 0.009336 1e-06 15.0711
1-1-0-4-3-5-0-0-1-1-0-0-1-1-0 277704 173.533 0.004606 5e-06 173.492
1-1-0-4-3-5-0-0-1-1-0-2-2-3-0 277704 38.3484 0.003211 1e-06 38.3167
1-1-0-4-3-5-0-0-1-1-0-4-3-5-0 277704 43.1404 0.005022 2e-06 43.1017
1-1-0-4-3-5-0-0-1-1-0-6-4-7-0 277704 43.208 0.004761 1e-06 43.1724
1-1-0-4-3-5-0-2-2-3-0-0-1-1-0 277704 86.2911 0.004145 4e-06 86.2519
1-1-0-4-3-5-0-2-2-3-0-2-2-3-0 277212 6.23135 0.002319 1e-06 6.19825
1-1-0-4-3-5-0-2-2-3-0-4-3-5-0 277704 9.63949 0.004821 1e-06 9.60027
1-1-0-4-3-5-0-2-2-3-0-6-4-7-0 277704 11.3044 0.004951 0 11.2673
1-1-0-4-3-5-0-4-3-5-0-0-1-1-0 277704 91.0851 0.004616 3e-06 91.0436
1-1-0-4-3-5-0-4-3-5-0-2-2-3-0 277704 8.41033 0.004369 3e-06 8.37474
1-1-0-4-3-5-0-4-3-5-0-4-3-5-0 274950 12.9526 0.006708 1e-06 12.9108
1-1-0-4-3-5-0-4-3-5-0-6-4-7-0 277704 14.6782 0.008145 1e-06 14.6363
1-1-0-4-3-5-0-6-4-7-0-0-1-1-0 277704 103.43 0.005307 1e-06 103.384
1-1-0-4-3-5-0-6-4-7-0-2-2-3-0 277704 10.1661 0.004361 1e-06 10.1308
1-1-0-4-3-5-0-6-4-7-0-4-3-5-0 277704 14.6289 0.00535 1e-06 14.5905
1-1-0-4-3-5-0-6-4-7-0-6-4-7-0 277704 16.0292 0.00621 1e-06 15.9899
1-1-0-6-4-7-0-0-1-1-0-0-1-1-0 277704 184.334 0.004437 1e-06 184.292
1-1-0-6-4-7-0-0-1-1-0-2-2-3-0 277704 53.2783 0.003433 2e-06 53.2471
1-1-0-6-4-7-0-0-1-1-0-4-3-5-0 277704 59.339 0.003683 1e-06 59.3027
1-1-0-6-4-7-0-0-1-1-0-6-4-7-0 277704 58.1569 0.006889 5e-06 58.1153
1-1-0-6-4-7-0-2-2-3-0-0-1-1-0 277704 101.747 0.004782 2e-06 101.696
1-1-0-6-4-7-0-2-2-3-0-2-2-3-0 277704 7.22444 0.002789 1e-06 7.1898
1-1-0-6-4-7-0-2-2-3-0-4-3-5-0 277704 11.2692 0.008538 1e-06 11.2262
1-1-0-6-4-7-0-2-2-3-0-6-4-7-0 277704 12.8143 0.005831 2e-06 12.7724
1-1-0-6-4-7-0-4-3-5-0-0-1-1-0 277704 97.827 0.006779 1e-06 97.777
1-1-0-6-4-7-0-4-3-5-0-2-2-3-0 277704 9.96347 0.005135 2e-06 9.92538
1-1-0-6-4-7-0-4-3-5-0-4-3-5-0 277700 14.6492 0.00757 2e-06 14.5933
1-1-0-6-4-7-0-4-3-5-0-6-4-7-0 277704 16.0351 0.007353 1e-06 15.992
1-1-0-6-4-7-0-6-4-7-0-0-1-1-0 277704 107.237 0.005703 1e-06 107.187
1-1-0-6-4-7-0-6-4-7-0-2-2-3-0 277704 10.2925 0.004711 1e-06 10.2553
1-1-0-6-4-7-0-6-4-7-0-4-3-5-0 277704 15.4052 0.006073 1e-06 15.3638
1-1-0-6-4-7-0-6-4-7-0-6-4-7-0 277704 16.9111 0.008189 1e-06 16.8688
2-3-0-0-1-1-0-0-1-1-0-0-1-1-0 11426723 229.229 0.007386 2e-06 229.183
2-3-0-0-1-1-0-0-1-1-0-2-2-3-0 13942082 95.081 0.008549 1e-06 95.0443
2-3-0-0-1-1-0-0-1-1-0-4-3-5-0 13103489 98.864 0.009439 1e-06 98.8242
2-3-0-0-1-1-0-0-1-1-0-6-4-7-0 13954551 97.3386 0.01195 4e-06 97.2923
2-3-0-0-1-1-0-2-2-3-0-0-1-1-0 13954626 96.3936 0.009456 1e-06 96.3504
2-3-0-0-1-1-0-2-2-3-0-2-2-3-0 13942082 10.2079 0.00853 1e-06 10.17
2-3-0-0-1-1-0-2-2-3-0-4-3-5-0 13954538 13.0572 0.013085 1e-06 13.0147
2-3-0-0-1-1-0-2-2-3-0-6-4-7-0 13954626 14.0694 0.01079 1e-06 14.0311
2-3-0-0-1-1-0-4-3-5-0-0-1-1-0 13954626 98.1514 0.010289 1e-06 98.1042
2-3-0-0-1-1-0-4-3-5-0-2-2-3-0 13953539 12.0562 0.008133 1e-06 12.0211
2-3-0-0-1-1-0-4-3-5-0-4-3-5-0 13920168 15.7502 0.009934 1e-06 15.7096
2-3-0-0-1-1-0-4-3-5-0-6-4-7-0 13954618 17.7441 0.010632 1e-06 17.6949
2-3-0-0-1-1-0-6-4-7-0-0-1-1-0 13954626 113.696 0.010685 1e-06 113.649
2-3-0-0-1-1-0-6-4-7-0-2-2-3-0 13954626 12.225 0.009155 0 12.1868
2-3-0-0-1-1-0-6-4-7-0-4-3-5-0 13954622 17.785 0.011205 1e-06 17.7322
2-3-0-0-1-1-0-6-4-7-0-6-4-7-0 13954626 19.1417 0.012366 1e-06 19.0972
2-3-0-2-2-3-0-0-1-1-0-0-1-1-0 11426723 152.734 0.006217 7e-06 152.682
2-3-0-2-2-3-0-0-1-1-0-2-2-3-0 13942082 18.3944 0.009995 3e-06 18.3324
2-3-0-2-2-3-0-0-1-1-0-4-3-5-0 13103489 23.4049 0.009239 3e-06 23.3651
2-3-0-2-2-3-0-0-1-1-0-6-4-7-0 13954551 23.9882 0.008677 1e-06 23.9517
2-3-0-2-2-3-0-2-2-3-0-0-1-1-0 11426723 26.3815 0.003181 1e-06 26.3499
2-3-0-2-2-3-0-2-2-3-0-2-2-3-0 34713 6.37439 0.00093 1e-06 6.34384
2-3-0-2-2-3-0-2-2-3-0-4-3-5-0 1807215 7.91424 0.003815 1e-06 7.87542
2-3-0-2-2-3-0-2-2-3-0-6-4-7-0 6345795 11.1695 0.010219 3e-06 11.1057
2-3-0-2-2-3-0-4-3-5-0-0-1-1-0 13373259 106.136 0.008607 2e-06 106.086
2-3-0-2-2-3-0-4-3-5-0-2-2-3-0 12401496 6.41421 0.005222 4e-06 6.37461
2-3-0-2-2-3-0-4-3-5-0-4-3-5-0 12620533 11.4281 0.028989 1e-06 11.3544
2-3-0-2-2-3-0-4-3-5-0-6-4-7-0 13891951 13.6702 0.027857 1e-06 13.6062
2-3-0-2-2-3-0-6-4-7-0-0-1-1-0 13954626 115.097 0.006643 1e-06 115.051
2-3-0-2-2-3-0-6-4-7-0-2-2-3-0 13689497 8.76455 0.005113 2e-06 8.72735
2-3-0-2-2-3-0-6-4-7-0-4-3-5-0 13721768 14.2562 0.050841 1e-06 14.1701
2-3-0-2-2-3-0-6-4-7-0-6-4-7-0 13954431 15.1566 0.037789 1e-06 15.0874
2-3-0-4-3-5-0-0-1-1-0-0-1-1-0 13373259 170.342 0.009286 1e-06 170.292
2-3-0-4-3-5-0-0-1-1-0-2-2-3-0 13950086 40.2295 0.013087 3e-06 40.1786
2-3-0-4-3-5-0-0-1-1-0-4-3-5-0 13749399 41.9415 0.016243 5e-06 41.8695
2-3-0-4-3-5-0-0-1-1-0-6-4-7-0 13954585 40.7211 0.012618 1e-06 40.6736
2-3-0-4-3-5-0-2-2-3-0-0-1-1-0 13954626 84.721 0.148801 2e-06 84.5313
2-3-0-4-3-5-0-2-2-3-0-2-2-3-0 12401496 6.03472 0.037512 0 5.9668
2-3-0-4-3-5-0-2-2-3-0-4-3-5-0 13920727 9.51502 0.036755 0 9.44488
2-3-0-4-3-5-0-2-2-3-0-6-4-7-0 13954585 11.5362 0.096421 1e-06 11.4062
2-3-0-4-3-5-0-4-3-5-0-0-1-1-0 13954626 95.3214 0.037254 3e-06 95.2405
2-3-0-4-3-5-0-4-3-5-0-2-2-3-0 13942369 8.40454 0.017017 1e-06 8.35223
2-3-0-4-3-5-0-4-3-5-0-4-3-5-0 13780903 13.11 0.073928 1e-06 12.9998
2-3-0-4-3-5-0-4-3-5-0-6-4-7-0 13954598 14.9769 0.067741 1e-06 14.8731
2-3-0-4-3-5-0-6-4-7-0-0-1-1-0 13954626 110.936 0.304352 1e-06 110.573
2-3-0-4-3-5-0-6-4-7-0-2-2-3-0 13953921 9.83978 0.012231 0 9.79558
2-3-0-4-3-5-0-6-4-7-0-4-3-5-0 13953164 15.0764 0.073506 1e-06 14.9659
2-3-0-4-3-5-0-6-4-7-0-6-4-7-0 13954626 16.6843 0.065682 2e-06 16.5755
2-3-0-6-4-7-0-0-1-1-0-0-1-1-0 13954626 200.827 0.007666 5e-06 200.777
2-3-0-6-4-7-0-0-1-1-0-2-2-3-0 13954626 65.5786 0.008607 1e-06 65.5405
2-3-0-6-4-7-0-0-1-1-0-4-3-5-0 13954626 66.5799 0.012484 1e-06 66.5312
2-3-0-6-4-7-0-0-1-1-0-6-4-7-0 13954626 68.1487 0.010691 1e-06 68.0942
2-3-0-6-4-7-0-2-2-3-0-0-1-1-0 13954626 102.376 0.014966 0 102.328
2-3-0-6-4-7-0-2-2-3-0-2-2-3-0 13689497 7.24805 0.057577 0 7.16367
2-3-0-6-4-7-0-2-2-3-0-4-3-5-0 13952209 10.6585 0.041546 1e-06 10.5816
2-3-0-6-4-7-0-2-2-3-0-6-4-7-0 13954626 13.0292 0.118783 1e-06 12.8693
2-3-0-6-4-7-0-4-3-5-0-0-1-1-0 13954626 94.6355 0.053178 1e-06 94.5485
2-3-0-6-4-7-0-4-3-5-0-2-2-3-0 13954500 9.68776 0.012255 1e-06 9.6423
2-3-0-6-4-7-0-4-3-5-0-4-3-5-0 13850279 15.0384 0.159552 1e-06 14.8371
2-3-0-6-4-7-0-4-3-5-0-6-4-7-0 13954626 16.2816 0.084775 1e-06 16.1574
2-3-0-6-4-7-0-6-4-7-0-0-1-1-0 13954626 110.483 0.395838 1e-06 110.055
2-3-0-6-4-7-0-6-4-7-0-2-2-3-0 13954626 11.1465 0.288914 1e-06 10.8246
2-3-0-6-4-7-0-6-4-7-0-4-3-5-0 13954620 16.2159 0.092581 1e-06 16.087
2-3-0-6-4-7-0-6-4-7-0-6-4-7-0 13954626 17.6946 0.078964 1e-06 17.5824
3-5-0-0-1-1-0-0-1-1-0-0-1-1-0 66667832 224.731 0.027192 3e-06 224.666
3-5-0-0-1-1-0-0-1-1-0-2-2-3-0 261068775 90.55 0.099401 1e-06 90.4081
3-5-0-0-1-1-0-0-1-1-0-4-3-5-0 159103520 95.0424 0.069678 1e-06 94.9345
3-5-0-0-1-1-0-0-1-1-0-6-4-7-0 264520476 96.6208 0.101058 3e-06 96.4829
3-5-0-0-1-1-0-2-2-3-0-0-1-1-0 264547773 98.4214 0.102167 1e-06 98.2694
3-5-0-0-1-1-0-2-2-3-0-2-2-3-0 261068775 9.30124 0.072422 0 9.20131
3-5-0-0-1-1-0-2-2-3-0-4-3-5-0 264505054 12.0246 0.07564 1e-06 11.9158
3-5-0-0-1-1-0-2-2-3-0-6-4-7-0 264547773 13.9849 0.075988 1e-06 13.8783
3-5-0-0-1-1-0-4-3-5-0-0-1-1-0 264547773 96.6885 0.098974 1e-06 96.5433
3-5-0-0-1-1-0-4-3-5-0-2-2-3-0 264335304 10.6466 0.091069 1e-06 10.5209
3-5-0-0-1-1-0-4-3-5-0-4-3-5-0 261568906 15.5916 0.101585 2e-06 15.4544
3-5-0-0-1-1-0-4-3-5-0-6-4-7-0 264546039 16.9015 0.081034 1e-06 16.782
3-5-0-0-1-1-0-6-4-7-0-0-1-1-0 264547773 107.1 0.106064 1e-06 106.953
3-5-0-0-1-1-0-6-4-7-0-2-2-3-0 264547773 11.6592 0.07738 1e-06 11.5485
3-5-0-0-1-1-0-6-4-7-0-4-3-5-0 264547070 16.1763 0.102762 1e-06 16.038
3-5-0-0-1-1-0-6-4-7-0-6-4-7-0 264547773 17.7422 0.079317 0 17.6287
3-5-0-2-2-3-0-0-1-1-0-0-1-1-0 262992233 165.077 0.16998 2e-06 164.864
3-5-0-2-2-3-0-0-1-1-0-2-2-3-0 264546361 31.0566 0.16493 1e-06 30.8589
3-5-0-2-2-3-0-0-1-1-0-4-3-5-0 264299335 37.1294 0.178809 2e-06 36.8863
3-5-0-2-2-3-0-0-1-1-0-6-4-7-0 264547769 36.6553 0.152991 1e-06 36.4695
3-5-0-2-2-3-0-2-2-3-0-0-1-1-0 262992233 33.366 0.150591 1e-06 33.1668
3-5-0-2-2-3-0-2-2-3-0-2-2-3-0 18178411 6.21154 0.014238 1e-06 6.13816
3-5-0-2-2-3-0-2-2-3-0-4-3-5-0 186718068 8.06082 0.0898 1e-06 7.93433
3-5-0-2-2-3-0-2-2-3-0-6-4-7-0 254483838 10.4826 0.128382 2e-06 10.3235
3-5-0-2-2-3-0-4-3-5-0-0-1-1-0 264534436 101.427 0.172953 1e-06 101.209
3-5-0-2-2-3-0-4-3-5-0-2-2-3-0 263938876 7.10619 0.14274 1e-06 6.93167
3-5-0-2-2-3-0-4-3-5-0-4-3-5-0 260987845 11.6953 0.169456 1e-06 11.4892
3-5-0-2-2-3-0-4-3-5-0-6-4-7-0 264545893 14.8466 0.190899 1e-06 14.6072
3-5-0-2-2-3-0-6-4-7-0-0-1-1-0 264547773 115.8 0.242881 2e-06 115.496
3-5-0-2-2-3-0-6-4-7-0-2-2-3-0 264526605 9.54081 0.195348 1e-06 9.31458
3-5-0-2-2-3-0-6-4-7-0-4-3-5-0 264348044 14.0804 0.176617 1e-06 13.8699
3-5-0-2-2-3-0-6-4-7-0-6-4-7-0 264547772 15.3661 0.20882 0 15.0903
3-5-0-4-3-5-0-0-1-1-0-0-1-1-0 242448037 175.628 2.2965 2e-06 173.287
3-5-0-4-3-5-0-0-1-1-0-2-2-3-0 264223483 43.5745 7.03819 1e-06 36.4858
3-5-0-4-3-5-0-0-1-1-0-4-3-5-0 254223236 41.7651 0.168763 2e-06 41.5226
3-5-0-4-3-5-0-0-1-1-0-6-4-7-0 264544959 43.9947 0.180967 1e-06 43.7421
3-5-0-4-3-5-0-2-2-3-0-0-1-1-0 264272027 88.3298 2.65318 0 85.617
3-5-0-4-3-5-0-2-2-3-0-2-2-3-0 223199128 7.29751 0.844259 1e-06 6.40328
3-5-0-4-3-5-0-2-2-3-0-4-3-5-0 256552028 10.8145 0.638653 0 10.1261
3-5-0-4-3-5-0-2-2-3-0-6-4-7-0 262665496 13.326 1.62366 1e-06 11.6462
3-5-0-4-3-5-0-4-3-5-0-0-1-1-0 254851812 105.004 9.11994 1e-06 95.8358
3-5-0-4-3-5-0-4-3-5-0-2-2-3-0 252870735 15.9745 7.39043 1e-06 8.52885
3-5-0-4-3-5-0-4-3-5-0-4-3-5-0 249802666 28.4146 15.2448 1e-06 13.1051
3-5-0-4-3-5-0-4-3-5-0-6-4-7-0 253260419 21.7264 7.1863 1e-06 14.4942
3-5-0-4-3-5-0-6-4-7-0-0-1-1-0 264536355 114.828 9.21008 2e-06 105.576
3-5-0-4-3-5-0-6-4-7-0-2-2-3-0 261395656 18.8566 8.32732 1e-06 10.4857
3-5-0-4-3-5-0-6-4-7-0-4-3-5-0 263215652 19.6335 4.2928 1e-06 15.2522
3-5-0-4-3-5-0-6-4-7-0-6-4-7-0 264542880 21.4008 4.94671 1e-06 16.3824
3-5-0-6-4-7-0-0-1-1-0-0-1-1-0 264536355 194.211 2.54976 2e-06 191.622
3-5-0-6-4-7-0-0-1-1-0-2-2-3-0 264547768 57.8999 2.54122 1e-06 55.3196
3-5-0-6-4-7-0-0-1-1-0-4-3-5-0 264545622 62.6527 2.62156 1e-06 59.994
3-5-0-6-4-7-0-0-1-1-0-6-4-7-0 264547773 69.9413 2.55053 3e-06 67.3517
3-5-0-6-4-7-0-2-2-3-0-0-1-1-0 264547773 104.434 2.62937 1e-06 101.768
3-5-0-6-4-7-0-2-2-3-0-2-2-3-0 258664239 8.95341 1.73718 1e-06 7.18404
3-5-0-6-4-7-0-2-2-3-0-4-3-5-0 264488100 13.4815 2.55469 1e-06 10.8714
3-5-0-6-4-7-0-2-2-3-0-6-4-7-0 264547773 15.6713 2.59547 1e-06 13.0389
3-5-0-6-4-7-0-4-3-5-0-0-1-1-0 264547773 98.7756 2.54362 1e-06 96.1962
3-5-0-6-4-7-0-4-3-5-0-2-2-3-0 264545259 11.0196 1.28041 0 9.69918
3-5-0-6-4-7-0-4-3-5-0-4-3-5-0 263135171 18.0032 2.73828 0 15.1935
3-5-0-6-4-7-0-4-3-5-0-6-4-7-0 264547770 19.0489 2.6047 3e-06 16.395
3-5-0-6-4-7-0-6-4-7-0-0-1-1-0 264547773 110.262 1.65341 1e-06 108.553
3-5-0-6-4-7-0-6-4-7-0-2-2-3-0 264547767 13.6006 1.19904 1e-06 12.2952
3-5-0-6-4-7-0-6-4-7-0-4-3-5-0 264547650 20.0676 2.57828 2e-06 17.353
3-5-0-6-4-7-0-6-4-7-0-6-4-7-0 264547773 21.0356 2.57839 1e-06 18.3599
4-7-0-0-1-1-0-0-1-1-0-0-1-1-0 15626706 227.195 0.013317 3e-06 227.124
4-7-0-0-1-1-0-0-1-1-0-2-2-3-0 15794087 94.7387 0.012579 1e-06 94.6931
4-7-0-0-1-1-0-0-1-1-0-4-3-5-0 15740985 99.6458 0.012593 1e-06 99.5979
4-7-0-0-1-1-0-0-1-1-0-6-4-7-0 15794415 99.9082 0.015303 2e-06 99.8537
4-7-0-0-1-1-0-2-2-3-0-0-1-1-0 15794415 100.388 0.010135 3e-06 100.349
4-7-0-0-1-1-0-2-2-3-0-2-2-3-0 15794087 12.8816 0.009054 1e-06 12.8473
4-7-0-0-1-1-0-2-2-3-0-4-3-5-0 15794415 16.0184 0.011648 1e-06 15.9767
4-7-0-0-1-1-0-2-2-3-0-6-4-7-0 15794415 18.4595 0.012513 1e-06 18.4178
4-7-0-0-1-1-0-4-3-5-0-0-1-1-0 15794415 102.583 0.0127 1e-06 102.534
4-7-0-0-1-1-0-4-3-5-0-2-2-3-0 15794372 15.1515 0.01035 2e-06 15.1113
4-7-0-0-1-1-0-4-3-5-0-4-3-5-0 15792180 20.4772 0.012259 2e-06 20.4313
4-7-0-0-1-1-0-4-3-5-0-6-4-7-0 15794415 21.5676 0.013313 1e-06 21.5219
4-7-0-0-1-1-0-6-4-7-0-0-1-1-0 15794415 114.64 0.014506 1e-06 114.583
4-7-0-0-1-1-0-6-4-7-0-2-2-3-0 15794415 16.1291 0.011556 1e-06 16.0859
4-7-0-0-1-1-0-6-4-7-0-4-3-5-0 15794415 20.9994 0.012896 1e-06 20.9534
4-7-0-0-1-1-0-6-4-7-0-6-4-7-0 15794415 22.6669 0.014549 1e-06 22.6195
4-7-0-2-2-3-0-0-1-1-0-0-1-1-0 15794415 178.253 0.076331 1e-06 178.102
4-7-0-2-2-3-0-0-1-1-0-2-2-3-0 15794415 44.9301 0.016201 2e-06 44.8484
4-7-0-2-2-3-0-0-1-1-0-4-3-5-0 15794415 51.5106 0.013722 1e-06 51.4234
4-7-0-2-2-3-0-0-1-1-0-6-4-7-0 15794415 49.3139 0.020742 2e-06 49.2302
4-7-0-2-2-3-0-2-2-3-0-0-1-1-0 15794415 52.1825 0.01536 1e-06 52.1209
4-7-0-2-2-3-0-2-2-3-0-2-2-3-0 10219172 5.95966 0.003419 1e-06 5.91606
4-7-0-2-2-3-0-2-2-3-0-4-3-5-0 15662521 8.18675 0.030126 1e-06 8.12607
4-7-0-2-2-3-0-2-2-3-0-6-4-7-0 15792946 11.0969 0.063918 1e-06 11.0036
4-7-0-2-2-3-0-4-3-5-0-0-1-1-0 15794415 91.9433 0.089648 1e-06 91.8196
4-7-0-2-2-3-0-4-3-5-0-2-2-3-0 15794338 7.17422 0.081342 1e-06 7.05941
4-7-0-2-2-3-0-4-3-5-0-4-3-5-0 15743848 12.1131 0.102347 0 11.9724
4-7-0-2-2-3-0-4-3-5-0-6-4-7-0 15794415 13.6063 0.100256 2e-06 13.4716
4-7-0-2-2-3-0-6-4-7-0-0-1-1-0 15794415 114.956 0.158649 3e-06 114.754
4-7-0-2-2-3-0-6-4-7-0-2-2-3-0 15794414 9.23956 0.079511 1e-06 9.13106
4-7-0-2-2-3-0-6-4-7-0-4-3-5-0 15794371 14.6743 0.176892 1e-06 14.4644
4-7-0-2-2-3-0-6-4-7-0-6-4-7-0 15794415 15.8186 0.121646 1e-06 15.6601
4-7-0-4-3-5-0-0-1-1-0-0-1-1-0 15758734 174.159 0.032444 3e-06 174.089
4-7-0-4-3-5-0-0-1-1-0-2-2-3-0 15794374 42.687 0.036591 1e-06 42.6174
4-7-0-4-3-5-0-0-1-1-0-4-3-5-0 15784512 45.8038 0.03367 1e-06 45.7373
4-7-0-4-3-5-0-0-1-1-0-6-4-7-0 15794415 49.7869 0.019609 0 49.7285
4-7-0-4-3-5-0-2-2-3-0-0-1-1-0 15794415 88.3453 0.251452 3e-06 88.0532
4-7-0-4-3-5-0-2-2-3-0-2-2-3-0 15752999 7.32697 0.295282 1e-06 6.98099
4-7-0-4-3-5-0-2-2-3-0-4-3-5-0 15793767 10.2397 0.052326 1e-06 10.1514
4-7-0-4-3-5-0-2-2-3-0-6-4-7-0 15794415 12.3021 0.056487 1e-06 12.2108
4-7-0-4-3-5-0-4-3-5-0-0-1-1-0 15794415 98.4476 0.054984 4e-06 98.349
4-7-0-4-3-5-0-4-3-5-0-2-2-3-0 15794351 9.49937 0.057832 0 9.40558
4-7-0-4-3-5-0-4-3-5-0-4-3-5-0 15614461 14.9202 0.127761 1e-06 14.7536
4-7-0-4-3-5-0-4-3-5-0-6-4-7-0 15794415 16.4379 0.116679 1e-06 16.2822
4-7-0-4-3-5-0-6-4-7-0-0-1-1-0 15794415 109.875 0.382408 3e-06 109.453
4-7-0-4-3-5-0-6-4-7-0-2-2-3-0 15794415 11.0245 0.259294 2e-06 10.7314
4-7-0-4-3-5-0-6-4-7-0-4-3-5-0 15794412 15.7015 0.117076 1e-06 15.537
4-7-0-4-3-5-0-6-4-7-0-6-4-7-0 15794415 17.1544 0.398299 1e-06 16.7192
4-7-0-6-4-7-0-0-1-1-0-0-1-1-0 15794415 186.931 0.319132 1e-06 186.574
4-7-0-6-4-7-0-0-1-1-0-2-2-3-0 15794415 53.6625 0.326721 1e-06 53.3051
4-7-0-6-4-7-0-0-1-1-0-4-3-5-0 15794415 56.2759 0.010919 1e-06 56.2314
4-7-0-6-4-7-0-0-1-1-0-6-4-7-0 15794415 58.5747 0.014345 1e-06 58.5211
4-7-0-6-4-7-0-2-2-3-0-0-1-1-0 15794415 102.75 0.244865 3e-06 102.47
4-7-0-6-4-7-0-2-2-3-0-2-2-3-0 15792398 7.69223 0.20702 1e-06 7.45132
4-7-0-6-4-7-0-2-2-3-0-4-3-5-0 15794397 10.9822 0.050094 1e-06 10.8992
4-7-0-6-4-7-0-2-2-3-0-6-4-7-0 15794415 13.5677 0.144833 4e-06 13.3858
4-7-0-6-4-7-0-4-3-5-0-0-1-1-0 15794415 99.5853 0.342594 1e-06 99.1995
4-7-0-6-4-7-0-4-3-5-0-2-2-3-0 15794413 10.1717 0.058098 1e-06 10.0787
4-7-0-6-4-7-0-4-3-5-0-4-3-5-0 15792097 15.5726 0.392091 1e-06 15.1428
4-7-0-6-4-7-0-4-3-5-0-6-4-7-0 15794415 16.3852 0.117848 3e-06 16.2296
4-7-0-6-4-7-0-6-4-7-0-0-1-1-0 15794415 109.903 0.010288 1e-06 109.847
4-7-0-6-4-7-0-6-4-7-0-2-2-3-0 15794415 11.6638 0.524402 1e-06 11.1035
4-7-0-6-4-7-0-6-4-7-0-4-3-5-0 15794415 16.236 0.116721 1e-06 16.0778
4-7-0-6-4-7-0-6-4-7-0-6-4-7-0 15794415 17.6676 0.396717 1e-06 17.2313
