0-0-1-1-0-0-1 34713 46.2222 0.007718 0 46.2008
0-0-1-1-0-2-2 11426723 1.72213 0.055989 0 1.65001
0-0-1-1-0-4-3 66667832 2.16463 0.207201 0 1.9464
0-0-1-1-0-6-4 15626706 1.71647 0.002668 0 1.70689
0-2-2-3-0-0-1 269979 9.13732 0.001534 3e-06 9.12503
0-2-2-3-0-2-2 34713 1.41584 0.001374 1e-06 1.39329
0-2-2-3-0-4-3 18178411 0.876196 0.003177 0 0.858914
0-2-2-3-0-6-4 10219172 0.960412 0.011082 1e-06 0.935364
0-4-3-5-0-0-1 125547 6.05432 0.002605 1e-06 6.03169
0-4-3-5-0-2-2 1807215 0.848071 0.001424 1e-06 0.827748
0-4-3-5-0-4-3 45844609 1.17785 0.013038 0 1.1454
0-4-3-5-0-6-4 13230219 1.27338 0.011906 0 1.24274
0-6-4-7-0-0-1 277619 16.2743 0.001092 0 16.2544
0-6-4-7-0-2-2 6345795 1.2309 0.002592 1e-06 1.20828
0-6-4-7-0-4-3 161137646 2.24805 0.277511 0 1.95431
0-6-4-7-0-6-4 15647846 1.73216 0.004085 0 1.71167
1-1-0-0-1-1-0 34713 23.716 0.00236 0 23.6967
1-1-0-2-2-3-0 269979 0.640041 0.001462 0 0.621546
1-1-0-4-3-5-0 125547 1.88894 0.002507 0 1.86379
1-1-0-6-4-7-0 277619 1.79731 0.003291 1e-06 1.77428
2-3-0-0-1-1-0 11426723 2.83348 0.003799 2e-06 2.81328
2-3-0-2-2-3-0 34713 0.774517 0.000371 0 0.757686
2-3-0-4-3-5-0 1807215 1.03898 0.002357 0 1.01223
2-3-0-6-4-7-0 6345795 1.52577 0.003335 0 1.5005
3-5-0-0-1-1-0 66667832 1.86264 0.009751 0 1.83666
3-5-0-2-2-3-0 18178411 0.392637 0.005076 1e-06 0.368395
3-5-0-4-3-5-0 45844609 1.44826 0.01097 1e-06 1.41293
3-5-0-6-4-7-0 161137646 1.88696 0.06644 1e-06 1.80516
4-7-0-0-1-1-0 15626706 5.962 0.003094 0 5.94004
4-7-0-2-2-3-0 10219172 0.480274 0.001411 1e-06 0.461634
4-7-0-4-3-5-0 13230219 1.93187 0.009016 1e-06 1.90203
4-7-0-6-4-7-0 15647846 1.93279 0.007856 0 1.90467
