0-0-1-1-0-0-1-1-0-0-1-1-0-0-1 34713 0.018244 0.006292 6e-06 0.002733
0-0-1-1-0-0-1-1-0-0-1-1-0-2-2 11426723 0.063957 0.05068 8e-06 0.002231
0-0-1-1-0-0-1-1-0-0-1-1-0-4-3 66667832 1.68637 1.6271 6e-06 0.003454
0-0-1-1-0-0-1-1-0-0-1-1-0-6-4 15626706 1.24186 1.2007 9e-06 0.005708
0-0-1-1-0-0-1-1-0-2-2-3-0-0-1 277704 0.022864 0.011757 5e-06 0.003315
0-0-1-1-0-0-1-1-0-2-2-3-0-2-2 11426723 0.072 0.03183 1e-05 0.002782
0-0-1-1-0-0-1-1-0-2-2-3-0-4-3 262992233 6.88096 6.67012 8e-06 0.005344
0-0-1-1-0-0-1-1-0-2-2-3-0-6-4 15794415 5.26314 5.16852 5e-06 0.003735
0-0-1-1-0-0-1-1-0-4-3-5-0-0-1 277704 0.887866 0.802111 2e-06 0.003616
0-0-1-1-0-0-1-1-0-4-3-5-0-2-2 13373259 2.33542 2.2871 3e-06 0.004292
0-0-1-1-0-0-1-1-0-4-3-5-0-4-3 242448037 5.30325 5.25324 2e-06 0.004278
0-0-1-1-0-0-1-1-0-4-3-5-0-6-4 15758734 4.84712 4.7875 9e-06 0.006354
0-0-1-1-0-0-1-1-0-6-4-7-0-0-1 277704 0.869288 0.826762 5e-06 0.003267
0-0-1-1-0-0-1-1-0-6-4-7-0-2-2 13954626 4.86592 4.79772 7e-06 0.003822
0-0-1-1-0-0-1-1-0-6-4-7-0-4-3 264536355 8.18257 8.12641 5e-06 0.003709
0-0-1-1-0-0-1-1-0-6-4-7-0-6-4 15794415 7.78139 7.65915 5e-06 0.004451
0-0-1-1-0-2-2-3-0-0-1-1-0-0-1 277704 0.056049 0.010683 9e-06 0.003294
0-0-1-1-0-2-2-3-0-0-1-1-0-2-2 13954626 0.053067 0.039435 3e-06 0.003369
0-0-1-1-0-2-2-3-0-0-1-1-0-4-3 264547773 5.2791 5.17717 6e-06 0.00349
0-0-1-1-0-2-2-3-0-0-1-1-0-6-4 15794415 4.95359 4.84682 6e-06 0.003338
0-0-1-1-0-2-2-3-0-2-2-3-0-0-1 277704 0.024473 0.01129 7e-06 0.00325
0-0-1-1-0-2-2-3-0-2-2-3-0-2-2 11426723 0.024082 0.014609 4e-06 0.0029
0-0-1-1-0-2-2-3-0-2-2-3-0-4-3 262992233 4.97126 4.9215 1e-05 0.003022
0-0-1-1-0-2-2-3-0-2-2-3-0-6-4 15794415 4.33681 4.28302 4e-06 0.00414
0-0-1-1-0-2-2-3-0-4-3-5-0-0-1 277704 4.36469 4.29981 5e-06 0.003621
0-0-1-1-0-2-2-3-0-4-3-5-0-2-2 13954626 14.6799 14.6356 3e-06 0.004674
0-0-1-1-0-2-2-3-0-4-3-5-0-4-3 264272027 12.292 12.2241 5e-06 0.003677
0-0-1-1-0-2-2-3-0-4-3-5-0-6-4 15794415 11.6924 11.619 8e-06 0.003774
0-0-1-1-0-2-2-3-0-6-4-7-0-0-1 277704 4.30314 4.25976 4e-06 0.00354
0-0-1-1-0-2-2-3-0-6-4-7-0-2-2 13954626 32.1211 32.0419 6e-06 0.003808
0-0-1-1-0-2-2-3-0-6-4-7-0-4-3 264547773 11.3786 11.3259 1.1e-05 0.004343
0-0-1-1-0-2-2-3-0-6-4-7-0-6-4 15794415 9.92628 9.88229 6e-06 0.003458
0-0-1-1-0-4-3-5-0-0-1-1-0-0-1 277704 1.24706 1.20915 8e-06 0.003553
0-0-1-1-0-4-3-5-0-0-1-1-0-2-2 13954626 11.3082 11.2629 5e-06 0.004061
0-0-1-1-0-4-3-5-0-0-1-1-0-4-3 264547773 373.128 372.994 5e-06 0.003699
0-0-1-1-0-4-3-5-0-0-1-1-0-6-4 15794415 370.814 370.672 7e-06 0.003502
0-0-1-1-0-4-3-5-0-2-2-3-0-0-1 277704 1.23074 1.19683 7e-06 0.003486
0-0-1-1-0-4-3-5-0-2-2-3-0-2-2 13373259 3.13802 3.0733 9e-06 0.004061
0-0-1-1-0-4-3-5-0-2-2-3-0-4-3 264534436 278.266 278.173 3e-06 0.003729
0-0-1-1-0-4-3-5-0-2-2-3-0-6-4 15794415 281.728 281.587 9e-06 0.00373
0-0-1-1-0-4-3-5-0-4-3-5-0-0-1 277704 9.45609 9.38064 9e-06 0.004916
0-0-1-1-0-4-3-5-0-4-3-5-0-2-2 13954626 9.53771 9.46553 6e-06 0.004422
0-0-1-1-0-4-3-5-0-4-3-5-0-4-3 254851812 12.4242 12.3408 5e-06 0.004967
0-0-1-1-0-4-3-5-0-4-3-5-0-6-4 15794415 12.5522 12.465 7e-06 0.003924
0-0-1-1-0-4-3-5-0-6-4-7-0-0-1 277704 8.52166 8.46051 1e-05 0.003611
0-0-1-1-0-4-3-5-0-6-4-7-0-2-2 13954626 8.22526 8.16091 5e-06 0.003913
0-0-1-1-0-4-3-5-0-6-4-7-0-4-3 264547773 11.2478 11.193 1.2e-05 0.00629
0-0-1-1-0-4-3-5-0-6-4-7-0-6-4 15794415 10.8789 10.8064 5e-06 0.004604
0-0-1-1-0-6-4-7-0-0-1-1-0-0-1 277704 2.15147 2.08017 5e-06 0.003237
0-0-1-1-0-6-4-7-0-0-1-1-0-2-2 13954626 12.1271 12.0641 6e-06 0.003781
0-0-1-1-0-6-4-7-0-0-1-1-0-4-3 264547773 698.62 698.292 2e-06 0.003432
0-0-1-1-0-6-4-7-0-0-1-1-0-6-4 15794415 692.787 692.57 7e-06 0.004363
0-0-1-1-0-6-4-7-0-2-2-3-0-0-1 277704 1.90678 1.85237 7e-06 0.004418
0-0-1-1-0-6-4-7-0-2-2-3-0-2-2 13954626 6.65135 6.58988 5e-06 0.00389
0-0-1-1-0-6-4-7-0-2-2-3-0-4-3 264547773 573.344 573.148 6e-06 0.003359
0-0-1-1-0-6-4-7-0-2-2-3-0-6-4 15794415 574.934 574.694 8e-06 0.003593
0-0-1-1-0-6-4-7-0-4-3-5-0-0-1 277704 11.7269 11.612 8e-06 0.003736
0-0-1-1-0-6-4-7-0-4-3-5-0-2-2 13954626 12.6276 12.5278 1.1e-05 0.003865
0-0-1-1-0-6-4-7-0-4-3-5-0-4-3 264536355 14.8787 14.8151 4e-06 0.003719
0-0-1-1-0-6-4-7-0-4-3-5-0-6-4 15794415 14.6128 14.5126 8e-06 0.00343
0-0-1-1-0-6-4-7-0-6-4-7-0-0-1 277704 10.5463 10.4684 3e-06 0.00311
0-0-1-1-0-6-4-7-0-6-4-7-0-2-2 13954626 10.8899 10.7813 6e-06 0.003139
0-0-1-1-0-6-4-7-0-6-4-7-0-4-3 264547773 14.0195 13.9585 5e-06 0.003266
0-0-1-1-0-6-4-7-0-6-4-7-0-6-4 15794415 13.6511 13.5697 9e-06 0.005163
0-2-2-3-0-0-1-1-0-0-1-1-0-0-1 269979 0.019149 0.007198 6e-06 0.003888
0-2-2-3-0-0-1-1-0-0-1-1-0-2-2 13942082 0.047579 0.033907 3e-06 0.002715
0-2-2-3-0-0-1-1-0-0-1-1-0-4-3 261068775 4.00142 3.97212 2e-06 0.002701
0-2-2-3-0-0-1-1-0-0-1-1-0-6-4 15794087 3.59661 3.56055 9e-06 0.003658
0-2-2-3-0-0-1-1-0-2-2-3-0-0-1 277704 0.018852 0.008616 4e-06 0.002962
0-2-2-3-0-0-1-1-0-2-2-3-0-2-2 13942082 0.03196 0.022467 2e-06 0.002544
0-2-2-3-0-0-1-1-0-2-2-3-0-4-3 264546361 5.02039 4.96004 6e-06 0.002704
0-2-2-3-0-0-1-1-0-2-2-3-0-6-4 15794415 4.57611 4.53835 7e-06 0.003639
0-2-2-3-0-0-1-1-0-4-3-5-0-0-1 277704 3.78565 3.74851 6e-06 0.007396
0-2-2-3-0-0-1-1-0-4-3-5-0-2-2 13950086 12.1298 12.089 1e-05 0.003776
0-2-2-3-0-0-1-1-0-4-3-5-0-4-3 264223483 11.8195 11.7652 5e-06 0.003447
0-2-2-3-0-0-1-1-0-4-3-5-0-6-4 15794374 11.0348 10.9556 3e-06 0.003348
0-2-2-3-0-0-1-1-0-6-4-7-0-0-1 277704 3.5679 3.53808 1e-06 0.003162
0-2-2-3-0-0-1-1-0-6-4-7-0-2-2 13954626 27.4713 27.4366 7e-06 0.003308
0-2-2-3-0-0-1-1-0-6-4-7-0-4-3 264547768 10.3224 10.2817 4e-06 0.003991
0-2-2-3-0-0-1-1-0-6-4-7-0-6-4 15794415 9.85715 9.80421 4e-06 0.003547
0-2-2-3-0-2-2-3-0-0-1-1-0-0-1 269979 0.021684 0.010522 2e-06 0.00327
0-2-2-3-0-2-2-3-0-0-1-1-0-2-2 13942082 0.04977 0.035843 6e-06 0.002839
0-2-2-3-0-2-2-3-0-0-1-1-0-4-3 261068775 4.52916 4.50317 5e-06 0.002995
0-2-2-3-0-2-2-3-0-0-1-1-0-6-4 15794087 4.17877 4.14555 9e-06 0.003666
0-2-2-3-0-2-2-3-0-2-2-3-0-0-1 269979 0.02101 0.011202 2e-06 0.003239
0-2-2-3-0-2-2-3-0-2-2-3-0-2-2 34713 0.017987 0.009267 4e-06 0.002864
0-2-2-3-0-2-2-3-0-2-2-3-0-4-3 18178411 0.130477 0.104162 3e-06 0.002869
0-2-2-3-0-2-2-3-0-2-2-3-0-6-4 10219172 0.118742 0.093373 3e-06 0.003323
0-2-2-3-0-2-2-3-0-4-3-5-0-0-1 277212 0.102971 0.078007 4e-06 0.003564
0-2-2-3-0-2-2-3-0-4-3-5-0-2-2 12401496 0.243916 0.21721 1e-05 0.003778
0-2-2-3-0-2-2-3-0-4-3-5-0-4-3 223199128 3.38407 3.3503 7e-06 0.003745
0-2-2-3-0-2-2-3-0-4-3-5-0-6-4 15752999 3.12815 3.09514 5e-06 0.003801
0-2-2-3-0-2-2-3-0-6-4-7-0-0-1 277704 0.157876 0.134798 2e-06 0.003545
0-2-2-3-0-2-2-3-0-6-4-7-0-2-2 13689497 0.547503 0.517179 7e-06 0.003768
0-2-2-3-0-2-2-3-0-6-4-7-0-4-3 258664239 6.22912 6.18925 1.1e-05 0.003635
0-2-2-3-0-2-2-3-0-6-4-7-0-6-4 15792398 5.56133 5.52711 6e-06 0.003636
0-2-2-3-0-4-3-5-0-0-1-1-0-0-1 277212 0.734938 0.7049 8e-06 0.003699
0-2-2-3-0-4-3-5-0-0-1-1-0-2-2 13953539 1.4567 1.41416 5e-06 0.003941
0-2-2-3-0-4-3-5-0-0-1-1-0-4-3 264335304 29.0798 29.0326 4e-06 0.004648
0-2-2-3-0-4-3-5-0-0-1-1-0-6-4 15794372 29.6164 29.5646 7e-06 0.003803
0-2-2-3-0-4-3-5-0-2-2-3-0-0-1 277704 0.638251 0.584404 7e-06 0.003641
0-2-2-3-0-4-3-5-0-2-2-3-0-2-2 12401496 0.792622 0.742637 1.2e-05 0.00402
0-2-2-3-0-4-3-5-0-2-2-3-0-4-3 263938876 22.8071 22.7606 5e-06 0.003833
0-2-2-3-0-4-3-5-0-2-2-3-0-6-4 15794338 22.1788 22.1349 5e-06 0.0037
0-2-2-3-0-4-3-5-0-4-3-5-0-0-1 277704 7.99796 7.90917 3e-06 0.004174
0-2-2-3-0-4-3-5-0-4-3-5-0-2-2 13942369 7.61717 7.55966 3e-06 0.00448
0-2-2-3-0-4-3-5-0-4-3-5-0-4-3 252870735 10.8311 10.7711 4e-06 0.004063
0-2-2-3-0-4-3-5-0-4-3-5-0-6-4 15794351 10.9487 10.8765 6e-06 0.00502
0-2-2-3-0-4-3-5-0-6-4-7-0-0-1 277704 6.41808 6.36774 3e-06 0.003561
0-2-2-3-0-4-3-5-0-6-4-7-0-2-2 13954500 6.73391 6.6721 7e-06 0.003836
0-2-2-3-0-4-3-5-0-6-4-7-0-4-3 264545259 9.69472 9.64794 3e-06 0.003922
0-2-2-3-0-4-3-5-0-6-4-7-0-6-4 15794413 9.34332 9.2678 5e-06 0.004752
0-2-2-3-0-6-4-7-0-0-1-1-0-0-1 277704 1.44388 1.40432 1e-05 0.003368
0-2-2-3-0-6-4-7-0-0-1-1-0-2-2 13954626 2.18368 2.13872 3e-06 0.003819
0-2-2-3-0-6-4-7-0-0-1-1-0-4-3 264547773 52.0429 51.9188 1.1e-05 0.003251
0-2-2-3-0-6-4-7-0-0-1-1-0-6-4 15794415 51.3241 51.2194 5e-06 0.003345
0-2-2-3-0-6-4-7-0-2-2-3-0-0-1 277704 1.31926 1.22624 3e-06 0.003363
0-2-2-3-0-6-4-7-0-2-2-3-0-2-2 13689497 1.68944 1.64072 8e-06 0.004455
0-2-2-3-0-6-4-7-0-2-2-3-0-4-3 264526605 44.1784 44.1236 4e-06 0.002959
0-2-2-3-0-6-4-7-0-2-2-3-0-6-4 15794414 43.7281 43.6153 5e-06 0.003472
0-2-2-3-0-6-4-7-0-4-3-5-0-0-1 277704 10.6071 10.464 6e-06 0.003746
0-2-2-3-0-6-4-7-0-4-3-5-0-2-2 13953921 10.6583 10.5896 9e-06 0.00409
0-2-2-3-0-6-4-7-0-4-3-5-0-4-3 261395656 14.3238 14.2296 5e-06 0.003942
0-2-2-3-0-6-4-7-0-4-3-5-0-6-4 15794415 13.209 13.1095 3e-06 0.003617
0-2-2-3-0-6-4-7-0-6-4-7-0-0-1 277704 9.27731 9.209 3e-06 0.003257
0-2-2-3-0-6-4-7-0-6-4-7-0-2-2 13954626 9.46824 9.40377 8e-06 0.004469
0-2-2-3-0-6-4-7-0-6-4-7-0-4-3 264547767 12.3093 12.2601 1.3e-05 0.006247
0-2-2-3-0-6-4-7-0-6-4-7-0-6-4 15794415 11.8112 11.7408 1.1e-05 0.004418
0-4-3-5-0-0-1-1-0-0-1-1-0-0-1 125547 1.3993 1.36564 8e-06 0.003537
0-4-3-5-0-0-1-1-0-0-1-1-0-2-2 13103489 1.27432 1.24879 5e-06 0.003437
0-4-3-5-0-0-1-1-0-0-1-1-0-4-3 159103520 2.56977 2.54253 8e-06 0.003355
0-4-3-5-0-0-1-1-0-0-1-1-0-6-4 15740985 2.29983 2.27357 3e-06 0.003432
0-4-3-5-0-0-1-1-0-2-2-3-0-0-1 277704 2.17089 2.10692 3e-06 0.00331
0-4-3-5-0-0-1-1-0-2-2-3-0-2-2 13103489 2.14124 2.09728 1.2e-05 0.004337
0-4-3-5-0-0-1-1-0-2-2-3-0-4-3 264299335 5.5306 5.48705 7e-06 0.003365
0-4-3-5-0-0-1-1-0-2-2-3-0-6-4 15794415 4.76099 4.70626 1.4e-05 0.006356
0-4-3-5-0-0-1-1-0-4-3-5-0-0-1 277704 5.17846 5.14016 5e-06 0.003763
0-4-3-5-0-0-1-1-0-4-3-5-0-2-2 13749399 5.23253 5.19247 3e-06 0.003564
0-4-3-5-0-0-1-1-0-4-3-5-0-4-3 254223236 8.05234 8.00563 6e-06 0.003575
0-4-3-5-0-0-1-1-0-4-3-5-0-6-4 15784512 7.64666 7.60737 5e-06 0.003937
0-4-3-5-0-0-1-1-0-6-4-7-0-0-1 277704 5.32283 5.26404 4e-06 0.003317
0-4-3-5-0-0-1-1-0-6-4-7-0-2-2 13954626 5.29619 5.24623 5e-06 0.003339
0-4-3-5-0-0-1-1-0-6-4-7-0-4-3 264545622 8.41584 8.37286 5e-06 0.003388
0-4-3-5-0-0-1-1-0-6-4-7-0-6-4 15794415 8.03436 7.98112 7e-06 0.003376
0-4-3-5-0-2-2-3-0-0-1-1-0-0-1 277597 1.88171 1.83338 1.4e-05 0.005344
0-4-3-5-0-2-2-3-0-0-1-1-0-2-2 13954538 1.89994 1.86398 6e-06 0.003973
0-4-3-5-0-2-2-3-0-0-1-1-0-4-3 264505054 4.55065 4.5119 9e-06 0.005613
0-4-3-5-0-2-2-3-0-0-1-1-0-6-4 15794415 3.97403 3.93511 8e-06 0.003674
0-4-3-5-0-2-2-3-0-2-2-3-0-0-1 277597 1.02752 0.988518 1e-05 0.007205
0-4-3-5-0-2-2-3-0-2-2-3-0-2-2 1807215 0.982506 0.945982 8e-06 0.003327
0-4-3-5-0-2-2-3-0-2-2-3-0-4-3 186718068 2.37633 2.34445 7e-06 0.003474
0-4-3-5-0-2-2-3-0-2-2-3-0-6-4 15662521 2.04916 2.01737 4e-06 0.003359
0-4-3-5-0-2-2-3-0-4-3-5-0-0-1 277704 6.47579 6.42828 3e-06 0.003754
0-4-3-5-0-2-2-3-0-4-3-5-0-2-2 13920727 6.31636 6.24148 6e-06 0.003733
0-4-3-5-0-2-2-3-0-4-3-5-0-4-3 256552028 9.45451 9.40297 5e-06 0.004688
0-4-3-5-0-2-2-3-0-4-3-5-0-6-4 15793767 9.2459 9.19499 7e-06 0.004877
0-4-3-5-0-2-2-3-0-6-4-7-0-0-1 277704 5.09011 5.03052 1.1e-05 0.007035
0-4-3-5-0-2-2-3-0-6-4-7-0-2-2 13952209 5.17189 5.12584 5e-06 0.003782
0-4-3-5-0-2-2-3-0-6-4-7-0-4-3 264488100 8.74002 8.68935 1.1e-05 0.004649
0-4-3-5-0-2-2-3-0-6-4-7-0-6-4 15794397 8.00704 7.95593 8e-06 0.003665
0-4-3-5-0-4-3-5-0-0-1-1-0-0-1 273654 3.25951 3.20234 5e-06 0.003537
0-4-3-5-0-4-3-5-0-0-1-1-0-2-2 13920168 3.25946 3.21066 4e-06 0.004106
0-4-3-5-0-4-3-5-0-0-1-1-0-4-3 261568906 5.55623 5.52083 6e-06 0.003614
0-4-3-5-0-4-3-5-0-0-1-1-0-6-4 15792180 5.34339 5.30183 6e-06 0.004042
0-4-3-5-0-4-3-5-0-2-2-3-0-0-1 277611 3.35972 3.30631 5e-06 0.003847
0-4-3-5-0-4-3-5-0-2-2-3-0-2-2 12620533 3.26646 3.21615 1.1e-05 0.003632
0-4-3-5-0-4-3-5-0-2-2-3-0-4-3 260987845 6.8665 6.80885 6e-06 0.004899
0-4-3-5-0-4-3-5-0-2-2-3-0-6-4 15743848 6.07913 6.01048 3e-06 0.004016
0-4-3-5-0-4-3-5-0-4-3-5-0-0-1 274950 8.39416 8.33931 3e-06 0.004164
0-4-3-5-0-4-3-5-0-4-3-5-0-2-2 13780903 8.46842 8.40891 1.1e-05 0.004977
0-4-3-5-0-4-3-5-0-4-3-5-0-4-3 249802666 11.4538 11.3962 7e-06 0.00395
0-4-3-5-0-4-3-5-0-4-3-5-0-6-4 15614461 11.0551 10.9992 6e-06 0.004068
0-4-3-5-0-4-3-5-0-6-4-7-0-0-1 277700 7.39246 7.33871 0 0.003704
0-4-3-5-0-4-3-5-0-6-4-7-0-2-2 13850279 7.20782 7.15235 9e-06 0.00435
0-4-3-5-0-4-3-5-0-6-4-7-0-4-3 263135171 10.6312 10.5666 1e-05 0.013786
0-4-3-5-0-4-3-5-0-6-4-7-0-6-4 15792097 9.90647 9.84279 2e-06 0.00401
0-4-3-5-0-6-4-7-0-0-1-1-0-0-1 277700 4.68701 4.6335 4e-06 0.0047
0-4-3-5-0-6-4-7-0-0-1-1-0-2-2 13954622 4.5819 4.53766 1e-05 0.004768
0-4-3-5-0-6-4-7-0-0-1-1-0-4-3 264547070 7.31186 7.26771 6e-06 0.003553
0-4-3-5-0-6-4-7-0-0-1-1-0-6-4 15794415 7.22037 7.16429 8e-06 0.004692
0-4-3-5-0-6-4-7-0-2-2-3-0-0-1 277704 5.06695 5.00636 6e-06 0.004415
0-4-3-5-0-6-4-7-0-2-2-3-0-2-2 13721768 4.71695 4.66036 5e-06 0.003615
0-4-3-5-0-6-4-7-0-2-2-3-0-4-3 264348044 7.97065 7.92244 6e-06 0.003526
0-4-3-5-0-6-4-7-0-2-2-3-0-6-4 15794371 7.60614 7.53717 6e-06 0.004458
0-4-3-5-0-6-4-7-0-4-3-5-0-0-1 277704 11.4385 11.3824 3e-06 0.003723
0-4-3-5-0-6-4-7-0-4-3-5-0-2-2 13953164 10.9271 10.8728 5e-06 0.003854
0-4-3-5-0-6-4-7-0-4-3-5-0-4-3 263215652 14.2841 14.2264 3e-06 0.003793
0-4-3-5-0-6-4-7-0-4-3-5-0-6-4 15794412 13.9028 13.8357 5e-06 0.003826
0-4-3-5-0-6-4-7-0-6-4-7-0-0-1 277704 9.40179 9.34822 1e-05 0.003542
0-4-3-5-0-6-4-7-0-6-4-7-0-2-2 13954620 9.60542 9.54919 9e-06 0.003693
0-4-3-5-0-6-4-7-0-6-4-7-0-4-3 264547650 13.0878 13.0358 9e-06 0.004693
0-4-3-5-0-6-4-7-0-6-4-7-0-6-4 15794415 12.439 12.3647 4e-06 0.003928
0-6-4-7-0-0-1-1-0-0-1-1-0-0-1 277619 2.66243 2.6177 6e-06 0.003599
0-6-4-7-0-0-1-1-0-0-1-1-0-2-2 13954551 2.66297 2.62465 6e-06 0.003416
0-6-4-7-0-0-1-1-0-0-1-1-0-4-3 264520476 5.18996 5.15143 3e-06 0.003055
0-6-4-7-0-0-1-1-0-0-1-1-0-6-4 15794415 4.84083 4.78724 1.1e-05 0.003134
0-6-4-7-0-0-1-1-0-2-2-3-0-0-1 277704 2.82504 2.78361 8e-06 0.003056
0-6-4-7-0-0-1-1-0-2-2-3-0-2-2 13954551 2.87346 2.82201 3e-06 0.003246
0-6-4-7-0-0-1-1-0-2-2-3-0-4-3 264547769 6.19923 6.14934 7e-06 0.003201
0-6-4-7-0-0-1-1-0-2-2-3-0-6-4 15794415 5.78322 5.705 7e-06 0.003099
0-6-4-7-0-0-1-1-0-4-3-5-0-0-1 277704 8.2817 8.21533 7e-06 0.003819
0-6-4-7-0-0-1-1-0-4-3-5-0-2-2 13954585 8.3898 8.31031 6e-06 0.003767
0-6-4-7-0-0-1-1-0-4-3-5-0-4-3 264544959 11.7948 11.7476 3e-06 0.003354
0-6-4-7-0-0-1-1-0-4-3-5-0-6-4 15794415 11.4042 11.3046 6e-06 0.003397
0-6-4-7-0-0-1-1-0-6-4-7-0-0-1 277704 7.56089 7.5111 5e-06 0.003939
0-6-4-7-0-0-1-1-0-6-4-7-0-2-2 13954626 7.00074 6.95475 5e-06 0.003123
0-6-4-7-0-0-1-1-0-6-4-7-0-4-3 264547773 10.1261 10.0818 6e-06 0.003201
0-6-4-7-0-0-1-1-0-6-4-7-0-6-4 15794415 9.63178 9.5778 1.1e-05 0.005886
0-6-4-7-0-2-2-3-0-0-1-1-0-0-1 277704 2.50645 2.45642 5e-06 0.003138
0-6-4-7-0-2-2-3-0-0-1-1-0-2-2 13954626 2.4939 2.4534 7e-06 0.003249
0-6-4-7-0-2-2-3-0-0-1-1-0-4-3 264547773 5.26 5.2214 3e-06 0.003076
0-6-4-7-0-2-2-3-0-0-1-1-0-6-4 15794415 4.68981 4.63175 8e-06 0.0033
0-6-4-7-0-2-2-3-0-2-2-3-0-0-1 277704 2.29746 2.25652 5e-06 0.003201
0-6-4-7-0-2-2-3-0-2-2-3-0-2-2 6345795 2.31625 2.27647 5e-06 0.003192
0-6-4-7-0-2-2-3-0-2-2-3-0-4-3 254483838 5.0679 5.02236 5e-06 0.00329
0-6-4-7-0-2-2-3-0-2-2-3-0-6-4 15792946 4.86676 4.81442 8e-06 0.004328
0-6-4-7-0-2-2-3-0-4-3-5-0-0-1 277704 8.42432 8.35672 4e-06 0.003722
0-6-4-7-0-2-2-3-0-4-3-5-0-2-2 13954585 8.50664 8.43189 6e-06 0.004915
0-6-4-7-0-2-2-3-0-4-3-5-0-4-3 262665496 11.6404 11.5506 8e-06 0.003615
0-6-4-7-0-2-2-3-0-4-3-5-0-6-4 15794415 11.3677 11.2845 1e-06 0.00358
0-6-4-7-0-2-2-3-0-6-4-7-0-0-1 277704 6.97741 6.92079 1.2e-05 0.003304
0-6-4-7-0-2-2-3-0-6-4-7-0-2-2 13954626 7.33228 7.27105 9e-06 0.003609
0-6-4-7-0-2-2-3-0-6-4-7-0-4-3 264547773 10.1152 10.064 6e-06 0.003266
0-6-4-7-0-2-2-3-0-6-4-7-0-6-4 15794415 10.1288 10.0519 6e-06 0.004346
0-6-4-7-0-4-3-5-0-0-1-1-0-0-1 277701 5.69898 5.65534 8e-06 0.004193
0-6-4-7-0-4-3-5-0-0-1-1-0-2-2 13954618 5.75482 5.71107 4e-06 0.003964
0-6-4-7-0-4-3-5-0-0-1-1-0-4-3 264546039 8.50216 8.44735 1e-05 0.005052
0-6-4-7-0-4-3-5-0-0-1-1-0-6-4 15794415 7.82605 7.77556 7e-06 0.004211
0-6-4-7-0-4-3-5-0-2-2-3-0-0-1 277704 6.15919 6.10823 4e-06 0.00398
0-6-4-7-0-4-3-5-0-2-2-3-0-2-2 13891951 6.27278 6.20587 1e-06 0.003792
0-6-4-7-0-4-3-5-0-2-2-3-0-4-3 264545893 9.52074 9.45921 7e-06 0.003727
0-6-4-7-0-4-3-5-0-2-2-3-0-6-4 15794415 8.58236 8.5151 5e-06 0.0037
0-6-4-7-0-4-3-5-0-4-3-5-0-0-1 277704 12.4377 12.3707 1.1e-05 0.0059
0-6-4-7-0-4-3-5-0-4-3-5-0-2-2 13954598 12.1746 12.1159 8e-06 0.004334
0-6-4-7-0-4-3-5-0-4-3-5-0-4-3 253260419 15.4507 15.3547 8e-06 0.004712
0-6-4-7-0-4-3-5-0-4-3-5-0-6-4 15794415 14.7084 14.6352 9e-06 0.006515
0-6-4-7-0-4-3-5-0-6-4-7-0-0-1 277704 10.9232 10.8675 6e-06 0.00347
0-6-4-7-0-4-3-5-0-6-4-7-0-2-2 13954626 10.9139 10.858 4e-06 0.003615
0-6-4-7-0-4-3-5-0-6-4-7-0-4-3 264547770 13.9508 13.8904 8e-06 0.003691
0-6-4-7-0-4-3-5-0-6-4-7-0-6-4 15794415 13.3691 13.309 1e-06 0.003607
0-6-4-7-0-6-4-7-0-0-1-1-0-0-1 277704 5.07936 5.03139 7e-06 0.003621
0-6-4-7-0-6-4-7-0-0-1-1-0-2-2 13954626 5.24197 5.19165 5e-06 0.003256
0-6-4-7-0-6-4-7-0-0-1-1-0-4-3 264547773 7.89187 7.84025 4e-06 0.004302
0-6-4-7-0-6-4-7-0-0-1-1-0-6-4 15794415 7.43806 7.36645 9e-06 0.004598
0-6-4-7-0-6-4-7-0-2-2-3-0-0-1 277704 5.2762 5.21589 7e-06 0.0043
0-6-4-7-0-6-4-7-0-2-2-3-0-2-2 13954431 5.31907 5.25955 7e-06 0.003724
0-6-4-7-0-6-4-7-0-2-2-3-0-4-3 264547772 8.39035 8.33677 5e-06 0.003205
0-6-4-7-0-6-4-7-0-2-2-3-0-6-4 15794415 7.99948 7.92891 9e-06 0.006605
0-6-4-7-0-6-4-7-0-4-3-5-0-0-1 277704 11.6942 11.5617 7e-06 0.003573
0-6-4-7-0-6-4-7-0-4-3-5-0-2-2 13954626 11.5147 11.3926 9e-06 0.004085
0-6-4-7-0-6-4-7-0-4-3-5-0-4-3 264542880 15.3501 15.2835 1.4e-05 0.004631
0-6-4-7-0-6-4-7-0-4-3-5-0-6-4 15794415 14.2464 14.1513 7e-06 0.004753
0-6-4-7-0-6-4-7-0-6-4-7-0-0-1 277704 10.2104 10.1573 3e-06 0.003459
0-6-4-7-0-6-4-7-0-6-4-7-0-2-2 13954626 10.6724 10.6006 9e-06 0.00366
0-6-4-7-0-6-4-7-0-6-4-7-0-4-3 264547773 13.372 13.2969 4e-06 0.003665
0-6-4-7-0-6-4-7-0-6-4-7-0-6-4 15794415 12.7431 12.6753 5e-06 0.004581
1-1-0-0-1-1-0-0-1-1-0-0-1-1-0 34713 0.617442 0.586937 7e-06 0.002251
1-1-0-0-1-1-0-0-1-1-0-2-2-3-0 269979 1.80639 1.73629 3e-06 0.002433
1-1-0-0-1-1-0-0-1-1-0-4-3-5-0 125547 0.453145 0.404292 9e-06 0.003441
1-1-0-0-1-1-0-0-1-1-0-6-4-7-0 277619 0.432633 0.404668 4e-06 0.003099
1-1-0-0-1-1-0-2-2-3-0-0-1-1-0 277704 1.87807 1.80446 5e-06 0.003032
1-1-0-0-1-1-0-2-2-3-0-2-2-3-0 269979 0.865293 0.818912 2.1e-05 0.006626
1-1-0-0-1-1-0-2-2-3-0-4-3-5-0 277597 0.851952 0.809269 1.5e-05 0.005439
1-1-0-0-1-1-0-2-2-3-0-6-4-7-0 277704 0.977129 0.92168 5e-06 0.003217
1-1-0-0-1-1-0-4-3-5-0-0-1-1-0 277704 0.662454 0.628261 8e-06 0.003361
1-1-0-0-1-1-0-4-3-5-0-2-2-3-0 277212 0.538266 0.510962 9e-06 0.002695
1-1-0-0-1-1-0-4-3-5-0-4-3-5-0 273654 0.198928 0.182147 4e-06 0.003808
1-1-0-0-1-1-0-4-3-5-0-6-4-7-0 277701 0.194569 0.17576 8e-06 0.003339
1-1-0-0-1-1-0-6-4-7-0-0-1-1-0 277704 1.27547 1.21203 5e-06 0.003023
1-1-0-0-1-1-0-6-4-7-0-2-2-3-0 277704 1.09886 1.05976 1.1e-05 0.004285
1-1-0-0-1-1-0-6-4-7-0-4-3-5-0 277700 0.191307 0.175367 5e-06 0.00358
1-1-0-0-1-1-0-6-4-7-0-6-4-7-0 277704 0.2296 0.207747 6e-06 0.002426
1-1-0-2-2-3-0-0-1-1-0-0-1-1-0 277704 1.0892 1.05807 4e-06 0.002435
1-1-0-2-2-3-0-0-1-1-0-2-2-3-0 277704 1.49862 1.45158 6e-06 0.002763
1-1-0-2-2-3-0-0-1-1-0-4-3-5-0 277704 1.02616 0.994823 1.2e-05 0.003331
1-1-0-2-2-3-0-0-1-1-0-6-4-7-0 277704 0.927869 0.886493 7e-06 0.002909
1-1-0-2-2-3-0-2-2-3-0-0-1-1-0 277704 1.52133 1.48129 9e-06 0.002282
1-1-0-2-2-3-0-2-2-3-0-2-2-3-0 269979 0.072789 0.041917 2.1e-05 0.006669
1-1-0-2-2-3-0-2-2-3-0-4-3-5-0 277597 0.051763 0.031958 8e-06 0.003902
1-1-0-2-2-3-0-2-2-3-0-6-4-7-0 277704 0.046565 0.03061 5e-06 0.002315
1-1-0-2-2-3-0-4-3-5-0-0-1-1-0 277704 0.92925 0.904875 5e-06 0.002378
1-1-0-2-2-3-0-4-3-5-0-2-2-3-0 277704 0.611209 0.5852 3e-06 0.002888
1-1-0-2-2-3-0-4-3-5-0-4-3-5-0 277611 0.031905 0.01841 5e-06 0.003166
1-1-0-2-2-3-0-4-3-5-0-6-4-7-0 277704 0.028578 0.016735 7e-06 0.002705
1-1-0-2-2-3-0-6-4-7-0-0-1-1-0 277704 1.60229 1.55956 3e-06 0.002425
1-1-0-2-2-3-0-6-4-7-0-2-2-3-0 277704 1.65012 1.60604 1.3e-05 0.004714
1-1-0-2-2-3-0-6-4-7-0-4-3-5-0 277704 0.034009 0.019894 4e-06 0.003628
1-1-0-2-2-3-0-6-4-7-0-6-4-7-0 277704 0.035967 0.023342 7e-06 0.002631
1-1-0-4-3-5-0-0-1-1-0-0-1-1-0 277704 1.22997 1.19298 4e-06 0.00255
1-1-0-4-3-5-0-0-1-1-0-2-2-3-0 277704 1.87056 1.78437 4e-06 0.003104
1-1-0-4-3-5-0-0-1-1-0-4-3-5-0 277704 0.016992 0.004672 4e-06 0.004814
1-1-0-4-3-5-0-0-1-1-0-6-4-7-0 277704 0.012637 0.003983 4e-06 0.002744
1-1-0-4-3-5-0-2-2-3-0-0-1-1-0 277704 1.46519 1.42953 6e-06 0.002437
1-1-0-4-3-5-0-2-2-3-0-2-2-3-0 277212 1.00188 0.949433 7e-06 0.00276
1-1-0-4-3-5-0-2-2-3-0-4-3-5-0 277704 0.015262 0.004757 6e-06 0.003713
1-1-0-4-3-5-0-2-2-3-0-6-4-7-0 277704 0.014304 0.004205 4e-06 0.003143
1-1-0-4-3-5-0-4-3-5-0-0-1-1-0 277704 0.014547 0.004789 3e-06 0.003276
1-1-0-4-3-5-0-4-3-5-0-2-2-3-0 277704 0.014477 0.004816 2e-06 0.003289
1-1-0-4-3-5-0-4-3-5-0-4-3-5-0 274950 0.018465 0.007205 8e-06 0.003512
1-1-0-4-3-5-0-4-3-5-0-6-4-7-0 277704 0.0163 0.00672 6e-06 0.003304
1-1-0-4-3-5-0-6-4-7-0-0-1-1-0 277704 0.012827 0.004316 7e-06 0.003035
1-1-0-4-3-5-0-6-4-7-0-2-2-3-0 277704 0.013859 0.004327 1.2e-05 0.003052
1-1-0-4-3-5-0-6-4-7-0-4-3-5-0 277704 0.016555 0.006723 7e-06 0.003307
1-1-0-4-3-5-0-6-4-7-0-6-4-7-0 277704 0.015302 0.006145 3e-06 0.003091
1-1-0-6-4-7-0-0-1-1-0-0-1-1-0 277704 2.44818 2.37326 2e-06 0.002795
1-1-0-6-4-7-0-0-1-1-0-2-2-3-0 277704 2.33487 2.28425 4e-06 0.003034
1-1-0-6-4-7-0-0-1-1-0-4-3-5-0 277704 0.014536 0.00456 9e-06 0.003533
1-1-0-6-4-7-0-0-1-1-0-6-4-7-0 277704 0.0103 0.003217 6e-06 0.002141
1-1-0-6-4-7-0-2-2-3-0-0-1-1-0 277704 2.04508 1.9884 5e-06 0.002002
1-1-0-6-4-7-0-2-2-3-0-2-2-3-0 277704 1.93082 1.89028 6e-06 0.003146
1-1-0-6-4-7-0-2-2-3-0-4-3-5-0 277704 0.012673 0.004193 3e-06 0.002758
1-1-0-6-4-7-0-2-2-3-0-6-4-7-0 277704 0.010614 0.003588 7e-06 0.002174
1-1-0-6-4-7-0-4-3-5-0-0-1-1-0 277704 0.011913 0.004133 3e-06 0.002257
1-1-0-6-4-7-0-4-3-5-0-2-2-3-0 277704 0.011159 0.004205 6e-06 0.002273
1-1-0-6-4-7-0-4-3-5-0-4-3-5-0 277700 0.013744 0.005923 1e-06 0.002489
1-1-0-6-4-7-0-4-3-5-0-6-4-7-0 277704 0.013109 0.005453 1e-06 0.00233
1-1-0-6-4-7-0-6-4-7-0-0-1-1-0 277704 0.011084 0.00381 5e-06 0.002088
1-1-0-6-4-7-0-6-4-7-0-2-2-3-0 277704 0.010445 0.003795 4e-06 0.002089
1-1-0-6-4-7-0-6-4-7-0-4-3-5-0 277704 0.012865 0.005542 3e-06 0.002315
1-1-0-6-4-7-0-6-4-7-0-6-4-7-0 277704 0.012527 0.005265 7e-06 0.002163
2-3-0-0-1-1-0-0-1-1-0-0-1-1-0 11426723 0.461404 0.438943 3e-06 0.001993
2-3-0-0-1-1-0-0-1-1-0-2-2-3-0 13942082 1.41411 1.37026 4e-06 0.002332
2-3-0-0-1-1-0-0-1-1-0-4-3-5-0 13103489 0.367734 0.346493 1e-06 0.002714
2-3-0-0-1-1-0-0-1-1-0-6-4-7-0 13954551 0.360786 0.341884 6e-06 0.002431
2-3-0-0-1-1-0-2-2-3-0-0-1-1-0 13954626 1.5384 1.48615 3e-06 0.002297
2-3-0-0-1-1-0-2-2-3-0-2-2-3-0 13942082 0.715879 0.687039 8e-06 0.002482
2-3-0-0-1-1-0-2-2-3-0-4-3-5-0 13954538 0.80051 0.753516 5e-06 0.00284
2-3-0-0-1-1-0-2-2-3-0-6-4-7-0 13954626 0.775062 0.732071 6e-06 0.00255
2-3-0-0-1-1-0-4-3-5-0-0-1-1-0 13954626 20.5226 20.495 4e-06 0.002701
2-3-0-0-1-1-0-4-3-5-0-2-2-3-0 13953539 15.2313 15.2033 5e-06 0.002907
2-3-0-0-1-1-0-4-3-5-0-4-3-5-0 13920168 0.29571 0.280901 4e-06 0.003786
2-3-0-0-1-1-0-4-3-5-0-6-4-7-0 13954618 0.286008 0.269206 7e-06 0.003355
2-3-0-0-1-1-0-6-4-7-0-0-1-1-0 13954626 39.6094 39.5781 4e-06 0.002375
2-3-0-0-1-1-0-6-4-7-0-2-2-3-0 13954626 33.4235 33.379 2e-06 0.002457
2-3-0-0-1-1-0-6-4-7-0-4-3-5-0 13954622 0.284358 0.270019 5e-06 0.004395
2-3-0-0-1-1-0-6-4-7-0-6-4-7-0 13954626 0.271359 0.25814 7e-06 0.0024
2-3-0-2-2-3-0-0-1-1-0-0-1-1-0 11426723 1.00018 0.973925 3e-06 0.002197
2-3-0-2-2-3-0-0-1-1-0-2-2-3-0 13942082 1.33294 1.30487 4e-06 0.002362
2-3-0-2-2-3-0-0-1-1-0-4-3-5-0 13103489 0.808395 0.777652 4e-06 0.002703
2-3-0-2-2-3-0-0-1-1-0-6-4-7-0 13954551 0.795745 0.765784 3e-06 0.002397
2-3-0-2-2-3-0-2-2-3-0-0-1-1-0 11426723 1.42209 1.39217 5e-06 0.00229
2-3-0-2-2-3-0-2-2-3-0-2-2-3-0 34713 0.063268 0.040523 5e-06 0.00249
2-3-0-2-2-3-0-2-2-3-0-4-3-5-0 1807215 0.048929 0.031412 9e-06 0.004068
2-3-0-2-2-3-0-2-2-3-0-6-4-7-0 6345795 0.053896 0.039535 7e-06 0.002336
2-3-0-2-2-3-0-4-3-5-0-0-1-1-0 13373259 0.410852 0.38248 6e-06 0.002479
2-3-0-2-2-3-0-4-3-5-0-2-2-3-0 12401496 0.313651 0.291035 9e-06 0.002741
2-3-0-2-2-3-0-4-3-5-0-4-3-5-0 12620533 0.079119 0.066078 2e-06 0.002964
2-3-0-2-2-3-0-4-3-5-0-6-4-7-0 13891951 0.069931 0.058208 4e-06 0.002627
2-3-0-2-2-3-0-6-4-7-0-0-1-1-0 13954626 0.770501 0.746984 6e-06 0.002331
2-3-0-2-2-3-0-6-4-7-0-2-2-3-0 13689497 0.680185 0.648588 6e-06 0.002542
2-3-0-2-2-3-0-6-4-7-0-4-3-5-0 13721768 0.114371 0.10101 9e-06 0.002764
2-3-0-2-2-3-0-6-4-7-0-6-4-7-0 13954431 0.097085 0.085505 6e-06 0.002476
2-3-0-4-3-5-0-0-1-1-0-0-1-1-0 13373259 1.06332 1.0324 5e-06 0.002443
2-3-0-4-3-5-0-0-1-1-0-2-2-3-0 13950086 1.50636 1.45733 7e-06 0.0027
2-3-0-4-3-5-0-0-1-1-0-4-3-5-0 13749399 0.101427 0.092086 5e-06 0.003
2-3-0-4-3-5-0-0-1-1-0-6-4-7-0 13954585 0.084575 0.076958 3e-06 0.002586
2-3-0-4-3-5-0-2-2-3-0-0-1-1-0 13954626 1.15495 1.12537 4e-06 0.002384
2-3-0-4-3-5-0-2-2-3-0-2-2-3-0 12401496 0.781136 0.746026 1.1e-05 0.002661
2-3-0-4-3-5-0-2-2-3-0-4-3-5-0 13920727 0.107432 0.098173 6e-06 0.002882
2-3-0-4-3-5-0-2-2-3-0-6-4-7-0 13954585 0.095647 0.08744 3e-06 0.002593
2-3-0-4-3-5-0-4-3-5-0-0-1-1-0 13954626 0.077707 0.069001 2e-06 0.002744
2-3-0-4-3-5-0-4-3-5-0-2-2-3-0 13942369 0.077799 0.069347 4e-06 0.002726
2-3-0-4-3-5-0-4-3-5-0-4-3-5-0 13780903 0.15432 0.145023 4e-06 0.002983
2-3-0-4-3-5-0-4-3-5-0-6-4-7-0 13954598 0.137394 0.128998 4e-06 0.002815
2-3-0-4-3-5-0-6-4-7-0-0-1-1-0 13954626 0.06704 0.059891 3e-06 0.002512
2-3-0-4-3-5-0-6-4-7-0-2-2-3-0 13953921 0.068505 0.060802 6e-06 0.002546
2-3-0-4-3-5-0-6-4-7-0-4-3-5-0 13953164 0.145092 0.136475 5e-06 0.002748
2-3-0-4-3-5-0-6-4-7-0-6-4-7-0 13954626 0.12929 0.121223 6e-06 0.002698
2-3-0-6-4-7-0-0-1-1-0-0-1-1-0 13954626 1.96661 1.93264 4e-06 0.002205
2-3-0-6-4-7-0-0-1-1-0-2-2-3-0 13954626 2.20132 2.16031 2e-06 0.002434
2-3-0-6-4-7-0-0-1-1-0-4-3-5-0 13954626 0.11955 0.111023 1e-06 0.002746
2-3-0-6-4-7-0-0-1-1-0-6-4-7-0 13954626 0.100735 0.093595 6e-06 0.002335
2-3-0-6-4-7-0-2-2-3-0-0-1-1-0 13954626 1.80703 1.77675 3e-06 0.002226
2-3-0-6-4-7-0-2-2-3-0-2-2-3-0 13689497 1.70394 1.66829 7e-06 0.002458
2-3-0-6-4-7-0-2-2-3-0-4-3-5-0 13952209 0.125005 0.116231 4e-06 0.002821
2-3-0-6-4-7-0-2-2-3-0-6-4-7-0 13954626 0.106853 0.099284 4e-06 0.002385
2-3-0-6-4-7-0-4-3-5-0-0-1-1-0 13954626 0.109856 0.102401 5e-06 0.002517
2-3-0-6-4-7-0-4-3-5-0-2-2-3-0 13954500 0.110477 0.103114 5e-06 0.00257
2-3-0-6-4-7-0-4-3-5-0-4-3-5-0 13850279 0.190269 0.18122 5e-06 0.002845
2-3-0-6-4-7-0-4-3-5-0-6-4-7-0 13954626 0.169728 0.160918 5e-06 0.002678
2-3-0-6-4-7-0-6-4-7-0-0-1-1-0 13954626 0.092386 0.085392 2e-06 0.002351
2-3-0-6-4-7-0-6-4-7-0-2-2-3-0 13954626 0.094086 0.087401 6e-06 0.002344
2-3-0-6-4-7-0-6-4-7-0-4-3-5-0 13954620 0.170194 0.163124 3e-06 0.002613
2-3-0-6-4-7-0-6-4-7-0-6-4-7-0 13954626 0.160449 0.153002 4e-06 0.002478
3-5-0-0-1-1-0-0-1-1-0-0-1-1-0 66667832 0.174695 0.164286 6e-06 0.002316
3-5-0-0-1-1-0-0-1-1-0-2-2-3-0 261068775 0.260692 0.249522 4e-06 0.002445
3-5-0-0-1-1-0-0-1-1-0-4-3-5-0 159103520 0.707681 0.694349 5e-06 0.002716
3-5-0-0-1-1-0-0-1-1-0-6-4-7-0 264520476 0.837167 0.825039 5e-06 0.00292
3-5-0-0-1-1-0-2-2-3-0-0-1-1-0 264547773 0.480308 0.463776 1.2e-05 0.005836
3-5-0-0-1-1-0-2-2-3-0-2-2-3-0 261068775 0.504775 0.490758 5e-06 0.002427
3-5-0-0-1-1-0-2-2-3-0-4-3-5-0 264505054 1.82362 1.80648 2e-06 0.002692
3-5-0-0-1-1-0-2-2-3-0-6-4-7-0 264547773 1.53635 1.52332 1e-05 0.002684
3-5-0-0-1-1-0-4-3-5-0-0-1-1-0 264547773 0.861224 0.845982 8e-06 0.003757
3-5-0-0-1-1-0-4-3-5-0-2-2-3-0 264335304 0.876624 0.859902 5e-06 0.002793
3-5-0-0-1-1-0-4-3-5-0-4-3-5-0 261568906 2.05963 2.04228 4e-06 0.003032
3-5-0-0-1-1-0-4-3-5-0-6-4-7-0 264546039 1.78563 1.76708 5e-06 0.002937
3-5-0-0-1-1-0-6-4-7-0-0-1-1-0 264547773 1.07444 1.06016 7e-06 0.002785
3-5-0-0-1-1-0-6-4-7-0-2-2-3-0 264547773 1.09828 1.08393 2e-06 0.002517
3-5-0-0-1-1-0-6-4-7-0-4-3-5-0 264547070 2.54835 2.53341 5e-06 0.002838
3-5-0-0-1-1-0-6-4-7-0-6-4-7-0 264547773 2.13619 2.1207 9e-06 0.00342
3-5-0-2-2-3-0-0-1-1-0-0-1-1-0 262992233 0.421488 0.409624 5e-06 0.002379
3-5-0-2-2-3-0-0-1-1-0-2-2-3-0 264546361 0.433082 0.421261 4e-06 0.002404
3-5-0-2-2-3-0-0-1-1-0-4-3-5-0 264299335 1.8041 1.7883 7e-06 0.002693
3-5-0-2-2-3-0-0-1-1-0-6-4-7-0 264547769 1.48526 1.47275 4e-06 0.002548
3-5-0-2-2-3-0-2-2-3-0-0-1-1-0 262992233 0.14833 0.13903 5e-06 0.002393
3-5-0-2-2-3-0-2-2-3-0-2-2-3-0 18178411 0.054092 0.04484 5e-06 0.00242
3-5-0-2-2-3-0-2-2-3-0-4-3-5-0 186718068 0.613398 0.602506 3e-06 0.002514
3-5-0-2-2-3-0-2-2-3-0-6-4-7-0 254483838 0.656511 0.644942 8e-06 0.002571
3-5-0-2-2-3-0-4-3-5-0-0-1-1-0 264534436 0.838115 0.825313 8e-06 0.002615
3-5-0-2-2-3-0-4-3-5-0-2-2-3-0 263938876 0.879935 0.864987 6e-06 0.002719
3-5-0-2-2-3-0-4-3-5-0-4-3-5-0 260987845 2.07664 2.0581 1e-06 0.003284
3-5-0-2-2-3-0-4-3-5-0-6-4-7-0 264545893 1.8341 1.81704 1e-05 0.003917
3-5-0-2-2-3-0-6-4-7-0-0-1-1-0 264547773 0.947393 0.934383 2e-06 0.00242
3-5-0-2-2-3-0-6-4-7-0-2-2-3-0 264526605 1.03757 1.02265 4e-06 0.00391
3-5-0-2-2-3-0-6-4-7-0-4-3-5-0 264348044 2.3338 2.31885 4e-06 0.002861
3-5-0-2-2-3-0-6-4-7-0-6-4-7-0 264547772 2.07303 2.05802 2e-06 0.002762
3-5-0-4-3-5-0-0-1-1-0-0-1-1-0 242448037 0.506558 0.492206 5e-06 0.002632
3-5-0-4-3-5-0-0-1-1-0-2-2-3-0 264223483 0.549388 0.535021 6e-06 0.002753
3-5-0-4-3-5-0-0-1-1-0-4-3-5-0 254223236 1.81819 1.801 7e-06 0.003254
3-5-0-4-3-5-0-0-1-1-0-6-4-7-0 264544959 1.47263 1.45752 2e-06 0.002816
3-5-0-4-3-5-0-2-2-3-0-0-1-1-0 264272027 0.503328 0.490843 5e-06 0.002628
3-5-0-4-3-5-0-2-2-3-0-2-2-3-0 223199128 0.502763 0.489146 3e-06 0.00275
3-5-0-4-3-5-0-2-2-3-0-4-3-5-0 256552028 1.73104 1.71294 1e-06 0.002903
3-5-0-4-3-5-0-2-2-3-0-6-4-7-0 262665496 1.47178 1.4534 4e-06 0.003364
3-5-0-4-3-5-0-4-3-5-0-0-1-1-0 254851812 1.3236 1.30439 1e-05 0.004033
3-5-0-4-3-5-0-4-3-5-0-2-2-3-0 252870735 1.39002 1.37186 7e-06 0.003268
3-5-0-4-3-5-0-4-3-5-0-4-3-5-0 249802666 2.57679 2.55536 7e-06 0.004223
3-5-0-4-3-5-0-4-3-5-0-6-4-7-0 253260419 2.33403 2.31353 2e-06 0.003141
3-5-0-4-3-5-0-6-4-7-0-0-1-1-0 264536355 1.16647 1.15116 5e-06 0.002917
3-5-0-4-3-5-0-6-4-7-0-2-2-3-0 261395656 1.18609 1.16904 4e-06 0.002866
3-5-0-4-3-5-0-6-4-7-0-4-3-5-0 263215652 2.51636 2.49734 4e-06 0.003066
3-5-0-4-3-5-0-6-4-7-0-6-4-7-0 264542880 2.20729 2.1912 4e-06 0.002916
3-5-0-6-4-7-0-0-1-1-0-0-1-1-0 264536355 0.874344 0.861014 7e-06 0.002953
3-5-0-6-4-7-0-0-1-1-0-2-2-3-0 264547768 0.867043 0.853879 5e-06 0.002527
3-5-0-6-4-7-0-0-1-1-0-4-3-5-0 264545622 2.0451 2.02984 3e-06 0.002713
3-5-0-6-4-7-0-0-1-1-0-6-4-7-0 264547773 1.78003 1.7645 4e-06 0.002624
3-5-0-6-4-7-0-2-2-3-0-0-1-1-0 264547773 0.874043 0.858354 1.4e-05 0.003859
3-5-0-6-4-7-0-2-2-3-0-2-2-3-0 258664239 0.880519 0.864184 3e-06 0.002746
3-5-0-6-4-7-0-2-2-3-0-4-3-5-0 264488100 2.18727 2.1685 5e-06 0.002834
3-5-0-6-4-7-0-2-2-3-0-6-4-7-0 264547773 1.91067 1.89606 4e-06 0.003517
3-5-0-6-4-7-0-4-3-5-0-0-1-1-0 264547773 2.04329 2.02427 2e-06 0.003614
3-5-0-6-4-7-0-4-3-5-0-2-2-3-0 264545259 2.04144 2.02349 5e-06 0.002853
3-5-0-6-4-7-0-4-3-5-0-4-3-5-0 263135171 3.40119 3.38218 5e-06 0.003355
3-5-0-6-4-7-0-4-3-5-0-6-4-7-0 264547770 3.1316 3.11478 6e-06 0.002953
3-5-0-6-4-7-0-6-4-7-0-0-1-1-0 264547773 1.78036 1.76537 5e-06 0.00362
3-5-0-6-4-7-0-6-4-7-0-2-2-3-0 264547767 1.79356 1.77795 3e-06 0.002662
3-5-0-6-4-7-0-6-4-7-0-4-3-5-0 264547650 3.16051 3.14272 7e-06 0.002891
3-5-0-6-4-7-0-6-4-7-0-6-4-7-0 264547773 2.92661 2.91014 6e-06 0.002742
4-7-0-0-1-1-0-0-1-1-0-0-1-1-0 15626706 0.046525 0.040318 6e-06 0.00216
4-7-0-0-1-1-0-0-1-1-0-2-2-3-0 15794087 0.046908 0.040752 6e-06 0.00209
4-7-0-0-1-1-0-0-1-1-0-4-3-5-0 15740985 0.122394 0.115488 6e-06 0.002373
4-7-0-0-1-1-0-0-1-1-0-6-4-7-0 15794415 0.1061 0.098908 6e-06 0.002304
4-7-0-0-1-1-0-2-2-3-0-0-1-1-0 15794415 0.046275 0.039718 6e-06 0.002112
4-7-0-0-1-1-0-2-2-3-0-2-2-3-0 15794087 0.046851 0.04085 6e-06 0.002113
4-7-0-0-1-1-0-2-2-3-0-4-3-5-0 15794415 0.133892 0.126265 4e-06 0.002397
4-7-0-0-1-1-0-2-2-3-0-6-4-7-0 15794415 0.115415 0.108635 6e-06 0.002393
4-7-0-0-1-1-0-4-3-5-0-0-1-1-0 15794415 0.123166 0.115724 5e-06 0.002368
4-7-0-0-1-1-0-4-3-5-0-2-2-3-0 15794372 0.124167 0.116789 3e-06 0.002412
4-7-0-0-1-1-0-4-3-5-0-4-3-5-0 15792180 0.210576 0.202412 4e-06 0.002706
4-7-0-0-1-1-0-4-3-5-0-6-4-7-0 15794415 0.193342 0.185461 7e-06 0.002558
4-7-0-0-1-1-0-6-4-7-0-0-1-1-0 15794415 0.105179 0.09873 3e-06 0.002223
4-7-0-0-1-1-0-6-4-7-0-2-2-3-0 15794415 0.106287 0.099913 3e-06 0.002209
4-7-0-0-1-1-0-6-4-7-0-4-3-5-0 15794415 0.192691 0.185308 3e-06 0.002449
4-7-0-0-1-1-0-6-4-7-0-6-4-7-0 15794415 0.17492 0.168 8e-06 0.002351
4-7-0-2-2-3-0-0-1-1-0-0-1-1-0 15794415 0.039924 0.033936 3e-06 0.002123
4-7-0-2-2-3-0-0-1-1-0-2-2-3-0 15794415 0.040994 0.034546 5e-06 0.002115
4-7-0-2-2-3-0-0-1-1-0-4-3-5-0 15794415 0.118465 0.11129 3e-06 0.002377
4-7-0-2-2-3-0-0-1-1-0-6-4-7-0 15794415 0.101376 0.094178 4e-06 0.002259
4-7-0-2-2-3-0-2-2-3-0-0-1-1-0 15794415 0.033719 0.027472 3e-06 0.002131
4-7-0-2-2-3-0-2-2-3-0-2-2-3-0 10219172 0.031612 0.025162 1e-05 0.00212
4-7-0-2-2-3-0-2-2-3-0-4-3-5-0 15662521 0.106096 0.098643 5e-06 0.002309
4-7-0-2-2-3-0-2-2-3-0-6-4-7-0 15792946 0.090039 0.082861 5e-06 0.002224
4-7-0-2-2-3-0-4-3-5-0-0-1-1-0 15794415 0.111801 0.104852 6e-06 0.00236
4-7-0-2-2-3-0-4-3-5-0-2-2-3-0 15794338 0.113382 0.106072 4e-06 0.00246
4-7-0-2-2-3-0-4-3-5-0-4-3-5-0 15743848 0.202096 0.193543 4e-06 0.002694
4-7-0-2-2-3-0-4-3-5-0-6-4-7-0 15794415 0.183723 0.176007 3e-06 0.002572
4-7-0-2-2-3-0-6-4-7-0-0-1-1-0 15794415 0.095609 0.088937 6e-06 0.002233
4-7-0-2-2-3-0-6-4-7-0-2-2-3-0 15794414 0.096841 0.089848 4e-06 0.002219
4-7-0-2-2-3-0-6-4-7-0-4-3-5-0 15794371 0.184379 0.176494 3e-06 0.002484
4-7-0-2-2-3-0-6-4-7-0-6-4-7-0 15794415 0.165472 0.158213 8e-06 0.002405
4-7-0-4-3-5-0-0-1-1-0-0-1-1-0 15758734 0.078099 0.071159 6e-06 0.002353
4-7-0-4-3-5-0-0-1-1-0-2-2-3-0 15794374 0.0808 0.073422 3e-06 0.002404
4-7-0-4-3-5-0-0-1-1-0-4-3-5-0 15784512 0.158532 0.150503 4e-06 0.002633
4-7-0-4-3-5-0-0-1-1-0-6-4-7-0 15794415 0.143693 0.135685 6e-06 0.002496
4-7-0-4-3-5-0-2-2-3-0-0-1-1-0 15794415 0.083139 0.075662 4e-06 0.002619
4-7-0-4-3-5-0-2-2-3-0-2-2-3-0 15752999 0.08182 0.074543 6e-06 0.002438
4-7-0-4-3-5-0-2-2-3-0-4-3-5-0 15793767 0.167636 0.159676 1e-06 0.002676
4-7-0-4-3-5-0-2-2-3-0-6-4-7-0 15794415 0.150679 0.142608 6e-06 0.002507
4-7-0-4-3-5-0-4-3-5-0-0-1-1-0 15794415 0.164624 0.156278 7e-06 0.002625
4-7-0-4-3-5-0-4-3-5-0-2-2-3-0 15794351 0.173654 0.164884 2e-06 0.002779
4-7-0-4-3-5-0-4-3-5-0-4-3-5-0 15614461 0.262461 0.25259 8e-06 0.00298
4-7-0-4-3-5-0-4-3-5-0-6-4-7-0 15794415 0.244537 0.235476 6e-06 0.002776
4-7-0-4-3-5-0-6-4-7-0-0-1-1-0 15794415 0.155432 0.147582 3e-06 0.00251
4-7-0-4-3-5-0-6-4-7-0-2-2-3-0 15794415 0.160802 0.152532 6e-06 0.002497
4-7-0-4-3-5-0-6-4-7-0-4-3-5-0 15794412 0.250527 0.24092 3e-06 0.002814
4-7-0-4-3-5-0-6-4-7-0-6-4-7-0 15794415 0.234446 0.225293 3e-06 0.002626
4-7-0-6-4-7-0-0-1-1-0-0-1-1-0 15794415 0.083007 0.075969 8e-06 0.002212
4-7-0-6-4-7-0-0-1-1-0-2-2-3-0 15794415 0.083869 0.076803 5e-06 0.002225
4-7-0-6-4-7-0-0-1-1-0-4-3-5-0 15794415 0.164433 0.156153 3e-06 0.002485
4-7-0-6-4-7-0-0-1-1-0-6-4-7-0 15794415 0.146472 0.138896 8e-06 0.002302
4-7-0-6-4-7-0-2-2-3-0-0-1-1-0 15794415 0.084997 0.077988 2e-06 0.002208
4-7-0-6-4-7-0-2-2-3-0-2-2-3-0 15792398 0.087211 0.079843 8e-06 0.002217
4-7-0-6-4-7-0-2-2-3-0-4-3-5-0 15794397 0.18598 0.177439 1e-06 0.002485
4-7-0-6-4-7-0-2-2-3-0-6-4-7-0 15794415 0.157446 0.149406 7e-06 0.002402
4-7-0-6-4-7-0-4-3-5-0-0-1-1-0 15794415 0.170207 0.162195 2e-06 0.002592
4-7-0-6-4-7-0-4-3-5-0-2-2-3-0 15794413 0.172067 0.164153 1e-06 0.002553
4-7-0-6-4-7-0-4-3-5-0-4-3-5-0 15792097 0.257584 0.248802 3e-06 0.002799
4-7-0-6-4-7-0-4-3-5-0-6-4-7-0 15794415 0.238313 0.230332 6e-06 0.002645
4-7-0-6-4-7-0-6-4-7-0-0-1-1-0 15794415 0.148419 0.141508 7e-06 0.002342
4-7-0-6-4-7-0-6-4-7-0-2-2-3-0 15794415 0.149605 0.142755 7e-06 0.002274
4-7-0-6-4-7-0-6-4-7-0-4-3-5-0 15794415 0.236658 0.229255 4e-06 0.002599
4-7-0-6-4-7-0-6-4-7-0-6-4-7-0 15794415 0.219527 0.211904 2e-06 0.002435
