0-0-1-1-0-0-1 34713 0.005884 0.001996 2e-06 0.001589
0-0-1-1-0-2-2 11426723 0.058068 0.056212 -1.0842e-19 0.000707
0-0-1-1-0-4-3 66667832 0.748225 0.744285 2e-06 0.001711
0-0-1-1-0-6-4 15626706 0.11183 0.107548 3e-06 0.001163
0-2-2-3-0-0-1 269979 0.002391 0.000859 3e-06 0.000882
0-2-2-3-0-2-2 34713 0.003462 0.000769 1e-06 0.000839
0-2-2-3-0-4-3 18178411 0.019232 0.017007 2e-06 0.000805
0-2-2-3-0-6-4 10219172 0.014763 0.012076 1e-06 0.001028
0-4-3-5-0-0-1 125547 0.007485 0.003405 2e-06 0.001148
0-4-3-5-0-2-2 1807215 0.00789 0.004445 0 0.000933
0-4-3-5-0-4-3 45844609 0.025585 0.022776 1.0842e-19 0.000973
0-4-3-5-0-6-4 13230219 0.015974 0.012545 2e-06 0.001206
0-6-4-7-0-0-1 277619 0.021207 0.018292 1e-06 0.000954
0-6-4-7-0-2-2 6345795 0.021711 0.018172 1e-06 0.001199
0-6-4-7-0-4-3 161137646 0.117386 0.114496 1e-06 0.000995
0-6-4-7-0-6-4 15647846 0.07491 0.068191 0 0.00118
1-1-0-0-1-1-0 34713 0.139791 0.130803 -5.42101e-20 0.000477
1-1-0-2-2-3-0 269979 0.013512 0.007405 1e-06 0.00049
1-1-0-4-3-5-0 125547 0.002841 0.001312 2e-06 0.000621
1-1-0-6-4-7-0 277619 0.003617 0.001663 1e-06 0.000569
2-3-0-0-1-1-0 11426723 0.051569 0.049431 -1.0842e-19 0.000425
2-3-0-2-2-3-0 34713 0.016521 0.008649 1e-06 0.000664
2-3-0-4-3-5-0 1807215 0.003452 0.002012 2e-06 0.000521
2-3-0-6-4-7-0 6345795 0.003938 0.002749 0 0.00054
3-5-0-0-1-1-0 66667832 0.007625 0.006361 3e-06 0.000581
3-5-0-2-2-3-0 18178411 0.003485 0.001942 2e-06 0.000639
3-5-0-4-3-5-0 45844609 0.024107 0.021914 1e-06 0.000784
3-5-0-6-4-7-0 161137646 0.071469 0.069804 1e-06 0.000612
4-7-0-0-1-1-0 15626706 0.002991 0.001843 1e-06 0.000628
4-7-0-2-2-3-0 10219172 0.002591 0.001348 -1.0842e-19 0.000552
4-7-0-4-3-5-0 13230219 0.009551 0.008249 2e-06 0.000584
4-7-0-6-4-7-0 15647846 0.008706 0.007643 -1.0842e-19 0.000525
