0-0-1-1-0 197321793 0.578843 0.576655 1e-06 0.000432
0-2-2-3-0 13786567 0.003485 0.002585 3e-06 0.000453
0-4-3-5-0 4316287 0.004614 0.002876 0 0.000559
0-6-4-7-0 44408829 0.011339 0.01015 0 0.000566
1-1-0-0-1 8 0.001206 0.000345 2e-06 0.000403
1-1-0-2-2 2501 0.001289 0.000339 1e-06 0.000427
1-1-0-4-3 12415 0.001444 0.000478 1e-06 0.000367
1-1-0-6-4 3588 0.001583 0.00053 1e-06 0.000375
2-3-0-0-1 2501 0.001059 0.000149 0 0.000373
2-3-0-2-2 402 0.001069 0.000123 0 0.000365
2-3-0-4-3 58197 0.001446 0.000261 0 0.000522
2-3-0-6-4 49523 0.001234 0.000283 1e-06 0.000422
3-5-0-0-1 12415 0.001629 0.000248 0 0.00059
3-5-0-2-2 58197 0.001391 0.000292 1e-06 0.000439
3-5-0-4-3 3669643 0.003095 0.001723 0 0.000563
3-5-0-6-4 1623543 0.003264 0.001197 0 0.0005
4-7-0-0-1 3588 0.000929 0.00015 -5.42101e-20 0.000431
4-7-0-2-2 49523 0.001226 0.000211 0 0.000504
4-7-0-4-3 1623543 0.002025 0.00115 0 0.000487
4-7-0-6-4 200839 0.001672 0.000775 -5.42101e-20 0.000463
