0-0-1-1-0-0-1-1-0-0-1-1-0-0-1 34713 0.015606 0.006072 6e-06 0.003819
0-0-1-1-0-0-1-1-0-0-1-1-0-2-2 11426723 0.060045 0.051621 6e-06 0.002563
0-0-1-1-0-0-1-1-0-0-1-1-0-4-3 66667832 0.933944 0.914505 1.1e-05 0.004015
0-0-1-1-0-0-1-1-0-0-1-1-0-6-4 15626706 0.703712 0.684568 1.2e-05 0.003629
0-0-1-1-0-0-1-1-0-2-2-3-0-0-1 277704 0.019614 0.007481 6e-06 0.003636
0-0-1-1-0-0-1-1-0-2-2-3-0-2-2 11426723 0.033824 0.021684 8e-06 0.003571
0-0-1-1-0-0-1-1-0-2-2-3-0-4-3 262992233 4.37754 4.17282 8e-06 0.003594
0-0-1-1-0-0-1-1-0-2-2-3-0-6-4 15794415 3.99851 3.70641 9e-06 0.0047
0-0-1-1-0-0-1-1-0-4-3-5-0-0-1 277704 0.489861 0.464992 5e-06 0.004495
0-0-1-1-0-0-1-1-0-4-3-5-0-2-2 13373259 1.36587 1.3228 6e-06 0.005528
0-0-1-1-0-0-1-1-0-4-3-5-0-4-3 242448037 3.007 2.97017 8e-06 0.005064
0-0-1-1-0-0-1-1-0-4-3-5-0-6-4 15758734 2.53309 2.50115 5e-06 0.003575
0-0-1-1-0-0-1-1-0-6-4-7-0-0-1 277704 0.493156 0.470013 7e-06 0.003934
0-0-1-1-0-0-1-1-0-6-4-7-0-2-2 13954626 2.55589 2.50428 8e-06 0.0047
0-0-1-1-0-0-1-1-0-6-4-7-0-4-3 264536355 4.29097 4.26713 1.2e-05 0.004207
0-0-1-1-0-0-1-1-0-6-4-7-0-6-4 15794415 3.77581 3.67559 1.1e-05 0.007631
0-0-1-1-0-2-2-3-0-0-1-1-0-0-1 277704 0.015535 0.008205 3e-06 0.003255
0-0-1-1-0-2-2-3-0-0-1-1-0-2-2 13954626 0.032025 0.022962 7e-06 0.00293
0-0-1-1-0-2-2-3-0-0-1-1-0-4-3 264547773 3.1666 3.11497 7e-06 0.002971
0-0-1-1-0-2-2-3-0-0-1-1-0-6-4 15794415 2.73708 2.64712 6e-06 0.003557
0-0-1-1-0-2-2-3-0-2-2-3-0-0-1 277704 0.016907 0.009196 5e-06 0.003328
0-0-1-1-0-2-2-3-0-2-2-3-0-2-2 11426723 0.016839 0.010432 4e-06 0.002979
0-0-1-1-0-2-2-3-0-2-2-3-0-4-3 262992233 2.55525 2.52149 1e-06 0.003017
0-0-1-1-0-2-2-3-0-2-2-3-0-6-4 15794415 2.30651 2.26128 3e-06 0.003694
0-0-1-1-0-2-2-3-0-4-3-5-0-0-1 277704 2.29914 2.24982 4e-06 0.004132
0-0-1-1-0-2-2-3-0-4-3-5-0-2-2 13954626 7.70052 7.66331 1.2e-05 0.00816
0-0-1-1-0-2-2-3-0-4-3-5-0-4-3 264272027 6.42132 6.36903 3e-06 0.003808
0-0-1-1-0-2-2-3-0-4-3-5-0-6-4 15794415 6.1443 6.04101 5e-06 0.004693
0-0-1-1-0-2-2-3-0-6-4-7-0-0-1 277704 2.32513 2.29802 3e-06 0.003824
0-0-1-1-0-2-2-3-0-6-4-7-0-2-2 13954626 16.4873 16.4643 6e-06 0.003776
0-0-1-1-0-2-2-3-0-6-4-7-0-4-3 264547773 5.35562 5.33068 4e-06 0.003488
0-0-1-1-0-2-2-3-0-6-4-7-0-6-4 15794415 5.23731 5.21218 8e-06 0.003596
0-0-1-1-0-4-3-5-0-0-1-1-0-0-1 277704 0.677623 0.655735 1.1e-05 0.003554
0-0-1-1-0-4-3-5-0-0-1-1-0-2-2 13954626 5.82838 5.80117 6e-06 0.004097
0-0-1-1-0-4-3-5-0-0-1-1-0-4-3 264547773 192.386 192.199 5e-06 0.00366
0-0-1-1-0-4-3-5-0-0-1-1-0-6-4 15794415 191.831 191.635 5e-06 0.003753
0-0-1-1-0-4-3-5-0-2-2-3-0-0-1 277704 0.654753 0.625463 6e-06 0.003637
0-0-1-1-0-4-3-5-0-2-2-3-0-2-2 13373259 1.70631 1.66958 1e-05 0.004234
0-0-1-1-0-4-3-5-0-2-2-3-0-4-3 264534436 146.941 146.809 7e-06 0.003793
0-0-1-1-0-4-3-5-0-2-2-3-0-6-4 15794415 145.661 145.559 4e-06 0.003787
0-0-1-1-0-4-3-5-0-4-3-5-0-0-1 277704 4.85965 4.77918 6e-06 0.004432
0-0-1-1-0-4-3-5-0-4-3-5-0-2-2 13954626 5.02298 4.94262 5e-06 0.004285
0-0-1-1-0-4-3-5-0-4-3-5-0-4-3 254851812 6.49544 6.41853 5e-06 0.004161
0-0-1-1-0-4-3-5-0-4-3-5-0-6-4 15794415 6.25751 6.19386 6e-06 0.004563
0-0-1-1-0-4-3-5-0-6-4-7-0-0-1 277704 4.03168 3.99228 9e-06 0.003938
0-0-1-1-0-4-3-5-0-6-4-7-0-2-2 13954626 4.14215 4.09965 9e-06 0.00407
0-0-1-1-0-4-3-5-0-6-4-7-0-4-3 264547773 5.60923 5.57134 6e-06 0.006311
0-0-1-1-0-4-3-5-0-6-4-7-0-6-4 15794415 5.66866 5.62648 9e-06 0.00393
0-0-1-1-0-6-4-7-0-0-1-1-0-0-1 277704 1.09886 1.0401 8e-06 0.003648
0-0-1-1-0-6-4-7-0-0-1-1-0-2-2 13954626 6.34097 6.28124 7e-06 0.004073
0-0-1-1-0-6-4-7-0-0-1-1-0-4-3 264547773 367.087 366.863 2e-06 0.003575
0-0-1-1-0-6-4-7-0-0-1-1-0-6-4 15794415 364.749 364.484 4e-06 0.003405
0-0-1-1-0-6-4-7-0-2-2-3-0-0-1 277704 1.03807 0.982751 2e-06 0.003258
0-0-1-1-0-6-4-7-0-2-2-3-0-2-2 13954626 3.40582 3.26103 3e-06 0.003706
0-0-1-1-0-6-4-7-0-2-2-3-0-4-3 264547773 302.432 302.238 3e-06 0.003384
0-0-1-1-0-6-4-7-0-2-2-3-0-6-4 15794415 307.353 307.193 1.3e-05 0.003502
0-0-1-1-0-6-4-7-0-4-3-5-0-0-1 277704 5.84728 5.75564 7e-06 0.003683
0-0-1-1-0-6-4-7-0-4-3-5-0-2-2 13954626 6.10112 6.00888 1e-05 0.003998
0-0-1-1-0-6-4-7-0-4-3-5-0-4-3 264536355 7.55146 7.51338 1e-06 0.003676
0-0-1-1-0-6-4-7-0-4-3-5-0-6-4 15794415 7.42764 7.3371 5e-06 0.003877
0-0-1-1-0-6-4-7-0-6-4-7-0-0-1 277704 5.43396 5.38192 6e-06 0.003443
0-0-1-1-0-6-4-7-0-6-4-7-0-2-2 13954626 5.49453 5.43711 8e-06 0.003984
0-0-1-1-0-6-4-7-0-6-4-7-0-4-3 264547773 7.05907 7.01222 9e-06 0.005081
0-0-1-1-0-6-4-7-0-6-4-7-0-6-4 15794415 6.55076 6.50945 8e-06 0.003504
0-2-2-3-0-0-1-1-0-0-1-1-0-0-1 269979 0.014533 0.00761 6e-06 0.003832
0-2-2-3-0-0-1-1-0-0-1-1-0-2-2 13942082 0.02904 0.020701 7e-06 0.003018
0-2-2-3-0-0-1-1-0-0-1-1-0-4-3 261068775 2.07754 2.05869 2e-06 0.003212
0-2-2-3-0-0-1-1-0-0-1-1-0-6-4 15794087 1.86567 1.8493 7e-06 0.003273
0-2-2-3-0-0-1-1-0-2-2-3-0-0-1 277704 0.014909 0.008562 5e-06 0.00324
0-2-2-3-0-0-1-1-0-2-2-3-0-2-2 13942082 0.022154 0.014885 6e-06 0.003029
0-2-2-3-0-0-1-1-0-2-2-3-0-4-3 264546361 2.71345 2.6482 6e-06 0.003091
0-2-2-3-0-0-1-1-0-2-2-3-0-6-4 15794415 2.43686 2.39787 2e-06 0.003401
0-2-2-3-0-0-1-1-0-4-3-5-0-0-1 277704 1.80223 1.77331 1.2e-05 0.004241
0-2-2-3-0-0-1-1-0-4-3-5-0-2-2 13950086 6.42821 6.39947 6e-06 0.003905
0-2-2-3-0-0-1-1-0-4-3-5-0-4-3 264223483 6.03415 5.98315 6e-06 0.00668
0-2-2-3-0-0-1-1-0-4-3-5-0-6-4 15794374 5.79702 5.71527 1.2e-05 0.005655
0-2-2-3-0-0-1-1-0-6-4-7-0-0-1 277704 2.00137 1.98193 5e-06 0.003843
0-2-2-3-0-0-1-1-0-6-4-7-0-2-2 13954626 14.6564 14.6331 5e-06 0.003607
0-2-2-3-0-0-1-1-0-6-4-7-0-4-3 264547768 5.36787 5.34216 5e-06 0.003656
0-2-2-3-0-0-1-1-0-6-4-7-0-6-4 15794415 4.8995 4.8679 1e-05 0.004456
0-2-2-3-0-2-2-3-0-0-1-1-0-0-1 269979 0.01566 0.008164 2e-06 0.003392
0-2-2-3-0-2-2-3-0-0-1-1-0-2-2 13942082 0.028756 0.019291 6e-06 0.003043
0-2-2-3-0-2-2-3-0-0-1-1-0-4-3 261068775 2.3171 2.29714 4e-06 0.003178
0-2-2-3-0-2-2-3-0-0-1-1-0-6-4 15794087 2.09529 2.07229 8e-06 0.003336
0-2-2-3-0-2-2-3-0-2-2-3-0-0-1 269979 0.015782 0.008579 3e-06 0.003321
0-2-2-3-0-2-2-3-0-2-2-3-0-2-2 34713 0.013908 0.007299 5e-06 0.003035
0-2-2-3-0-2-2-3-0-2-2-3-0-4-3 18178411 0.071592 0.055888 2e-06 0.003031
0-2-2-3-0-2-2-3-0-2-2-3-0-6-4 10219172 0.062248 0.04875 4e-06 0.003331
0-2-2-3-0-2-2-3-0-4-3-5-0-0-1 277212 0.055582 0.040735 5e-06 0.003437
0-2-2-3-0-2-2-3-0-4-3-5-0-2-2 12401496 0.127098 0.109348 8e-06 0.003814
0-2-2-3-0-2-2-3-0-4-3-5-0-4-3 223199128 1.80428 1.77997 1e-05 0.003779
0-2-2-3-0-2-2-3-0-4-3-5-0-6-4 15752999 1.47335 1.45333 8e-06 0.003808
0-2-2-3-0-2-2-3-0-6-4-7-0-0-1 277704 0.085438 0.071197 7e-06 0.004084
0-2-2-3-0-2-2-3-0-6-4-7-0-2-2 13689497 0.280625 0.258152 5e-06 0.003735
0-2-2-3-0-2-2-3-0-6-4-7-0-4-3 258664239 3.02364 2.99974 8e-06 0.004651
0-2-2-3-0-2-2-3-0-6-4-7-0-6-4 15792398 2.72627 2.70476 6e-06 0.004215
0-2-2-3-0-4-3-5-0-0-1-1-0-0-1 277212 0.392201 0.374061 5e-06 0.003919
0-2-2-3-0-4-3-5-0-0-1-1-0-2-2 13953539 0.755643 0.731278 1.2e-05 0.003963
0-2-2-3-0-4-3-5-0-0-1-1-0-4-3 264335304 15.5119 15.4766 6e-06 0.003735
0-2-2-3-0-4-3-5-0-0-1-1-0-6-4 15794372 15.3787 15.33 5e-06 0.003716
0-2-2-3-0-4-3-5-0-2-2-3-0-0-1 277704 0.312768 0.280968 1.4e-05 0.00828
0-2-2-3-0-4-3-5-0-2-2-3-0-2-2 12401496 0.421286 0.387553 8e-06 0.004239
0-2-2-3-0-4-3-5-0-2-2-3-0-4-3 263938876 12.2931 12.2636 8e-06 0.003977
0-2-2-3-0-4-3-5-0-2-2-3-0-6-4 15794338 12.0487 12.0152 1.1e-05 0.007109
0-2-2-3-0-4-3-5-0-4-3-5-0-0-1 277704 3.87938 3.83225 5e-06 0.003978
0-2-2-3-0-4-3-5-0-4-3-5-0-2-2 13942369 3.83739 3.80087 3e-06 0.005232
0-2-2-3-0-4-3-5-0-4-3-5-0-4-3 252870735 5.55824 5.52306 4e-06 0.004244
0-2-2-3-0-4-3-5-0-4-3-5-0-6-4 15794351 5.35024 5.30592 4e-06 0.004544
0-2-2-3-0-4-3-5-0-6-4-7-0-0-1 277704 3.25827 3.20781 3e-06 0.003728
0-2-2-3-0-4-3-5-0-6-4-7-0-2-2 13954500 3.31373 3.26417 1.5e-05 0.008147
0-2-2-3-0-4-3-5-0-6-4-7-0-4-3 264545259 4.97933 4.94667 5e-06 0.003851
0-2-2-3-0-4-3-5-0-6-4-7-0-6-4 15794413 4.56582 4.51362 2e-06 0.004211
0-2-2-3-0-6-4-7-0-0-1-1-0-0-1 277704 0.756163 0.719185 6e-06 0.004247
0-2-2-3-0-6-4-7-0-0-1-1-0-2-2 13954626 1.16404 1.11629 5e-06 0.003834
0-2-2-3-0-6-4-7-0-0-1-1-0-4-3 264547773 28.161 28.0615 9e-06 0.004359
0-2-2-3-0-6-4-7-0-0-1-1-0-6-4 15794415 27.9119 27.8149 1.2e-05 0.004532
0-2-2-3-0-6-4-7-0-2-2-3-0-0-1 277704 0.840426 0.653951 5e-06 0.003411
0-2-2-3-0-6-4-7-0-2-2-3-0-2-2 13689497 0.898379 0.867856 9e-06 0.003787
0-2-2-3-0-6-4-7-0-2-2-3-0-4-3 264526605 24.1437 24.077 1e-05 0.003978
0-2-2-3-0-6-4-7-0-2-2-3-0-6-4 15794414 23.5992 23.4936 4e-06 0.004503
0-2-2-3-0-6-4-7-0-4-3-5-0-0-1 277704 5.60392 5.47997 8e-06 0.003741
0-2-2-3-0-6-4-7-0-4-3-5-0-2-2 13953921 5.51713 5.41403 6e-06 0.00394
0-2-2-3-0-6-4-7-0-4-3-5-0-4-3 261395656 7.23699 7.15155 5e-06 0.004081
0-2-2-3-0-6-4-7-0-4-3-5-0-6-4 15794415 7.00202 6.91104 9e-06 0.005155
0-2-2-3-0-6-4-7-0-6-4-7-0-0-1 277704 4.70426 4.65059 4e-06 0.004607
0-2-2-3-0-6-4-7-0-6-4-7-0-2-2 13954626 4.60439 4.55594 2e-06 0.003815
0-2-2-3-0-6-4-7-0-6-4-7-0-4-3 264547767 6.6205 6.58525 8e-06 0.004325
0-2-2-3-0-6-4-7-0-6-4-7-0-6-4 15794415 6.07161 6.01351 1e-05 0.00745
0-4-3-5-0-0-1-1-0-0-1-1-0-0-1 125547 0.76542 0.733037 8e-06 0.005019
0-4-3-5-0-0-1-1-0-0-1-1-0-2-2 13103489 0.759801 0.718825 3e-06 0.003694
0-4-3-5-0-0-1-1-0-0-1-1-0-4-3 159103520 1.41225 1.38291 5e-06 0.003588
0-4-3-5-0-0-1-1-0-0-1-1-0-6-4 15740985 1.25028 1.21871 7e-06 0.003688
0-4-3-5-0-0-1-1-0-2-2-3-0-0-1 277704 1.24241 1.14441 8e-06 0.005144
0-4-3-5-0-0-1-1-0-2-2-3-0-2-2 13103489 1.27052 1.21045 6e-06 0.004342
0-4-3-5-0-0-1-1-0-2-2-3-0-4-3 264299335 2.99749 2.96678 9e-06 0.005726
0-4-3-5-0-0-1-1-0-2-2-3-0-6-4 15794415 2.60909 2.54891 6e-06 0.004075
0-4-3-5-0-0-1-1-0-4-3-5-0-0-1 277704 2.73837 2.69564 2e-06 0.003994
0-4-3-5-0-0-1-1-0-4-3-5-0-2-2 13749399 2.74038 2.70202 9e-06 0.004961
0-4-3-5-0-0-1-1-0-4-3-5-0-4-3 254223236 4.07521 4.04164 7e-06 0.003945
0-4-3-5-0-0-1-1-0-4-3-5-0-6-4 15784512 3.8489 3.81925 4e-06 0.004067
0-4-3-5-0-0-1-1-0-6-4-7-0-0-1 277704 2.8908 2.80689 9e-06 0.00477
0-4-3-5-0-0-1-1-0-6-4-7-0-2-2 13954626 2.85543 2.79472 9e-06 0.004015
0-4-3-5-0-0-1-1-0-6-4-7-0-4-3 264545622 4.47652 4.44522 1.6e-05 0.006855
0-4-3-5-0-0-1-1-0-6-4-7-0-6-4 15794415 4.09299 4.02368 4e-06 0.004207
0-4-3-5-0-2-2-3-0-0-1-1-0-0-1 277597 1.02498 0.961167 4e-06 0.003606
0-4-3-5-0-2-2-3-0-0-1-1-0-2-2 13954538 1.02158 0.993509 7e-06 0.003917
0-4-3-5-0-2-2-3-0-0-1-1-0-4-3 264505054 2.45068 2.42123 7e-06 0.005763
0-4-3-5-0-2-2-3-0-0-1-1-0-6-4 15794415 2.27182 2.23704 6e-06 0.004427
0-4-3-5-0-2-2-3-0-2-2-3-0-0-1 277597 0.550015 0.523745 4e-06 0.00364
0-4-3-5-0-2-2-3-0-2-2-3-0-2-2 1807215 0.556588 0.532448 5e-06 0.004651
0-4-3-5-0-2-2-3-0-2-2-3-0-4-3 186718068 1.22988 1.20677 5e-06 0.003827
0-4-3-5-0-2-2-3-0-2-2-3-0-6-4 15662521 1.06463 1.03285 3e-06 0.003685
0-4-3-5-0-2-2-3-0-4-3-5-0-0-1 277704 3.08269 3.05171 8e-06 0.004332
0-4-3-5-0-2-2-3-0-4-3-5-0-2-2 13920727 3.14294 3.09788 7e-06 0.003992
0-4-3-5-0-2-2-3-0-4-3-5-0-4-3 256552028 5.01078 4.97354 8e-06 0.004659
0-4-3-5-0-2-2-3-0-4-3-5-0-6-4 15793767 4.68589 4.64447 9e-06 0.008808
0-4-3-5-0-2-2-3-0-6-4-7-0-0-1 277704 2.73222 2.66021 9e-06 0.004357
0-4-3-5-0-2-2-3-0-6-4-7-0-2-2 13952209 2.91415 2.82175 8e-06 0.006174
0-4-3-5-0-2-2-3-0-6-4-7-0-4-3 264488100 4.35912 4.32725 7e-06 0.004829
0-4-3-5-0-2-2-3-0-6-4-7-0-6-4 15794397 4.03515 3.97382 7e-06 0.004275
0-4-3-5-0-4-3-5-0-0-1-1-0-0-1 273654 1.74188 1.69418 6e-06 0.003927
0-4-3-5-0-4-3-5-0-0-1-1-0-2-2 13920168 1.81193 1.75017 8e-06 0.006767
0-4-3-5-0-4-3-5-0-0-1-1-0-4-3 261568906 3.04172 3.01202 9e-06 0.005962
0-4-3-5-0-4-3-5-0-0-1-1-0-6-4 15792180 2.75995 2.72631 6e-06 0.004031
0-4-3-5-0-4-3-5-0-2-2-3-0-0-1 277611 1.78388 1.74589 6e-06 0.003922
0-4-3-5-0-4-3-5-0-2-2-3-0-2-2 12620533 1.78304 1.74064 9e-06 0.003897
0-4-3-5-0-4-3-5-0-2-2-3-0-4-3 260987845 3.35873 3.32371 1.4e-05 0.007142
0-4-3-5-0-4-3-5-0-2-2-3-0-6-4 15743848 3.11157 3.07025 8e-06 0.004087
0-4-3-5-0-4-3-5-0-4-3-5-0-0-1 274950 4.166 4.11933 8e-06 0.004195
0-4-3-5-0-4-3-5-0-4-3-5-0-2-2 13780903 4.34237 4.30251 3e-06 0.005481
0-4-3-5-0-4-3-5-0-4-3-5-0-4-3 249802666 6.19768 6.13333 7e-06 0.004391
0-4-3-5-0-4-3-5-0-4-3-5-0-6-4 15614461 5.65695 5.60549 4e-06 0.004437
0-4-3-5-0-4-3-5-0-6-4-7-0-0-1 277700 3.67197 3.60566 1.1e-05 0.005227
0-4-3-5-0-4-3-5-0-6-4-7-0-2-2 13850279 3.96559 3.9026 1.2e-05 0.007774
0-4-3-5-0-4-3-5-0-6-4-7-0-4-3 263135171 5.26061 5.22482 2e-06 0.004562
0-4-3-5-0-4-3-5-0-6-4-7-0-6-4 15792097 5.23675 5.17351 4e-06 0.004632
0-4-3-5-0-6-4-7-0-0-1-1-0-0-1 277700 2.39524 2.34699 9e-06 0.007702
0-4-3-5-0-6-4-7-0-0-1-1-0-2-2 13954622 2.42333 2.37088 6e-06 0.004711
0-4-3-5-0-6-4-7-0-0-1-1-0-4-3 264547070 3.91978 3.87853 1.1e-05 0.005223
0-4-3-5-0-6-4-7-0-0-1-1-0-6-4 15794415 3.5334 3.49208 1.1e-05 0.004508
0-4-3-5-0-6-4-7-0-2-2-3-0-0-1 277704 2.60401 2.54374 7e-06 0.004558
0-4-3-5-0-6-4-7-0-2-2-3-0-2-2 13721768 2.60485 2.55913 5e-06 0.005052
0-4-3-5-0-6-4-7-0-2-2-3-0-4-3 264348044 4.35397 4.31385 6e-06 0.003647
0-4-3-5-0-6-4-7-0-2-2-3-0-6-4 15794371 3.88652 3.84226 5e-06 0.004078
0-4-3-5-0-6-4-7-0-4-3-5-0-0-1 277704 5.54364 5.42339 5e-06 0.004044
0-4-3-5-0-6-4-7-0-4-3-5-0-2-2 13953164 6.04629 5.9734 1.1e-05 0.004556
0-4-3-5-0-6-4-7-0-4-3-5-0-4-3 263215652 7.51006 7.45128 1.1e-05 0.007373
0-4-3-5-0-6-4-7-0-4-3-5-0-6-4 15794412 7.46381 7.35898 5e-06 0.004153
0-4-3-5-0-6-4-7-0-6-4-7-0-0-1 277704 5.02855 4.92965 5e-06 0.004059
0-4-3-5-0-6-4-7-0-6-4-7-0-2-2 13954620 5.01341 4.96557 1.1e-05 0.003817
0-4-3-5-0-6-4-7-0-6-4-7-0-4-3 264547650 6.68681 6.6546 7e-06 0.004153
0-4-3-5-0-6-4-7-0-6-4-7-0-6-4 15794415 6.44883 6.39099 1.1e-05 0.003993
0-6-4-7-0-0-1-1-0-0-1-1-0-0-1 277619 1.56393 1.46722 2e-05 0.007243
0-6-4-7-0-0-1-1-0-0-1-1-0-2-2 13954551 1.60297 1.52217 4e-06 0.003467
0-6-4-7-0-0-1-1-0-0-1-1-0-4-3 264520476 3.00555 2.96175 6e-06 0.00356
0-6-4-7-0-0-1-1-0-0-1-1-0-6-4 15794415 2.70748 2.63341 6e-06 0.003716
0-6-4-7-0-0-1-1-0-2-2-3-0-0-1 277704 1.53544 1.46743 4e-06 0.003361
0-6-4-7-0-0-1-1-0-2-2-3-0-2-2 13954551 1.59124 1.53327 1.1e-05 0.005347
0-6-4-7-0-0-1-1-0-2-2-3-0-4-3 264547769 3.27358 3.22984 1e-06 0.00328
0-6-4-7-0-0-1-1-0-2-2-3-0-6-4 15794415 3.01155 2.95601 5e-06 0.003427
0-6-4-7-0-0-1-1-0-4-3-5-0-0-1 277704 4.36778 4.25834 9e-06 0.00479
0-6-4-7-0-0-1-1-0-4-3-5-0-2-2 13954585 4.41023 4.31406 7e-06 0.005694
0-6-4-7-0-0-1-1-0-4-3-5-0-4-3 264544959 5.9433 5.89993 4e-06 0.003874
0-6-4-7-0-0-1-1-0-4-3-5-0-6-4 15794415 5.89514 5.7935 4e-06 0.003674
0-6-4-7-0-0-1-1-0-6-4-7-0-0-1 277704 3.74201 3.68213 4e-06 0.003803
0-6-4-7-0-0-1-1-0-6-4-7-0-2-2 13954626 3.79975 3.73698 2e-06 0.004179
0-6-4-7-0-0-1-1-0-6-4-7-0-4-3 264547773 5.42251 5.38659 9e-06 0.0078
0-6-4-7-0-0-1-1-0-6-4-7-0-6-4 15794415 5.04102 4.98425 1.3e-05 0.005944
0-6-4-7-0-2-2-3-0-0-1-1-0-0-1 277704 1.33067 1.28675 5e-06 0.003288
0-6-4-7-0-2-2-3-0-0-1-1-0-2-2 13954626 1.36593 1.30808 5e-06 0.005714
0-6-4-7-0-2-2-3-0-0-1-1-0-4-3 264547773 2.76769 2.73803 4e-06 0.003635
0-6-4-7-0-2-2-3-0-0-1-1-0-6-4 15794415 2.55838 2.52098 3e-06 0.003481
0-6-4-7-0-2-2-3-0-2-2-3-0-0-1 277704 1.22893 1.17388 7e-06 0.003893
0-6-4-7-0-2-2-3-0-2-2-3-0-2-2 6345795 1.19598 1.15881 4e-06 0.003799
0-6-4-7-0-2-2-3-0-2-2-3-0-4-3 254483838 2.65659 2.62407 8e-06 0.003622
0-6-4-7-0-2-2-3-0-2-2-3-0-6-4 15792946 2.35925 2.32728 3e-06 0.003663
0-6-4-7-0-2-2-3-0-4-3-5-0-0-1 277704 4.47093 4.36928 7e-06 0.003781
0-6-4-7-0-2-2-3-0-4-3-5-0-2-2 13954585 4.61403 4.53303 7e-06 0.004164
0-6-4-7-0-2-2-3-0-4-3-5-0-4-3 262665496 6.22491 6.13464 8e-06 0.004418
0-6-4-7-0-2-2-3-0-4-3-5-0-6-4 15794415 5.8191 5.70037 6e-06 0.004279
0-6-4-7-0-2-2-3-0-6-4-7-0-0-1 277704 3.59366 3.53393 4e-06 0.00347
0-6-4-7-0-2-2-3-0-6-4-7-0-2-2 13954626 3.69369 3.64087 7e-06 0.00556
0-6-4-7-0-2-2-3-0-6-4-7-0-4-3 264547773 5.1577 5.12563 5e-06 0.003465
0-6-4-7-0-2-2-3-0-6-4-7-0-6-4 15794415 5.01552 4.94483 1.1e-05 0.007852
0-6-4-7-0-4-3-5-0-0-1-1-0-0-1 277701 3.18716 3.12058 6e-06 0.003885
0-6-4-7-0-4-3-5-0-0-1-1-0-2-2 13954618 3.11753 3.0715 1.4e-05 0.008007
0-6-4-7-0-4-3-5-0-0-1-1-0-4-3 264546039 4.48776 4.44191 1.2e-05 0.008908
0-6-4-7-0-4-3-5-0-0-1-1-0-6-4 15794415 3.99642 3.95506 6e-06 0.003925
0-6-4-7-0-4-3-5-0-2-2-3-0-0-1 277704 3.11789 3.06453 8e-06 0.006224
0-6-4-7-0-4-3-5-0-2-2-3-0-2-2 13891951 3.04953 3.00975 8e-06 0.003803
0-6-4-7-0-4-3-5-0-2-2-3-0-4-3 264545893 4.72391 4.67496 1.2e-05 0.0091
0-6-4-7-0-4-3-5-0-2-2-3-0-6-4 15794415 4.67542 4.62873 7e-06 0.003714
0-6-4-7-0-4-3-5-0-4-3-5-0-0-1 277704 6.27723 6.16597 3e-06 0.003868
0-6-4-7-0-4-3-5-0-4-3-5-0-2-2 13954598 6.40892 6.32581 7e-06 0.006911
0-6-4-7-0-4-3-5-0-4-3-5-0-4-3 253260419 7.90443 7.8505 4e-06 0.004286
0-6-4-7-0-4-3-5-0-4-3-5-0-6-4 15794415 7.95214 7.86546 7e-06 0.004044
0-6-4-7-0-4-3-5-0-6-4-7-0-0-1 277704 5.48607 5.43867 8e-06 0.0076
0-6-4-7-0-4-3-5-0-6-4-7-0-2-2 13954626 5.52825 5.47595 9e-06 0.003857
0-6-4-7-0-4-3-5-0-6-4-7-0-4-3 264547770 7.43827 7.39216 7e-06 0.005751
0-6-4-7-0-4-3-5-0-6-4-7-0-6-4 15794415 6.85075 6.81324 1e-05 0.004474
0-6-4-7-0-6-4-7-0-0-1-1-0-0-1 277704 2.88554 2.79196 5e-06 0.004288
0-6-4-7-0-6-4-7-0-0-1-1-0-2-2 13954626 2.98404 2.89962 9e-06 0.005968
0-6-4-7-0-6-4-7-0-0-1-1-0-4-3 264547773 4.22617 4.17567 1e-05 0.004343
0-6-4-7-0-6-4-7-0-0-1-1-0-6-4 15794415 3.68533 3.62998 4e-06 0.003493
0-6-4-7-0-6-4-7-0-2-2-3-0-0-1 277704 2.75604 2.69568 5e-06 0.005416
0-6-4-7-0-6-4-7-0-2-2-3-0-2-2 13954431 2.93555 2.87644 4e-06 0.003812
0-6-4-7-0-6-4-7-0-2-2-3-0-4-3 264547772 4.37624 4.33688 7e-06 0.003509
0-6-4-7-0-6-4-7-0-2-2-3-0-6-4 15794415 4.09123 4.03488 9e-06 0.004334
0-6-4-7-0-6-4-7-0-4-3-5-0-0-1 277704 5.90829 5.8017 9e-06 0.006701
0-6-4-7-0-6-4-7-0-4-3-5-0-2-2 13954626 6.06769 5.97044 9e-06 0.004403
0-6-4-7-0-6-4-7-0-4-3-5-0-4-3 264542880 7.64775 7.61054 5e-06 0.004477
0-6-4-7-0-6-4-7-0-4-3-5-0-6-4 15794415 7.15778 7.06318 5e-06 0.004029
0-6-4-7-0-6-4-7-0-6-4-7-0-0-1 277704 5.27352 5.20319 4e-06 0.003567
0-6-4-7-0-6-4-7-0-6-4-7-0-2-2 13954626 5.17206 5.10333 6e-06 0.004037
0-6-4-7-0-6-4-7-0-6-4-7-0-4-3 264547773 7.17991 7.1364 7e-06 0.003943
0-6-4-7-0-6-4-7-0-6-4-7-0-6-4 15794415 6.53388 6.43829 4e-06 0.003495
1-1-0-0-1-1-0-0-1-1-0-0-1-1-0 34713 0.405892 0.38883 3e-06 0.00232
1-1-0-0-1-1-0-0-1-1-0-2-2-3-0 269979 1.22514 1.14552 9e-06 0.003963
1-1-0-0-1-1-0-0-1-1-0-4-3-5-0 125547 0.363065 0.337382 8e-06 0.004343
1-1-0-0-1-1-0-0-1-1-0-6-4-7-0 277619 0.355643 0.336852 7e-06 0.003368
1-1-0-0-1-1-0-2-2-3-0-0-1-1-0 277704 1.45609 1.38396 4e-06 0.003234
1-1-0-0-1-1-0-2-2-3-0-2-2-3-0 269979 0.801183 0.736851 6e-06 0.003215
1-1-0-0-1-1-0-2-2-3-0-4-3-5-0 277597 0.808125 0.740832 6e-06 0.004905
1-1-0-0-1-1-0-2-2-3-0-6-4-7-0 277704 0.817325 0.754336 1.2e-05 0.003659
1-1-0-0-1-1-0-4-3-5-0-0-1-1-0 277704 0.529745 0.506644 6e-06 0.002742
1-1-0-0-1-1-0-4-3-5-0-2-2-3-0 277212 0.42569 0.404937 3e-06 0.003232
1-1-0-0-1-1-0-4-3-5-0-4-3-5-0 273654 0.153747 0.138655 3e-06 0.003518
1-1-0-0-1-1-0-4-3-5-0-6-4-7-0 277701 0.149754 0.137282 8e-06 0.002717
1-1-0-0-1-1-0-6-4-7-0-0-1-1-0 277704 0.88441 0.825051 4e-06 0.002487
1-1-0-0-1-1-0-6-4-7-0-2-2-3-0 277704 0.770147 0.73015 6e-06 0.004514
1-1-0-0-1-1-0-6-4-7-0-4-3-5-0 277700 0.154758 0.140828 1e-05 0.004655
1-1-0-0-1-1-0-6-4-7-0-6-4-7-0 277704 0.187964 0.174756 5e-06 0.002658
1-1-0-2-2-3-0-0-1-1-0-0-1-1-0 277704 0.845745 0.812588 1e-05 0.002781
1-1-0-2-2-3-0-0-1-1-0-2-2-3-0 277704 1.21652 1.14345 6e-06 0.002822
1-1-0-2-2-3-0-0-1-1-0-4-3-5-0 277704 0.838677 0.790527 7e-06 0.002964
1-1-0-2-2-3-0-0-1-1-0-6-4-7-0 277704 0.849835 0.796303 1e-05 0.003812
1-1-0-2-2-3-0-2-2-3-0-0-1-1-0 277704 1.3187 1.27836 6e-06 0.00395
1-1-0-2-2-3-0-2-2-3-0-2-2-3-0 269979 0.103196 0.053813 1.2e-05 0.004691
1-1-0-2-2-3-0-2-2-3-0-4-3-5-0 277597 0.051714 0.026855 1.1e-05 0.004115
1-1-0-2-2-3-0-2-2-3-0-6-4-7-0 277704 0.037647 0.025321 5e-06 0.00322
1-1-0-2-2-3-0-4-3-5-0-0-1-1-0 277704 0.868406 0.846882 1.2e-05 0.003456
1-1-0-2-2-3-0-4-3-5-0-2-2-3-0 277704 0.673641 0.651339 8e-06 0.00365
1-1-0-2-2-3-0-4-3-5-0-4-3-5-0 277611 0.034066 0.019341 7e-06 0.005131
1-1-0-2-2-3-0-4-3-5-0-6-4-7-0 277704 0.030259 0.017776 7e-06 0.004061
1-1-0-2-2-3-0-6-4-7-0-0-1-1-0 277704 1.72658 1.66675 9e-06 0.003366
1-1-0-2-2-3-0-6-4-7-0-2-2-3-0 277704 1.42993 1.39054 6e-06 0.003452
1-1-0-2-2-3-0-6-4-7-0-4-3-5-0 277704 0.039457 0.022742 8e-06 0.004573
1-1-0-2-2-3-0-6-4-7-0-6-4-7-0 277704 0.037364 0.018833 5e-06 0.003572
1-1-0-4-3-5-0-0-1-1-0-0-1-1-0 277704 0.715068 0.691432 5e-06 0.0034
1-1-0-4-3-5-0-0-1-1-0-2-2-3-0 277704 1.13854 1.04573 6e-06 0.00347
1-1-0-4-3-5-0-0-1-1-0-4-3-5-0 277704 0.019907 0.005777 3e-06 0.003917
1-1-0-4-3-5-0-0-1-1-0-6-4-7-0 277704 0.011824 0.004509 7e-06 0.003379
1-1-0-4-3-5-0-2-2-3-0-0-1-1-0 277704 1.19441 1.14692 3e-06 0.003252
1-1-0-4-3-5-0-2-2-3-0-2-2-3-0 277212 0.637325 0.607386 6e-06 0.003765
1-1-0-4-3-5-0-2-2-3-0-4-3-5-0 277704 0.0148 0.005533 1e-05 0.004109
1-1-0-4-3-5-0-2-2-3-0-6-4-7-0 277704 0.012902 0.005165 4e-06 0.003502
1-1-0-4-3-5-0-4-3-5-0-0-1-1-0 277704 0.013011 0.004956 6e-06 0.003552
1-1-0-4-3-5-0-4-3-5-0-2-2-3-0 277704 0.013401 0.005564 8e-06 0.003515
1-1-0-4-3-5-0-4-3-5-0-4-3-5-0 274950 0.015978 0.007552 2e-06 0.003828
1-1-0-4-3-5-0-4-3-5-0-6-4-7-0 277704 0.015237 0.007014 3e-06 0.003582
1-1-0-4-3-5-0-6-4-7-0-0-1-1-0 277704 0.012172 0.005215 7e-06 0.003283
1-1-0-4-3-5-0-6-4-7-0-2-2-3-0 277704 0.012067 0.004726 1e-05 0.003277
1-1-0-4-3-5-0-6-4-7-0-4-3-5-0 277704 0.014781 0.00654 4e-06 0.00354
1-1-0-4-3-5-0-6-4-7-0-6-4-7-0 277704 0.014405 0.006871 6e-06 0.00332
1-1-0-6-4-7-0-0-1-1-0-0-1-1-0 277704 1.53254 1.4477 6e-06 0.003018
1-1-0-6-4-7-0-0-1-1-0-2-2-3-0 277704 1.49526 1.42838 6e-06 0.003437
1-1-0-6-4-7-0-0-1-1-0-4-3-5-0 277704 0.023388 0.00597 5e-06 0.003574
1-1-0-6-4-7-0-0-1-1-0-6-4-7-0 277704 0.013449 0.005165 2e-06 0.00319
1-1-0-6-4-7-0-2-2-3-0-0-1-1-0 277704 1.48985 1.40334 3e-06 0.003086
1-1-0-6-4-7-0-2-2-3-0-2-2-3-0 277704 1.22183 1.17506 7e-06 0.00339
1-1-0-6-4-7-0-2-2-3-0-4-3-5-0 277704 0.012432 0.005218 4e-06 0.00315
1-1-0-6-4-7-0-2-2-3-0-6-4-7-0 277704 0.011529 0.004948 4e-06 0.002518
1-1-0-6-4-7-0-4-3-5-0-0-1-1-0 277704 0.01151 0.005154 8e-06 0.002585
1-1-0-6-4-7-0-4-3-5-0-2-2-3-0 277704 0.011586 0.005674 7e-06 0.002586
1-1-0-6-4-7-0-4-3-5-0-4-3-5-0 277700 0.014658 0.007727 5e-06 0.00287
1-1-0-6-4-7-0-4-3-5-0-6-4-7-0 277704 0.013809 0.007518 4e-06 0.002709
1-1-0-6-4-7-0-6-4-7-0-0-1-1-0 277704 0.011353 0.005432 7e-06 0.002393
1-1-0-6-4-7-0-6-4-7-0-2-2-3-0 277704 0.01066 0.005154 4e-06 0.002374
1-1-0-6-4-7-0-6-4-7-0-4-3-5-0 277704 0.013844 0.007538 3e-06 0.002632
1-1-0-6-4-7-0-6-4-7-0-6-4-7-0 277704 0.013212 0.007385 5e-06 0.002484
2-3-0-0-1-1-0-0-1-1-0-0-1-1-0 11426723 0.340878 0.325231 5e-06 0.002383
2-3-0-0-1-1-0-0-1-1-0-2-2-3-0 13942082 1.06379 1.01785 5e-06 0.002605
2-3-0-0-1-1-0-0-1-1-0-4-3-5-0 13103489 0.301605 0.284899 2e-06 0.002964
2-3-0-0-1-1-0-0-1-1-0-6-4-7-0 13954551 0.288703 0.273704 8e-06 0.002684
2-3-0-0-1-1-0-2-2-3-0-0-1-1-0 13954626 1.20974 1.16909 3e-06 0.002603
2-3-0-0-1-1-0-2-2-3-0-2-2-3-0 13942082 0.502753 0.474428 7e-06 0.002663
2-3-0-0-1-1-0-2-2-3-0-4-3-5-0 13954538 0.592132 0.536534 1.1e-05 0.003776
2-3-0-0-1-1-0-2-2-3-0-6-4-7-0 13954626 0.549404 0.495876 1.1e-05 0.003389
2-3-0-0-1-1-0-4-3-5-0-0-1-1-0 13954626 10.9626 10.9321 6e-06 0.003569
2-3-0-0-1-1-0-4-3-5-0-2-2-3-0 13953539 8.18967 8.16897 0 0.002865
2-3-0-0-1-1-0-4-3-5-0-4-3-5-0 13920168 0.156552 0.145804 6e-06 0.004127
2-3-0-0-1-1-0-4-3-5-0-6-4-7-0 13954618 0.154201 0.145316 5e-06 0.002927
2-3-0-0-1-1-0-6-4-7-0-0-1-1-0 13954626 20.7807 20.7525 1e-05 0.002541
2-3-0-0-1-1-0-6-4-7-0-2-2-3-0 13954626 16.9832 16.9627 3e-06 0.002602
2-3-0-0-1-1-0-6-4-7-0-4-3-5-0 13954622 0.157844 0.147118 6e-06 0.003025
2-3-0-0-1-1-0-6-4-7-0-6-4-7-0 13954626 0.144998 0.135218 4e-06 0.002652
2-3-0-2-2-3-0-0-1-1-0-0-1-1-0 11426723 0.677661 0.658107 8e-06 0.003186
2-3-0-2-2-3-0-0-1-1-0-2-2-3-0 13942082 0.946581 0.91578 8e-06 0.003346
2-3-0-2-2-3-0-0-1-1-0-4-3-5-0 13103489 0.641099 0.587486 5e-06 0.003664
2-3-0-2-2-3-0-0-1-1-0-6-4-7-0 13954551 0.623669 0.562648 8e-06 0.00337
2-3-0-2-2-3-0-2-2-3-0-0-1-1-0 11426723 1.04286 1.01003 9e-06 0.004487
2-3-0-2-2-3-0-2-2-3-0-2-2-3-0 34713 0.07264 0.033494 5e-06 0.003401
2-3-0-2-2-3-0-2-2-3-0-4-3-5-0 1807215 0.039664 0.025394 7e-06 0.003723
2-3-0-2-2-3-0-2-2-3-0-6-4-7-0 6345795 0.044515 0.03175 6e-06 0.003217
2-3-0-2-2-3-0-4-3-5-0-0-1-1-0 13373259 0.258524 0.236021 2e-05 0.007259
2-3-0-2-2-3-0-4-3-5-0-2-2-3-0 12401496 0.230275 0.19601 9e-06 0.005328
2-3-0-2-2-3-0-4-3-5-0-4-3-5-0 12620533 0.05785 0.045145 4e-06 0.00401
2-3-0-2-2-3-0-4-3-5-0-6-4-7-0 13891951 0.0538 0.042214 5e-06 0.003619
2-3-0-2-2-3-0-6-4-7-0-0-1-1-0 13954626 0.550546 0.528954 5e-06 0.003326
2-3-0-2-2-3-0-6-4-7-0-2-2-3-0 13689497 0.684835 0.661064 4e-06 0.003412
2-3-0-2-2-3-0-6-4-7-0-4-3-5-0 13721768 0.084149 0.06698 1.4e-05 0.0049
2-3-0-2-2-3-0-6-4-7-0-6-4-7-0 13954431 0.078938 0.058411 7e-06 0.00348
2-3-0-4-3-5-0-0-1-1-0-0-1-1-0 13373259 0.577925 0.556 7e-06 0.003476
2-3-0-4-3-5-0-0-1-1-0-2-2-3-0 13950086 0.911495 0.826927 1e-05 0.002757
2-3-0-4-3-5-0-0-1-1-0-4-3-5-0 13749399 0.062796 0.051025 8e-06 0.006195
2-3-0-4-3-5-0-0-1-1-0-6-4-7-0 13954585 0.049115 0.042127 7e-06 0.002714
2-3-0-4-3-5-0-2-2-3-0-0-1-1-0 13954626 0.737872 0.7165 5e-06 0.002604
2-3-0-4-3-5-0-2-2-3-0-2-2-3-0 12401496 0.496386 0.468967 1e-05 0.00373
2-3-0-4-3-5-0-2-2-3-0-4-3-5-0 13920727 0.064567 0.056335 2e-06 0.00306
2-3-0-4-3-5-0-2-2-3-0-6-4-7-0 13954585 0.054457 0.047219 6e-06 0.002758
2-3-0-4-3-5-0-4-3-5-0-0-1-1-0 13954626 0.04565 0.037822 6e-06 0.00293
2-3-0-4-3-5-0-4-3-5-0-2-2-3-0 13942369 0.046665 0.038935 7e-06 0.003033
2-3-0-4-3-5-0-4-3-5-0-4-3-5-0 13780903 0.088383 0.080709 5e-06 0.003213
2-3-0-4-3-5-0-4-3-5-0-6-4-7-0 13954598 0.080445 0.073136 3e-06 0.003007
2-3-0-4-3-5-0-6-4-7-0-0-1-1-0 13954626 0.040677 0.033672 7e-06 0.002666
2-3-0-4-3-5-0-6-4-7-0-2-2-3-0 13953921 0.040996 0.034193 4e-06 0.00267
2-3-0-4-3-5-0-6-4-7-0-4-3-5-0 13953164 0.085111 0.076731 3e-06 0.00307
2-3-0-4-3-5-0-6-4-7-0-6-4-7-0 13954626 0.072798 0.065834 8e-06 0.002809
2-3-0-6-4-7-0-0-1-1-0-0-1-1-0 13954626 1.20578 1.15392 7e-06 0.002397
2-3-0-6-4-7-0-0-1-1-0-2-2-3-0 13954626 1.3573 1.29938 7e-06 0.003355
2-3-0-6-4-7-0-0-1-1-0-4-3-5-0 13954626 0.087617 0.072077 7e-06 0.003651
2-3-0-6-4-7-0-0-1-1-0-6-4-7-0 13954626 0.068468 0.061252 8e-06 0.003252
2-3-0-6-4-7-0-2-2-3-0-0-1-1-0 13954626 1.2268 1.19197 8e-06 0.003111
2-3-0-6-4-7-0-2-2-3-0-2-2-3-0 13689497 1.13566 1.09261 7e-06 0.003418
2-3-0-6-4-7-0-2-2-3-0-4-3-5-0 13952209 0.076773 0.068034 6e-06 0.003839
2-3-0-6-4-7-0-2-2-3-0-6-4-7-0 13954626 0.066478 0.057543 8e-06 0.003422
2-3-0-6-4-7-0-4-3-5-0-0-1-1-0 13954626 0.067492 0.059318 6e-06 0.003598
2-3-0-6-4-7-0-4-3-5-0-2-2-3-0 13954500 0.069711 0.06131 5e-06 0.003689
2-3-0-6-4-7-0-4-3-5-0-4-3-5-0 13850279 0.113375 0.10442 1.3e-05 0.00394
2-3-0-6-4-7-0-4-3-5-0-6-4-7-0 13954626 0.101529 0.094473 5e-06 0.002898
2-3-0-6-4-7-0-6-4-7-0-0-1-1-0 13954626 0.056932 0.050635 3e-06 0.002564
2-3-0-6-4-7-0-6-4-7-0-2-2-3-0 13954626 0.060011 0.054047 6e-06 0.002527
2-3-0-6-4-7-0-6-4-7-0-4-3-5-0 13954620 0.10002 0.092982 3e-06 0.002796
2-3-0-6-4-7-0-6-4-7-0-6-4-7-0 13954626 0.089082 0.08298 2e-06 0.00262
3-5-0-0-1-1-0-0-1-1-0-0-1-1-0 66667832 0.10023 0.091895 1e-06 0.002522
3-5-0-0-1-1-0-0-1-1-0-2-2-3-0 261068775 0.148681 0.13991 4e-06 0.002589
3-5-0-0-1-1-0-0-1-1-0-4-3-5-0 159103520 0.397699 0.386725 6e-06 0.002893
3-5-0-0-1-1-0-0-1-1-0-6-4-7-0 264520476 0.440431 0.430964 3e-06 0.00262
3-5-0-0-1-1-0-2-2-3-0-0-1-1-0 264547773 0.250925 0.240786 3e-06 0.002894
3-5-0-0-1-1-0-2-2-3-0-2-2-3-0 261068775 0.257938 0.247854 5e-06 0.002685
3-5-0-0-1-1-0-2-2-3-0-4-3-5-0 264505054 0.911124 0.89886 5e-06 0.002907
3-5-0-0-1-1-0-2-2-3-0-6-4-7-0 264547773 0.767052 0.756017 8e-06 0.00294
3-5-0-0-1-1-0-4-3-5-0-0-1-1-0 264547773 0.439421 0.428416 5e-06 0.002803
3-5-0-0-1-1-0-4-3-5-0-2-2-3-0 264335304 0.443752 0.432653 8e-06 0.002956
3-5-0-0-1-1-0-4-3-5-0-4-3-5-0 261568906 1.04803 1.0355 4e-06 0.003155
3-5-0-0-1-1-0-4-3-5-0-6-4-7-0 264546039 0.902908 0.890127 5e-06 0.003317
3-5-0-0-1-1-0-6-4-7-0-0-1-1-0 264547773 0.554811 0.54476 9e-06 0.002715
3-5-0-0-1-1-0-6-4-7-0-2-2-3-0 264547773 0.553657 0.543113 5e-06 0.002683
3-5-0-0-1-1-0-6-4-7-0-4-3-5-0 264547070 1.21054 1.19803 7e-06 0.002966
3-5-0-0-1-1-0-6-4-7-0-6-4-7-0 264547773 1.07564 1.06461 4e-06 0.002767
3-5-0-2-2-3-0-0-1-1-0-0-1-1-0 262992233 0.230707 0.220395 5e-06 0.00263
3-5-0-2-2-3-0-0-1-1-0-2-2-3-0 264546361 0.235175 0.223607 3e-06 0.00262
3-5-0-2-2-3-0-0-1-1-0-4-3-5-0 264299335 0.905122 0.894421 0 0.002867
3-5-0-2-2-3-0-0-1-1-0-6-4-7-0 264547769 0.692609 0.682419 5e-06 0.002656
3-5-0-2-2-3-0-2-2-3-0-0-1-1-0 262992233 0.087499 0.078011 5e-06 0.002529
3-5-0-2-2-3-0-2-2-3-0-2-2-3-0 18178411 0.033568 0.024554 4e-06 0.003103
3-5-0-2-2-3-0-2-2-3-0-4-3-5-0 186718068 0.315995 0.305888 6e-06 0.002712
3-5-0-2-2-3-0-2-2-3-0-6-4-7-0 254483838 0.354355 0.344697 2e-06 0.002995
3-5-0-2-2-3-0-4-3-5-0-0-1-1-0 264534436 0.433661 0.421011 5e-06 0.004166
3-5-0-2-2-3-0-4-3-5-0-2-2-3-0 263938876 0.459049 0.447243 5e-06 0.002993
3-5-0-2-2-3-0-4-3-5-0-4-3-5-0 260987845 1.07756 1.06374 6e-06 0.003383
3-5-0-2-2-3-0-4-3-5-0-6-4-7-0 264545893 0.939143 0.925519 6e-06 0.003919
3-5-0-2-2-3-0-6-4-7-0-0-1-1-0 264547773 0.464133 0.454313 5e-06 0.002792
3-5-0-2-2-3-0-6-4-7-0-2-2-3-0 264526605 0.482494 0.472459 1e-05 0.002568
3-5-0-2-2-3-0-6-4-7-0-4-3-5-0 264348044 1.25962 1.24621 1e-05 0.003602
3-5-0-2-2-3-0-6-4-7-0-6-4-7-0 264547772 1.00244 0.991145 2e-06 0.002769
3-5-0-4-3-5-0-0-1-1-0-0-1-1-0 242448037 0.261221 0.250448 7e-06 0.004108
3-5-0-4-3-5-0-0-1-1-0-2-2-3-0 264223483 0.271037 0.260848 3e-06 0.00286
3-5-0-4-3-5-0-0-1-1-0-4-3-5-0 254223236 0.843944 0.832135 4e-06 0.003027
3-5-0-4-3-5-0-0-1-1-0-6-4-7-0 264544959 0.720617 0.710299 3e-06 0.00285
3-5-0-4-3-5-0-2-2-3-0-0-1-1-0 264272027 0.280792 0.270085 2e-06 0.002718
3-5-0-4-3-5-0-2-2-3-0-2-2-3-0 223199128 0.271693 0.26066 2.4e-05 0.002893
3-5-0-4-3-5-0-2-2-3-0-4-3-5-0 256552028 0.871677 0.859296 3e-06 0.003359
3-5-0-4-3-5-0-2-2-3-0-6-4-7-0 262665496 0.74877 0.735162 7e-06 0.004289
3-5-0-4-3-5-0-4-3-5-0-0-1-1-0 254851812 0.656245 0.644776 3e-06 0.002986
3-5-0-4-3-5-0-4-3-5-0-2-2-3-0 252870735 0.662594 0.650614 3e-06 0.003007
3-5-0-4-3-5-0-4-3-5-0-4-3-5-0 249802666 1.30164 1.28786 9e-06 0.003296
3-5-0-4-3-5-0-4-3-5-0-6-4-7-0 253260419 1.16321 1.15013 5e-06 0.003149
3-5-0-4-3-5-0-6-4-7-0-0-1-1-0 264536355 0.58555 0.574821 3e-06 0.003468
3-5-0-4-3-5-0-6-4-7-0-2-2-3-0 261395656 0.594201 0.583506 5e-06 0.003036
3-5-0-4-3-5-0-6-4-7-0-4-3-5-0 263215652 1.23917 1.22709 4e-06 0.003134
3-5-0-4-3-5-0-6-4-7-0-6-4-7-0 264542880 1.13128 1.11867 4e-06 0.003255
3-5-0-6-4-7-0-0-1-1-0-0-1-1-0 264536355 0.433111 0.423415 5e-06 0.002508
3-5-0-6-4-7-0-0-1-1-0-2-2-3-0 264547768 0.447184 0.437354 3e-06 0.002534
3-5-0-6-4-7-0-0-1-1-0-4-3-5-0 264545622 1.03689 1.02556 6e-06 0.002798
3-5-0-6-4-7-0-0-1-1-0-6-4-7-0 264547773 0.905977 0.895595 6e-06 0.002632
3-5-0-6-4-7-0-2-2-3-0-0-1-1-0 264547773 0.440488 0.430925 5e-06 0.002507
3-5-0-6-4-7-0-2-2-3-0-2-2-3-0 258664239 0.451933 0.441316 7e-06 0.00259
3-5-0-6-4-7-0-2-2-3-0-4-3-5-0 264488100 1.11784 1.10619 4e-06 0.002841
3-5-0-6-4-7-0-2-2-3-0-6-4-7-0 264547773 0.965993 0.95359 6e-06 0.002748
3-5-0-6-4-7-0-4-3-5-0-0-1-1-0 264547773 1.02425 1.01314 6e-06 0.002805
3-5-0-6-4-7-0-4-3-5-0-2-2-3-0 264545259 1.04399 1.03127 3e-06 0.002877
3-5-0-6-4-7-0-4-3-5-0-4-3-5-0 263135171 1.71252 1.69878 8e-06 0.003212
3-5-0-6-4-7-0-4-3-5-0-6-4-7-0 264547770 1.58441 1.56961 3e-06 0.004061
3-5-0-6-4-7-0-6-4-7-0-0-1-1-0 264547773 0.92501 0.912932 8e-06 0.0027
3-5-0-6-4-7-0-6-4-7-0-2-2-3-0 264547767 0.919133 0.908786 3e-06 0.002688
3-5-0-6-4-7-0-6-4-7-0-4-3-5-0 264547650 1.59251 1.57925 6e-06 0.002939
3-5-0-6-4-7-0-6-4-7-0-6-4-7-0 264547773 1.45284 1.43842 6e-06 0.004484
4-7-0-0-1-1-0-0-1-1-0-0-1-1-0 15626706 0.026066 0.020906 7e-06 0.002293
4-7-0-0-1-1-0-0-1-1-0-2-2-3-0 15794087 0.025468 0.020574 1e-06 0.002218
4-7-0-0-1-1-0-0-1-1-0-4-3-5-0 15740985 0.064256 0.0582 2e-06 0.002429
4-7-0-0-1-1-0-0-1-1-0-6-4-7-0 15794415 0.057126 0.051509 4e-06 0.002299
4-7-0-0-1-1-0-2-2-3-0-0-1-1-0 15794415 0.026369 0.021216 3e-06 0.002195
4-7-0-0-1-1-0-2-2-3-0-2-2-3-0 15794087 0.026825 0.021601 3e-06 0.002222
4-7-0-0-1-1-0-2-2-3-0-4-3-5-0 15794415 0.070915 0.064826 7e-06 0.002439
4-7-0-0-1-1-0-2-2-3-0-6-4-7-0 15794415 0.061144 0.055657 1e-05 0.002296
4-7-0-0-1-1-0-4-3-5-0-0-1-1-0 15794415 0.065954 0.059927 5e-06 0.002462
4-7-0-0-1-1-0-4-3-5-0-2-2-3-0 15794372 0.066903 0.060443 4e-06 0.002525
4-7-0-0-1-1-0-4-3-5-0-4-3-5-0 15792180 0.111484 0.104658 4e-06 0.002763
4-7-0-0-1-1-0-4-3-5-0-6-4-7-0 15794415 0.101688 0.095241 5e-06 0.002651
4-7-0-0-1-1-0-6-4-7-0-0-1-1-0 15794415 0.055983 0.050731 6e-06 0.002294
4-7-0-0-1-1-0-6-4-7-0-2-2-3-0 15794415 0.055779 0.050666 2e-06 0.00234
4-7-0-0-1-1-0-6-4-7-0-4-3-5-0 15794415 0.100517 0.094377 4e-06 0.002545
4-7-0-0-1-1-0-6-4-7-0-6-4-7-0 15794415 0.091589 0.085772 6e-06 0.002418
4-7-0-2-2-3-0-0-1-1-0-0-1-1-0 15794415 0.02236 0.017326 7e-06 0.002227
4-7-0-2-2-3-0-0-1-1-0-2-2-3-0 15794415 0.023156 0.017917 8e-06 0.002214
4-7-0-2-2-3-0-0-1-1-0-4-3-5-0 15794415 0.062775 0.056788 2e-06 0.002529
4-7-0-2-2-3-0-0-1-1-0-6-4-7-0 15794415 0.055094 0.049106 7e-06 0.002316
4-7-0-2-2-3-0-2-2-3-0-0-1-1-0 15794415 0.019707 0.014471 2e-06 0.002209
4-7-0-2-2-3-0-2-2-3-0-2-2-3-0 10219172 0.019173 0.013852 7e-06 0.002183
4-7-0-2-2-3-0-2-2-3-0-4-3-5-0 15662521 0.057494 0.05164 6e-06 0.002426
4-7-0-2-2-3-0-2-2-3-0-6-4-7-0 15792946 0.048798 0.04354 7e-06 0.002294
4-7-0-2-2-3-0-4-3-5-0-0-1-1-0 15794415 0.060951 0.054786 5e-06 0.002458
4-7-0-2-2-3-0-4-3-5-0-2-2-3-0 15794338 0.06213 0.055609 4e-06 0.002565
4-7-0-2-2-3-0-4-3-5-0-4-3-5-0 15743848 0.106627 0.099778 4e-06 0.00277
4-7-0-2-2-3-0-4-3-5-0-6-4-7-0 15794415 0.097398 0.090975 2e-06 0.002705
4-7-0-2-2-3-0-6-4-7-0-0-1-1-0 15794415 0.052338 0.047035 0 0.002325
4-7-0-2-2-3-0-6-4-7-0-2-2-3-0 15794414 0.051521 0.045944 5e-06 0.002318
4-7-0-2-2-3-0-6-4-7-0-4-3-5-0 15794371 0.096043 0.089481 5e-06 0.002606
4-7-0-2-2-3-0-6-4-7-0-6-4-7-0 15794415 0.086007 0.080323 2e-06 0.002444
4-7-0-4-3-5-0-0-1-1-0-0-1-1-0 15758734 0.042514 0.036892 4e-06 0.002474
4-7-0-4-3-5-0-0-1-1-0-2-2-3-0 15794374 0.04239 0.03687 7e-06 0.002451
4-7-0-4-3-5-0-0-1-1-0-4-3-5-0 15784512 0.082037 0.075591 4e-06 0.002732
4-7-0-4-3-5-0-0-1-1-0-6-4-7-0 15794415 0.073129 0.06701 2e-06 0.002605
4-7-0-4-3-5-0-2-2-3-0-0-1-1-0 15794415 0.042503 0.03687 8e-06 0.002459
4-7-0-4-3-5-0-2-2-3-0-2-2-3-0 15752999 0.042926 0.037407 4e-06 0.00251
4-7-0-4-3-5-0-2-2-3-0-4-3-5-0 15793767 0.087398 0.081015 6e-06 0.002703
4-7-0-4-3-5-0-2-2-3-0-6-4-7-0 15794415 0.077399 0.071412 4e-06 0.002593
4-7-0-4-3-5-0-4-3-5-0-0-1-1-0 15794415 0.084321 0.077848 6e-06 0.002746
4-7-0-4-3-5-0-4-3-5-0-2-2-3-0 15794351 0.085404 0.078898 6e-06 0.002839
4-7-0-4-3-5-0-4-3-5-0-4-3-5-0 15614461 0.12879 0.12163 5e-06 0.00308
4-7-0-4-3-5-0-4-3-5-0-6-4-7-0 15794415 0.12006 0.11335 4e-06 0.002901
4-7-0-4-3-5-0-6-4-7-0-0-1-1-0 15794415 0.075686 0.069834 7e-06 0.002627
4-7-0-4-3-5-0-6-4-7-0-2-2-3-0 15794415 0.076194 0.070138 4.33681e-19 0.00269
4-7-0-4-3-5-0-6-4-7-0-4-3-5-0 15794412 0.120159 0.113278 2e-06 0.002873
4-7-0-4-3-5-0-6-4-7-0-6-4-7-0 15794415 0.112334 0.105699 6e-06 0.002719
4-7-0-6-4-7-0-0-1-1-0-0-1-1-0 15794415 0.041359 0.036226 8e-06 0.002255
4-7-0-6-4-7-0-0-1-1-0-2-2-3-0 15794415 0.042239 0.036827 1e-05 0.002287
4-7-0-6-4-7-0-0-1-1-0-4-3-5-0 15794415 0.081812 0.07588 5e-06 0.002552
4-7-0-6-4-7-0-0-1-1-0-6-4-7-0 15794415 0.072876 0.067304 4e-06 0.002418
4-7-0-6-4-7-0-2-2-3-0-0-1-1-0 15794415 0.044385 0.039059 7e-06 0.002276
4-7-0-6-4-7-0-2-2-3-0-2-2-3-0 15792398 0.04544 0.040127 6e-06 0.002358
4-7-0-6-4-7-0-2-2-3-0-4-3-5-0 15794397 0.087977 0.082165 4e-06 0.002607
4-7-0-6-4-7-0-2-2-3-0-6-4-7-0 15794415 0.077002 0.071541 3e-06 0.002428
4-7-0-6-4-7-0-4-3-5-0-0-1-1-0 15794415 0.086264 0.080522 4e-06 0.002522
4-7-0-6-4-7-0-4-3-5-0-2-2-3-0 15794413 0.087449 0.081264 8e-06 0.002618
4-7-0-6-4-7-0-4-3-5-0-4-3-5-0 15792097 0.131304 0.124477 7e-06 0.002958
4-7-0-6-4-7-0-4-3-5-0-6-4-7-0 15794415 0.122101 0.115816 4e-06 0.002724
4-7-0-6-4-7-0-6-4-7-0-0-1-1-0 15794415 0.076415 0.071047 8e-06 0.002415
4-7-0-6-4-7-0-6-4-7-0-2-2-3-0 15794415 0.077896 0.072445 3e-06 0.002464
4-7-0-6-4-7-0-6-4-7-0-4-3-5-0 15794415 0.123046 0.11638 2e-06 0.002661
4-7-0-6-4-7-0-6-4-7-0-6-4-7-0 15794415 0.112778 0.107065 3e-06 0.002557
