0-0-1-1-0-0-1-1-0-0-1-1-0 197321793 0.968585 0.955529 4e-06 0.002606
0-0-1-1-0-0-1-1-0-2-2-3-0 1180774212 1.55781 1.30334 6e-06 0.002478
0-0-1-1-0-0-1-1-0-4-3-5-0 612621062 0.643775 0.624908 5e-06 0.003347
0-0-1-1-0-0-1-1-0-6-4-7-0 1204757174 0.919838 0.897625 9e-06 0.003586
0-0-1-1-0-2-2-3-0-0-1-1-0 1204992369 0.950544 0.863328 6e-06 0.003229
0-0-1-1-0-2-2-3-0-2-2-3-0 1180774212 0.296023 0.249101 7e-06 0.003397
0-0-1-1-0-2-2-3-0-4-3-5-0 1204673267 1.83388 1.80292 5e-06 0.005119
0-0-1-1-0-2-2-3-0-6-4-7-0 1204992369 1.49196 1.41425 8e-06 0.003832
0-0-1-1-0-4-3-5-0-0-1-1-0 1204992369 76.8193 76.7709 4e-06 0.003242
0-0-1-1-0-4-3-5-0-2-2-3-0 1203474062 57.6743 57.6319 6e-06 0.00527
0-0-1-1-0-4-3-5-0-4-3-5-0 1188779139 1.49578 1.48033 3e-06 0.005547
0-0-1-1-0-4-3-5-0-6-4-7-0 1204981110 1.27304 1.24956 3e-06 0.003166
0-0-1-1-0-6-4-7-0-0-1-1-0 1204992369 157.354 157.324 7e-06 0.002953
0-0-1-1-0-6-4-7-0-2-2-3-0 1204992369 126.278 126.239 3e-06 0.003021
0-0-1-1-0-6-4-7-0-4-3-5-0 1204980951 1.95032 1.93199 2e-06 0.003731
0-0-1-1-0-6-4-7-0-6-4-7-0 1204992369 1.78169 1.69296 6e-06 0.003363
0-2-2-3-0-0-1-1-0-0-1-1-0 1180774212 0.245211 0.234029 5e-06 0.002845
0-2-2-3-0-0-1-1-0-2-2-3-0 1204961287 0.331641 0.291039 2e-06 0.003064
0-2-2-3-0-0-1-1-0-4-3-5-0 1199591762 1.36726 1.34875 9e-06 0.006142
0-2-2-3-0-0-1-1-0-6-4-7-0 1204992254 1.1388 1.12142 7e-06 0.003402
0-2-2-3-0-2-2-3-0-0-1-1-0 1180774212 0.343022 0.324127 6e-06 0.00345
0-2-2-3-0-2-2-3-0-2-2-3-0 13786567 0.104778 0.015622 9e-06 0.006268
0-2-2-3-0-2-2-3-0-4-3-5-0 449954072 0.29808 0.210507 6e-06 0.003674
0-2-2-3-0-2-2-3-0-6-4-7-0 983207857 0.482375 0.418031 6e-06 0.003244
0-2-2-3-0-4-3-5-0-0-1-1-0 1203474062 6.08585 6.06484 5e-06 0.002868
0-2-2-3-0-4-3-5-0-2-2-3-0 1188978725 4.40075 4.37499 9e-06 0.004222
0-2-2-3-0-4-3-5-0-4-3-5-0 1175109253 1.19223 1.16992 8e-06 0.003732
0-2-2-3-0-4-3-5-0-6-4-7-0 1204910770 1.06653 1.02289 1e-05 0.005951
0-2-2-3-0-6-4-7-0-0-1-1-0 1204992369 11.3298 11.3187 4e-06 0.002876
0-2-2-3-0-6-4-7-0-2-2-3-0 1203886581 9.28138 9.22387 1.6e-05 0.006288
0-2-2-3-0-6-4-7-0-4-3-5-0 1200535872 1.69273 1.65024 8e-06 0.006926
0-2-2-3-0-6-4-7-0-6-4-7-0 1204992090 1.47093 1.39645 4e-06 0.003682
0-4-3-5-0-0-1-1-0-0-1-1-0 612621062 0.285047 0.191684 1.6e-05 0.006726
0-4-3-5-0-0-1-1-0-2-2-3-0 1199591762 0.365679 0.334975 5e-06 0.00325
0-4-3-5-0-0-1-1-0-4-3-5-0 949804367 0.864373 0.818926 7e-06 0.003973
0-4-3-5-0-0-1-1-0-6-4-7-0 1204952695 0.862015 0.832058 7e-06 0.003343
0-4-3-5-0-2-2-3-0-0-1-1-0 1204673267 0.373923 0.313269 6e-06 0.003269
0-4-3-5-0-2-2-3-0-2-2-3-0 449954072 0.215985 0.146293 3e-06 0.003183
0-4-3-5-0-2-2-3-0-4-3-5-0 1162370235 0.973676 0.951225 2e-06 0.003168
0-4-3-5-0-2-2-3-0-6-4-7-0 1202640776 0.888244 0.801735 1.5e-05 0.006718
0-4-3-5-0-4-3-5-0-0-1-1-0 1188779139 0.551899 0.525163 8e-06 0.003365
0-4-3-5-0-4-3-5-0-2-2-3-0 1175109253 0.592583 0.552132 3e-06 0.003442
0-4-3-5-0-4-3-5-0-4-3-5-0 1160779883 1.35151 1.30934 7e-06 0.004581
0-4-3-5-0-4-3-5-0-6-4-7-0 1190875501 1.13615 1.09895 4e-06 0.003476
0-4-3-5-0-6-4-7-0-0-1-1-0 1204980951 0.868027 0.763051 8e-06 0.003832
0-4-3-5-0-6-4-7-0-2-2-3-0 1200535872 0.79531 0.734262 9e-06 0.004063
0-4-3-5-0-6-4-7-0-4-3-5-0 1201668973 1.79462 1.76154 6e-06 0.003629
0-4-3-5-0-6-4-7-0-6-4-7-0 1204987114 1.52603 1.47312 2e-06 0.003341
0-6-4-7-0-0-1-1-0-0-1-1-0 1204757174 0.73581 0.562973 5e-06 0.003033
0-6-4-7-0-0-1-1-0-2-2-3-0 1204992254 0.595449 0.522535 6e-06 0.003401
0-6-4-7-0-0-1-1-0-4-3-5-0 1204952695 1.53436 1.48285 1.6e-05 0.006585
0-6-4-7-0-0-1-1-0-6-4-7-0 1204992369 1.26509 1.18734 7e-06 0.004885
0-6-4-7-0-2-2-3-0-0-1-1-0 1204992369 0.513384 0.455278 5e-06 0.002817
0-6-4-7-0-2-2-3-0-2-2-3-0 983207857 0.412895 0.380261 7e-06 0.003563
0-6-4-7-0-2-2-3-0-4-3-5-0 1202640776 1.43896 1.4252 5e-06 0.003636
0-6-4-7-0-2-2-3-0-6-4-7-0 1204992347 1.15378 1.11783 5e-06 0.00507
0-6-4-7-0-4-3-5-0-0-1-1-0 1204981110 0.999375 0.922105 7e-06 0.003326
0-6-4-7-0-4-3-5-0-2-2-3-0 1204910770 0.951871 0.924328 7e-06 0.003539
0-6-4-7-0-4-3-5-0-4-3-5-0 1190875501 1.95367 1.9307 4e-06 0.003426
0-6-4-7-0-4-3-5-0-6-4-7-0 1204992279 1.71914 1.69905 6e-06 0.003181
0-6-4-7-0-6-4-7-0-0-1-1-0 1204992369 0.994678 0.85316 1.1e-05 0.006334
0-6-4-7-0-6-4-7-0-2-2-3-0 1204992090 0.922404 0.849245 6e-06 0.003139
0-6-4-7-0-6-4-7-0-4-3-5-0 1204987114 1.86474 1.84737 4e-06 0.003402
0-6-4-7-0-6-4-7-0-6-4-7-0 1204992369 1.70809 1.6096 8e-06 0.006295
1-1-0-0-1-1-0-0-1-1-0-0-1 8 0.010555 0.002522 1.1e-05 0.004416
1-1-0-0-1-1-0-0-1-1-0-2-2 2501 0.01924 0.013606 9e-06 0.003169
1-1-0-0-1-1-0-0-1-1-0-4-3 12415 0.199607 0.191761 7e-06 0.002679
1-1-0-0-1-1-0-0-1-1-0-6-4 3588 0.20214 0.191351 9e-06 0.004778
1-1-0-0-1-1-0-2-2-3-0-0-1 64 0.007638 0.002603 3e-06 0.002839
1-1-0-0-1-1-0-2-2-3-0-2-2 2501 0.01262 0.007869 9e-06 0.002558
1-1-0-0-1-1-0-2-2-3-0-4-3 60416 0.595754 0.463245 2e-06 0.002581
1-1-0-0-1-1-0-2-2-3-0-6-4 3640 0.603211 0.451082 2e-06 0.002838
1-1-0-0-1-1-0-4-3-5-0-0-1 64 0.168075 0.106183 3e-06 0.003404
1-1-0-0-1-1-0-4-3-5-0-2-2 3046 0.13451 0.108253 3e-06 0.003128
1-1-0-0-1-1-0-4-3-5-0-4-3 55228 0.107923 0.100595 4e-06 0.003575
1-1-0-0-1-1-0-4-3-5-0-6-4 3629 0.124157 0.116155 4e-06 0.003144
1-1-0-0-1-1-0-6-4-7-0-0-1 64 0.128932 0.115714 5e-06 0.003087
1-1-0-0-1-1-0-6-4-7-0-2-2 3216 0.139849 0.120761 4e-06 0.00288
1-1-0-0-1-1-0-6-4-7-0-4-3 60964 0.123251 0.11682 5e-06 0.003069
1-1-0-0-1-1-0-6-4-7-0-6-4 3640 0.108132 0.100225 4e-06 0.003001
1-1-0-2-2-3-0-0-1-1-0-0-1 64 0.007206 0.002324 5e-06 0.002912
1-1-0-2-2-3-0-0-1-1-0-2-2 3216 0.047021 0.041661 7e-06 0.002718
1-1-0-2-2-3-0-0-1-1-0-4-3 60968 0.721001 0.539225 7e-06 0.004058
1-1-0-2-2-3-0-0-1-1-0-6-4 3640 0.699787 0.526019 3e-06 0.003033
1-1-0-2-2-3-0-2-2-3-0-0-1 64 0.010638 0.002685 6e-06 0.003563
1-1-0-2-2-3-0-2-2-3-0-2-2 2501 0.010418 0.001929 5e-06 0.003373
1-1-0-2-2-3-0-2-2-3-0-4-3 60416 0.06178 0.015054 4e-06 0.003406
1-1-0-2-2-3-0-2-2-3-0-6-4 3640 0.047039 0.017688 4e-06 0.003824
1-1-0-2-2-3-0-4-3-5-0-0-1 64 0.027349 0.015386 3e-06 0.003814
1-1-0-2-2-3-0-4-3-5-0-2-2 3216 0.045661 0.021219 3e-06 0.004242
1-1-0-2-2-3-0-4-3-5-0-4-3 60877 0.023174 0.01571 6e-06 0.003521
1-1-0-2-2-3-0-4-3-5-0-6-4 3640 0.02194 0.01467 3e-06 0.003659
1-1-0-2-2-3-0-6-4-7-0-0-1 64 0.031879 0.02433 3e-06 0.00266
1-1-0-2-2-3-0-6-4-7-0-2-2 3216 0.056658 0.035509 6e-06 0.002834
1-1-0-2-2-3-0-6-4-7-0-4-3 60968 0.022313 0.015632 3e-06 0.00275
1-1-0-2-2-3-0-6-4-7-0-6-4 3640 0.02095 0.015107 2e-06 0.002956
1-1-0-4-3-5-0-0-1-1-0-0-1 64 0.180069 0.157233 6e-06 0.002895
1-1-0-4-3-5-0-0-1-1-0-2-2 3216 0.186759 0.154722 4e-06 0.003682
1-1-0-4-3-5-0-0-1-1-0-4-3 60968 0.019203 0.005646 7e-06 0.004313
1-1-0-4-3-5-0-0-1-1-0-6-4 3640 0.015507 0.004967 8e-06 0.004158
1-1-0-4-3-5-0-2-2-3-0-0-1 64 0.130839 0.106978 5e-06 0.002714
1-1-0-4-3-5-0-2-2-3-0-2-2 3046 0.135837 0.111117 4e-06 0.003083
1-1-0-4-3-5-0-2-2-3-0-4-3 60963 0.010662 0.004143 4e-06 0.003116
1-1-0-4-3-5-0-2-2-3-0-6-4 3640 0.009496 0.003147 3e-06 0.002792
1-1-0-4-3-5-0-4-3-5-0-0-1 64 0.010397 0.004339 2e-06 0.003078
1-1-0-4-3-5-0-4-3-5-0-2-2 3216 0.012037 0.00435 7e-06 0.005427
1-1-0-4-3-5-0-4-3-5-0-4-3 58641 0.011357 0.00599 4e-06 0.003
1-1-0-4-3-5-0-4-3-5-0-6-4 3640 0.010258 0.005191 4e-06 0.003014
1-1-0-4-3-5-0-6-4-7-0-0-1 64 0.008328 0.004106 5e-06 0.002734
1-1-0-4-3-5-0-6-4-7-0-2-2 3216 0.009175 0.004802 6e-06 0.002772
1-1-0-4-3-5-0-6-4-7-0-4-3 60968 0.011048 0.006137 6e-06 0.002862
1-1-0-4-3-5-0-6-4-7-0-6-4 3640 0.009498 0.005307 5e-06 0.002744
1-1-0-6-4-7-0-0-1-1-0-0-1 64 0.678604 0.414346 6e-06 0.002667
1-1-0-6-4-7-0-0-1-1-0-2-2 3216 0.641422 0.424131 5e-06 0.002904
1-1-0-6-4-7-0-0-1-1-0-4-3 60968 0.013441 0.004228 3e-06 0.003609
1-1-0-6-4-7-0-0-1-1-0-6-4 3640 0.012277 0.006723 5e-06 0.003306
1-1-0-6-4-7-0-2-2-3-0-0-1 64 0.320032 0.27656 5e-06 0.003325
1-1-0-6-4-7-0-2-2-3-0-2-2 3216 0.344192 0.283186 5e-06 0.003062
1-1-0-6-4-7-0-2-2-3-0-4-3 60968 0.014949 0.003834 1e-05 0.006385
1-1-0-6-4-7-0-2-2-3-0-6-4 3640 0.008956 0.003741 2e-06 0.002796
1-1-0-6-4-7-0-4-3-5-0-0-1 64 0.010699 0.004671 4e-06 0.003117
1-1-0-6-4-7-0-4-3-5-0-2-2 3216 0.010922 0.005189 2e-06 0.003095
1-1-0-6-4-7-0-4-3-5-0-4-3 60964 0.011495 0.006206 4e-06 0.002984
1-1-0-6-4-7-0-4-3-5-0-6-4 3640 0.010923 0.005522 2e-06 0.00298
1-1-0-6-4-7-0-6-4-7-0-0-1 64 0.008886 0.004239 4e-06 0.002821
1-1-0-6-4-7-0-6-4-7-0-2-2 3216 0.008225 0.003872 7e-06 0.002829
1-1-0-6-4-7-0-6-4-7-0-4-3 60968 0.011169 0.00606 6e-06 0.002855
1-1-0-6-4-7-0-6-4-7-0-6-4 3640 0.01039 0.006051 2e-06 0.002703
2-3-0-0-1-1-0-0-1-1-0-0-1 2501 0.006224 0.001912 5e-06 0.002582
2-3-0-0-1-1-0-0-1-1-0-2-2 158938 0.014751 0.009682 7e-06 0.002626
2-3-0-0-1-1-0-0-1-1-0-4-3 2652152 0.134865 0.127298 8e-06 0.002755
2-3-0-0-1-1-0-0-1-1-0-6-4 182777 0.134954 0.127114 5e-06 0.002803
2-3-0-0-1-1-0-2-2-3-0-0-1 3216 0.007107 0.002228 7e-06 0.003068
2-3-0-0-1-1-0-2-2-3-0-2-2 158938 0.008858 0.004006 2e-06 0.002763
2-3-0-0-1-1-0-2-2-3-0-4-3 3063204 0.483813 0.282531 3e-06 0.002894
2-3-0-0-1-1-0-2-2-3-0-6-4 182910 0.482595 0.282223 4e-06 0.003164
2-3-0-0-1-1-0-4-3-5-0-0-1 3216 0.048392 0.035458 4e-06 0.003265
2-3-0-0-1-1-0-4-3-5-0-2-2 160926 0.073158 0.051097 4e-06 0.003134
2-3-0-0-1-1-0-4-3-5-0-4-3 3024726 0.053885 0.046856 2e-06 0.003086
2-3-0-0-1-1-0-4-3-5-0-6-4 182887 0.057733 0.048753 6e-06 0.003254
2-3-0-0-1-1-0-6-4-7-0-0-1 3216 0.053744 0.044293 4e-06 0.002757
2-3-0-0-1-1-0-6-4-7-0-2-2 161604 0.116438 0.087681 6e-06 0.002832
2-3-0-0-1-1-0-6-4-7-0-4-3 3063638 0.053688 0.045362 4e-06 0.00305
2-3-0-0-1-1-0-6-4-7-0-6-4 182910 0.051563 0.044402 4e-06 0.00275
2-3-0-2-2-3-0-0-1-1-0-0-1 2501 0.007038 0.001959 4e-06 0.002761
2-3-0-2-2-3-0-0-1-1-0-2-2 158938 0.012066 0.006435 6e-06 0.002671
2-3-0-2-2-3-0-0-1-1-0-4-3 2652152 0.510427 0.301725 2e-06 0.003447
2-3-0-2-2-3-0-0-1-1-0-6-4 182777 0.478643 0.295429 7e-06 0.002897
2-3-0-2-2-3-0-2-2-3-0-0-1 2501 0.009752 0.002169 6e-06 0.003429
2-3-0-2-2-3-0-2-2-3-0-2-2 402 0.007286 0.001813 4e-06 0.003293
2-3-0-2-2-3-0-2-2-3-0-4-3 58197 0.053587 0.011204 7e-06 0.0032
2-3-0-2-2-3-0-2-2-3-0-6-4 49523 0.019601 0.008366 9e-06 0.003308
2-3-0-2-2-3-0-4-3-5-0-0-1 3046 0.032271 0.008366 5e-06 0.003794
2-3-0-2-2-3-0-4-3-5-0-2-2 104040 0.024902 0.009266 5e-06 0.004168
2-3-0-2-2-3-0-4-3-5-0-4-3 2000819 0.015449 0.007095 5e-06 0.003558
2-3-0-2-2-3-0-4-3-5-0-6-4 180031 0.019416 0.009042 1.2e-05 0.00611
2-3-0-2-2-3-0-6-4-7-0-0-1 3216 0.025559 0.01842 7e-06 0.002727
2-3-0-2-2-3-0-6-4-7-0-2-2 142912 0.036808 0.023723 4e-06 0.00291
2-3-0-2-2-3-0-6-4-7-0-4-3 2742607 0.020643 0.013855 4e-06 0.003211
2-3-0-2-2-3-0-6-4-7-0-6-4 182627 0.019588 0.013486 9e-06 0.002747
2-3-0-4-3-5-0-0-1-1-0-0-1 3046 0.172063 0.149381 5e-06 0.002889
2-3-0-4-3-5-0-0-1-1-0-2-2 160926 0.16837 0.143975 8e-06 0.003215
2-3-0-4-3-5-0-0-1-1-0-4-3 2973549 0.029788 0.013501 4e-06 0.002922
2-3-0-4-3-5-0-0-1-1-0-6-4 182870 0.016635 0.00962 2e-06 0.00315
2-3-0-4-3-5-0-2-2-3-0-0-1 3216 0.117459 0.101491 2e-06 0.002825
2-3-0-4-3-5-0-2-2-3-0-2-2 104040 0.129536 0.102993 5e-06 0.002932
2-3-0-4-3-5-0-2-2-3-0-4-3 2963165 0.019234 0.01077 4e-06 0.003275
2-3-0-4-3-5-0-2-2-3-0-6-4 182861 0.01664 0.010066 7e-06 0.003012
2-3-0-4-3-5-0-4-3-5-0-0-1 3216 0.017979 0.010893 6e-06 0.003114
2-3-0-4-3-5-0-4-3-5-0-2-2 160308 0.018074 0.011176 2e-06 0.003713
2-3-0-4-3-5-0-4-3-5-0-4-3 2901292 0.026022 0.017698 8e-06 0.003715
2-3-0-4-3-5-0-4-3-5-0-6-4 182871 0.0247 0.017018 9e-06 0.003832
2-3-0-4-3-5-0-6-4-7-0-0-1 3216 0.01807 0.010183 6e-06 0.003548
2-3-0-4-3-5-0-6-4-7-0-2-2 161480 0.016738 0.009789 4e-06 0.00347
2-3-0-4-3-5-0-6-4-7-0-4-3 3061380 0.022575 0.016186 6e-06 0.003536
2-3-0-4-3-5-0-6-4-7-0-6-4 182908 0.021762 0.015124 4e-06 0.003533
2-3-0-6-4-7-0-0-1-1-0-0-1 3216 0.628686 0.398547 3e-06 0.003002
2-3-0-6-4-7-0-0-1-1-0-2-2 161604 0.656114 0.423866 2e-06 0.003555
2-3-0-6-4-7-0-0-1-1-0-4-3 3063642 0.037447 0.023827 9e-06 0.003737
2-3-0-6-4-7-0-0-1-1-0-6-4 182910 0.018254 0.011141 7e-06 0.003289
2-3-0-6-4-7-0-2-2-3-0-0-1 3216 0.319062 0.272559 5e-06 0.002911
2-3-0-6-4-7-0-2-2-3-0-2-2 142912 0.341693 0.2833 1.2e-05 0.005956
2-3-0-6-4-7-0-2-2-3-0-4-3 3054372 0.024214 0.012597 9e-06 0.005407
2-3-0-6-4-7-0-2-2-3-0-6-4 182909 0.018151 0.011457 5e-06 0.00334
2-3-0-6-4-7-0-4-3-5-0-0-1 3216 0.023435 0.016214 3e-06 0.003747
2-3-0-6-4-7-0-4-3-5-0-2-2 161480 0.02385 0.016482 5e-06 0.003689
2-3-0-6-4-7-0-4-3-5-0-4-3 2972666 0.029338 0.022776 6e-06 0.003625
2-3-0-6-4-7-0-4-3-5-0-6-4 182910 0.03556 0.022593 4e-06 0.003743
2-3-0-6-4-7-0-6-4-7-0-0-1 3216 0.019713 0.013923 7e-06 0.0031
2-3-0-6-4-7-0-6-4-7-0-2-2 161604 0.020049 0.014077 5e-06 0.003233
2-3-0-6-4-7-0-6-4-7-0-4-3 3063636 0.030311 0.020068 2e-06 0.00353
2-3-0-6-4-7-0-6-4-7-0-6-4 182910 0.027707 0.021734 3e-06 0.003145
3-5-0-0-1-1-0-0-1-1-0-0-1 12415 0.031079 0.024213 9e-06 0.003233
3-5-0-0-1-1-0-0-1-1-0-2-2 2652152 0.031998 0.024971 4e-06 0.003324
3-5-0-0-1-1-0-0-1-1-0-4-3 21692253 0.055849 0.049085 6e-06 0.003556
3-5-0-0-1-1-0-0-1-1-0-6-4 3441023 0.051889 0.045151 2e-06 0.003607
3-5-0-0-1-1-0-2-2-3-0-0-1 60968 0.070067 0.061833 4e-06 0.003599
3-5-0-0-1-1-0-2-2-3-0-2-2 2652152 0.071891 0.063503 5e-06 0.003377
3-5-0-0-1-1-0-2-2-3-0-4-3 57885025 0.188918 0.175988 4e-06 0.003755
3-5-0-0-1-1-0-2-2-3-0-6-4 3467555 0.17236 0.158675 4e-06 0.003048
3-5-0-0-1-1-0-4-3-5-0-0-1 60968 0.142903 0.134209 6e-06 0.003467
3-5-0-0-1-1-0-4-3-5-0-2-2 2973549 0.129611 0.122084 7e-06 0.003166
3-5-0-0-1-1-0-4-3-5-0-4-3 54281919 0.218899 0.212131 6e-06 0.003043
3-5-0-0-1-1-0-4-3-5-0-6-4 3461526 0.207743 0.199522 2e-06 0.004093
3-5-0-0-1-1-0-6-4-7-0-0-1 60968 0.173881 0.16444 4e-06 0.003295
3-5-0-0-1-1-0-6-4-7-0-2-2 3063642 0.171878 0.161874 4e-06 0.002804
3-5-0-0-1-1-0-6-4-7-0-4-3 58078938 0.281851 0.27519 5e-06 0.003056
3-5-0-0-1-1-0-6-4-7-0-6-4 3467555 0.2725 0.260209 6e-06 0.003721
3-5-0-2-2-3-0-0-1-1-0-0-1 60416 0.060344 0.051559 3e-06 0.003124
3-5-0-2-2-3-0-0-1-1-0-2-2 3063204 0.061697 0.052575 3e-06 0.003027
3-5-0-2-2-3-0-0-1-1-0-4-3 57885025 0.159276 0.150109 4e-06 0.003046
3-5-0-2-2-3-0-0-1-1-0-6-4 3467549 0.146979 0.137579 8e-06 0.00284
3-5-0-2-2-3-0-2-2-3-0-0-1 60416 0.01745 0.007155 5e-06 0.002938
3-5-0-2-2-3-0-2-2-3-0-2-2 58197 0.015541 0.007144 6e-06 0.00278
3-5-0-2-2-3-0-2-2-3-0-4-3 19843901 0.026573 0.019594 3e-06 0.002867
3-5-0-2-2-3-0-2-2-3-0-6-4 3124458 0.023798 0.014496 5e-06 0.002816
3-5-0-2-2-3-0-4-3-5-0-0-1 60963 0.126217 0.11338 6e-06 0.002935
3-5-0-2-2-3-0-4-3-5-0-2-2 2963165 0.125893 0.117147 4e-06 0.002792
3-5-0-2-2-3-0-4-3-5-0-4-3 53813541 0.217579 0.208697 5e-06 0.003025
3-5-0-2-2-3-0-4-3-5-0-6-4 3463475 0.200452 0.193073 2e-06 0.002906
3-5-0-2-2-3-0-6-4-7-0-0-1 60968 0.154113 0.132555 5e-06 0.002835
3-5-0-2-2-3-0-6-4-7-0-2-2 3054372 0.142154 0.132854 5e-06 0.00277
3-5-0-2-2-3-0-6-4-7-0-4-3 57842363 0.254977 0.242913 5e-06 0.002895
3-5-0-2-2-3-0-6-4-7-0-6-4 3467504 0.237639 0.228797 5e-06 0.003028
3-5-0-4-3-5-0-0-1-1-0-0-1 55228 0.082948 0.068566 4e-06 0.002679
3-5-0-4-3-5-0-0-1-1-0-2-2 3024726 0.079602 0.067558 3e-06 0.00296
3-5-0-4-3-5-0-0-1-1-0-4-3 54281919 0.171304 0.156471 6e-06 0.002821
3-5-0-4-3-5-0-0-1-1-0-6-4 3465007 0.157216 0.145737 1e-06 0.002941
3-5-0-4-3-5-0-2-2-3-0-0-1 60877 0.081097 0.066418 6e-06 0.003195
3-5-0-4-3-5-0-2-2-3-0-2-2 2000819 0.079553 0.066059 4e-06 0.002774
3-5-0-4-3-5-0-2-2-3-0-4-3 53813541 0.167979 0.158123 5e-06 0.002818
3-5-0-4-3-5-0-2-2-3-0-6-4 3418541 0.154993 0.143307 2e-06 0.002833
3-5-0-4-3-5-0-4-3-5-0-0-1 58641 0.200911 0.188305 1.1e-05 0.003381
3-5-0-4-3-5-0-4-3-5-0-2-2 2901292 0.201144 0.190638 4e-06 0.00299
3-5-0-4-3-5-0-4-3-5-0-4-3 52582147 0.297979 0.288754 5e-06 0.003024
3-5-0-4-3-5-0-4-3-5-0-6-4 3316743 0.285364 0.274026 7e-06 0.003117
3-5-0-4-3-5-0-6-4-7-0-0-1 60964 0.186564 0.167973 2e-06 0.00289
3-5-0-4-3-5-0-6-4-7-0-2-2 2972666 0.189049 0.17173 3e-06 0.002913
3-5-0-4-3-5-0-6-4-7-0-4-3 56836191 0.285742 0.278478 8e-06 0.002763
3-5-0-4-3-5-0-6-4-7-0-6-4 3465492 0.277268 0.264167 5e-06 0.002758
3-5-0-6-4-7-0-0-1-1-0-0-1 60964 0.136919 0.124124 4e-06 0.00259
3-5-0-6-4-7-0-0-1-1-0-2-2 3063638 0.142413 0.128551 4e-06 0.002705
3-5-0-6-4-7-0-0-1-1-0-4-3 58078938 0.224874 0.218204 4e-06 0.002524
3-5-0-6-4-7-0-0-1-1-0-6-4 3467555 0.218687 0.201917 7e-06 0.002945
3-5-0-6-4-7-0-2-2-3-0-0-1 60968 0.146873 0.129436 6e-06 0.003138
3-5-0-6-4-7-0-2-2-3-0-2-2 2742607 0.137947 0.128861 6e-06 0.002524
3-5-0-6-4-7-0-2-2-3-0-4-3 57842363 0.236454 0.229927 7e-06 0.002767
3-5-0-6-4-7-0-2-2-3-0-6-4 3467514 0.223882 0.215309 5e-06 0.00274
3-5-0-6-4-7-0-4-3-5-0-0-1 60968 0.330886 0.318772 3e-06 0.002888
3-5-0-6-4-7-0-4-3-5-0-2-2 3061380 0.333339 0.317417 6e-06 0.002714
3-5-0-6-4-7-0-4-3-5-0-4-3 56836191 0.433662 0.42529 4e-06 0.00291
3-5-0-6-4-7-0-4-3-5-0-6-4 3467552 0.439295 0.421862 4e-06 0.003349
3-5-0-6-4-7-0-6-4-7-0-0-1 60968 0.293315 0.272883 5e-06 0.003109
3-5-0-6-4-7-0-6-4-7-0-2-2 3063636 0.292993 0.276997 3e-06 0.002999
3-5-0-6-4-7-0-6-4-7-0-4-3 58079519 0.391767 0.385209 5e-06 0.002746
3-5-0-6-4-7-0-6-4-7-0-6-4 3467555 0.387195 0.37414 6e-06 0.002761
4-7-0-0-1-1-0-0-1-1-0-0-1 3588 0.011008 0.006341 5e-06 0.002481
4-7-0-0-1-1-0-0-1-1-0-2-2 182777 0.010497 0.006377 6e-06 0.00228
4-7-0-0-1-1-0-0-1-1-0-4-3 3441023 0.016302 0.011837 4e-06 0.002167
4-7-0-0-1-1-0-0-1-1-0-6-4 207025 0.01512 0.010908 6e-06 0.002426
4-7-0-0-1-1-0-2-2-3-0-0-1 3640 0.010229 0.006322 5e-06 0.00222
4-7-0-0-1-1-0-2-2-3-0-2-2 182777 0.010658 0.006666 4e-06 0.002342
4-7-0-0-1-1-0-2-2-3-0-4-3 3467549 0.017739 0.013497 2e-06 0.002494
4-7-0-0-1-1-0-2-2-3-0-6-4 207025 0.018557 0.013961 3e-06 0.002293
4-7-0-0-1-1-0-4-3-5-0-0-1 3640 0.024929 0.018857 7e-06 0.003363
4-7-0-0-1-1-0-4-3-5-0-2-2 182870 0.027297 0.022092 8e-06 0.002377
4-7-0-0-1-1-0-4-3-5-0-4-3 3465007 0.031025 0.025912 0 0.002713
4-7-0-0-1-1-0-4-3-5-0-6-4 207025 0.029602 0.024473 3e-06 0.00268
4-7-0-0-1-1-0-6-4-7-0-0-1 3640 0.02023 0.016028 3e-06 0.002342
4-7-0-0-1-1-0-6-4-7-0-2-2 182910 0.020081 0.015926 8e-06 0.002221
4-7-0-0-1-1-0-6-4-7-0-4-3 3467555 0.026779 0.02246 4e-06 0.002407
4-7-0-0-1-1-0-6-4-7-0-6-4 207025 0.025668 0.021423 2e-06 0.002363
4-7-0-2-2-3-0-0-1-1-0-0-1 3640 0.009419 0.005257 1e-06 0.002322
4-7-0-2-2-3-0-0-1-1-0-2-2 182910 0.009284 0.005288 5e-06 0.002289
4-7-0-2-2-3-0-0-1-1-0-4-3 3467555 0.015036 0.010714 6e-06 0.002123
4-7-0-2-2-3-0-0-1-1-0-6-4 207025 0.0144 0.01013 3e-06 0.002394
4-7-0-2-2-3-0-2-2-3-0-0-1 3640 0.008676 0.004254 4e-06 0.002465
4-7-0-2-2-3-0-2-2-3-0-2-2 49523 0.012341 0.00426 5e-06 0.002326
4-7-0-2-2-3-0-2-2-3-0-4-3 3124458 0.013235 0.00893 1e-06 0.002238
4-7-0-2-2-3-0-2-2-3-0-6-4 206833 0.012523 0.008104 4e-06 0.002374
4-7-0-2-2-3-0-4-3-5-0-0-1 3640 0.021828 0.017038 2e-06 0.002459
4-7-0-2-2-3-0-4-3-5-0-2-2 182861 0.020834 0.016473 5e-06 0.0024
4-7-0-2-2-3-0-4-3-5-0-4-3 3418541 0.02837 0.023748 8e-06 0.00252
4-7-0-2-2-3-0-4-3-5-0-6-4 207025 0.028918 0.023899 2e-06 0.002484
4-7-0-2-2-3-0-6-4-7-0-0-1 3640 0.017994 0.013901 1e-06 0.002363
4-7-0-2-2-3-0-6-4-7-0-2-2 182909 0.018166 0.013773 4e-06 0.002262
4-7-0-2-2-3-0-6-4-7-0-4-3 3467514 0.032273 0.022313 2e-06 0.002477
4-7-0-2-2-3-0-6-4-7-0-6-4 207025 0.024481 0.019625 4e-06 0.002364
4-7-0-4-3-5-0-0-1-1-0-0-1 3629 0.016761 0.011831 3e-06 0.002513
4-7-0-4-3-5-0-0-1-1-0-2-2 182887 0.015735 0.011183 4e-06 0.002584
4-7-0-4-3-5-0-0-1-1-0-4-3 3461526 0.022574 0.017711 4e-06 0.002623
4-7-0-4-3-5-0-0-1-1-0-6-4 207025 0.021821 0.01617 7e-06 0.002505
4-7-0-4-3-5-0-2-2-3-0-0-1 3640 0.016047 0.011522 3e-06 0.002471
4-7-0-4-3-5-0-2-2-3-0-2-2 180031 0.016072 0.011516 5e-06 0.00249
4-7-0-4-3-5-0-2-2-3-0-4-3 3463475 0.022643 0.018108 5e-06 0.002507
4-7-0-4-3-5-0-2-2-3-0-6-4 207025 0.022086 0.017332 3e-06 0.002534
4-7-0-4-3-5-0-4-3-5-0-0-1 3640 0.030746 0.02536 6e-06 0.002763
4-7-0-4-3-5-0-4-3-5-0-2-2 182871 0.031283 0.025698 2e-06 0.002847
4-7-0-4-3-5-0-4-3-5-0-4-3 3316743 0.036551 0.031085 1e-06 0.00274
4-7-0-4-3-5-0-4-3-5-0-6-4 207025 0.035031 0.029692 3e-06 0.002749
4-7-0-4-3-5-0-6-4-7-0-0-1 3640 0.026506 0.021244 3e-06 0.002508
4-7-0-4-3-5-0-6-4-7-0-2-2 182910 0.027446 0.022514 2e-06 0.00266
4-7-0-4-3-5-0-6-4-7-0-4-3 3467552 0.033453 0.028272 1e-06 0.002625
4-7-0-4-3-5-0-6-4-7-0-6-4 207025 0.032914 0.027752 2e-06 0.002451
4-7-0-6-4-7-0-0-1-1-0-0-1 3640 0.015341 0.011238 5e-06 0.002369
4-7-0-6-4-7-0-0-1-1-0-2-2 182910 0.015212 0.011204 5e-06 0.00226
4-7-0-6-4-7-0-0-1-1-0-4-3 3467555 0.021162 0.016948 4e-06 0.002429
4-7-0-6-4-7-0-0-1-1-0-6-4 207025 0.019623 0.015648 8e-06 0.002175
4-7-0-6-4-7-0-2-2-3-0-0-1 3640 0.015489 0.011303 3e-06 0.00242
4-7-0-6-4-7-0-2-2-3-0-2-2 182627 0.015731 0.011475 2e-06 0.002334
4-7-0-6-4-7-0-2-2-3-0-4-3 3467504 0.022952 0.018399 4e-06 0.002483
4-7-0-6-4-7-0-2-2-3-0-6-4 207025 0.022149 0.01757 4e-06 0.002457
4-7-0-6-4-7-0-4-3-5-0-0-1 3640 0.030103 0.024726 2e-06 0.0027
4-7-0-6-4-7-0-4-3-5-0-2-2 182908 0.029525 0.024356 5e-06 0.002659
4-7-0-6-4-7-0-4-3-5-0-4-3 3465492 0.037279 0.031902 3e-06 0.002697
4-7-0-6-4-7-0-4-3-5-0-6-4 207025 0.037851 0.032281 5e-06 0.002643
4-7-0-6-4-7-0-6-4-7-0-0-1 3640 0.027843 0.02336 5e-06 0.002444
4-7-0-6-4-7-0-6-4-7-0-2-2 182910 0.026281 0.022009 2e-06 0.002474
4-7-0-6-4-7-0-6-4-7-0-4-3 3467555 0.03414 0.029021 7e-06 0.002527
4-7-0-6-4-7-0-6-4-7-0-6-4 207025 0.038466 0.029353 1e-05 0.005886
