0-0-1-1-0-0-1-1-0-0-1 34713 0.006119 0.002248 5e-06 0.001999
0-0-1-1-0-0-1-1-0-2-2 11426723 0.070281 0.065959 5e-06 0.002069
0-0-1-1-0-0-1-1-0-4-3 66667832 0.877251 0.869712 3e-06 0.00224
0-0-1-1-0-0-1-1-0-6-4 15626706 0.235218 0.221882 4e-06 0.002456
0-0-1-1-0-2-2-3-0-0-1 277704 0.005959 0.002067 5e-06 0.002378
0-0-1-1-0-2-2-3-0-2-2 11426723 0.01169 0.006736 2e-06 0.002212
0-0-1-1-0-2-2-3-0-4-3 262992233 1.4252 1.41713 4e-06 0.002201
0-0-1-1-0-2-2-3-0-6-4 15794415 1.0183 0.937702 6e-06 0.003638
0-0-1-1-0-4-3-5-0-0-1 277704 0.513084 0.493991 8e-06 0.003559
0-0-1-1-0-4-3-5-0-2-2 13373259 0.509937 0.495367 3e-06 0.002532
0-0-1-1-0-4-3-5-0-4-3 242448037 0.91862 0.900268 8e-06 0.005295
0-0-1-1-0-4-3-5-0-6-4 15758734 0.822651 0.808823 3e-06 0.002705
0-0-1-1-0-6-4-7-0-0-1 277704 1.06019 0.836896 4e-06 0.003009
0-0-1-1-0-6-4-7-0-2-2 13954626 0.944341 0.858168 2e-06 0.002801
0-0-1-1-0-6-4-7-0-4-3 264536355 1.47828 1.45444 1.2e-05 0.005156
0-0-1-1-0-6-4-7-0-6-4 15794415 1.43937 1.35595 9e-06 0.003368
0-2-2-3-0-0-1-1-0-0-1 269979 0.006404 0.001984 8e-06 0.002757
0-2-2-3-0-0-1-1-0-2-2 13942082 0.011054 0.005618 2e-06 0.002608
0-2-2-3-0-0-1-1-0-4-3 261068775 0.966198 0.954074 4e-06 0.002559
0-2-2-3-0-0-1-1-0-6-4 15794087 0.778298 0.75179 1.2e-05 0.00846
0-2-2-3-0-2-2-3-0-0-1 269979 0.009046 0.002051 6e-06 0.005005
0-2-2-3-0-2-2-3-0-2-2 34713 0.00562 0.001737 2e-06 0.002399
0-2-2-3-0-2-2-3-0-4-3 18178411 0.070693 0.025916 1e-06 0.002205
0-2-2-3-0-2-2-3-0-6-4 10219172 0.081034 0.019772 6e-06 0.003127
0-2-2-3-0-4-3-5-0-0-1 277212 0.287446 0.273225 4e-06 0.003012
0-2-2-3-0-4-3-5-0-2-2 12401496 0.294509 0.267434 3e-06 0.002837
0-2-2-3-0-4-3-5-0-4-3 223199128 0.6102 0.58934 4e-06 0.003008
0-2-2-3-0-4-3-5-0-6-4 15752999 0.536148 0.51503 7e-06 0.005405
0-2-2-3-0-6-4-7-0-0-1 277704 0.621976 0.564352 6e-06 0.003365
0-2-2-3-0-6-4-7-0-2-2 13689497 0.660857 0.581383 -4.33681e-19 0.002405
0-2-2-3-0-6-4-7-0-4-3 258664239 1.22428 1.18666 1e-06 0.002655
0-2-2-3-0-6-4-7-0-6-4 15792398 1.08581 1.04607 7e-06 0.002871
0-4-3-5-0-0-1-1-0-0-1 125547 0.199568 0.150424 3e-06 0.002559
0-4-3-5-0-0-1-1-0-2-2 13103489 0.181225 0.153256 3e-06 0.002627
0-4-3-5-0-0-1-1-0-4-3 159103520 0.448389 0.423979 7e-06 0.004053
0-4-3-5-0-0-1-1-0-6-4 15740985 0.390644 0.350038 6e-06 0.003574
0-4-3-5-0-2-2-3-0-0-1 277597 0.137408 0.109591 2e-06 0.002826
0-4-3-5-0-2-2-3-0-2-2 1807215 0.146549 0.118834 3e-06 0.002545
0-4-3-5-0-2-2-3-0-4-3 186718068 0.382543 0.364162 5e-06 0.002512
0-4-3-5-0-2-2-3-0-6-4 15662521 0.341198 0.318074 3e-06 0.002837
0-4-3-5-0-4-3-5-0-0-1 273654 0.369563 0.352804 4e-06 0.003986
0-4-3-5-0-4-3-5-0-2-2 12620533 0.370909 0.354373 3e-06 0.003971
0-4-3-5-0-4-3-5-0-4-3 228319167 0.747303 0.726113 6e-06 0.00398
0-4-3-5-0-4-3-5-0-6-4 15556071 0.641751 0.62505 8e-06 0.00378
0-4-3-5-0-6-4-7-0-0-1 277700 0.753653 0.676381 3e-06 0.00282
0-4-3-5-0-6-4-7-0-2-2 13721768 0.738051 0.669972 -4.33681e-19 0.002533
0-4-3-5-0-6-4-7-0-4-3 260634304 1.34186 1.29 1e-05 0.005522
0-4-3-5-0-6-4-7-0-6-4 15790892 1.20008 1.15622 4e-06 0.002938
0-6-4-7-0-0-1-1-0-0-1 277619 0.63297 0.403861 4e-06 0.00274
0-6-4-7-0-0-1-1-0-2-2 13954551 0.505254 0.428416 7e-06 0.002573
0-6-4-7-0-0-1-1-0-4-3 264520476 0.978097 0.950129 5e-06 0.003214
0-6-4-7-0-0-1-1-0-6-4 15794415 0.90913 0.793259 8e-06 0.004958
0-6-4-7-0-2-2-3-0-0-1 277704 0.358934 0.275273 4.33681e-19 0.002739
0-6-4-7-0-2-2-3-0-2-2 6345795 0.363724 0.325361 6e-06 0.002669
0-6-4-7-0-2-2-3-0-4-3 254483838 0.884624 0.874318 3e-06 0.003158
0-6-4-7-0-2-2-3-0-6-4 15792946 0.722682 0.690608 7e-06 0.005202
0-6-4-7-0-4-3-5-0-0-1 277701 0.962674 0.897967 9e-06 0.005364
0-6-4-7-0-4-3-5-0-2-2 13891951 0.976744 0.950975 6e-06 0.003892
0-6-4-7-0-4-3-5-0-4-3 251652169 1.53538 1.49904 2e-06 0.00295
0-6-4-7-0-4-3-5-0-6-4 15794346 1.41011 1.38021 3e-06 0.002805
0-6-4-7-0-6-4-7-0-0-1 277704 0.951854 0.80781 4e-06 0.002754
0-6-4-7-0-6-4-7-0-2-2 13954431 0.899501 0.803934 4e-06 0.002523
0-6-4-7-0-6-4-7-0-4-3 264542228 1.47825 1.44107 1e-05 0.005191
0-6-4-7-0-6-4-7-0-6-4 15794414 1.3171 1.24632 8e-06 0.005133
1-1-0-0-1-1-0-0-1-1-0 34713 0.208369 0.198331 3e-06 0.001655
1-1-0-0-1-1-0-2-2-3-0 269979 0.597318 0.450256 4e-06 0.001815
1-1-0-0-1-1-0-4-3-5-0 125547 0.162622 0.138654 2e-06 0.001957
1-1-0-0-1-1-0-6-4-7-0 277619 0.138429 0.132953 2e-06 0.002331
1-1-0-2-2-3-0-0-1-1-0 277704 0.628054 0.546104 6e-06 0.001586
1-1-0-2-2-3-0-2-2-3-0 269979 0.093707 0.016604 4e-06 0.001729
1-1-0-2-2-3-0-4-3-5-0 277597 0.021851 0.011857 4e-06 0.001824
1-1-0-2-2-3-0-6-4-7-0 277704 0.027861 0.014307 2e-06 0.002051
1-1-0-4-3-5-0-0-1-1-0 277704 0.005625 0.002072 4e-06 0.001892
1-1-0-4-3-5-0-2-2-3-0 277212 0.005335 0.002103 4e-06 0.001749
1-1-0-4-3-5-0-4-3-5-0 273654 0.008397 0.004335 2e-06 0.001718
1-1-0-4-3-5-0-6-4-7-0 277701 0.006783 0.003474 4e-06 0.001587
1-1-0-6-4-7-0-0-1-1-0 277704 0.004952 0.002347 3e-06 0.001552
1-1-0-6-4-7-0-2-2-3-0 277704 0.007856 0.004141 1e-06 0.001497
1-1-0-6-4-7-0-4-3-5-0 277700 0.01021 0.005361 5e-06 0.003566
1-1-0-6-4-7-0-6-4-7-0 277704 0.007045 0.004428 3e-06 0.0015
2-3-0-0-1-1-0-0-1-1-0 11426723 0.173233 0.164275 3e-06 0.001408
2-3-0-0-1-1-0-2-2-3-0 13942082 0.30095 0.284115 4e-06 0.00155
2-3-0-0-1-1-0-4-3-5-0 13103489 0.070126 0.049834 4e-06 0.002332
2-3-0-0-1-1-0-6-4-7-0 13954551 0.05565 0.045642 6e-06 0.001947
2-3-0-2-2-3-0-0-1-1-0 11426723 0.347366 0.305086 3e-06 0.001606
2-3-0-2-2-3-0-2-2-3-0 34713 0.075886 0.012905 4e-06 0.001682
2-3-0-2-2-3-0-4-3-5-0 1807215 0.025821 0.009169 6e-06 0.002597
2-3-0-2-2-3-0-6-4-7-0 6345795 0.015608 0.008766 5e-06 0.001695
2-3-0-4-3-5-0-0-1-1-0 13373259 0.007599 0.00306 2e-06 0.001953
2-3-0-4-3-5-0-2-2-3-0 12401496 0.007652 0.0032 3e-06 0.002019
2-3-0-4-3-5-0-4-3-5-0 12620533 0.015475 0.010716 3e-06 0.002262
2-3-0-4-3-5-0-6-4-7-0 13891951 0.014213 0.009343 2e-06 0.002047
2-3-0-6-4-7-0-0-1-1-0 13954626 0.010567 0.005071 3e-06 0.001834
2-3-0-6-4-7-0-2-2-3-0 13689497 0.008738 0.005189 4e-06 0.0018
2-3-0-6-4-7-0-4-3-5-0 13721768 0.021151 0.016805 2e-06 0.001975
2-3-0-6-4-7-0-6-4-7-0 13954431 0.018095 0.014336 3e-06 0.001845
3-5-0-0-1-1-0-0-1-1-0 66667832 0.024399 0.02018 3e-06 0.002016
3-5-0-0-1-1-0-2-2-3-0 261068775 0.044867 0.04061 5e-06 0.001658
3-5-0-0-1-1-0-4-3-5-0 159103520 0.125174 0.119881 1e-06 0.00206
3-5-0-0-1-1-0-6-4-7-0 264520476 0.151463 0.146474 2e-06 0.002012
3-5-0-2-2-3-0-0-1-1-0 262992233 0.032622 0.027762 2e-06 0.001869
3-5-0-2-2-3-0-2-2-3-0 18178411 0.018185 0.007068 5e-06 0.00191
3-5-0-2-2-3-0-4-3-5-0 186718068 0.111051 0.105961 1e-06 0.001829
3-5-0-2-2-3-0-6-4-7-0 254483838 0.122104 0.114765 3e-06 0.001862
3-5-0-4-3-5-0-0-1-1-0 242448037 0.059157 0.046269 2e-06 0.001847
3-5-0-4-3-5-0-2-2-3-0 223199128 0.059264 0.047841 3e-06 0.001833
3-5-0-4-3-5-0-4-3-5-0 228319167 0.190869 0.180486 5e-06 0.002144
3-5-0-4-3-5-0-6-4-7-0 251652169 0.167577 0.161704 1e-06 0.002161
3-5-0-6-4-7-0-0-1-1-0 264536355 0.119788 0.109021 4e-06 0.001551
3-5-0-6-4-7-0-2-2-3-0 258664239 0.122238 0.114012 3e-06 0.001839
3-5-0-6-4-7-0-4-3-5-0 260634304 0.325239 0.319449 3e-06 0.002094
3-5-0-6-4-7-0-6-4-7-0 264542228 0.288067 0.278227 5e-06 0.00217
4-7-0-0-1-1-0-0-1-1-0 15626706 0.009471 0.005806 1e-06 0.002018
4-7-0-0-1-1-0-2-2-3-0 15794087 0.007726 0.004814 4e-06 0.001365
4-7-0-0-1-1-0-4-3-5-0 15740985 0.021207 0.017144 1e-06 0.001667
4-7-0-0-1-1-0-6-4-7-0 15794415 0.022114 0.016808 4.33681e-19 0.001618
4-7-0-2-2-3-0-0-1-1-0 15794415 0.006405 0.003739 2e-06 0.001338
4-7-0-2-2-3-0-2-2-3-0 10219172 0.008988 0.00317 7e-06 0.001388
4-7-0-2-2-3-0-4-3-5-0 15662521 0.019404 0.015997 3e-06 0.00149
4-7-0-2-2-3-0-6-4-7-0 15792946 0.016501 0.013129 4e-06 0.001459
4-7-0-4-3-5-0-0-1-1-0 15758734 0.016037 0.011803 2e-06 0.001625
4-7-0-4-3-5-0-2-2-3-0 15752999 0.01371 0.010528 3e-06 0.001577
4-7-0-4-3-5-0-4-3-5-0 15556071 0.031055 0.026816 4e-06 0.001723
4-7-0-4-3-5-0-6-4-7-0 15794346 0.025333 0.022027 3e-06 0.001644
4-7-0-6-4-7-0-0-1-1-0 15794415 0.012636 0.009746 2e-06 0.00147
4-7-0-6-4-7-0-2-2-3-0 15792398 0.01311 0.010301 3e-06 0.001473
4-7-0-6-4-7-0-4-3-5-0 15790892 0.028189 0.024313 3e-06 0.001654
4-7-0-6-4-7-0-6-4-7-0 15794414 0.024874 0.021907 2e-06 0.001397
