0-0-1-1-0-0-1-1-0 197321793 0.713812 0.70814 2e-06 0.00123
0-0-1-1-0-2-2-3-0 1180774212 0.679606 0.674083 1e-06 0.00102
0-0-1-1-0-4-3-5-0 612621062 0.468221 0.452199 4e-06 0.003659
0-0-1-1-0-6-4-7-0 1204757174 0.734084 0.728016 3e-06 0.001502
0-2-2-3-0-0-1-1-0 1180774212 0.321595 0.315015 2e-06 0.001906
0-2-2-3-0-2-2-3-0 13786567 0.045453 0.0176 1e-06 0.001919
0-2-2-3-0-4-3-5-0 449954072 0.256174 0.239967 3e-06 0.00398
0-2-2-3-0-6-4-7-0 983207857 0.460943 0.448467 5e-06 0.002741
0-4-3-5-0-0-1-1-0 612621062 0.11769 0.07659 5e-06 0.002521
0-4-3-5-0-2-2-3-0 449954072 0.121298 0.065214 2e-06 0.002279
0-4-3-5-0-4-3-5-0 547588523 0.324784 0.308991 2e-06 0.003775
0-4-3-5-0-6-4-7-0 1111476579 0.569933 0.539585 2e-06 0.00211
0-6-4-7-0-0-1-1-0 1204757174 0.341307 0.321016 3e-06 0.001893
0-6-4-7-0-2-2-3-0 983207857 0.21662 0.210594 4e-06 0.001756
0-6-4-7-0-4-3-5-0 1111476579 0.80362 0.782592 2e-06 0.001825
0-6-4-7-0-6-4-7-0 1204754523 0.698848 0.668429 0 0.00174
1-1-0-0-1-1-0-0-1 8 0.00479 0.001283 1e-06 0.001658
1-1-0-0-1-1-0-2-2 2501 0.011555 0.008124 4e-06 0.001543
1-1-0-0-1-1-0-4-3 12415 0.121561 0.115757 1e-06 0.001361
1-1-0-0-1-1-0-6-4 3588 0.107092 0.099671 6e-06 0.002564
1-1-0-2-2-3-0-0-1 64 0.004554 0.001514 3e-06 0.001689
1-1-0-2-2-3-0-2-2 2501 0.004445 0.001195 3e-06 0.001365
1-1-0-2-2-3-0-4-3 60416 0.033378 0.015213 1e-06 0.001383
1-1-0-2-2-3-0-6-4 3640 0.025744 0.012331 0 0.001506
1-1-0-4-3-5-0-0-1 64 0.00494 0.001826 3e-06 0.001587
1-1-0-4-3-5-0-2-2 3046 0.00517 0.002101 1e-06 0.001506
1-1-0-4-3-5-0-4-3 55228 0.006394 0.0031 2e-06 0.001468
1-1-0-4-3-5-0-6-4 3629 0.006755 0.003746 2e-06 0.001549
1-1-0-6-4-7-0-0-1 64 0.004727 0.002277 2e-06 0.001376
1-1-0-6-4-7-0-2-2 3216 0.00503 0.002909 2e-06 0.001325
1-1-0-6-4-7-0-4-3 60964 0.006455 0.00355 2e-06 0.001456
1-1-0-6-4-7-0-6-4 3640 0.005947 0.003634 0 0.001439
2-3-0-0-1-1-0-0-1 2501 0.003355 0.001037 2e-06 0.001214
2-3-0-0-1-1-0-2-2 158938 0.007053 0.004133 2e-06 0.001264
2-3-0-0-1-1-0-4-3 2652152 0.059395 0.043142 1e-06 0.001395
2-3-0-0-1-1-0-6-4 182777 0.057578 0.039607 4e-06 0.001328
2-3-0-2-2-3-0-0-1 2501 0.003905 0.001174 2e-06 0.001465
2-3-0-2-2-3-0-2-2 402 0.003841 0.001004 2e-06 0.00151
2-3-0-2-2-3-0-4-3 58197 0.01566 0.005906 4e-06 0.001337
2-3-0-2-2-3-0-6-4 49523 0.013309 0.004737 4e-06 0.001428
2-3-0-4-3-5-0-0-1 3046 0.006101 0.001576 2e-06 0.001623
2-3-0-4-3-5-0-2-2 104040 0.005391 0.00188 3e-06 0.001554
2-3-0-4-3-5-0-4-3 2000819 0.011266 0.003579 1e-06 0.001582
2-3-0-4-3-5-0-6-4 180031 0.006982 0.003404 1e-06 0.001565
2-3-0-6-4-7-0-0-1 3216 0.006661 0.003814 2e-06 0.001386
2-3-0-6-4-7-0-2-2 142912 0.006967 0.003957 2e-06 0.001381
2-3-0-6-4-7-0-4-3 2742607 0.012086 0.008844 2e-06 0.001474
2-3-0-6-4-7-0-6-4 182627 0.010975 0.008156 1e-06 0.001392
3-5-0-0-1-1-0-0-1 12415 0.016922 0.013517 4e-06 0.001489
3-5-0-0-1-1-0-2-2 2652152 0.018605 0.01486 1e-06 0.00163
3-5-0-0-1-1-0-4-3 21692253 0.047541 0.04333 1e-06 0.00172
3-5-0-0-1-1-0-6-4 3441023 0.042232 0.038309 5e-06 0.001591
3-5-0-2-2-3-0-0-1 60416 0.007769 0.004128 4e-06 0.001588
3-5-0-2-2-3-0-2-2 58197 0.013536 0.004789 2e-06 0.001335
3-5-0-2-2-3-0-4-3 19843901 0.022716 0.018541 4e-06 0.001647
3-5-0-2-2-3-0-6-4 3124458 0.017382 0.013366 1e-06 0.001624
3-5-0-4-3-5-0-0-1 55228 0.031394 0.027475 3e-06 0.001619
3-5-0-4-3-5-0-2-2 2000819 0.035118 0.030742 2.1684e-19 0.001782
3-5-0-4-3-5-0-4-3 39593037 0.082308 0.072987 1e-06 0.001749
3-5-0-4-3-5-0-6-4 3251114 0.074324 0.060192 1e-06 0.001673
3-5-0-6-4-7-0-0-1 60964 0.100747 0.09055 -2.1684e-19 0.001545
3-5-0-6-4-7-0-2-2 2742607 0.104632 0.090212 3e-06 0.001446
3-5-0-6-4-7-0-4-3 52976979 0.197226 0.187971 4e-06 0.001782
3-5-0-6-4-7-0-6-4 3462094 0.176822 0.171713 2e-06 0.001521
4-7-0-0-1-1-0-0-1 3588 0.006237 0.003616 5e-06 0.001283
4-7-0-0-1-1-0-2-2 182777 0.005807 0.003471 1e-06 0.001324
4-7-0-0-1-1-0-4-3 3441023 0.012368 0.009837 1e-06 0.001268
4-7-0-0-1-1-0-6-4 207025 0.012013 0.008853 3e-06 0.001267
4-7-0-2-2-3-0-0-1 3640 0.004966 0.00242 3e-06 0.001288
4-7-0-2-2-3-0-2-2 49523 0.004818 0.002457 3e-06 0.001284
4-7-0-2-2-3-0-4-3 3124458 0.011275 0.008047 2e-06 0.001462
4-7-0-2-2-3-0-6-4 206833 0.009779 0.006937 -2.1684e-19 0.001287
4-7-0-4-3-5-0-0-1 3629 0.013207 0.010043 2e-06 0.00146
4-7-0-4-3-5-0-2-2 180031 0.01328 0.009858 1e-06 0.001459
4-7-0-4-3-5-0-4-3 3251114 0.020796 0.017319 -2.1684e-19 0.001398
4-7-0-4-3-5-0-6-4 206991 0.019709 0.016286 2e-06 0.001457
4-7-0-6-4-7-0-0-1 3640 0.01268 0.009931 2e-06 0.001369
4-7-0-6-4-7-0-2-2 182627 0.012871 0.010227 4e-06 0.001431
4-7-0-6-4-7-0-4-3 3462094 0.020318 0.017552 2e-06 0.001214
4-7-0-6-4-7-0-6-4 207023 0.019094 0.015959 2e-06 0.001496
