0-0-1-1-0-0-1-1-0-0-1-1-0-0-1 34713 0.021593 0.004242 4e-06 0.004846
0-0-1-1-0-0-1-1-0-0-1-1-0-2-2 11426723 0.065418 0.057844 4e-06 0.002759
0-0-1-1-0-0-1-1-0-0-1-1-0-4-3 66667832 0.868828 0.849885 4e-06 0.002956
0-0-1-1-0-0-1-1-0-0-1-1-0-6-4 15626706 0.586773 0.556978 3e-06 0.004048
0-0-1-1-0-0-1-1-0-2-2-3-0-0-1 277704 0.011611 0.004212 8e-06 0.003901
0-0-1-1-0-0-1-1-0-2-2-3-0-2-2 11426723 0.025911 0.013927 2e-06 0.003878
0-0-1-1-0-0-1-1-0-2-2-3-0-4-3 262992233 3.15297 2.85221 6e-06 0.003884
0-0-1-1-0-0-1-1-0-2-2-3-0-6-4 15794415 2.36128 2.18199 6e-06 0.004122
0-0-1-1-0-0-1-1-0-4-3-5-0-0-1 277704 0.366374 0.332206 8e-06 0.004107
0-0-1-1-0-0-1-1-0-4-3-5-0-2-2 13373259 0.870247 0.822963 1.2e-05 0.007518
0-0-1-1-0-0-1-1-0-4-3-5-0-4-3 242448037 1.68306 1.66304 5e-06 0.004281
0-0-1-1-0-0-1-1-0-4-3-5-0-6-4 15758734 1.46151 1.42879 4e-06 0.004165
0-0-1-1-0-0-1-1-0-6-4-7-0-0-1 277704 0.371015 0.343463 7e-06 0.005435
0-0-1-1-0-0-1-1-0-6-4-7-0-2-2 13954626 1.49741 1.46123 1.2e-05 0.009563
0-0-1-1-0-0-1-1-0-6-4-7-0-4-3 264536355 2.53521 2.51586 1.1e-05 0.00456
0-0-1-1-0-0-1-1-0-6-4-7-0-6-4 15794415 2.43049 2.28793 7e-06 0.003903
0-0-1-1-0-2-2-3-0-0-1-1-0-0-1 277704 0.012666 0.004327 6e-06 0.003688
0-0-1-1-0-2-2-3-0-0-1-1-0-2-2 13954626 0.037767 0.01839 5e-06 0.003557
0-0-1-1-0-2-2-3-0-0-1-1-0-4-3 264547773 2.24072 2.14338 5e-06 0.003568
0-0-1-1-0-2-2-3-0-0-1-1-0-6-4 15794415 1.87904 1.74973 5e-06 0.004002
0-0-1-1-0-2-2-3-0-2-2-3-0-0-1 277704 0.012457 0.004613 9e-06 0.0038
0-0-1-1-0-2-2-3-0-2-2-3-0-2-2 11426723 0.013236 0.005912 9e-06 0.003661
0-0-1-1-0-2-2-3-0-2-2-3-0-4-3 262992233 1.68236 1.63851 7e-06 0.003654
0-0-1-1-0-2-2-3-0-2-2-3-0-6-4 15794415 1.39461 1.35057 1.4e-05 0.008945
0-0-1-1-0-2-2-3-0-4-3-5-0-0-1 277704 1.30662 1.25238 1.1e-05 0.005076
0-0-1-1-0-2-2-3-0-4-3-5-0-2-2 13954626 4.14079 4.1091 1.5e-05 0.007775
0-0-1-1-0-2-2-3-0-4-3-5-0-4-3 264272027 3.53368 3.48049 7e-06 0.004561
0-0-1-1-0-2-2-3-0-4-3-5-0-6-4 15794415 3.54541 3.44062 7e-06 0.004247
0-0-1-1-0-2-2-3-0-6-4-7-0-0-1 277704 1.24291 1.22006 8e-06 0.006319
0-0-1-1-0-2-2-3-0-6-4-7-0-2-2 13954626 8.99761 8.97042 6e-06 0.00402
0-0-1-1-0-2-2-3-0-6-4-7-0-4-3 264547773 2.96113 2.94425 3e-06 0.003872
0-0-1-1-0-2-2-3-0-6-4-7-0-6-4 15794415 2.79807 2.77251 1.4e-05 0.007374
0-0-1-1-0-4-3-5-0-0-1-1-0-0-1 277704 0.363341 0.347666 5e-06 0.004179
0-0-1-1-0-4-3-5-0-0-1-1-0-2-2 13954626 3.16961 3.14304 1.1e-05 0.00428
0-0-1-1-0-4-3-5-0-0-1-1-0-4-3 264547773 111.96 111.795 9e-06 0.004053
0-0-1-1-0-4-3-5-0-0-1-1-0-6-4 15794415 112.48 112.364 1e-05 0.005785
0-0-1-1-0-4-3-5-0-2-2-3-0-0-1 277704 0.374609 0.334049 7e-06 0.00394
0-0-1-1-0-4-3-5-0-2-2-3-0-2-2 13373259 0.934922 0.907997 5e-06 0.005584
0-0-1-1-0-4-3-5-0-2-2-3-0-4-3 264534436 84.5245 84.3673 4e-06 0.004687
0-0-1-1-0-4-3-5-0-2-2-3-0-6-4 15794415 84.372 84.2769 5e-06 0.004186
0-0-1-1-0-4-3-5-0-4-3-5-0-0-1 277704 2.69552 2.64034 1.5e-05 0.006339
0-0-1-1-0-4-3-5-0-4-3-5-0-2-2 13954626 2.65768 2.60619 1.5e-05 0.006635
0-0-1-1-0-4-3-5-0-4-3-5-0-4-3 254851812 3.48683 3.4326 5e-06 0.004456
0-0-1-1-0-4-3-5-0-4-3-5-0-6-4 15794415 3.37383 3.32316 8e-06 0.005979
0-0-1-1-0-4-3-5-0-6-4-7-0-0-1 277704 2.29539 2.25645 4e-06 0.003983
0-0-1-1-0-4-3-5-0-6-4-7-0-2-2 13954626 2.36743 2.32705 1.1e-05 0.005739
0-0-1-1-0-4-3-5-0-6-4-7-0-4-3 264547773 2.98082 2.95715 6e-06 0.005569
0-0-1-1-0-4-3-5-0-6-4-7-0-6-4 15794415 2.9683 2.92798 1.1e-05 0.005583
0-0-1-1-0-6-4-7-0-0-1-1-0-0-1 277704 0.615163 0.573944 6e-06 0.004267
0-0-1-1-0-6-4-7-0-0-1-1-0-2-2 13954626 3.28864 3.25739 4e-06 0.004468
0-0-1-1-0-6-4-7-0-0-1-1-0-4-3 264547773 214.795 214.641 6e-06 0.003709
0-0-1-1-0-6-4-7-0-0-1-1-0-6-4 15794415 216.021 215.893 9e-06 0.00474
0-0-1-1-0-6-4-7-0-2-2-3-0-0-1 277704 0.570537 0.510722 8e-06 0.003749
0-0-1-1-0-6-4-7-0-2-2-3-0-2-2 13954626 2.07835 1.83978 1.5e-05 0.008435
0-0-1-1-0-6-4-7-0-2-2-3-0-4-3 264547773 173.845 173.572 1e-05 0.005209
0-0-1-1-0-6-4-7-0-2-2-3-0-6-4 15794415 174.742 174.552 6e-06 0.004333
0-0-1-1-0-6-4-7-0-4-3-5-0-0-1 277704 3.33353 3.26784 1.1e-05 0.004668
0-0-1-1-0-6-4-7-0-4-3-5-0-2-2 13954626 3.36584 3.29942 9e-06 0.007715
0-0-1-1-0-6-4-7-0-4-3-5-0-4-3 264536355 3.94107 3.90609 7e-06 0.004864
0-0-1-1-0-6-4-7-0-4-3-5-0-6-4 15794415 3.79405 3.74117 1.1e-05 0.009112
0-0-1-1-0-6-4-7-0-6-4-7-0-0-1 277704 2.88086 2.82866 1.5e-05 0.007333
0-0-1-1-0-6-4-7-0-6-4-7-0-2-2 13954626 2.88345 2.828 2.1e-05 0.007252
0-0-1-1-0-6-4-7-0-6-4-7-0-4-3 264547773 3.78089 3.7484 4e-06 0.005544
0-0-1-1-0-6-4-7-0-6-4-7-0-6-4 15794415 3.70896 3.65201 5e-06 0.005462
0-2-2-3-0-0-1-1-0-0-1-1-0-0-1 269979 0.014104 0.004093 1e-05 0.00674
0-2-2-3-0-0-1-1-0-0-1-1-0-2-2 13942082 0.023296 0.014505 5e-06 0.004555
0-2-2-3-0-0-1-1-0-0-1-1-0-4-3 261068775 1.2277 1.21431 1.3e-05 0.004361
0-2-2-3-0-0-1-1-0-0-1-1-0-6-4 15794087 1.10071 1.08591 2e-06 0.004555
0-2-2-3-0-0-1-1-0-2-2-3-0-0-1 277704 0.013119 0.005121 6e-06 0.004557
0-2-2-3-0-0-1-1-0-2-2-3-0-2-2 13942082 0.017204 0.008947 5e-06 0.004441
0-2-2-3-0-0-1-1-0-2-2-3-0-4-3 264546361 1.48942 1.44813 3e-06 0.004434
0-2-2-3-0-0-1-1-0-2-2-3-0-6-4 15794415 1.30788 1.27151 8e-06 0.007153
0-2-2-3-0-0-1-1-0-4-3-5-0-0-1 277704 1.03087 0.986019 7e-06 0.00487
0-2-2-3-0-0-1-1-0-4-3-5-0-2-2 13950086 3.36571 3.3488 1.1e-05 0.004247
0-2-2-3-0-0-1-1-0-4-3-5-0-4-3 264223483 3.11708 3.0922 5e-06 0.004276
0-2-2-3-0-0-1-1-0-4-3-5-0-6-4 15794374 3.01225 2.96299 2e-06 0.006163
0-2-2-3-0-0-1-1-0-6-4-7-0-0-1 277704 1.14789 1.12868 5e-06 0.004001
0-2-2-3-0-0-1-1-0-6-4-7-0-2-2 13954626 7.71412 7.6982 2e-06 0.004033
0-2-2-3-0-0-1-1-0-6-4-7-0-4-3 264547768 2.80304 2.78687 4e-06 0.003799
0-2-2-3-0-0-1-1-0-6-4-7-0-6-4 15794415 2.65508 2.62745 2.1e-05 0.006804
0-2-2-3-0-2-2-3-0-0-1-1-0-0-1 269979 0.011877 0.004115 -4.33681e-19 0.003719
0-2-2-3-0-2-2-3-0-0-1-1-0-2-2 13942082 0.019618 0.012092 1e-05 0.003581
0-2-2-3-0-2-2-3-0-0-1-1-0-4-3 261068775 1.32998 1.31696 7e-06 0.003609
0-2-2-3-0-2-2-3-0-0-1-1-0-6-4 15794087 1.14286 1.12324 1.5e-05 0.008615
0-2-2-3-0-2-2-3-0-2-2-3-0-0-1 269979 0.011802 0.004447 4e-06 0.00379
0-2-2-3-0-2-2-3-0-2-2-3-0-2-2 34713 0.010672 0.003552 1e-05 0.003575
0-2-2-3-0-2-2-3-0-2-2-3-0-4-3 18178411 0.046579 0.032276 5e-06 0.00341
0-2-2-3-0-2-2-3-0-2-2-3-0-6-4 10219172 0.047585 0.03117 1.5e-05 0.005575
0-2-2-3-0-2-2-3-0-4-3-5-0-0-1 277212 0.045959 0.02715 1e-05 0.00419
0-2-2-3-0-2-2-3-0-4-3-5-0-2-2 12401496 0.078061 0.063859 5e-06 0.004463
0-2-2-3-0-2-2-3-0-4-3-5-0-4-3 223199128 0.92998 0.915207 4e-06 0.004456
0-2-2-3-0-2-2-3-0-4-3-5-0-6-4 15752999 0.826774 0.807885 1.1e-05 0.005964
0-2-2-3-0-2-2-3-0-6-4-7-0-0-1 277704 0.052719 0.041551 7e-06 0.003807
0-2-2-3-0-2-2-3-0-6-4-7-0-2-2 13689497 0.176342 0.153738 9e-06 0.003924
0-2-2-3-0-2-2-3-0-6-4-7-0-4-3 258664239 1.65489 1.64009 7e-06 0.004225
0-2-2-3-0-2-2-3-0-6-4-7-0-6-4 15792398 1.4955 1.47578 2.1e-05 0.009673
0-2-2-3-0-4-3-5-0-0-1-1-0-0-1 277212 0.215456 0.199241 5e-06 0.004193
0-2-2-3-0-4-3-5-0-0-1-1-0-2-2 13953539 0.390176 0.373862 6e-06 0.004757
0-2-2-3-0-4-3-5-0-0-1-1-0-4-3 264335304 8.97073 8.92182 5e-06 0.004138
0-2-2-3-0-4-3-5-0-0-1-1-0-6-4 15794372 9.01881 8.96209 9e-06 0.006731
0-2-2-3-0-4-3-5-0-2-2-3-0-0-1 277704 0.173483 0.151211 1.1e-05 0.004459
0-2-2-3-0-4-3-5-0-2-2-3-0-2-2 12401496 0.213209 0.196567 7e-06 0.00466
0-2-2-3-0-4-3-5-0-2-2-3-0-4-3 263938876 6.88049 6.85102 5e-06 0.004444
0-2-2-3-0-4-3-5-0-2-2-3-0-6-4 15794338 6.82591 6.79395 9e-06 0.006415
0-2-2-3-0-4-3-5-0-4-3-5-0-0-1 277704 2.17739 2.13917 5e-06 0.004946
0-2-2-3-0-4-3-5-0-4-3-5-0-2-2 13942369 2.2069 2.17467 7e-06 0.005445
0-2-2-3-0-4-3-5-0-4-3-5-0-4-3 252870735 3.00942 2.97803 4e-06 0.004638
0-2-2-3-0-4-3-5-0-4-3-5-0-6-4 15794351 2.85493 2.82305 9e-06 0.008155
0-2-2-3-0-4-3-5-0-6-4-7-0-0-1 277704 1.86896 1.80635 7e-06 0.005343
0-2-2-3-0-4-3-5-0-6-4-7-0-2-2 13954500 2.00034 1.9407 8e-06 0.004322
0-2-2-3-0-4-3-5-0-6-4-7-0-4-3 264545259 2.69635 2.6744 2e-06 0.004096
0-2-2-3-0-4-3-5-0-6-4-7-0-6-4 15794413 2.57468 2.51168 8e-06 0.004363
0-2-2-3-0-6-4-7-0-0-1-1-0-0-1 277704 0.457149 0.421943 1e-05 0.003944
0-2-2-3-0-6-4-7-0-0-1-1-0-2-2 13954626 0.661445 0.618778 9e-06 0.004021
0-2-2-3-0-6-4-7-0-0-1-1-0-4-3 264547773 16.3661 16.2663 6e-06 0.003884
0-2-2-3-0-6-4-7-0-0-1-1-0-6-4 15794415 16.0915 15.9606 9e-06 0.004225
0-2-2-3-0-6-4-7-0-2-2-3-0-0-1 277704 0.552111 0.337276 1.4e-05 0.005505
0-2-2-3-0-6-4-7-0-2-2-3-0-2-2 13689497 0.495818 0.453116 1e-05 0.004826
0-2-2-3-0-6-4-7-0-2-2-3-0-4-3 264526605 13.9099 13.7876 1.3e-05 0.006656
0-2-2-3-0-6-4-7-0-2-2-3-0-6-4 15794414 13.6589 13.5421 9e-06 0.005334
0-2-2-3-0-6-4-7-0-4-3-5-0-0-1 277704 3.14779 2.97736 8e-06 0.005777
0-2-2-3-0-6-4-7-0-4-3-5-0-2-2 13953921 3.07654 2.98964 1.1e-05 0.00711
0-2-2-3-0-6-4-7-0-4-3-5-0-4-3 261395656 3.8801 3.80455 6e-06 0.005876
0-2-2-3-0-6-4-7-0-4-3-5-0-6-4 15794415 3.76578 3.68922 1.1e-05 0.005605
0-2-2-3-0-6-4-7-0-6-4-7-0-0-1 277704 2.63713 2.54985 9e-06 0.005076
0-2-2-3-0-6-4-7-0-6-4-7-0-2-2 13954626 2.59498 2.53539 7e-06 0.004305
0-2-2-3-0-6-4-7-0-6-4-7-0-4-3 264547767 3.43886 3.41912 1e-05 0.005969
0-2-2-3-0-6-4-7-0-6-4-7-0-6-4 15794415 3.23996 3.19064 1.2e-05 0.006973
0-4-3-5-0-0-1-1-0-0-1-1-0-0-1 125547 0.396908 0.376371 5e-06 0.004642
0-4-3-5-0-0-1-1-0-0-1-1-0-2-2 13103489 0.413223 0.390462 1.1e-05 0.004289
0-4-3-5-0-0-1-1-0-0-1-1-0-4-3 159103520 0.784843 0.763252 7e-06 0.004173
0-4-3-5-0-0-1-1-0-0-1-1-0-6-4 15740985 0.669348 0.646317 6e-06 0.004118
0-4-3-5-0-0-1-1-0-2-2-3-0-0-1 277704 0.705664 0.63088 6e-06 0.004134
0-4-3-5-0-0-1-1-0-2-2-3-0-2-2 13103489 0.688282 0.637791 1.2e-05 0.005602
0-4-3-5-0-0-1-1-0-2-2-3-0-4-3 264299335 1.5236 1.50365 9e-06 0.00644
0-4-3-5-0-0-1-1-0-2-2-3-0-6-4 15794415 1.41217 1.35589 8e-06 0.004363
0-4-3-5-0-0-1-1-0-4-3-5-0-0-1 277704 1.53903 1.51257 7e-06 0.00465
0-4-3-5-0-0-1-1-0-4-3-5-0-2-2 13749399 1.50992 1.48458 6e-06 0.00476
0-4-3-5-0-0-1-1-0-4-3-5-0-4-3 254223236 2.34524 2.30877 7e-06 0.006454
0-4-3-5-0-0-1-1-0-4-3-5-0-6-4 15784512 2.15526 2.12084 8e-06 0.004572
0-4-3-5-0-0-1-1-0-6-4-7-0-0-1 277704 1.5715 1.48659 9e-06 0.005705
0-4-3-5-0-0-1-1-0-6-4-7-0-2-2 13954626 1.61744 1.56436 7e-06 0.004745
0-4-3-5-0-0-1-1-0-6-4-7-0-4-3 264545622 2.50876 2.49002 8e-06 0.00463
0-4-3-5-0-0-1-1-0-6-4-7-0-6-4 15794415 2.35683 2.29897 1.2e-05 0.006866
0-4-3-5-0-2-2-3-0-0-1-1-0-0-1 277597 0.655467 0.549662 9e-06 0.005492
0-4-3-5-0-2-2-3-0-0-1-1-0-2-2 13954538 0.628726 0.584317 1e-05 0.006601
0-4-3-5-0-2-2-3-0-0-1-1-0-4-3 264505054 1.38096 1.35553 1.2e-05 0.007733
0-4-3-5-0-2-2-3-0-0-1-1-0-6-4 15794415 1.2189 1.18652 1e-05 0.004667
0-4-3-5-0-2-2-3-0-2-2-3-0-0-1 277597 0.291704 0.275757 9e-06 0.004839
0-4-3-5-0-2-2-3-0-2-2-3-0-2-2 1807215 0.293542 0.277468 5e-06 0.004332
0-4-3-5-0-2-2-3-0-2-2-3-0-4-3 186718068 0.676111 0.661604 6e-06 0.004173
0-4-3-5-0-2-2-3-0-2-2-3-0-6-4 15662521 0.574566 0.559671 3e-06 0.004362
0-4-3-5-0-2-2-3-0-4-3-5-0-0-1 277704 1.74395 1.71094 1.1e-05 0.004531
0-4-3-5-0-2-2-3-0-4-3-5-0-2-2 13920727 1.79014 1.74634 7e-06 0.004468
0-4-3-5-0-2-2-3-0-4-3-5-0-4-3 256552028 2.67449 2.63025 1.2e-05 0.008361
0-4-3-5-0-2-2-3-0-4-3-5-0-6-4 15793767 2.61264 2.55017 1.9e-05 0.007319
0-4-3-5-0-2-2-3-0-6-4-7-0-0-1 277704 1.62367 1.47436 1.4e-05 0.007505
0-4-3-5-0-2-2-3-0-6-4-7-0-2-2 13952209 1.56735 1.50896 5e-06 0.004739
0-4-3-5-0-2-2-3-0-6-4-7-0-4-3 264488100 2.40924 2.37841 7e-06 0.00606
0-4-3-5-0-2-2-3-0-6-4-7-0-6-4 15794397 2.23996 2.182 1e-05 0.009378
0-4-3-5-0-4-3-5-0-0-1-1-0-0-1 273654 1.02123 0.925069 4e-06 0.004986
0-4-3-5-0-4-3-5-0-0-1-1-0-2-2 13920168 0.969174 0.927493 8e-06 0.005227
0-4-3-5-0-4-3-5-0-0-1-1-0-4-3 261568906 1.72906 1.70653 5e-06 0.004447
0-4-3-5-0-4-3-5-0-0-1-1-0-6-4 15792180 1.55874 1.51864 1.1e-05 0.008362
0-4-3-5-0-4-3-5-0-2-2-3-0-0-1 277611 1.0204 0.959584 6e-06 0.004431
0-4-3-5-0-4-3-5-0-2-2-3-0-2-2 12620533 1.01103 0.972592 5e-06 0.004518
0-4-3-5-0-4-3-5-0-2-2-3-0-4-3 260987845 1.90536 1.88304 8e-06 0.004645
0-4-3-5-0-4-3-5-0-2-2-3-0-6-4 15743848 1.74682 1.70231 1.1e-05 0.007872
0-4-3-5-0-4-3-5-0-4-3-5-0-0-1 274950 2.3336 2.28365 5e-06 0.004831
0-4-3-5-0-4-3-5-0-4-3-5-0-2-2 13780903 2.36578 2.32289 8e-06 0.005955
0-4-3-5-0-4-3-5-0-4-3-5-0-4-3 249802666 3.26913 3.2207 7e-06 0.007819
0-4-3-5-0-4-3-5-0-4-3-5-0-6-4 15614461 3.09553 3.0466 6e-06 0.005317
0-4-3-5-0-4-3-5-0-6-4-7-0-0-1 277700 2.02649 1.96914 1.1e-05 0.005878
0-4-3-5-0-4-3-5-0-6-4-7-0-2-2 13850279 1.98782 1.9273 5e-06 0.004466
0-4-3-5-0-4-3-5-0-6-4-7-0-4-3 263135171 2.92016 2.89412 1.2e-05 0.008385
0-4-3-5-0-4-3-5-0-6-4-7-0-6-4 15792097 2.82985 2.76558 6e-06 0.004633
0-4-3-5-0-6-4-7-0-0-1-1-0-0-1 277700 1.43096 1.37579 1.1e-05 0.006022
0-4-3-5-0-6-4-7-0-0-1-1-0-2-2 13954622 1.46318 1.4018 7e-06 0.005363
0-4-3-5-0-6-4-7-0-0-1-1-0-4-3 264547070 2.24603 2.20826 4e-06 0.004525
0-4-3-5-0-6-4-7-0-0-1-1-0-6-4 15794415 2.03853 1.98363 1e-05 0.005417
0-4-3-5-0-6-4-7-0-2-2-3-0-0-1 277704 1.44201 1.37217 1.4e-05 0.006513
0-4-3-5-0-6-4-7-0-2-2-3-0-2-2 13721768 1.45551 1.40652 1.1e-05 0.005344
0-4-3-5-0-6-4-7-0-2-2-3-0-4-3 264348044 2.32068 2.29592 9e-06 0.00621
0-4-3-5-0-6-4-7-0-2-2-3-0-6-4 15794371 2.14137 2.1025 4e-06 0.004294
0-4-3-5-0-6-4-7-0-4-3-5-0-0-1 277704 3.2444 3.14842 8e-06 0.00478
0-4-3-5-0-6-4-7-0-4-3-5-0-2-2 13953164 3.24266 3.15012 6e-06 0.005645
0-4-3-5-0-6-4-7-0-4-3-5-0-4-3 263215652 3.99705 3.95401 6e-06 0.004866
0-4-3-5-0-6-4-7-0-4-3-5-0-6-4 15794412 4.00277 3.93662 9e-06 0.004865
0-4-3-5-0-6-4-7-0-6-4-7-0-0-1 277704 2.70031 2.59136 7e-06 0.004203
0-4-3-5-0-6-4-7-0-6-4-7-0-2-2 13954620 2.69387 2.64089 5e-06 0.004226
0-4-3-5-0-6-4-7-0-6-4-7-0-4-3 264547650 3.68893 3.66078 1.1e-05 0.00744
0-4-3-5-0-6-4-7-0-6-4-7-0-6-4 15794415 3.50727 3.43655 5e-06 0.005678
0-6-4-7-0-0-1-1-0-0-1-1-0-0-1 277619 0.980398 0.845953 9e-06 0.004903
0-6-4-7-0-0-1-1-0-0-1-1-0-2-2 13954551 1.0131 0.909816 7e-06 0.004382
0-6-4-7-0-0-1-1-0-0-1-1-0-4-3 264520476 1.77089 1.70002 2.5e-05 0.006109
0-6-4-7-0-0-1-1-0-0-1-1-0-6-4 15794415 1.56205 1.46597 1.4e-05 0.007947
0-6-4-7-0-0-1-1-0-2-2-3-0-0-1 277704 0.958425 0.876588 1.1e-05 0.008351
0-6-4-7-0-0-1-1-0-2-2-3-0-2-2 13954551 0.981577 0.874345 1.3e-05 0.00451
0-6-4-7-0-0-1-1-0-2-2-3-0-4-3 264547769 1.87575 1.8159 5e-06 0.004935
0-6-4-7-0-0-1-1-0-2-2-3-0-6-4 15794415 1.66376 1.5736 4e-06 0.004021
0-6-4-7-0-0-1-1-0-4-3-5-0-0-1 277704 2.6569 2.54939 7e-06 0.004758
0-6-4-7-0-0-1-1-0-4-3-5-0-2-2 13954585 2.5108 2.43458 4e-06 0.003913
0-6-4-7-0-0-1-1-0-4-3-5-0-4-3 264544959 3.27583 3.21367 8e-06 0.005188
0-6-4-7-0-0-1-1-0-4-3-5-0-6-4 15794415 3.04424 2.96835 9e-06 0.004557
0-6-4-7-0-0-1-1-0-6-4-7-0-0-1 277704 1.98947 1.92653 2e-05 0.009186
0-6-4-7-0-0-1-1-0-6-4-7-0-2-2 13954626 2.10311 2.03346 1.3e-05 0.007956
0-6-4-7-0-0-1-1-0-6-4-7-0-4-3 264547773 3.10471 3.05654 1.4e-05 0.008533
0-6-4-7-0-0-1-1-0-6-4-7-0-6-4 15794415 2.87023 2.80098 6e-06 0.00403
0-6-4-7-0-2-2-3-0-0-1-1-0-0-1 277704 0.777175 0.72726 8e-06 0.003887
0-6-4-7-0-2-2-3-0-0-1-1-0-2-2 13954626 0.831893 0.770977 1e-05 0.004742
0-6-4-7-0-2-2-3-0-0-1-1-0-4-3 264547773 1.60545 1.55896 7e-06 0.005585
0-6-4-7-0-2-2-3-0-0-1-1-0-6-4 15794415 1.48182 1.41306 1.6e-05 0.008251
0-6-4-7-0-2-2-3-0-2-2-3-0-0-1 277704 0.739001 0.696208 1.1e-05 0.005837
0-6-4-7-0-2-2-3-0-2-2-3-0-2-2 6345795 0.722817 0.691124 1.3e-05 0.0054
0-6-4-7-0-2-2-3-0-2-2-3-0-4-3 254483838 1.4674 1.44114 5e-06 0.004505
0-6-4-7-0-2-2-3-0-2-2-3-0-6-4 15792946 1.30544 1.27425 7e-06 0.006492
0-6-4-7-0-2-2-3-0-4-3-5-0-0-1 277704 2.4911 2.37143 7e-06 0.00443
0-6-4-7-0-2-2-3-0-4-3-5-0-2-2 13954585 2.55251 2.42479 1.3e-05 0.007493
0-6-4-7-0-2-2-3-0-4-3-5-0-4-3 262665496 3.31184 3.25349 5e-06 0.004652
0-6-4-7-0-2-2-3-0-4-3-5-0-6-4 15794415 3.21945 3.09537 6e-06 0.004529
0-6-4-7-0-2-2-3-0-6-4-7-0-0-1 277704 2.02406 1.95559 4e-06 0.004919
0-6-4-7-0-2-2-3-0-6-4-7-0-2-2 13954626 2.09334 2.03463 1e-05 0.00415
0-6-4-7-0-2-2-3-0-6-4-7-0-4-3 264547773 3.04144 3.01047 6e-06 0.004404
0-6-4-7-0-2-2-3-0-6-4-7-0-6-4 15794415 2.79775 2.73174 2.4e-05 0.008423
0-6-4-7-0-4-3-5-0-0-1-1-0-0-1 277701 1.66881 1.61812 5e-06 0.004617
0-6-4-7-0-4-3-5-0-0-1-1-0-2-2 13954618 1.61404 1.5762 8e-06 0.004488
0-6-4-7-0-4-3-5-0-0-1-1-0-4-3 264546039 2.4142 2.37995 4e-06 0.004443
0-6-4-7-0-4-3-5-0-0-1-1-0-6-4 15794415 2.28471 2.23939 8e-06 0.005024
0-6-4-7-0-4-3-5-0-2-2-3-0-0-1 277704 1.75349 1.68335 9e-06 0.005379
0-6-4-7-0-4-3-5-0-2-2-3-0-2-2 13891951 1.72724 1.678 5e-06 0.004046
0-6-4-7-0-4-3-5-0-2-2-3-0-4-3 264545893 2.54918 2.52525 5e-06 0.004238
0-6-4-7-0-4-3-5-0-2-2-3-0-6-4 15794415 2.46419 2.4241 4e-06 0.004264
0-6-4-7-0-4-3-5-0-4-3-5-0-0-1 277704 3.48258 3.38083 9e-06 0.005259
0-6-4-7-0-4-3-5-0-4-3-5-0-2-2 13954598 3.50714 3.42924 1e-05 0.00445
0-6-4-7-0-4-3-5-0-4-3-5-0-4-3 253260419 4.38123 4.35002 3e-06 0.005078
0-6-4-7-0-4-3-5-0-4-3-5-0-6-4 15794415 4.1849 4.11576 1e-05 0.005655
0-6-4-7-0-4-3-5-0-6-4-7-0-0-1 277704 2.93684 2.86379 1.2e-05 0.005274
0-6-4-7-0-4-3-5-0-6-4-7-0-2-2 13954626 2.91941 2.88734 8e-06 0.005067
0-6-4-7-0-4-3-5-0-6-4-7-0-4-3 264547770 3.64284 3.61081 1.8e-05 0.007876
0-6-4-7-0-4-3-5-0-6-4-7-0-6-4 15794415 3.6034 3.56629 1.3e-05 0.004998
0-6-4-7-0-6-4-7-0-0-1-1-0-0-1 277704 1.51161 1.44035 1.8e-05 0.006597
0-6-4-7-0-6-4-7-0-0-1-1-0-2-2 13954626 1.60102 1.53809 3e-06 0.004216
0-6-4-7-0-6-4-7-0-0-1-1-0-4-3 264547773 2.35512 2.3146 8e-06 0.003797
0-6-4-7-0-6-4-7-0-0-1-1-0-6-4 15794415 2.12176 2.04521 7e-06 0.004798
0-6-4-7-0-6-4-7-0-2-2-3-0-0-1 277704 1.54494 1.48615 4e-06 0.003827
0-6-4-7-0-6-4-7-0-2-2-3-0-2-2 13954431 1.61665 1.54204 7e-06 0.008365
0-6-4-7-0-6-4-7-0-2-2-3-0-4-3 264547772 2.52046 2.47276 7e-06 0.004297
0-6-4-7-0-6-4-7-0-2-2-3-0-6-4 15794415 2.33794 2.25995 7e-06 0.004217
0-6-4-7-0-6-4-7-0-4-3-5-0-0-1 277704 3.23161 3.10428 5e-06 0.00463
0-6-4-7-0-6-4-7-0-4-3-5-0-2-2 13954626 3.3281 3.22604 5e-06 0.004517
0-6-4-7-0-6-4-7-0-4-3-5-0-4-3 264542880 4.13793 4.10793 3e-06 0.005382
0-6-4-7-0-6-4-7-0-4-3-5-0-6-4 15794415 3.98486 3.89361 7e-06 0.004001
0-6-4-7-0-6-4-7-0-6-4-7-0-0-1 277704 2.97206 2.89652 5e-06 0.003814
0-6-4-7-0-6-4-7-0-6-4-7-0-2-2 13954626 2.94856 2.87722 5e-06 0.003871
0-6-4-7-0-6-4-7-0-6-4-7-0-4-3 264547773 3.63862 3.59957 8e-06 0.004954
0-6-4-7-0-6-4-7-0-6-4-7-0-6-4 15794415 3.46563 3.40016 5e-06 0.003827
1-1-0-0-1-1-0-0-1-1-0-0-1-1-0 34713 0.328505 0.314571 7e-06 0.003548
1-1-0-0-1-1-0-0-1-1-0-2-2-3-0 269979 1.00798 0.881376 6e-06 0.002617
1-1-0-0-1-1-0-0-1-1-0-4-3-5-0 125547 0.236658 0.210546 9e-06 0.004193
1-1-0-0-1-1-0-0-1-1-0-6-4-7-0 277619 0.226805 0.215686 4e-06 0.002811
1-1-0-0-1-1-0-2-2-3-0-0-1-1-0 277704 1.12142 1.04483 6e-06 0.002534
1-1-0-0-1-1-0-2-2-3-0-2-2-3-0 269979 0.548241 0.469673 5e-06 0.003002
1-1-0-0-1-1-0-2-2-3-0-4-3-5-0 277597 0.536523 0.463749 6e-06 0.00388
1-1-0-0-1-1-0-2-2-3-0-6-4-7-0 277704 0.528859 0.464132 1e-05 0.003795
1-1-0-0-1-1-0-4-3-5-0-0-1-1-0 277704 0.410722 0.394015 8e-06 0.003885
1-1-0-0-1-1-0-4-3-5-0-2-2-3-0 277212 0.3467 0.332076 9e-06 0.004371
1-1-0-0-1-1-0-4-3-5-0-4-3-5-0 273654 0.122704 0.110492 5e-06 0.004999
1-1-0-0-1-1-0-4-3-5-0-6-4-7-0 277701 0.155502 0.144508 7e-06 0.003933
1-1-0-0-1-1-0-6-4-7-0-0-1-1-0 277704 0.692837 0.608189 8e-06 0.003684
1-1-0-0-1-1-0-6-4-7-0-2-2-3-0 277704 0.695212 0.653149 1.2e-05 0.003707
1-1-0-0-1-1-0-6-4-7-0-4-3-5-0 277700 0.128247 0.115189 1.3e-05 0.00524
1-1-0-0-1-1-0-6-4-7-0-6-4-7-0 277704 0.122895 0.113496 1.1e-05 0.003527
1-1-0-2-2-3-0-0-1-1-0-0-1-1-0 277704 0.767981 0.721632 4e-06 0.003535
1-1-0-2-2-3-0-0-1-1-0-2-2-3-0 277704 0.790714 0.699392 7e-06 0.003886
1-1-0-2-2-3-0-0-1-1-0-4-3-5-0 277704 0.582532 0.537028 6e-06 0.003995
1-1-0-2-2-3-0-0-1-1-0-6-4-7-0 277704 0.64261 0.595822 5e-06 0.003887
1-1-0-2-2-3-0-2-2-3-0-0-1-1-0 277704 0.898653 0.849992 5e-06 0.003593
1-1-0-2-2-3-0-2-2-3-0-2-2-3-0 269979 0.077201 0.030703 1.4e-05 0.007134
1-1-0-2-2-3-0-2-2-3-0-4-3-5-0 277597 0.029535 0.018726 8e-06 0.004711
1-1-0-2-2-3-0-2-2-3-0-6-4-7-0 277704 0.038571 0.01906 5e-06 0.003582
1-1-0-2-2-3-0-4-3-5-0-0-1-1-0 277704 0.772004 0.757753 7e-06 0.00385
1-1-0-2-2-3-0-4-3-5-0-2-2-3-0 277704 0.580173 0.5654 4e-06 0.004162
1-1-0-2-2-3-0-4-3-5-0-4-3-5-0 277611 0.024473 0.015585 9e-06 0.00445
1-1-0-2-2-3-0-4-3-5-0-6-4-7-0 277704 0.023472 0.015263 5e-06 0.003897
1-1-0-2-2-3-0-6-4-7-0-0-1-1-0 277704 1.57177 1.4879 4e-06 0.003625
1-1-0-2-2-3-0-6-4-7-0-2-2-3-0 277704 1.15421 1.08857 8e-06 0.003133
1-1-0-2-2-3-0-6-4-7-0-4-3-5-0 277704 0.04131 0.019454 3e-06 0.003923
1-1-0-2-2-3-0-6-4-7-0-6-4-7-0 277704 0.023669 0.014873 7e-06 0.003664
1-1-0-4-3-5-0-0-1-1-0-0-1-1-0 277704 0.465225 0.44218 8e-06 0.003591
1-1-0-4-3-5-0-0-1-1-0-2-2-3-0 277704 1.0449 0.882242 8e-06 0.003848
1-1-0-4-3-5-0-0-1-1-0-4-3-5-0 277704 0.012546 0.005035 4e-06 0.00458
1-1-0-4-3-5-0-0-1-1-0-6-4-7-0 277704 0.010558 0.004482 8e-06 0.00322
1-1-0-4-3-5-0-2-2-3-0-0-1-1-0 277704 0.889295 0.786074 2e-06 0.003172
1-1-0-4-3-5-0-2-2-3-0-2-2-3-0 277212 0.34934 0.327737 4e-06 0.003188
1-1-0-4-3-5-0-2-2-3-0-4-3-5-0 277704 0.011274 0.0052 2e-06 0.003607
1-1-0-4-3-5-0-2-2-3-0-6-4-7-0 277704 0.009929 0.004466 4e-06 0.002989
1-1-0-4-3-5-0-4-3-5-0-0-1-1-0 277704 0.009915 0.004403 3e-06 0.003121
1-1-0-4-3-5-0-4-3-5-0-2-2-3-0 277704 0.010086 0.004821 5e-06 0.003036
1-1-0-4-3-5-0-4-3-5-0-4-3-5-0 274950 0.012644 0.006968 9e-06 0.003263
1-1-0-4-3-5-0-4-3-5-0-6-4-7-0 277704 0.011544 0.006089 6e-06 0.003144
1-1-0-4-3-5-0-6-4-7-0-0-1-1-0 277704 0.009084 0.004309 4e-06 0.002862
1-1-0-4-3-5-0-6-4-7-0-2-2-3-0 277704 0.009274 0.004544 1e-06 0.002866
1-1-0-4-3-5-0-6-4-7-0-4-3-5-0 277704 0.012172 0.006922 5e-06 0.00308
1-1-0-4-3-5-0-6-4-7-0-6-4-7-0 277704 0.010745 0.005898 6e-06 0.002885
1-1-0-6-4-7-0-0-1-1-0-0-1-1-0 277704 1.29385 1.07984 9e-06 0.002641
1-1-0-6-4-7-0-0-1-1-0-2-2-3-0 277704 1.18434 1.02374 5e-06 0.003578
1-1-0-6-4-7-0-0-1-1-0-4-3-5-0 277704 0.010928 0.005102 7e-06 0.003422
1-1-0-6-4-7-0-0-1-1-0-6-4-7-0 277704 0.010365 0.004721 5e-06 0.002986
1-1-0-6-4-7-0-2-2-3-0-0-1-1-0 277704 1.13287 0.986414 7e-06 0.002884
1-1-0-6-4-7-0-2-2-3-0-2-2-3-0 277704 0.90281 0.851477 1.5e-05 0.003917
1-1-0-6-4-7-0-2-2-3-0-4-3-5-0 277704 0.020576 0.007244 4e-06 0.004095
1-1-0-6-4-7-0-2-2-3-0-6-4-7-0 277704 0.010993 0.004849 4e-06 0.003046
1-1-0-6-4-7-0-4-3-5-0-0-1-1-0 277704 0.011251 0.005627 8e-06 0.003134
1-1-0-6-4-7-0-4-3-5-0-2-2-3-0 277704 0.011747 0.005709 5e-06 0.003098
1-1-0-6-4-7-0-4-3-5-0-4-3-5-0 277700 0.017466 0.007984 7e-06 0.003546
1-1-0-6-4-7-0-4-3-5-0-6-4-7-0 277704 0.013002 0.007362 1.1e-05 0.003234
1-1-0-6-4-7-0-6-4-7-0-0-1-1-0 277704 0.010651 0.005555 1.1e-05 0.003057
1-1-0-6-4-7-0-6-4-7-0-2-2-3-0 277704 0.010513 0.005316 8e-06 0.00297
1-1-0-6-4-7-0-6-4-7-0-4-3-5-0 277704 0.012527 0.00732 4e-06 0.003167
1-1-0-6-4-7-0-6-4-7-0-6-4-7-0 277704 0.012278 0.007342 1e-05 0.003029
2-3-0-0-1-1-0-0-1-1-0-0-1-1-0 11426723 0.34784 0.335697 8e-06 0.002978
2-3-0-0-1-1-0-0-1-1-0-2-2-3-0 13942082 0.984043 0.886056 8e-06 0.003258
2-3-0-0-1-1-0-0-1-1-0-4-3-5-0 13103489 0.227602 0.212563 9e-06 0.003825
2-3-0-0-1-1-0-0-1-1-0-6-4-7-0 13954551 0.181954 0.172089 6e-06 0.003154
2-3-0-0-1-1-0-2-2-3-0-0-1-1-0 13954626 1.0722 1.01059 7e-06 0.003157
2-3-0-0-1-1-0-2-2-3-0-2-2-3-0 13942082 0.3206 0.299304 6e-06 0.003152
2-3-0-0-1-1-0-2-2-3-0-4-3-5-0 13954538 0.444487 0.333698 3e-06 0.003344
2-3-0-0-1-1-0-2-2-3-0-6-4-7-0 13954626 0.453219 0.353348 1e-06 0.002996
2-3-0-0-1-1-0-4-3-5-0-0-1-1-0 13954626 6.55826 6.54281 7e-06 0.003355
2-3-0-0-1-1-0-4-3-5-0-2-2-3-0 13953539 4.69198 4.67146 4e-06 0.003361
2-3-0-0-1-1-0-4-3-5-0-4-3-5-0 13920168 0.097222 0.088343 4e-06 0.003778
2-3-0-0-1-1-0-4-3-5-0-6-4-7-0 13954618 0.086325 0.078017 6e-06 0.003409
2-3-0-0-1-1-0-6-4-7-0-0-1-1-0 13954626 12.5886 12.5258 3e-06 0.003023
2-3-0-0-1-1-0-6-4-7-0-2-2-3-0 13954626 10.2349 10.2193 6e-06 0.003033
2-3-0-0-1-1-0-6-4-7-0-4-3-5-0 13954622 0.093673 0.083866 1.2e-05 0.003445
2-3-0-0-1-1-0-6-4-7-0-6-4-7-0 13954626 0.081106 0.074246 5e-06 0.002909
2-3-0-2-2-3-0-0-1-1-0-0-1-1-0 11426723 0.484458 0.46364 7e-06 0.00275
2-3-0-2-2-3-0-0-1-1-0-2-2-3-0 13942082 0.560254 0.532579 2e-06 0.002939
2-3-0-2-2-3-0-0-1-1-0-4-3-5-0 13103489 0.45799 0.369006 4e-06 0.00322
2-3-0-2-2-3-0-0-1-1-0-6-4-7-0 13954551 0.427722 0.346248 5e-06 0.003422
2-3-0-2-2-3-0-2-2-3-0-0-1-1-0 11426723 0.624996 0.593992 3e-06 0.002821
2-3-0-2-2-3-0-2-2-3-0-2-2-3-0 34713 0.060915 0.021374 5e-06 0.002871
2-3-0-2-2-3-0-2-2-3-0-4-3-5-0 1807215 0.04062 0.015294 1.4e-05 0.007752
2-3-0-2-2-3-0-2-2-3-0-6-4-7-0 6345795 0.02913 0.018147 4e-06 0.003659
2-3-0-2-2-3-0-4-3-5-0-0-1-1-0 13373259 0.176145 0.15611 5e-06 0.00336
2-3-0-2-2-3-0-4-3-5-0-2-2-3-0 12401496 0.120848 0.108099 5e-06 0.003442
2-3-0-2-2-3-0-4-3-5-0-4-3-5-0 12620533 0.031644 0.022432 9e-06 0.003876
2-3-0-2-2-3-0-4-3-5-0-6-4-7-0 13891951 0.027784 0.020129 8e-06 0.003152
2-3-0-2-2-3-0-6-4-7-0-0-1-1-0 13954626 0.448545 0.392992 8e-06 0.002838
2-3-0-2-2-3-0-6-4-7-0-2-2-3-0 13689497 0.29447 0.26931 5e-06 0.003237
2-3-0-2-2-3-0-6-4-7-0-4-3-5-0 13721768 0.048691 0.034356 5e-06 0.003144
2-3-0-2-2-3-0-6-4-7-0-6-4-7-0 13954431 0.036478 0.02872 2e-06 0.002923
2-3-0-4-3-5-0-0-1-1-0-0-1-1-0 13373259 0.358104 0.339367 7e-06 0.002901
2-3-0-4-3-5-0-0-1-1-0-2-2-3-0 13950086 0.665149 0.56814 3e-06 0.003317
2-3-0-4-3-5-0-0-1-1-0-4-3-5-0 13749399 0.042337 0.031084 9e-06 0.004403
2-3-0-4-3-5-0-0-1-1-0-6-4-7-0 13954585 0.032532 0.024965 6e-06 0.003905
2-3-0-4-3-5-0-2-2-3-0-0-1-1-0 13954626 0.564927 0.544802 5e-06 0.003791
2-3-0-4-3-5-0-2-2-3-0-2-2-3-0 12401496 0.2772 0.26133 2e-06 0.003285
2-3-0-4-3-5-0-2-2-3-0-4-3-5-0 13920727 0.036643 0.029517 6e-06 0.003376
2-3-0-4-3-5-0-2-2-3-0-6-4-7-0 13954585 0.03124 0.024973 6e-06 0.003079
2-3-0-4-3-5-0-4-3-5-0-0-1-1-0 13954626 0.02815 0.02138 3e-06 0.003191
2-3-0-4-3-5-0-4-3-5-0-2-2-3-0 13942369 0.028734 0.021602 5e-06 0.003265
2-3-0-4-3-5-0-4-3-5-0-4-3-5-0 13780903 0.053532 0.044253 5e-06 0.004591
2-3-0-4-3-5-0-4-3-5-0-6-4-7-0 13954598 0.047469 0.039376 1.3e-05 0.004178
2-3-0-4-3-5-0-6-4-7-0-0-1-1-0 13954626 0.026534 0.019094 8e-06 0.003885
2-3-0-4-3-5-0-6-4-7-0-2-2-3-0 13953921 0.026308 0.019189 8e-06 0.00381
2-3-0-4-3-5-0-6-4-7-0-4-3-5-0 13953164 0.049667 0.041304 4e-06 0.004224
2-3-0-4-3-5-0-6-4-7-0-6-4-7-0 13954626 0.044207 0.037223 6e-06 0.003885
2-3-0-6-4-7-0-0-1-1-0-0-1-1-0 13954626 1.00703 0.890446 4e-06 0.003453
2-3-0-6-4-7-0-0-1-1-0-2-2-3-0 13954626 0.88194 0.831887 8e-06 0.003826
2-3-0-6-4-7-0-0-1-1-0-4-3-5-0 13954626 0.042347 0.033876 5e-06 0.003133
2-3-0-6-4-7-0-0-1-1-0-6-4-7-0 13954626 0.034207 0.028428 6e-06 0.002763
2-3-0-6-4-7-0-2-2-3-0-0-1-1-0 13954626 0.783281 0.732207 5e-06 0.002633
2-3-0-6-4-7-0-2-2-3-0-2-2-3-0 13689497 0.691317 0.659727 7e-06 0.003725
2-3-0-6-4-7-0-2-2-3-0-4-3-5-0 13952209 0.048596 0.036531 6e-06 0.00416
2-3-0-6-4-7-0-2-2-3-0-6-4-7-0 13954626 0.041104 0.031895 7e-06 0.003698
2-3-0-6-4-7-0-4-3-5-0-0-1-1-0 13954626 0.040308 0.03262 9e-06 0.003952
2-3-0-6-4-7-0-4-3-5-0-2-2-3-0 13954500 0.040305 0.03266 8e-06 0.003978
2-3-0-6-4-7-0-4-3-5-0-4-3-5-0 13850279 0.064876 0.056532 4e-06 0.004325
2-3-0-6-4-7-0-4-3-5-0-6-4-7-0 13954626 0.059764 0.051565 5e-06 0.004056
2-3-0-6-4-7-0-6-4-7-0-0-1-1-0 13954626 0.037104 0.028167 5e-06 0.003613
2-3-0-6-4-7-0-6-4-7-0-2-2-3-0 13954626 0.035076 0.028592 7e-06 0.003687
2-3-0-6-4-7-0-6-4-7-0-4-3-5-0 13954620 0.059705 0.051744 7e-06 0.003943
2-3-0-6-4-7-0-6-4-7-0-6-4-7-0 13954626 0.053717 0.047282 7e-06 0.003711
3-5-0-0-1-1-0-0-1-1-0-0-1-1-0 66667832 0.061976 0.05375 8e-06 0.003681
3-5-0-0-1-1-0-0-1-1-0-2-2-3-0 261068775 0.092832 0.083686 3e-06 0.003757
3-5-0-0-1-1-0-0-1-1-0-4-3-5-0 159103520 0.241795 0.23157 9e-06 0.004139
3-5-0-0-1-1-0-0-1-1-0-6-4-7-0 264520476 0.289822 0.278652 7e-06 0.004924
3-5-0-0-1-1-0-2-2-3-0-0-1-1-0 264547773 0.164726 0.154677 5e-06 0.003846
3-5-0-0-1-1-0-2-2-3-0-2-2-3-0 261068775 0.162664 0.151724 6e-06 0.003822
3-5-0-0-1-1-0-2-2-3-0-4-3-5-0 264505054 0.566328 0.554961 9e-06 0.004096
3-5-0-0-1-1-0-2-2-3-0-6-4-7-0 264547773 0.466387 0.455452 7e-06 0.003938
3-5-0-0-1-1-0-4-3-5-0-0-1-1-0 264547773 0.251148 0.240834 7e-06 0.004109
3-5-0-0-1-1-0-4-3-5-0-2-2-3-0 264335304 0.266554 0.255483 2e-06 0.004135
3-5-0-0-1-1-0-4-3-5-0-4-3-5-0 261568906 0.591299 0.578295 7e-06 0.004469
3-5-0-0-1-1-0-4-3-5-0-6-4-7-0 264546039 0.505307 0.494606 5e-06 0.004194
3-5-0-0-1-1-0-6-4-7-0-0-1-1-0 264547773 0.31375 0.303975 7e-06 0.003799
3-5-0-0-1-1-0-6-4-7-0-2-2-3-0 264547773 0.315618 0.306622 5e-06 0.003107
3-5-0-0-1-1-0-6-4-7-0-4-3-5-0 264547070 0.68466 0.674302 7e-06 0.003349
3-5-0-0-1-1-0-6-4-7-0-6-4-7-0 264547773 0.611618 0.601286 6e-06 0.003141
3-5-0-2-2-3-0-0-1-1-0-0-1-1-0 262992233 0.126853 0.116385 1e-05 0.005124
3-5-0-2-2-3-0-0-1-1-0-2-2-3-0 264546361 0.12971 0.121464 2e-06 0.002982
3-5-0-2-2-3-0-0-1-1-0-4-3-5-0 264299335 0.472287 0.460201 3e-06 0.003267
3-5-0-2-2-3-0-0-1-1-0-6-4-7-0 264547769 0.395063 0.385137 4e-06 0.003145
3-5-0-2-2-3-0-2-2-3-0-0-1-1-0 262992233 0.056193 0.041704 3e-06 0.003981
3-5-0-2-2-3-0-2-2-3-0-2-2-3-0 18178411 0.023169 0.014661 4e-06 0.003141
3-5-0-2-2-3-0-2-2-3-0-4-3-5-0 186718068 0.186501 0.175231 4e-06 0.003312
3-5-0-2-2-3-0-2-2-3-0-6-4-7-0 254483838 0.191021 0.182879 6e-06 0.003288
3-5-0-2-2-3-0-4-3-5-0-0-1-1-0 264534436 0.231565 0.222479 5e-06 0.004033
3-5-0-2-2-3-0-4-3-5-0-2-2-3-0 263938876 0.240014 0.230623 4e-06 0.002953
3-5-0-2-2-3-0-4-3-5-0-4-3-5-0 260987845 0.588459 0.577824 4e-06 0.00334
3-5-0-2-2-3-0-4-3-5-0-6-4-7-0 264545893 0.51718 0.506991 7e-06 0.003082
3-5-0-2-2-3-0-6-4-7-0-0-1-1-0 264547773 0.276882 0.260931 1.1e-05 0.00508
3-5-0-2-2-3-0-6-4-7-0-2-2-3-0 264526605 0.277673 0.266859 9e-06 0.00277
3-5-0-2-2-3-0-6-4-7-0-4-3-5-0 264348044 0.651044 0.640911 3e-06 0.003137
3-5-0-2-2-3-0-6-4-7-0-6-4-7-0 264547772 0.546408 0.537001 2e-06 0.002877
3-5-0-4-3-5-0-0-1-1-0-0-1-1-0 242448037 0.14572 0.136196 9e-06 0.00404
3-5-0-4-3-5-0-0-1-1-0-2-2-3-0 264223483 0.152438 0.14309 7e-06 0.003734
3-5-0-4-3-5-0-0-1-1-0-4-3-5-0 254223236 0.459724 0.447658 7e-06 0.003992
3-5-0-4-3-5-0-0-1-1-0-6-4-7-0 264544959 0.391288 0.379776 8e-06 0.003288
3-5-0-4-3-5-0-2-2-3-0-0-1-1-0 264272027 0.152366 0.14353 4e-06 0.003172
3-5-0-4-3-5-0-2-2-3-0-2-2-3-0 223199128 0.151224 0.142606 5e-06 0.00322
3-5-0-4-3-5-0-2-2-3-0-4-3-5-0 256552028 0.477188 0.467642 4e-06 0.003143
3-5-0-4-3-5-0-2-2-3-0-6-4-7-0 262665496 0.419281 0.407147 4e-06 0.005456
3-5-0-4-3-5-0-4-3-5-0-0-1-1-0 254851812 0.356152 0.34498 7e-06 0.004587
3-5-0-4-3-5-0-4-3-5-0-2-2-3-0 252870735 0.361843 0.351868 8e-06 0.003188
3-5-0-4-3-5-0-4-3-5-0-4-3-5-0 249802666 0.674528 0.663097 4e-06 0.003464
3-5-0-4-3-5-0-4-3-5-0-6-4-7-0 253260419 0.612125 0.601355 3e-06 0.003772
3-5-0-4-3-5-0-6-4-7-0-0-1-1-0 264536355 0.309027 0.300566 8e-06 0.002968
3-5-0-4-3-5-0-6-4-7-0-2-2-3-0 261395656 0.312062 0.303422 7e-06 0.003002
3-5-0-4-3-5-0-6-4-7-0-4-3-5-0 263215652 0.66066 0.651018 9e-06 0.003268
3-5-0-4-3-5-0-6-4-7-0-6-4-7-0 264542880 0.58205 0.572642 5e-06 0.003025
3-5-0-6-4-7-0-0-1-1-0-0-1-1-0 264536355 0.250159 0.242246 5e-06 0.00268
3-5-0-6-4-7-0-0-1-1-0-2-2-3-0 264547768 0.2441 0.233648 3e-06 0.002689
3-5-0-6-4-7-0-0-1-1-0-4-3-5-0 264545622 0.584143 0.572634 4e-06 0.003045
3-5-0-6-4-7-0-0-1-1-0-6-4-7-0 264547773 0.489834 0.479448 3e-06 0.002914
3-5-0-6-4-7-0-2-2-3-0-0-1-1-0 264547773 0.232917 0.225426 5e-06 0.00262
3-5-0-6-4-7-0-2-2-3-0-2-2-3-0 258664239 0.236704 0.22811 2e-06 0.002677
3-5-0-6-4-7-0-2-2-3-0-4-3-5-0 264488100 0.576034 0.566058 2e-06 0.003084
3-5-0-6-4-7-0-2-2-3-0-6-4-7-0 264547773 0.528326 0.518094 2e-06 0.002747
3-5-0-6-4-7-0-4-3-5-0-0-1-1-0 264547773 0.573578 0.563239 4e-06 0.003886
3-5-0-6-4-7-0-4-3-5-0-2-2-3-0 264545259 0.581559 0.571621 4e-06 0.003026
3-5-0-6-4-7-0-4-3-5-0-4-3-5-0 263135171 0.965253 0.953715 7e-06 0.003362
3-5-0-6-4-7-0-4-3-5-0-6-4-7-0 264547770 0.875018 0.861532 9e-06 0.004463
3-5-0-6-4-7-0-6-4-7-0-0-1-1-0 264547773 0.501158 0.491638 8e-06 0.00337
3-5-0-6-4-7-0-6-4-7-0-2-2-3-0 264547767 0.503336 0.493994 5e-06 0.002856
3-5-0-6-4-7-0-6-4-7-0-4-3-5-0 264547650 0.834477 0.823973 5e-06 0.003024
3-5-0-6-4-7-0-6-4-7-0-6-4-7-0 264547773 0.758295 0.749915 5e-06 0.002862
4-7-0-0-1-1-0-0-1-1-0-0-1-1-0 15626706 0.016259 0.011773 7e-06 0.002582
4-7-0-0-1-1-0-0-1-1-0-2-2-3-0 15794087 0.015773 0.011437 4e-06 0.002407
4-7-0-0-1-1-0-0-1-1-0-4-3-5-0 15740985 0.03545 0.030597 8e-06 0.002573
4-7-0-0-1-1-0-0-1-1-0-6-4-7-0 15794415 0.030983 0.026531 4e-06 0.002451
4-7-0-0-1-1-0-2-2-3-0-0-1-1-0 15794415 0.015301 0.011187 6e-06 0.002335
4-7-0-0-1-1-0-2-2-3-0-2-2-3-0 15794087 0.015622 0.011333 5e-06 0.002356
4-7-0-0-1-1-0-2-2-3-0-4-3-5-0 15794415 0.038911 0.0337 2e-06 0.002766
4-7-0-0-1-1-0-2-2-3-0-6-4-7-0 15794415 0.033632 0.028882 5e-06 0.002457
4-7-0-0-1-1-0-4-3-5-0-0-1-1-0 15794415 0.036345 0.03106 2e-06 0.002674
4-7-0-0-1-1-0-4-3-5-0-2-2-3-0 15794372 0.036685 0.031288 4e-06 0.002619
4-7-0-0-1-1-0-4-3-5-0-4-3-5-0 15792180 0.059199 0.053467 5e-06 0.002955
4-7-0-0-1-1-0-4-3-5-0-6-4-7-0 15794415 0.05649 0.050874 3e-06 0.002752
4-7-0-0-1-1-0-6-4-7-0-0-1-1-0 15794415 0.032077 0.027264 8e-06 0.002437
4-7-0-0-1-1-0-6-4-7-0-2-2-3-0 15794415 0.03193 0.027097 4e-06 0.002461
4-7-0-0-1-1-0-6-4-7-0-4-3-5-0 15794415 0.05524 0.049439 5e-06 0.002702
4-7-0-0-1-1-0-6-4-7-0-6-4-7-0 15794415 0.049977 0.045194 7e-06 0.002551
4-7-0-2-2-3-0-0-1-1-0-0-1-1-0 15794415 0.01404 0.009624 5e-06 0.002426
4-7-0-2-2-3-0-0-1-1-0-2-2-3-0 15794415 0.014308 0.009979 2e-06 0.002409
4-7-0-2-2-3-0-0-1-1-0-4-3-5-0 15794415 0.035265 0.030331 6e-06 0.002591
4-7-0-2-2-3-0-0-1-1-0-6-4-7-0 15794415 0.030154 0.025699 7e-06 0.00246
4-7-0-2-2-3-0-2-2-3-0-0-1-1-0 15794415 0.012347 0.007912 6e-06 0.002415
4-7-0-2-2-3-0-2-2-3-0-2-2-3-0 10219172 0.011681 0.007417 8e-06 0.002425
4-7-0-2-2-3-0-2-2-3-0-4-3-5-0 15662521 0.032049 0.027077 6e-06 0.002631
4-7-0-2-2-3-0-2-2-3-0-6-4-7-0 15792946 0.027874 0.023009 7e-06 0.002482
4-7-0-2-2-3-0-4-3-5-0-0-1-1-0 15794415 0.033321 0.028367 5e-06 0.002601
4-7-0-2-2-3-0-4-3-5-0-2-2-3-0 15794338 0.034094 0.029047 5e-06 0.002679
4-7-0-2-2-3-0-4-3-5-0-4-3-5-0 15743848 0.057205 0.051418 4e-06 0.00296
4-7-0-2-2-3-0-4-3-5-0-6-4-7-0 15794415 0.051863 0.046695 4e-06 0.002766
4-7-0-2-2-3-0-6-4-7-0-0-1-1-0 15794415 0.028783 0.02433 4e-06 0.002479
4-7-0-2-2-3-0-6-4-7-0-2-2-3-0 15794414 0.028949 0.024378 5e-06 0.002436
4-7-0-2-2-3-0-6-4-7-0-4-3-5-0 15794371 0.052338 0.046814 3e-06 0.002727
4-7-0-2-2-3-0-6-4-7-0-6-4-7-0 15794415 0.046669 0.041822 5e-06 0.002575
4-7-0-4-3-5-0-0-1-1-0-0-1-1-0 15758734 0.02498 0.020165 4e-06 0.002664
4-7-0-4-3-5-0-0-1-1-0-2-2-3-0 15794374 0.025439 0.020152 7e-06 0.002844
4-7-0-4-3-5-0-0-1-1-0-4-3-5-0 15784512 0.045565 0.039923 7e-06 0.002942
4-7-0-4-3-5-0-0-1-1-0-6-4-7-0 15794415 0.040022 0.034967 4e-06 0.002706
4-7-0-4-3-5-0-2-2-3-0-0-1-1-0 15794415 0.024514 0.019517 4e-06 0.002655
4-7-0-4-3-5-0-2-2-3-0-2-2-3-0 15752999 0.02474 0.020162 6e-06 0.002573
4-7-0-4-3-5-0-2-2-3-0-4-3-5-0 15793767 0.053624 0.047405 3e-06 0.002933
4-7-0-4-3-5-0-2-2-3-0-6-4-7-0 15794415 0.049737 0.043897 3e-06 0.003059
4-7-0-4-3-5-0-4-3-5-0-0-1-1-0 15794415 0.050938 0.04492 2e-06 0.003187
4-7-0-4-3-5-0-4-3-5-0-2-2-3-0 15794351 0.04714 0.041619 6e-06 0.002943
4-7-0-4-3-5-0-4-3-5-0-4-3-5-0 15614461 0.069558 0.063348 6e-06 0.003281
4-7-0-4-3-5-0-4-3-5-0-6-4-7-0 15794415 0.065092 0.058806 6e-06 0.003094
4-7-0-4-3-5-0-6-4-7-0-0-1-1-0 15794415 0.042938 0.037513 6e-06 0.002767
4-7-0-4-3-5-0-6-4-7-0-2-2-3-0 15794415 0.043185 0.037919 1e-06 0.00281
4-7-0-4-3-5-0-6-4-7-0-4-3-5-0 15794412 0.065909 0.059726 3e-06 0.003034
4-7-0-4-3-5-0-6-4-7-0-6-4-7-0 15794415 0.069204 0.056942 5e-06 0.002866
4-7-0-6-4-7-0-0-1-1-0-0-1-1-0 15794415 0.024717 0.020089 5e-06 0.002414
4-7-0-6-4-7-0-0-1-1-0-2-2-3-0 15794415 0.024472 0.020165 5e-06 0.002416
4-7-0-6-4-7-0-0-1-1-0-4-3-5-0 15794415 0.045287 0.040043 6e-06 0.002685
4-7-0-6-4-7-0-0-1-1-0-6-4-7-0 15794415 0.040587 0.035659 5e-06 0.00249
4-7-0-6-4-7-0-2-2-3-0-0-1-1-0 15794415 0.024284 0.019819 3e-06 0.002419
4-7-0-6-4-7-0-2-2-3-0-2-2-3-0 15792398 0.024919 0.020382 5e-06 0.002384
4-7-0-6-4-7-0-2-2-3-0-4-3-5-0 15794397 0.047645 0.042434 3e-06 0.002754
4-7-0-6-4-7-0-2-2-3-0-6-4-7-0 15794415 0.042865 0.038041 1e-06 0.002615
4-7-0-6-4-7-0-4-3-5-0-0-1-1-0 15794415 0.048171 0.042593 5e-06 0.002741
4-7-0-6-4-7-0-4-3-5-0-2-2-3-0 15794413 0.047803 0.042404 1.1e-05 0.002789
4-7-0-6-4-7-0-4-3-5-0-4-3-5-0 15792097 0.070887 0.064716 5e-06 0.003049
4-7-0-6-4-7-0-4-3-5-0-6-4-7-0 15794415 0.06504 0.059678 3e-06 0.002835
4-7-0-6-4-7-0-6-4-7-0-0-1-1-0 15794415 0.042106 0.037702 8e-06 0.002494
4-7-0-6-4-7-0-6-4-7-0-2-2-3-0 15794415 0.042634 0.037827 4e-06 0.002518
4-7-0-6-4-7-0-6-4-7-0-4-3-5-0 15794415 0.066524 0.060784 5e-06 0.002807
4-7-0-6-4-7-0-6-4-7-0-6-4-7-0 15794415 0.061308 0.056258 4e-06 0.002646
