0-0-1-1-0-0-1-1-0-0-1-1-0-0-1 34713 0.010746 0.00299 3e-06 0.003582
0-0-1-1-0-0-1-1-0-0-1-1-0-2-2 11426723 0.08639 0.079357 3e-06 0.003729
0-0-1-1-0-0-1-1-0-0-1-1-0-4-3 66667832 0.787937 0.77608 6e-06 0.003589
0-0-1-1-0-0-1-1-0-0-1-1-0-6-4 15626706 0.445719 0.431692 8e-06 0.003836
0-0-1-1-0-0-1-1-0-2-2-3-0-0-1 277704 0.011937 0.003479 9e-06 0.004377
0-0-1-1-0-0-1-1-0-2-2-3-0-2-2 11426723 0.031361 0.015697 1e-05 0.004928
0-0-1-1-0-0-1-1-0-2-2-3-0-4-3 262992233 2.59619 2.38788 7e-06 0.004598
0-0-1-1-0-0-1-1-0-2-2-3-0-6-4 15794415 1.82232 1.64932 8e-06 0.005489
0-0-1-1-0-0-1-1-0-4-3-5-0-0-1 277704 0.263723 0.230366 7e-06 0.004754
0-0-1-1-0-0-1-1-0-4-3-5-0-2-2 13373259 0.622788 0.588559 1.1e-05 0.005048
0-0-1-1-0-0-1-1-0-4-3-5-0-4-3 242448037 1.13779 1.11749 8e-06 0.005961
0-0-1-1-0-0-1-1-0-4-3-5-0-6-4 15758734 1.04356 1.02185 1.1e-05 0.008211
0-0-1-1-0-0-1-1-0-6-4-7-0-0-1 277704 0.296386 0.268085 7e-06 0.00558
0-0-1-1-0-0-1-1-0-6-4-7-0-2-2 13954626 1.26788 1.21164 9e-06 0.005407
0-0-1-1-0-0-1-1-0-6-4-7-0-4-3 264536355 1.72009 1.70425 1.1e-05 0.005277
0-0-1-1-0-0-1-1-0-6-4-7-0-6-4 15794415 1.65051 1.54548 9e-06 0.01012
0-0-1-1-0-2-2-3-0-0-1-1-0-0-1 277704 0.011816 0.003595 1.3e-05 0.00546
0-0-1-1-0-2-2-3-0-0-1-1-0-2-2 13954626 0.030043 0.017289 9e-06 0.005505
0-0-1-1-0-2-2-3-0-0-1-1-0-4-3 264547773 1.66848 1.54446 6e-06 0.005586
0-0-1-1-0-2-2-3-0-0-1-1-0-6-4 15794415 1.58748 1.4431 1.2e-05 0.005675
0-0-1-1-0-2-2-3-0-2-2-3-0-0-1 277704 0.012317 0.003353 1e-05 0.006052
0-0-1-1-0-2-2-3-0-2-2-3-0-2-2 11426723 0.01265 0.00432 9e-06 0.005642
0-0-1-1-0-2-2-3-0-2-2-3-0-4-3 262992233 1.13842 1.09227 7e-06 0.005562
0-0-1-1-0-2-2-3-0-2-2-3-0-6-4 15794415 0.939102 0.90424 1.3e-05 0.006248
0-0-1-1-0-2-2-3-0-4-3-5-0-0-1 277704 0.929519 0.858924 1.4e-05 0.005438
0-0-1-1-0-2-2-3-0-4-3-5-0-2-2 13954626 2.91924 2.87972 1e-05 0.006696
0-0-1-1-0-2-2-3-0-4-3-5-0-4-3 264272027 2.39861 2.33047 1.3e-05 0.006362
0-0-1-1-0-2-2-3-0-4-3-5-0-6-4 15794415 2.26552 2.15086 7e-06 0.004606
0-0-1-1-0-2-2-3-0-6-4-7-0-0-1 277704 0.955425 0.915871 8e-06 0.004863
0-0-1-1-0-2-2-3-0-6-4-7-0-2-2 13954626 6.42071 6.39741 7e-06 0.004526
0-0-1-1-0-2-2-3-0-6-4-7-0-4-3 264547773 2.00321 1.98167 6e-06 0.004768
0-0-1-1-0-2-2-3-0-6-4-7-0-6-4 15794415 1.90077 1.84579 6e-06 0.004588
0-0-1-1-0-4-3-5-0-0-1-1-0-0-1 277704 0.261697 0.240037 1.1e-05 0.004677
0-0-1-1-0-4-3-5-0-0-1-1-0-2-2 13954626 2.40362 2.38423 7e-06 0.004937
0-0-1-1-0-4-3-5-0-0-1-1-0-4-3 264547773 87.8685 87.6822 6e-06 0.00485
0-0-1-1-0-4-3-5-0-0-1-1-0-6-4 15794415 83.9188 83.802 1e-05 0.007526
0-0-1-1-0-4-3-5-0-2-2-3-0-0-1 277704 0.259849 0.218824 1.4e-05 0.006057
0-0-1-1-0-4-3-5-0-2-2-3-0-2-2 13373259 0.600694 0.573156 6e-06 0.006219
0-0-1-1-0-4-3-5-0-2-2-3-0-4-3 264534436 68.439 68.293 1.4e-05 0.005514
0-0-1-1-0-4-3-5-0-2-2-3-0-6-4 15794415 62.8057 62.6672 1.4e-05 0.005985
0-0-1-1-0-4-3-5-0-4-3-5-0-0-1 277704 1.76537 1.67684 1e-05 0.005021
0-0-1-1-0-4-3-5-0-4-3-5-0-2-2 13954626 1.76693 1.70171 7e-06 0.006911
0-0-1-1-0-4-3-5-0-4-3-5-0-4-3 254851812 2.26189 2.20739 1.1e-05 0.005867
0-0-1-1-0-4-3-5-0-4-3-5-0-6-4 15794415 2.1936 2.13668 9e-06 0.005757
0-0-1-1-0-4-3-5-0-6-4-7-0-0-1 277704 1.53223 1.47269 8e-06 0.005214
0-0-1-1-0-4-3-5-0-6-4-7-0-2-2 13954626 1.52536 1.47676 1e-05 0.004746
0-0-1-1-0-4-3-5-0-6-4-7-0-4-3 264547773 2.03379 2.0005 8e-06 0.007301
0-0-1-1-0-4-3-5-0-6-4-7-0-6-4 15794415 1.95435 1.90525 8e-06 0.00525
0-0-1-1-0-6-4-7-0-0-1-1-0-0-1 277704 0.486484 0.436498 1.8e-05 0.008256
0-0-1-1-0-6-4-7-0-0-1-1-0-2-2 13954626 2.49198 2.45557 7e-06 0.005127
0-0-1-1-0-6-4-7-0-0-1-1-0-4-3 264547773 177.86 177.534 6e-06 0.004724
0-0-1-1-0-6-4-7-0-0-1-1-0-6-4 15794415 151.825 151.657 5e-06 0.004866
0-0-1-1-0-6-4-7-0-2-2-3-0-0-1 277704 0.408909 0.342974 3e-06 0.004734
0-0-1-1-0-6-4-7-0-2-2-3-0-2-2 13954626 1.2919 1.12584 1e-05 0.005384
0-0-1-1-0-6-4-7-0-2-2-3-0-4-3 264547773 122.335 122.02 1.1e-05 0.005009
0-0-1-1-0-6-4-7-0-2-2-3-0-6-4 15794415 123.326 123.108 9e-06 0.004624
0-0-1-1-0-6-4-7-0-4-3-5-0-0-1 277704 2.16215 2.03577 6e-06 0.005058
0-0-1-1-0-6-4-7-0-4-3-5-0-2-2 13954626 2.13713 2.04365 6e-06 0.004772
0-0-1-1-0-6-4-7-0-4-3-5-0-4-3 264536355 2.57384 2.54509 6e-06 0.004524
0-0-1-1-0-6-4-7-0-4-3-5-0-6-4 15794415 2.49651 2.40099 1.1e-05 0.005001
0-0-1-1-0-6-4-7-0-6-4-7-0-0-1 277704 1.83933 1.75799 6e-06 0.004708
0-0-1-1-0-6-4-7-0-6-4-7-0-2-2 13954626 1.82739 1.73858 9e-06 0.004798
0-0-1-1-0-6-4-7-0-6-4-7-0-4-3 264547773 2.32808 2.29089 5e-06 0.004459
0-0-1-1-0-6-4-7-0-6-4-7-0-6-4 15794415 2.23729 2.15581 1e-05 0.004884
0-2-2-3-0-0-1-1-0-0-1-1-0-0-1 269979 0.00921 0.002684 8e-06 0.004363
0-2-2-3-0-0-1-1-0-0-1-1-0-2-2 13942082 0.018194 0.011756 6e-06 0.003645
0-2-2-3-0-0-1-1-0-0-1-1-0-4-3 261068775 0.82021 0.808705 6e-06 0.004136
0-2-2-3-0-0-1-1-0-0-1-1-0-6-4 15794087 0.72175 0.709808 6e-06 0.004103
0-2-2-3-0-0-1-1-0-2-2-3-0-0-1 277704 0.011627 0.003112 8e-06 0.004659
0-2-2-3-0-0-1-1-0-2-2-3-0-2-2 13942082 0.013149 0.006235 9e-06 0.004092
0-2-2-3-0-0-1-1-0-2-2-3-0-4-3 264546361 0.97806 0.943441 6e-06 0.003989
0-2-2-3-0-0-1-1-0-2-2-3-0-6-4 15794415 0.906919 0.843554 6e-06 0.004296
0-2-2-3-0-0-1-1-0-4-3-5-0-0-1 277704 0.655945 0.623326 8e-06 0.004557
0-2-2-3-0-0-1-1-0-4-3-5-0-2-2 13950086 2.16952 2.1438 9e-06 0.006147
0-2-2-3-0-0-1-1-0-4-3-5-0-4-3 264223483 1.9847 1.95105 7e-06 0.004654
0-2-2-3-0-0-1-1-0-4-3-5-0-6-4 15794374 1.94523 1.87591 6e-06 0.004633
0-2-2-3-0-0-1-1-0-6-4-7-0-0-1 277704 0.714601 0.692525 4e-06 0.004423
0-2-2-3-0-0-1-1-0-6-4-7-0-2-2 13954626 4.91185 4.89433 1e-05 0.005418
0-2-2-3-0-0-1-1-0-6-4-7-0-4-3 264547768 1.74917 1.73627 8e-06 0.004324
0-2-2-3-0-0-1-1-0-6-4-7-0-6-4 15794415 1.64064 1.61827 7e-06 0.005905
0-2-2-3-0-2-2-3-0-0-1-1-0-0-1 269979 0.00888 0.002763 5e-06 0.004001
0-2-2-3-0-2-2-3-0-0-1-1-0-2-2 13942082 0.014938 0.008106 6e-06 0.004142
0-2-2-3-0-2-2-3-0-0-1-1-0-4-3 261068775 0.826739 0.814968 4e-06 0.004007
0-2-2-3-0-2-2-3-0-0-1-1-0-6-4 15794087 0.760892 0.746889 1e-05 0.005284
0-2-2-3-0-2-2-3-0-2-2-3-0-0-1 269979 0.012974 0.002785 7e-06 0.004656
0-2-2-3-0-2-2-3-0-2-2-3-0-2-2 34713 0.009117 0.002508 8e-06 0.004302
0-2-2-3-0-2-2-3-0-2-2-3-0-4-3 18178411 0.034823 0.020957 7e-06 0.004043
0-2-2-3-0-2-2-3-0-2-2-3-0-6-4 10219172 0.036188 0.019766 5e-06 0.004355
0-2-2-3-0-2-2-3-0-4-3-5-0-0-1 277212 0.038022 0.014855 5e-06 0.004523
0-2-2-3-0-2-2-3-0-4-3-5-0-2-2 12401496 0.057094 0.037612 7e-06 0.005304
0-2-2-3-0-2-2-3-0-4-3-5-0-4-3 223199128 0.550343 0.536756 8e-06 0.005312
0-2-2-3-0-2-2-3-0-4-3-5-0-6-4 15752999 0.485856 0.470769 8e-06 0.005397
0-2-2-3-0-2-2-3-0-6-4-7-0-0-1 277704 0.044644 0.02565 1.4e-05 0.005739
0-2-2-3-0-2-2-3-0-6-4-7-0-2-2 13689497 0.102374 0.090249 4e-06 0.00426
0-2-2-3-0-2-2-3-0-6-4-7-0-4-3 258664239 0.968477 0.957557 1.4e-05 0.004541
0-2-2-3-0-2-2-3-0-6-4-7-0-6-4 15792398 0.889796 0.868483 1.9e-05 0.008727
0-2-2-3-0-4-3-5-0-0-1-1-0-0-1 277212 0.153488 0.123806 9e-06 0.005998
0-2-2-3-0-4-3-5-0-0-1-1-0-2-2 13953539 0.249063 0.230999 1.1e-05 0.004475
0-2-2-3-0-4-3-5-0-0-1-1-0-4-3 264335304 6.39786 6.36054 9e-06 0.004708
0-2-2-3-0-4-3-5-0-0-1-1-0-6-4 15794372 6.42992 6.36586 9e-06 0.00486
0-2-2-3-0-4-3-5-0-2-2-3-0-0-1 277704 0.132103 0.098432 7e-06 0.004492
0-2-2-3-0-4-3-5-0-2-2-3-0-2-2 12401496 0.142139 0.119965 7e-06 0.005867
0-2-2-3-0-4-3-5-0-2-2-3-0-4-3 263938876 4.7964 4.78205 1e-05 0.004486
0-2-2-3-0-4-3-5-0-2-2-3-0-6-4 15794338 4.78336 4.75172 1.2e-05 0.00625
0-2-2-3-0-4-3-5-0-4-3-5-0-0-1 277704 1.28581 1.24278 5e-06 0.004996
0-2-2-3-0-4-3-5-0-4-3-5-0-2-2 13942369 1.28717 1.25927 1.1e-05 0.00461
0-2-2-3-0-4-3-5-0-4-3-5-0-4-3 252870735 1.78489 1.7577 8e-06 0.006153
0-2-2-3-0-4-3-5-0-4-3-5-0-6-4 15794351 1.72454 1.69372 8e-06 0.005625
0-2-2-3-0-4-3-5-0-6-4-7-0-0-1 277704 1.12367 1.05865 9e-06 0.007142
0-2-2-3-0-4-3-5-0-6-4-7-0-2-2 13954500 1.16211 1.10328 7e-06 0.006257
0-2-2-3-0-4-3-5-0-6-4-7-0-4-3 264545259 1.67275 1.65423 1e-05 0.005592
0-2-2-3-0-4-3-5-0-6-4-7-0-6-4 15794413 1.57036 1.52188 1.8e-05 0.008939
0-2-2-3-0-6-4-7-0-0-1-1-0-0-1 277704 0.320801 0.270138 1.5e-05 0.008136
0-2-2-3-0-6-4-7-0-0-1-1-0-2-2 13954626 0.436347 0.391881 1e-05 0.004713
0-2-2-3-0-6-4-7-0-0-1-1-0-4-3 264547773 12.1692 11.9582 7e-06 0.004557
0-2-2-3-0-6-4-7-0-0-1-1-0-6-4 15794415 11.9162 11.7445 1.5e-05 0.00715
0-2-2-3-0-6-4-7-0-2-2-3-0-0-1 277704 0.382842 0.220747 8e-06 0.00499
0-2-2-3-0-6-4-7-0-2-2-3-0-2-2 13689497 0.328541 0.283157 9e-06 0.005329
0-2-2-3-0-6-4-7-0-2-2-3-0-4-3 264526605 10.2384 10.0413 5e-06 0.004205
0-2-2-3-0-6-4-7-0-2-2-3-0-6-4 15794414 10.1204 9.92856 1.4e-05 0.008507
0-2-2-3-0-6-4-7-0-4-3-5-0-0-1 277704 1.85506 1.70706 4e-06 0.005217
0-2-2-3-0-6-4-7-0-4-3-5-0-2-2 13953921 1.88119 1.78038 7e-06 0.005621
0-2-2-3-0-6-4-7-0-4-3-5-0-4-3 261395656 2.30069 2.25845 1e-05 0.005195
0-2-2-3-0-6-4-7-0-4-3-5-0-6-4 15794415 2.24836 2.14558 8e-06 0.005675
0-2-2-3-0-6-4-7-0-6-4-7-0-0-1 277704 1.54523 1.4668 1.6e-05 0.006683
0-2-2-3-0-6-4-7-0-6-4-7-0-2-2 13954626 1.56346 1.50516 8e-06 0.0058
0-2-2-3-0-6-4-7-0-6-4-7-0-4-3 264547767 2.09236 2.06234 8e-06 0.00522
0-2-2-3-0-6-4-7-0-6-4-7-0-6-4 15794415 2.01208 1.95272 6e-06 0.004771
0-4-3-5-0-0-1-1-0-0-1-1-0-0-1 125547 0.259925 0.233107 9e-06 0.00631
0-4-3-5-0-0-1-1-0-0-1-1-0-2-2 13103489 0.277876 0.248596 5e-06 0.00447
0-4-3-5-0-0-1-1-0-0-1-1-0-4-3 159103520 0.481038 0.463378 1.1e-05 0.004403
0-4-3-5-0-0-1-1-0-0-1-1-0-6-4 15740985 0.444797 0.421748 5e-06 0.00453
0-4-3-5-0-0-1-1-0-2-2-3-0-0-1 277704 0.531451 0.423683 5e-06 0.004246
0-4-3-5-0-0-1-1-0-2-2-3-0-2-2 13103489 0.507568 0.448446 1e-05 0.005941
0-4-3-5-0-0-1-1-0-2-2-3-0-4-3 264299335 0.996201 0.976014 7e-06 0.005206
0-4-3-5-0-0-1-1-0-2-2-3-0-6-4 15794415 0.909318 0.855005 1.6e-05 0.005581
0-4-3-5-0-0-1-1-0-4-3-5-0-0-1 277704 0.956765 0.909935 2e-06 0.004873
0-4-3-5-0-0-1-1-0-4-3-5-0-2-2 13749399 0.949051 0.908528 5e-06 0.005751
0-4-3-5-0-0-1-1-0-4-3-5-0-4-3 254223236 1.41094 1.3827 1e-05 0.004861
0-4-3-5-0-0-1-1-0-4-3-5-0-6-4 15784512 1.34156 1.31719 3e-06 0.005297
0-4-3-5-0-0-1-1-0-6-4-7-0-0-1 277704 1.03774 0.935623 8e-06 0.00444
0-4-3-5-0-0-1-1-0-6-4-7-0-2-2 13954626 1.03331 0.953321 9e-06 0.004683
0-4-3-5-0-0-1-1-0-6-4-7-0-4-3 264545622 1.51566 1.48031 1.2e-05 0.005327
0-4-3-5-0-0-1-1-0-6-4-7-0-6-4 15794415 1.46495 1.39715 1.2e-05 0.008285
0-4-3-5-0-2-2-3-0-0-1-1-0-0-1 277597 0.416837 0.351779 9e-06 0.004649
0-4-3-5-0-2-2-3-0-0-1-1-0-2-2 13954538 0.430062 0.36644 1.5e-05 0.005006
0-4-3-5-0-2-2-3-0-0-1-1-0-4-3 264505054 0.876051 0.853604 5e-06 0.005884
0-4-3-5-0-2-2-3-0-0-1-1-0-6-4 15794415 0.81025 0.744604 1.1e-05 0.004761
0-4-3-5-0-2-2-3-0-2-2-3-0-0-1 277597 0.194228 0.177067 1.2e-05 0.004673
0-4-3-5-0-2-2-3-0-2-2-3-0-2-2 1807215 0.211711 0.190654 1e-05 0.0062
0-4-3-5-0-2-2-3-0-2-2-3-0-4-3 186718068 0.418219 0.404003 6e-06 0.004983
0-4-3-5-0-2-2-3-0-2-2-3-0-6-4 15662521 0.368593 0.353718 1e-05 0.004443
0-4-3-5-0-2-2-3-0-4-3-5-0-0-1 277704 1.07853 1.02529 8e-06 0.0046
0-4-3-5-0-2-2-3-0-4-3-5-0-2-2 13920727 1.11117 1.0396 1.4e-05 0.00508
0-4-3-5-0-2-2-3-0-4-3-5-0-4-3 256552028 1.61871 1.55409 9e-06 0.004863
0-4-3-5-0-2-2-3-0-4-3-5-0-6-4 15793767 1.5024 1.47554 5e-06 0.005175
0-4-3-5-0-2-2-3-0-6-4-7-0-0-1 277704 1.0099 0.876655 2e-06 0.004655
0-4-3-5-0-2-2-3-0-6-4-7-0-2-2 13952209 0.99131 0.904145 6e-06 0.005143
0-4-3-5-0-2-2-3-0-6-4-7-0-4-3 264488100 1.53812 1.50121 8e-06 0.004888
0-4-3-5-0-2-2-3-0-6-4-7-0-6-4 15794397 1.42763 1.34079 1e-05 0.005882
0-4-3-5-0-4-3-5-0-0-1-1-0-0-1 273654 0.692767 0.587641 3e-06 0.005623
0-4-3-5-0-4-3-5-0-0-1-1-0-2-2 13920168 0.638224 0.585807 6e-06 0.00515
0-4-3-5-0-4-3-5-0-0-1-1-0-4-3 261568906 1.09641 1.07003 9e-06 0.005327
0-4-3-5-0-4-3-5-0-0-1-1-0-6-4 15792180 1.01333 0.949606 8e-06 0.006631
0-4-3-5-0-4-3-5-0-2-2-3-0-0-1 277611 0.641359 0.576138 1e-05 0.007173
0-4-3-5-0-4-3-5-0-2-2-3-0-2-2 12620533 0.625354 0.588934 6e-06 0.005044
0-4-3-5-0-4-3-5-0-2-2-3-0-4-3 260987845 1.16531 1.14162 7e-06 0.00651
0-4-3-5-0-4-3-5-0-2-2-3-0-6-4 15743848 1.03612 0.997158 5e-06 0.005203
0-4-3-5-0-4-3-5-0-4-3-5-0-0-1 274950 1.41891 1.33979 5e-06 0.005193
0-4-3-5-0-4-3-5-0-4-3-5-0-2-2 13780903 1.43348 1.38685 1e-05 0.005292
0-4-3-5-0-4-3-5-0-4-3-5-0-4-3 249802666 1.92246 1.88515 5e-06 0.006384
0-4-3-5-0-4-3-5-0-4-3-5-0-6-4 15614461 1.82753 1.78214 6e-06 0.005566
0-4-3-5-0-4-3-5-0-6-4-7-0-0-1 277700 1.32831 1.1985 1.1e-05 0.005946
0-4-3-5-0-4-3-5-0-6-4-7-0-2-2 13850279 1.24672 1.19215 9e-06 0.004887
0-4-3-5-0-4-3-5-0-6-4-7-0-4-3 263135171 1.7495 1.72744 6e-06 0.004928
0-4-3-5-0-4-3-5-0-6-4-7-0-6-4 15792097 1.70662 1.62695 1e-05 0.005184
0-4-3-5-0-6-4-7-0-0-1-1-0-0-1 277700 0.904317 0.835428 6e-06 0.004993
0-4-3-5-0-6-4-7-0-0-1-1-0-2-2 13954622 0.937252 0.844459 8e-06 0.004826
0-4-3-5-0-6-4-7-0-0-1-1-0-4-3 264547070 1.39761 1.35033 1.7e-05 0.008855
0-4-3-5-0-6-4-7-0-0-1-1-0-6-4 15794415 1.25624 1.18288 6e-06 0.00477
0-4-3-5-0-6-4-7-0-2-2-3-0-0-1 277704 0.876822 0.81677 8e-06 0.004657
0-4-3-5-0-6-4-7-0-2-2-3-0-2-2 13721768 0.892863 0.831541 5e-06 0.005174
0-4-3-5-0-6-4-7-0-2-2-3-0-4-3 264348044 1.46515 1.42362 9e-06 0.004716
0-4-3-5-0-6-4-7-0-2-2-3-0-6-4 15794371 1.31496 1.25757 1.3e-05 0.006699
0-4-3-5-0-6-4-7-0-4-3-5-0-0-1 277704 2.0558 1.92063 8e-06 0.006745
0-4-3-5-0-6-4-7-0-4-3-5-0-2-2 13953164 1.9628 1.86809 1.1e-05 0.005348
0-4-3-5-0-6-4-7-0-4-3-5-0-4-3 263215652 2.43933 2.3993 5e-06 0.004922
0-4-3-5-0-6-4-7-0-4-3-5-0-6-4 15794412 2.43412 2.32175 4e-06 0.00499
0-4-3-5-0-6-4-7-0-6-4-7-0-0-1 277704 1.68128 1.56588 9e-06 0.005799
0-4-3-5-0-6-4-7-0-6-4-7-0-2-2 13954620 1.67153 1.60469 1.1e-05 0.005875
0-4-3-5-0-6-4-7-0-6-4-7-0-4-3 264547650 2.20189 2.17935 5e-06 0.004908
0-4-3-5-0-6-4-7-0-6-4-7-0-6-4 15794415 2.1061 2.03839 6e-06 0.005877
0-6-4-7-0-0-1-1-0-0-1-1-0-0-1 277619 0.73035 0.580101 1e-05 0.004371
0-6-4-7-0-0-1-1-0-0-1-1-0-2-2 13954551 0.714149 0.594608 6e-06 0.004301
0-6-4-7-0-0-1-1-0-0-1-1-0-4-3 264520476 1.16933 1.09242 1.1e-05 0.005692
0-6-4-7-0-0-1-1-0-0-1-1-0-6-4 15794415 1.07761 0.942752 6e-06 0.005138
0-6-4-7-0-0-1-1-0-2-2-3-0-0-1 277704 0.643577 0.565308 9e-06 0.004551
0-6-4-7-0-0-1-1-0-2-2-3-0-2-2 13954551 0.660198 0.568051 6e-06 0.004329
0-6-4-7-0-0-1-1-0-2-2-3-0-4-3 264547769 1.19139 1.13733 4e-06 0.004713
0-6-4-7-0-0-1-1-0-2-2-3-0-6-4 15794415 1.06595 0.98165 5e-06 0.003943
0-6-4-7-0-0-1-1-0-4-3-5-0-0-1 277704 1.67889 1.51605 8e-06 0.004483
0-6-4-7-0-0-1-1-0-4-3-5-0-2-2 13954585 1.66511 1.50778 6e-06 0.004312
0-6-4-7-0-0-1-1-0-4-3-5-0-4-3 264544959 2.05196 2.00969 9e-06 0.005359
0-6-4-7-0-0-1-1-0-4-3-5-0-6-4 15794415 2.05683 1.91957 7e-06 0.005184
0-6-4-7-0-0-1-1-0-6-4-7-0-0-1 277704 1.40678 1.27642 1.8e-05 0.00814
0-6-4-7-0-0-1-1-0-6-4-7-0-2-2 13954626 1.36847 1.26236 1.1e-05 0.006565
0-6-4-7-0-0-1-1-0-6-4-7-0-4-3 264547773 1.89682 1.82615 1e-05 0.004797
0-6-4-7-0-0-1-1-0-6-4-7-0-6-4 15794415 1.79787 1.69859 5e-06 0.004169
0-6-4-7-0-2-2-3-0-0-1-1-0-0-1 277704 0.578165 0.48328 6e-06 0.004075
0-6-4-7-0-2-2-3-0-0-1-1-0-2-2 13954626 0.580132 0.507983 7e-06 0.006275
0-6-4-7-0-2-2-3-0-0-1-1-0-4-3 264547773 1.08431 1.02809 2e-06 0.004264
0-6-4-7-0-2-2-3-0-0-1-1-0-6-4 15794415 0.943646 0.863815 9e-06 0.004258
0-6-4-7-0-2-2-3-0-2-2-3-0-0-1 277704 0.49932 0.432307 2.2e-05 0.007686
0-6-4-7-0-2-2-3-0-2-2-3-0-2-2 6345795 0.512219 0.465033 9e-06 0.006648
0-6-4-7-0-2-2-3-0-2-2-3-0-4-3 254483838 0.927545 0.902367 1.1e-05 0.006015
0-6-4-7-0-2-2-3-0-2-2-3-0-6-4 15792946 0.829444 0.793356 3e-06 0.00498
0-6-4-7-0-2-2-3-0-4-3-5-0-0-1 277704 1.59785 1.4402 1e-05 0.004593
0-6-4-7-0-2-2-3-0-4-3-5-0-2-2 13954585 1.59291 1.46601 8e-06 0.004773
0-6-4-7-0-2-2-3-0-4-3-5-0-4-3 262665496 2.03509 1.98689 1.3e-05 0.006154
0-6-4-7-0-2-2-3-0-4-3-5-0-6-4 15794415 2.01778 1.87546 8e-06 0.006216
0-6-4-7-0-2-2-3-0-6-4-7-0-0-1 277704 1.32522 1.23411 8e-06 0.005317
0-6-4-7-0-2-2-3-0-6-4-7-0-2-2 13954626 1.31158 1.22893 1e-05 0.004451
0-6-4-7-0-2-2-3-0-6-4-7-0-4-3 264547773 1.82139 1.79126 7e-06 0.006455
0-6-4-7-0-2-2-3-0-6-4-7-0-6-4 15794415 1.69816 1.62419 1e-05 0.004391
0-6-4-7-0-4-3-5-0-0-1-1-0-0-1 277701 1.08763 1.0052 1.1e-05 0.004569
0-6-4-7-0-4-3-5-0-0-1-1-0-2-2 13954618 1.05853 0.996954 8e-06 0.006064
0-6-4-7-0-4-3-5-0-0-1-1-0-4-3 264546039 1.55486 1.49983 4e-06 0.004756
0-6-4-7-0-4-3-5-0-0-1-1-0-6-4 15794415 1.4617 1.38974 9e-06 0.004675
0-6-4-7-0-4-3-5-0-2-2-3-0-0-1 277704 1.14743 1.05888 1.2e-05 0.005696
0-6-4-7-0-4-3-5-0-2-2-3-0-2-2 13891951 1.09593 1.0289 9e-06 0.004682
0-6-4-7-0-4-3-5-0-2-2-3-0-4-3 264545893 1.58214 1.55523 1.2e-05 0.004404
0-6-4-7-0-4-3-5-0-2-2-3-0-6-4 15794415 1.53335 1.471 1.9e-05 0.008331
0-6-4-7-0-4-3-5-0-4-3-5-0-0-1 277704 2.0882 1.96869 5e-06 0.004726
0-6-4-7-0-4-3-5-0-4-3-5-0-2-2 13954598 2.15574 2.03748 1.2e-05 0.006149
0-6-4-7-0-4-3-5-0-4-3-5-0-4-3 253260419 2.53994 2.51455 5e-06 0.00493
0-6-4-7-0-4-3-5-0-4-3-5-0-6-4 15794415 2.5372 2.44317 1.4e-05 0.008208
0-6-4-7-0-4-3-5-0-6-4-7-0-0-1 277704 1.89028 1.80085 9e-06 0.007388
0-6-4-7-0-4-3-5-0-6-4-7-0-2-2 13954626 1.85615 1.80237 1.2e-05 0.006027
0-6-4-7-0-4-3-5-0-6-4-7-0-4-3 264547770 2.34044 2.30414 1.1e-05 0.005426
0-6-4-7-0-4-3-5-0-6-4-7-0-6-4 15794415 2.29015 2.2423 1.3e-05 0.004909
0-6-4-7-0-6-4-7-0-0-1-1-0-0-1 277704 1.02139 0.940044 1.4e-05 0.005612
0-6-4-7-0-6-4-7-0-0-1-1-0-2-2 13954626 0.990202 0.916707 5e-06 0.004097
0-6-4-7-0-6-4-7-0-0-1-1-0-4-3 264547773 1.50732 1.41819 7e-06 0.005726
0-6-4-7-0-6-4-7-0-0-1-1-0-6-4 15794415 1.37103 1.28546 8e-06 0.004106
0-6-4-7-0-6-4-7-0-2-2-3-0-0-1 277704 1.04723 0.93528 4e-06 0.004082
0-6-4-7-0-6-4-7-0-2-2-3-0-2-2 13954431 1.05075 0.930888 8e-06 0.004004
0-6-4-7-0-6-4-7-0-2-2-3-0-4-3 264547772 1.58015 1.50983 1e-05 0.006069
0-6-4-7-0-6-4-7-0-2-2-3-0-6-4 15794415 1.46002 1.35718 1.4e-05 0.004053
0-6-4-7-0-6-4-7-0-4-3-5-0-0-1 277704 2.08366 1.96377 8e-06 0.004622
0-6-4-7-0-6-4-7-0-4-3-5-0-2-2 13954626 2.05725 1.96897 1.1e-05 0.004367
0-6-4-7-0-6-4-7-0-4-3-5-0-4-3 264542880 2.47355 2.44266 7e-06 0.004898
0-6-4-7-0-6-4-7-0-4-3-5-0-6-4 15794415 2.53421 2.4017 1e-05 0.008488
0-6-4-7-0-6-4-7-0-6-4-7-0-0-1 277704 1.78565 1.69143 4e-06 0.007116
0-6-4-7-0-6-4-7-0-6-4-7-0-2-2 13954626 1.81 1.7352 8e-06 0.00425
0-6-4-7-0-6-4-7-0-6-4-7-0-4-3 264547773 2.3628 2.2793 1e-05 0.004601
0-6-4-7-0-6-4-7-0-6-4-7-0-6-4 15794415 2.2453 2.15803 7e-06 0.007086
1-1-0-0-1-1-0-0-1-1-0-0-1-1-0 34713 0.303483 0.293215 1.1e-05 0.003822
1-1-0-0-1-1-0-0-1-1-0-2-2-3-0 269979 0.889397 0.792609 1.3e-05 0.004964
1-1-0-0-1-1-0-0-1-1-0-4-3-5-0 125547 0.206186 0.196774 8e-06 0.003405
1-1-0-0-1-1-0-0-1-1-0-6-4-7-0 277619 0.226592 0.215274 1e-05 0.005105
1-1-0-0-1-1-0-2-2-3-0-0-1-1-0 277704 0.870156 0.81012 6e-06 0.004326
1-1-0-0-1-1-0-2-2-3-0-2-2-3-0 269979 0.528727 0.427268 8e-06 0.003246
1-1-0-0-1-1-0-2-2-3-0-4-3-5-0 277597 0.510857 0.421662 1.1e-05 0.003407
1-1-0-0-1-1-0-2-2-3-0-6-4-7-0 277704 0.486911 0.418288 7e-06 0.003336
1-1-0-0-1-1-0-4-3-5-0-0-1-1-0 277704 0.346954 0.305673 9e-06 0.003494
1-1-0-0-1-1-0-4-3-5-0-2-2-3-0 277212 0.277637 0.255487 5e-06 0.003225
1-1-0-0-1-1-0-4-3-5-0-4-3-5-0 273654 0.112008 0.102864 6e-06 0.004016
1-1-0-0-1-1-0-4-3-5-0-6-4-7-0 277701 0.114802 0.105329 4e-06 0.003371
1-1-0-0-1-1-0-6-4-7-0-0-1-1-0 277704 0.647334 0.548161 5e-06 0.003117
1-1-0-0-1-1-0-6-4-7-0-2-2-3-0 277704 0.517784 0.458363 8e-06 0.002997
1-1-0-0-1-1-0-6-4-7-0-4-3-5-0 277700 0.107754 0.100444 8e-06 0.003504
1-1-0-0-1-1-0-6-4-7-0-6-4-7-0 277704 0.109848 0.10201 8e-06 0.003126
1-1-0-2-2-3-0-0-1-1-0-0-1-1-0 277704 0.757903 0.657505 1.2e-05 0.003055
1-1-0-2-2-3-0-0-1-1-0-2-2-3-0 277704 0.745717 0.6022 4e-06 0.003964
1-1-0-2-2-3-0-0-1-1-0-4-3-5-0 277704 0.513402 0.442336 5e-06 0.003647
1-1-0-2-2-3-0-0-1-1-0-6-4-7-0 277704 0.501964 0.4329 6e-06 0.003245
1-1-0-2-2-3-0-2-2-3-0-0-1-1-0 277704 0.677104 0.578668 7e-06 0.003203
1-1-0-2-2-3-0-2-2-3-0-2-2-3-0 269979 0.072429 0.016597 8e-06 0.003334
1-1-0-2-2-3-0-2-2-3-0-4-3-5-0 277597 0.036882 0.016156 6e-06 0.005796
1-1-0-2-2-3-0-2-2-3-0-6-4-7-0 277704 0.031083 0.014686 6e-06 0.003461
1-1-0-2-2-3-0-4-3-5-0-0-1-1-0 277704 0.745108 0.722807 8e-06 0.003787
1-1-0-2-2-3-0-4-3-5-0-2-2-3-0 277704 0.562077 0.536859 6e-06 0.004031
1-1-0-2-2-3-0-4-3-5-0-4-3-5-0 277611 0.027799 0.017022 7e-06 0.004666
1-1-0-2-2-3-0-4-3-5-0-6-4-7-0 277704 0.029255 0.016557 4e-06 0.004011
1-1-0-2-2-3-0-6-4-7-0-0-1-1-0 277704 1.67377 1.53367 9e-06 0.003572
1-1-0-2-2-3-0-6-4-7-0-2-2-3-0 277704 0.951387 0.911245 1.3e-05 0.003846
1-1-0-2-2-3-0-6-4-7-0-4-3-5-0 277704 0.038399 0.017184 4e-06 0.003761
1-1-0-2-2-3-0-6-4-7-0-6-4-7-0 277704 0.019762 0.012531 6e-06 0.003225
1-1-0-4-3-5-0-0-1-1-0-0-1-1-0 277704 0.359225 0.336869 7e-06 0.003243
1-1-0-4-3-5-0-0-1-1-0-2-2-3-0 277704 0.756071 0.589073 1.1e-05 0.003547
1-1-0-4-3-5-0-0-1-1-0-4-3-5-0 277704 0.012524 0.00577 6e-06 0.00411
1-1-0-4-3-5-0-0-1-1-0-6-4-7-0 277704 0.010188 0.004089 1e-05 0.003359
1-1-0-4-3-5-0-2-2-3-0-0-1-1-0 277704 0.628694 0.523342 8e-06 0.00322
1-1-0-4-3-5-0-2-2-3-0-2-2-3-0 277212 0.259611 0.245337 2e-06 0.003534
1-1-0-4-3-5-0-2-2-3-0-4-3-5-0 277704 0.012175 0.00449 7e-06 0.003818
1-1-0-4-3-5-0-2-2-3-0-6-4-7-0 277704 0.009913 0.004458 6e-06 0.003122
1-1-0-4-3-5-0-4-3-5-0-0-1-1-0 277704 0.012379 0.0048 9e-06 0.003325
1-1-0-4-3-5-0-4-3-5-0-2-2-3-0 277704 0.009916 0.004477 1.1e-05 0.003346
1-1-0-4-3-5-0-4-3-5-0-4-3-5-0 274950 0.013058 0.006575 5e-06 0.003552
1-1-0-4-3-5-0-4-3-5-0-6-4-7-0 277704 0.012119 0.005841 4e-06 0.003412
1-1-0-4-3-5-0-6-4-7-0-0-1-1-0 277704 0.009243 0.003873 1.2e-05 0.003133
1-1-0-4-3-5-0-6-4-7-0-2-2-3-0 277704 0.009401 0.004088 5e-06 0.0031
1-1-0-4-3-5-0-6-4-7-0-4-3-5-0 277704 0.012342 0.00692 6e-06 0.00345
1-1-0-4-3-5-0-6-4-7-0-6-4-7-0 277704 0.011277 0.005521 5e-06 0.003223
1-1-0-6-4-7-0-0-1-1-0-0-1-1-0 277704 0.934781 0.76067 6e-06 0.002865
1-1-0-6-4-7-0-0-1-1-0-2-2-3-0 277704 0.844824 0.718337 9e-06 0.003178
1-1-0-6-4-7-0-0-1-1-0-4-3-5-0 277704 0.011608 0.005127 9e-06 0.004088
1-1-0-6-4-7-0-0-1-1-0-6-4-7-0 277704 0.011086 0.004494 5e-06 0.003905
1-1-0-6-4-7-0-2-2-3-0-0-1-1-0 277704 0.788095 0.668521 6e-06 0.003744
1-1-0-6-4-7-0-2-2-3-0-2-2-3-0 277704 0.620394 0.562385 1e-05 0.004581
1-1-0-6-4-7-0-2-2-3-0-4-3-5-0 277704 0.012016 0.005539 6e-06 0.003888
1-1-0-6-4-7-0-2-2-3-0-6-4-7-0 277704 0.011751 0.004945 8e-06 0.003178
1-1-0-6-4-7-0-4-3-5-0-0-1-1-0 277704 0.010863 0.004801 2.2e-05 0.003422
1-1-0-6-4-7-0-4-3-5-0-2-2-3-0 277704 0.013327 0.004888 6e-06 0.003076
1-1-0-6-4-7-0-4-3-5-0-4-3-5-0 277700 0.013207 0.007224 6e-06 0.0034
1-1-0-6-4-7-0-4-3-5-0-6-4-7-0 277704 0.012729 0.006352 9e-06 0.003353
1-1-0-6-4-7-0-6-4-7-0-0-1-1-0 277704 0.008735 0.00448 7e-06 0.002928
1-1-0-6-4-7-0-6-4-7-0-2-2-3-0 277704 0.009562 0.004407 6e-06 0.002987
1-1-0-6-4-7-0-6-4-7-0-4-3-5-0 277704 0.012971 0.006995 8e-06 0.00329
1-1-0-6-4-7-0-6-4-7-0-6-4-7-0 277704 0.012052 0.007089 7e-06 0.003236
2-3-0-0-1-1-0-0-1-1-0-0-1-1-0 11426723 0.231727 0.222841 6e-06 0.002829
2-3-0-0-1-1-0-0-1-1-0-2-2-3-0 13942082 0.777764 0.69637 5e-06 0.003253
2-3-0-0-1-1-0-0-1-1-0-4-3-5-0 13103489 0.143837 0.134816 7e-06 0.003757
2-3-0-0-1-1-0-0-1-1-0-6-4-7-0 13954551 0.143032 0.135304 4e-06 0.003286
2-3-0-0-1-1-0-2-2-3-0-0-1-1-0 13954626 0.707782 0.628833 2e-06 0.003217
2-3-0-0-1-1-0-2-2-3-0-2-2-3-0 13942082 0.238341 0.214687 9e-06 0.003438
2-3-0-0-1-1-0-2-2-3-0-4-3-5-0 13954538 0.363834 0.227957 4e-06 0.003543
2-3-0-0-1-1-0-2-2-3-0-6-4-7-0 13954626 0.385673 0.24443 7e-06 0.003185
2-3-0-0-1-1-0-4-3-5-0-0-1-1-0 13954626 4.32247 4.29895 7e-06 0.003371
2-3-0-0-1-1-0-4-3-5-0-2-2-3-0 13953539 3.20987 3.19401 3e-06 0.003649
2-3-0-0-1-1-0-4-3-5-0-4-3-5-0 13920168 0.06765 0.056531 5e-06 0.004165
2-3-0-0-1-1-0-4-3-5-0-6-4-7-0 13954618 0.057645 0.049921 7e-06 0.003503
2-3-0-0-1-1-0-6-4-7-0-0-1-1-0 13954626 8.77381 8.73413 7e-06 0.003055
2-3-0-0-1-1-0-6-4-7-0-2-2-3-0 13954626 6.95843 6.94867 7e-06 0.003026
2-3-0-0-1-1-0-6-4-7-0-4-3-5-0 13954622 0.063769 0.052701 5e-06 0.00372
2-3-0-0-1-1-0-6-4-7-0-6-4-7-0 13954626 0.058666 0.051424 1e-05 0.003344
2-3-0-2-2-3-0-0-1-1-0-0-1-1-0 11426723 0.367881 0.333345 6e-06 0.00323
2-3-0-2-2-3-0-0-1-1-0-2-2-3-0 13942082 0.407774 0.364684 9e-06 0.003255
2-3-0-2-2-3-0-0-1-1-0-4-3-5-0 13103489 0.331408 0.242642 8e-06 0.003755
2-3-0-2-2-3-0-0-1-1-0-6-4-7-0 13954551 0.334592 0.247695 4e-06 0.003842
2-3-0-2-2-3-0-2-2-3-0-0-1-1-0 11426723 0.428092 0.387495 5e-06 0.003205
2-3-0-2-2-3-0-2-2-3-0-2-2-3-0 34713 0.065969 0.014201 4e-06 0.003272
2-3-0-2-2-3-0-2-2-3-0-4-3-5-0 1807215 0.022069 0.011112 7e-06 0.004145
2-3-0-2-2-3-0-2-2-3-0-6-4-7-0 6345795 0.02033 0.01212 4e-06 0.003558
2-3-0-2-2-3-0-4-3-5-0-0-1-1-0 13373259 0.105757 0.089713 1.4e-05 0.003773
2-3-0-2-2-3-0-4-3-5-0-2-2-3-0 12401496 0.08609 0.066773 4e-06 0.004177
2-3-0-2-2-3-0-4-3-5-0-4-3-5-0 12620533 0.026875 0.015238 5e-06 0.004958
2-3-0-2-2-3-0-4-3-5-0-6-4-7-0 13891951 0.027088 0.013536 5e-06 0.004207
2-3-0-2-2-3-0-6-4-7-0-0-1-1-0 13954626 0.313536 0.250993 1e-05 0.003424
2-3-0-2-2-3-0-6-4-7-0-2-2-3-0 13689497 0.213939 0.17843 3e-06 0.00342
2-3-0-2-2-3-0-6-4-7-0-4-3-5-0 13721768 0.031334 0.019716 5e-06 0.004096
2-3-0-2-2-3-0-6-4-7-0-6-4-7-0 13954431 0.024327 0.017247 6e-06 0.003571
2-3-0-4-3-5-0-0-1-1-0-0-1-1-0 13373259 0.234876 0.21015 4e-06 0.004183
2-3-0-4-3-5-0-0-1-1-0-2-2-3-0 13950086 0.438485 0.37258 1.4e-05 0.006053
2-3-0-4-3-5-0-0-1-1-0-4-3-5-0 13749399 0.029644 0.017748 1.2e-05 0.004252
2-3-0-4-3-5-0-0-1-1-0-6-4-7-0 13954585 0.02094 0.014059 2e-06 0.003631
2-3-0-4-3-5-0-2-2-3-0-0-1-1-0 13954626 0.322236 0.307458 1e-05 0.00324
2-3-0-4-3-5-0-2-2-3-0-2-2-3-0 12401496 0.167201 0.150581 5e-06 0.003796
2-3-0-4-3-5-0-2-2-3-0-4-3-5-0 13920727 0.02902 0.01903 6e-06 0.004426
2-3-0-4-3-5-0-2-2-3-0-6-4-7-0 13954585 0.021759 0.015181 1.2e-05 0.003358
2-3-0-4-3-5-0-4-3-5-0-0-1-1-0 13954626 0.021215 0.011737 7e-06 0.003425
2-3-0-4-3-5-0-4-3-5-0-2-2-3-0 13942369 0.018652 0.012074 6e-06 0.003603
2-3-0-4-3-5-0-4-3-5-0-4-3-5-0 13780903 0.033182 0.025087 5e-06 0.003952
2-3-0-4-3-5-0-4-3-5-0-6-4-7-0 13954598 0.028989 0.021239 9e-06 0.003777
2-3-0-4-3-5-0-6-4-7-0-0-1-1-0 13954626 0.016557 0.01044 1.1e-05 0.003263
2-3-0-4-3-5-0-6-4-7-0-2-2-3-0 13953921 0.01816 0.010703 6e-06 0.003444
2-3-0-4-3-5-0-6-4-7-0-4-3-5-0 13953164 0.031393 0.024285 7e-06 0.003666
2-3-0-4-3-5-0-6-4-7-0-6-4-7-0 13954626 0.028508 0.021682 7e-06 0.003393
2-3-0-6-4-7-0-0-1-1-0-0-1-1-0 13954626 0.716636 0.545406 6e-06 0.003118
2-3-0-6-4-7-0-0-1-1-0-2-2-3-0 13954626 0.597933 0.52052 3e-06 0.003572
2-3-0-6-4-7-0-0-1-1-0-4-3-5-0 13954626 0.026539 0.018526 5e-06 0.004383
2-3-0-6-4-7-0-0-1-1-0-6-4-7-0 13954626 0.030287 0.018521 4e-06 0.003714
2-3-0-6-4-7-0-2-2-3-0-0-1-1-0 13954626 0.500773 0.452115 9e-06 0.004023
2-3-0-6-4-7-0-2-2-3-0-2-2-3-0 13689497 0.428799 0.398426 4e-06 0.003306
2-3-0-6-4-7-0-2-2-3-0-4-3-5-0 13952209 0.029336 0.019286 7e-06 0.004399
2-3-0-6-4-7-0-2-2-3-0-6-4-7-0 13954626 0.023479 0.01652 3e-06 0.00379
2-3-0-6-4-7-0-4-3-5-0-0-1-1-0 13954626 0.025374 0.017382 5e-06 0.004122
2-3-0-6-4-7-0-4-3-5-0-2-2-3-0 13954500 0.02657 0.017735 7e-06 0.004146
2-3-0-6-4-7-0-4-3-5-0-4-3-5-0 13850279 0.037896 0.029362 1e-05 0.004596
2-3-0-6-4-7-0-4-3-5-0-6-4-7-0 13954626 0.03562 0.02701 9e-06 0.00397
2-3-0-6-4-7-0-6-4-7-0-0-1-1-0 13954626 0.021554 0.015112 6e-06 0.003625
2-3-0-6-4-7-0-6-4-7-0-2-2-3-0 13954626 0.021251 0.015362 1.1e-05 0.002955
2-3-0-6-4-7-0-6-4-7-0-4-3-5-0 13954620 0.035396 0.028173 8e-06 0.003369
2-3-0-6-4-7-0-6-4-7-0-6-4-7-0 13954626 0.032089 0.025329 4e-06 0.003217
3-5-0-0-1-1-0-0-1-1-0-0-1-1-0 66667832 0.038148 0.031436 7e-06 0.003129
3-5-0-0-1-1-0-0-1-1-0-2-2-3-0 261068775 0.054542 0.046829 8e-06 0.003379
3-5-0-0-1-1-0-0-1-1-0-4-3-5-0 159103520 0.128381 0.120414 9e-06 0.00366
3-5-0-0-1-1-0-0-1-1-0-6-4-7-0 264520476 0.149753 0.142336 5e-06 0.003437
3-5-0-0-1-1-0-2-2-3-0-0-1-1-0 264547773 0.089978 0.080708 6e-06 0.003333
3-5-0-0-1-1-0-2-2-3-0-2-2-3-0 261068775 0.094135 0.084202 4e-06 0.003318
3-5-0-0-1-1-0-2-2-3-0-4-3-5-0 264505054 0.299486 0.291402 5e-06 0.003493
3-5-0-0-1-1-0-2-2-3-0-6-4-7-0 264547773 0.265598 0.254863 8e-06 0.003369
3-5-0-0-1-1-0-4-3-5-0-0-1-1-0 264547773 0.151112 0.139747 8e-06 0.006586
3-5-0-0-1-1-0-4-3-5-0-2-2-3-0 264335304 0.165791 0.15684 2e-06 0.003626
3-5-0-0-1-1-0-4-3-5-0-4-3-5-0 261568906 0.350475 0.340139 1e-05 0.004215
3-5-0-0-1-1-0-4-3-5-0-6-4-7-0 264546039 0.306829 0.297917 6e-06 0.0036
3-5-0-0-1-1-0-6-4-7-0-0-1-1-0 264547773 0.18794 0.178129 9e-06 0.003361
3-5-0-0-1-1-0-6-4-7-0-2-2-3-0 264547773 0.192009 0.180714 5e-06 0.003373
3-5-0-0-1-1-0-6-4-7-0-4-3-5-0 264547070 0.40803 0.399676 1e-05 0.003507
3-5-0-0-1-1-0-6-4-7-0-6-4-7-0 264547773 0.372878 0.360493 8e-06 0.00439
3-5-0-2-2-3-0-0-1-1-0-0-1-1-0 262992233 0.079498 0.070676 6e-06 0.003108
3-5-0-2-2-3-0-0-1-1-0-2-2-3-0 264546361 0.082938 0.073472 7e-06 0.003288
3-5-0-2-2-3-0-0-1-1-0-4-3-5-0 264299335 0.289948 0.281397 5e-06 0.003523
3-5-0-2-2-3-0-0-1-1-0-6-4-7-0 264547769 0.245476 0.234707 6e-06 0.004024
3-5-0-2-2-3-0-2-2-3-0-0-1-1-0 262992233 0.03548 0.025289 8e-06 0.004787
3-5-0-2-2-3-0-2-2-3-0-2-2-3-0 18178411 0.01683 0.008757 7e-06 0.003385
3-5-0-2-2-3-0-2-2-3-0-4-3-5-0 186718068 0.118369 0.105822 1.1e-05 0.003402
3-5-0-2-2-3-0-2-2-3-0-6-4-7-0 254483838 0.128881 0.117571 6e-06 0.003615
3-5-0-2-2-3-0-4-3-5-0-0-1-1-0 264534436 0.14977 0.14043 8e-06 0.00348
3-5-0-2-2-3-0-4-3-5-0-2-2-3-0 263938876 0.147411 0.134708 1.5e-05 0.006232
3-5-0-2-2-3-0-4-3-5-0-4-3-5-0 260987845 0.341082 0.330552 3e-06 0.003946
3-5-0-2-2-3-0-4-3-5-0-6-4-7-0 264545893 0.299861 0.288218 9e-06 0.004731
3-5-0-2-2-3-0-6-4-7-0-0-1-1-0 264547773 0.165308 0.154662 8e-06 0.003213
3-5-0-2-2-3-0-6-4-7-0-2-2-3-0 264526605 0.163179 0.154202 4e-06 0.003091
3-5-0-2-2-3-0-6-4-7-0-4-3-5-0 264348044 0.365295 0.356681 4e-06 0.003554
3-5-0-2-2-3-0-6-4-7-0-6-4-7-0 264547772 0.335467 0.32474 6e-06 0.003216
3-5-0-4-3-5-0-0-1-1-0-0-1-1-0 242448037 0.09611 0.084834 8e-06 0.003478
3-5-0-4-3-5-0-0-1-1-0-2-2-3-0 264223483 0.099179 0.088633 8e-06 0.003326
3-5-0-4-3-5-0-0-1-1-0-4-3-5-0 254223236 0.280441 0.269717 6e-06 0.003615
3-5-0-4-3-5-0-0-1-1-0-6-4-7-0 264544959 0.2502 0.236266 7e-06 0.003557
3-5-0-4-3-5-0-2-2-3-0-0-1-1-0 264272027 0.09398 0.084035 8e-06 0.003832
3-5-0-4-3-5-0-2-2-3-0-2-2-3-0 223199128 0.090885 0.082407 1e-05 0.003588
3-5-0-4-3-5-0-2-2-3-0-4-3-5-0 256552028 0.286297 0.276948 8e-06 0.003495
3-5-0-4-3-5-0-2-2-3-0-6-4-7-0 262665496 0.245453 0.234028 8e-06 0.003408
3-5-0-4-3-5-0-4-3-5-0-0-1-1-0 254851812 0.217303 0.206638 5e-06 0.003518
3-5-0-4-3-5-0-4-3-5-0-2-2-3-0 252870735 0.2198 0.209702 6e-06 0.003681
3-5-0-4-3-5-0-4-3-5-0-4-3-5-0 249802666 0.424073 0.411384 7e-06 0.004085
3-5-0-4-3-5-0-4-3-5-0-6-4-7-0 253260419 0.391563 0.381831 6e-06 0.003703
3-5-0-4-3-5-0-6-4-7-0-0-1-1-0 264536355 0.198453 0.185691 9e-06 0.003224
3-5-0-4-3-5-0-6-4-7-0-2-2-3-0 261395656 0.200894 0.188946 5e-06 0.003454
3-5-0-4-3-5-0-6-4-7-0-4-3-5-0 263215652 0.407745 0.398278 2e-06 0.003765
3-5-0-4-3-5-0-6-4-7-0-6-4-7-0 264542880 0.379577 0.368355 7e-06 0.00413
3-5-0-6-4-7-0-0-1-1-0-0-1-1-0 264536355 0.156445 0.141698 8e-06 0.005979
3-5-0-6-4-7-0-0-1-1-0-2-2-3-0 264547768 0.159029 0.147086 4e-06 0.003157
3-5-0-6-4-7-0-0-1-1-0-4-3-5-0 264545622 0.347367 0.338673 4e-06 0.003427
3-5-0-6-4-7-0-0-1-1-0-6-4-7-0 264547773 0.31512 0.303067 5e-06 0.003317
3-5-0-6-4-7-0-2-2-3-0-0-1-1-0 264547773 0.15241 0.140727 6e-06 0.003266
3-5-0-6-4-7-0-2-2-3-0-2-2-3-0 258664239 0.16364 0.152517 6e-06 0.003286
3-5-0-6-4-7-0-2-2-3-0-4-3-5-0 264488100 0.373604 0.360823 6e-06 0.003474
3-5-0-6-4-7-0-2-2-3-0-6-4-7-0 264547773 0.317703 0.307401 8e-06 0.003295
3-5-0-6-4-7-0-4-3-5-0-0-1-1-0 264547773 0.359553 0.336609 7e-06 0.003483
3-5-0-6-4-7-0-4-3-5-0-2-2-3-0 264545259 0.355903 0.344164 1e-05 0.003403
3-5-0-6-4-7-0-4-3-5-0-4-3-5-0 263135171 0.554795 0.545263 7e-06 0.003754
3-5-0-6-4-7-0-4-3-5-0-6-4-7-0 264547770 0.528491 0.515444 7e-06 0.00368
3-5-0-6-4-7-0-6-4-7-0-0-1-1-0 264547773 0.308657 0.295639 1.2e-05 0.003445
3-5-0-6-4-7-0-6-4-7-0-2-2-3-0 264547767 0.310619 0.299016 3e-06 0.003055
3-5-0-6-4-7-0-6-4-7-0-4-3-5-0 264547650 0.520668 0.510662 9e-06 0.003499
3-5-0-6-4-7-0-6-4-7-0-6-4-7-0 264547773 0.477009 0.462979 7e-06 0.003479
4-7-0-0-1-1-0-0-1-1-0-0-1-1-0 15626706 0.01189 0.007181 8e-06 0.002983
4-7-0-0-1-1-0-0-1-1-0-2-2-3-0 15794087 0.011955 0.00718 7e-06 0.00279
4-7-0-0-1-1-0-0-1-1-0-4-3-5-0 15740985 0.02684 0.020651 7e-06 0.003001
4-7-0-0-1-1-0-0-1-1-0-6-4-7-0 15794415 0.022944 0.017552 6e-06 0.002724
4-7-0-0-1-1-0-2-2-3-0-0-1-1-0 15794415 0.011781 0.007174 1e-05 0.002779
4-7-0-0-1-1-0-2-2-3-0-2-2-3-0 15794087 0.011494 0.007146 5e-06 0.002668
4-7-0-0-1-1-0-2-2-3-0-4-3-5-0 15794415 0.026012 0.020891 8e-06 0.002861
4-7-0-0-1-1-0-2-2-3-0-6-4-7-0 15794415 0.022426 0.017537 6e-06 0.002738
4-7-0-0-1-1-0-4-3-5-0-0-1-1-0 15794415 0.024486 0.019223 6e-06 0.003001
4-7-0-0-1-1-0-4-3-5-0-2-2-3-0 15794372 0.024812 0.019455 8e-06 0.003083
4-7-0-0-1-1-0-4-3-5-0-4-3-5-0 15792180 0.040269 0.0341 6e-06 0.003303
4-7-0-0-1-1-0-4-3-5-0-6-4-7-0 15794415 0.035896 0.030025 4e-06 0.00319
4-7-0-0-1-1-0-6-4-7-0-0-1-1-0 15794415 0.021074 0.016335 1e-05 0.00267
4-7-0-0-1-1-0-6-4-7-0-2-2-3-0 15794415 0.021979 0.016853 8e-06 0.002866
4-7-0-0-1-1-0-6-4-7-0-4-3-5-0 15794415 0.035228 0.029873 1.2e-05 0.003083
4-7-0-0-1-1-0-6-4-7-0-6-4-7-0 15794415 0.032607 0.027299 6e-06 0.002938
4-7-0-2-2-3-0-0-1-1-0-0-1-1-0 15794415 0.0106 0.006146 5e-06 0.002668
4-7-0-2-2-3-0-0-1-1-0-2-2-3-0 15794415 0.010979 0.006583 5e-06 0.002745
4-7-0-2-2-3-0-0-1-1-0-4-3-5-0 15794415 0.024861 0.01929 1e-05 0.002998
4-7-0-2-2-3-0-0-1-1-0-6-4-7-0 15794415 0.021187 0.015572 1e-05 0.002777
4-7-0-2-2-3-0-2-2-3-0-0-1-1-0 15794415 0.010193 0.005387 5e-06 0.00264
4-7-0-2-2-3-0-2-2-3-0-2-2-3-0 10219172 0.009209 0.004781 1.1e-05 0.002761
4-7-0-2-2-3-0-2-2-3-0-4-3-5-0 15662521 0.021723 0.016419 9e-06 0.0029
4-7-0-2-2-3-0-2-2-3-0-6-4-7-0 15792946 0.018829 0.014067 6e-06 0.002761
4-7-0-2-2-3-0-4-3-5-0-0-1-1-0 15794415 0.023208 0.018128 5e-06 0.002912
4-7-0-2-2-3-0-4-3-5-0-2-2-3-0 15794338 0.022387 0.01737 8e-06 0.003034
4-7-0-2-2-3-0-4-3-5-0-4-3-5-0 15743848 0.038554 0.032511 5e-06 0.003371
4-7-0-2-2-3-0-4-3-5-0-6-4-7-0 15794415 0.044279 0.028548 9e-06 0.003149
4-7-0-2-2-3-0-6-4-7-0-0-1-1-0 15794415 0.019657 0.014963 9e-06 0.002872
4-7-0-2-2-3-0-6-4-7-0-2-2-3-0 15794414 0.019958 0.01498 6e-06 0.002811
4-7-0-2-2-3-0-6-4-7-0-4-3-5-0 15794371 0.033403 0.027876 5e-06 0.003118
4-7-0-2-2-3-0-6-4-7-0-6-4-7-0 15794415 0.032449 0.026854 6e-06 0.002907
4-7-0-4-3-5-0-0-1-1-0-0-1-1-0 15758734 0.018355 0.012807 4e-06 0.002826
4-7-0-4-3-5-0-0-1-1-0-2-2-3-0 15794374 0.017757 0.012208 8e-06 0.003176
4-7-0-4-3-5-0-0-1-1-0-4-3-5-0 15784512 0.030655 0.024419 8e-06 0.003368
4-7-0-4-3-5-0-0-1-1-0-6-4-7-0 15794415 0.02832 0.022253 4e-06 0.003007
4-7-0-4-3-5-0-2-2-3-0-0-1-1-0 15794415 0.01703 0.012065 7e-06 0.002901
4-7-0-4-3-5-0-2-2-3-0-2-2-3-0 15752999 0.01799 0.012921 4e-06 0.003017
4-7-0-4-3-5-0-2-2-3-0-4-3-5-0 15793767 0.030992 0.025433 2e-06 0.003297
4-7-0-4-3-5-0-2-2-3-0-6-4-7-0 15794415 0.028328 0.022838 4e-06 0.003043
4-7-0-4-3-5-0-4-3-5-0-0-1-1-0 15794415 0.032042 0.025448 9e-06 0.003389
4-7-0-4-3-5-0-4-3-5-0-2-2-3-0 15794351 0.033301 0.026607 6e-06 0.00337
4-7-0-4-3-5-0-4-3-5-0-4-3-5-0 15614461 0.046619 0.038029 9e-06 0.005292
4-7-0-4-3-5-0-4-3-5-0-6-4-7-0 15794415 0.041255 0.035406 6e-06 0.003384
4-7-0-4-3-5-0-6-4-7-0-0-1-1-0 15794415 0.027634 0.022105 7e-06 0.003065
4-7-0-4-3-5-0-6-4-7-0-2-2-3-0 15794415 0.027751 0.022183 8e-06 0.003175
4-7-0-4-3-5-0-6-4-7-0-4-3-5-0 15794412 0.041689 0.035501 9e-06 0.003397
4-7-0-4-3-5-0-6-4-7-0-6-4-7-0 15794415 0.039951 0.033038 7e-06 0.003247
4-7-0-6-4-7-0-0-1-1-0-0-1-1-0 15794415 0.016532 0.011867 7e-06 0.002926
4-7-0-6-4-7-0-0-1-1-0-2-2-3-0 15794415 0.016979 0.012184 7e-06 0.002866
4-7-0-6-4-7-0-0-1-1-0-4-3-5-0 15794415 0.03177 0.026467 6e-06 0.00323
4-7-0-6-4-7-0-0-1-1-0-6-4-7-0 15794415 0.026061 0.021326 6e-06 0.002783
4-7-0-6-4-7-0-2-2-3-0-0-1-1-0 15794415 0.018818 0.013834 8e-06 0.002756
4-7-0-6-4-7-0-2-2-3-0-2-2-3-0 15792398 0.017804 0.013293 4e-06 0.002784
4-7-0-6-4-7-0-2-2-3-0-4-3-5-0 15794397 0.032613 0.027327 6e-06 0.003066
4-7-0-6-4-7-0-2-2-3-0-6-4-7-0 15794415 0.028811 0.023752 7e-06 0.002933
4-7-0-6-4-7-0-4-3-5-0-0-1-1-0 15794415 0.030711 0.025537 5e-06 0.003092
4-7-0-6-4-7-0-4-3-5-0-2-2-3-0 15794413 0.031925 0.026674 6e-06 0.003121
4-7-0-6-4-7-0-4-3-5-0-4-3-5-0 15792097 0.04584 0.039727 7e-06 0.003336
4-7-0-6-4-7-0-4-3-5-0-6-4-7-0 15794415 0.043846 0.037805 6e-06 0.003204
4-7-0-6-4-7-0-6-4-7-0-0-1-1-0 15794415 0.030079 0.024685 3e-06 0.002943
4-7-0-6-4-7-0-6-4-7-0-2-2-3-0 15794415 0.028106 0.023178 6e-06 0.002883
4-7-0-6-4-7-0-6-4-7-0-4-3-5-0 15794415 0.042021 0.036214 3e-06 0.003235
4-7-0-6-4-7-0-6-4-7-0-6-4-7-0 15794415 0.040366 0.034724 8e-06 0.003087
