0-0-1-1-0 197321793 0.575868 0.568355 1e-06 0.002984
0-2-2-3-0 13786567 0.010655 0.003014 1e-06 0.003083
0-4-3-5-0 4316287 0.01821 0.002856 -8.67362e-19 0.00761
0-6-4-7-0 44408829 0.02265 0.01115 8.67362e-19 0.006491
1-1-0-0-1 8 0.006507 0.000259 0 0.002737
1-1-0-2-2 2501 0.00597 0.000211 2e-06 0.002616
1-1-0-4-3 12415 0.00971 0.000521 1e-06 0.004254
1-1-0-6-4 3588 0.007902 0.000329 0 0.003878
2-3-0-0-1 2501 0.007371 0.000246 4.33681e-19 0.003073
2-3-0-2-2 402 0.005937 8.7e-05 0 0.002205
2-3-0-4-3 58197 0.008611 0.000187 1e-06 0.004128
2-3-0-6-4 49523 0.008045 0.000243 0 0.003843
3-5-0-0-1 12415 0.008748 0.000208 1e-06 0.004417
3-5-0-2-2 58197 0.008909 0.000203 1e-06 0.004383
3-5-0-4-3 3669643 0.012704 0.001439 1e-06 0.006335
3-5-0-6-4 1623543 0.011103 0.001058 1e-06 0.005825
4-7-0-0-1 3588 0.007668 0.000105 0 0.004036
4-7-0-2-2 49523 0.007876 0.000118 1e-06 0.003907
4-7-0-4-3 1623543 0.011267 0.001139 0 0.00593
4-7-0-6-4 200839 0.009977 0.000705 1e-06 0.005463
