0-0-1-1-0-0-1-1-0-0-1 34713 0.026967 0.001333 0.004438 0.013984
0-0-1-1-0-0-1-1-0-2-2 11426723 0.078975 0.052621 0.003671 0.012476
0-0-1-1-0-0-1-1-0-4-3 66667832 0.267969 0.234439 0.004556 0.015699
0-0-1-1-0-0-1-1-0-6-4 15626706 0.03423 0.003663 0.003965 0.015139
0-0-1-1-0-2-2-3-0-0-1 277704 0.027321 0.001287 0.004996 0.011987
0-0-1-1-0-2-2-3-0-2-2 11426723 0.026974 0.002107 0.004479 0.011397
0-0-1-1-0-2-2-3-0-4-3 262992233 0.325288 0.293172 0.003855 0.014078
0-0-1-1-0-2-2-3-0-6-4 15794415 0.077934 0.042592 0.002839 0.016637
0-0-1-1-0-4-3-5-0-0-1 277704 0.033243 0.001467 0.004542 0.016634
0-0-1-1-0-4-3-5-0-2-2 13373259 0.037091 0.002886 0.004588 0.016711
0-0-1-1-0-4-3-5-0-4-3 242448037 1.01905 0.947246 0.00434 0.019076
0-0-1-1-0-4-3-5-0-6-4 15758734 0.035792 0.004419 0.007526 0.015741
0-0-1-1-0-6-4-7-0-0-1 277704 0.025129 0.001319 0.003157 0.013073
0-0-1-1-0-6-4-7-0-2-2 13954626 0.030998 0.004344 0.003163 0.014187
0-0-1-1-0-6-4-7-0-4-3 264536355 1.08568 1.05168 0.002247 0.015627
0-0-1-1-0-6-4-7-0-6-4 15794415 0.03057 0.003341 0.003416 0.015644
0-2-2-3-0-0-1-1-0-0-1 269979 0.021625 0.001053 0.00368 0.00982
0-2-2-3-0-0-1-1-0-2-2 13942082 0.027637 0.004711 0.002558 0.010453
0-2-2-3-0-0-1-1-0-4-3 261068775 0.084123 0.060185 0.002607 0.011963
0-2-2-3-0-0-1-1-0-6-4 15794087 0.03266 0.005148 0.003008 0.014362
0-2-2-3-0-2-2-3-0-0-1 269979 0.022198 0.000987 0.003956 0.009811
0-2-2-3-0-2-2-3-0-2-2 34713 0.024666 0.001585 0.00259 0.010488
0-2-2-3-0-2-2-3-0-4-3 18178411 0.028844 0.003166 0.002762 0.012576
0-2-2-3-0-2-2-3-0-6-4 10219172 0.028793 0.002611 0.002193 0.013322
0-2-2-3-0-4-3-5-0-0-1 277212 0.028126 0.001412 0.004006 0.012671
0-2-2-3-0-4-3-5-0-2-2 12401496 0.06787 0.030976 0.003247 0.01317
0-2-2-3-0-4-3-5-0-4-3 223199128 0.352464 0.315146 0.00227 0.016298
0-2-2-3-0-4-3-5-0-6-4 15752999 0.166092 0.115519 0.003757 0.015534
0-2-2-3-0-6-4-7-0-0-1 277704 0.029251 0.001117 0.003146 0.014786
0-2-2-3-0-6-4-7-0-2-2 13689497 0.105392 0.064571 0.002325 0.015099
0-2-2-3-0-6-4-7-0-4-3 258664239 0.672642 0.633488 0.001632 0.016797
0-2-2-3-0-6-4-7-0-6-4 15792398 0.123071 0.083917 0.001793 0.01731
0-4-3-5-0-0-1-1-0-0-1 125547 0.028981 0.001283 0.004002 0.013891
0-4-3-5-0-0-1-1-0-2-2 13103489 0.032359 0.003573 0.003255 0.014064
0-4-3-5-0-0-1-1-0-4-3 159103520 0.06338 0.034118 0.003309 0.015454
0-4-3-5-0-0-1-1-0-6-4 15740985 0.056564 0.005179 0.003444 0.016276
0-4-3-5-0-2-2-3-0-0-1 277597 0.028431 0.001205 0.003548 0.013224
0-4-3-5-0-2-2-3-0-2-2 1807215 0.02974 0.00154 0.003898 0.01292
0-4-3-5-0-2-2-3-0-4-3 186718068 0.095153 0.061727 0.00335 0.015455
0-4-3-5-0-2-2-3-0-6-4 15662521 0.045406 0.004745 0.003768 0.015518
0-4-3-5-0-4-3-5-0-0-1 273654 0.040646 0.001994 0.006424 0.015796
0-4-3-5-0-4-3-5-0-2-2 12620533 0.046418 0.005155 0.00488 0.016608
0-4-3-5-0-4-3-5-0-4-3 228319167 0.184163 0.142756 0.005238 0.017258
0-4-3-5-0-4-3-5-0-6-4 15556071 0.061908 0.010476 0.004997 0.017463
0-4-3-5-0-6-4-7-0-0-1 277700 0.036041 0.001925 0.004345 0.01671
0-4-3-5-0-6-4-7-0-2-2 13721768 0.042662 0.009171 0.003419 0.01651
0-4-3-5-0-6-4-7-0-4-3 260634304 0.885311 0.844967 0.002867 0.018097
0-4-3-5-0-6-4-7-0-6-4 15790892 0.05634 0.017484 0.003504 0.018188
0-6-4-7-0-0-1-1-0-0-1 277619 0.026806 0.001122 0.004354 0.012867
0-6-4-7-0-0-1-1-0-2-2 13954551 0.027825 0.00309 0.004233 0.01186
0-6-4-7-0-0-1-1-0-4-3 264520476 0.093481 0.066045 0.003787 0.014074
0-6-4-7-0-0-1-1-0-6-4 15794415 0.031049 0.003895 0.004762 0.014246
0-6-4-7-0-2-2-3-0-0-1 277704 0.025763 0.001075 0.004576 0.011279
0-6-4-7-0-2-2-3-0-2-2 6345795 0.028198 0.002205 0.004923 0.011532
0-6-4-7-0-2-2-3-0-4-3 254483838 0.082645 0.055546 0.004767 0.012763
0-6-4-7-0-2-2-3-0-6-4 15792946 0.031105 0.003833 0.004731 0.014024
0-6-4-7-0-4-3-5-0-0-1 277701 0.035757 0.001946 0.007519 0.014506
0-6-4-7-0-4-3-5-0-2-2 13891951 0.037206 0.005526 0.004647 0.015026
0-6-4-7-0-4-3-5-0-4-3 251652169 0.107961 0.072604 0.006447 0.01664
0-6-4-7-0-4-3-5-0-6-4 15794346 0.050891 0.009679 0.00731 0.016274
0-6-4-7-0-6-4-7-0-0-1 277704 0.030533 0.001639 0.004394 0.014662
0-6-4-7-0-6-4-7-0-2-2 13954431 0.032676 0.004153 0.004346 0.014334
0-6-4-7-0-6-4-7-0-4-3 264542228 0.104819 0.074908 0.004476 0.015612
0-6-4-7-0-6-4-7-0-6-4 15794414 0.036954 0.006475 0.004837 0.016757
1-1-0-0-1-1-0-0-1-1-0 34713 0.019332 0.00041 0.002033 0.011144
1-1-0-0-1-1-0-2-2-3-0 269979 0.019789 0.000698 0.002202 0.011313
1-1-0-0-1-1-0-4-3-5-0 125547 0.025834 0.001628 0.002189 0.014858
1-1-0-0-1-1-0-6-4-7-0 277619 0.025297 0.001696 0.001547 0.014624
1-1-0-2-2-3-0-0-1-1-0 277704 0.019975 0.000636 0.002018 0.011169
1-1-0-2-2-3-0-2-2-3-0 269979 0.021573 0.000827 0.002316 0.010956
1-1-0-2-2-3-0-4-3-5-0 277597 0.026563 0.002075 0.002253 0.014836
1-1-0-2-2-3-0-6-4-7-0 277704 0.026839 0.002844 0.001167 0.015695
1-1-0-4-3-5-0-0-1-1-0 277704 0.025963 0.001111 0.001562 0.016171
1-1-0-4-3-5-0-2-2-3-0 277212 0.029581 0.001246 0.002538 0.016571
1-1-0-4-3-5-0-4-3-5-0 273654 0.033566 0.004231 0.003842 0.017489
1-1-0-4-3-5-0-6-4-7-0 277701 0.032537 0.003594 0.004729 0.017582
1-1-0-6-4-7-0-0-1-1-0 277704 0.024232 0.000815 0.002787 0.013975
1-1-0-6-4-7-0-2-2-3-0 277704 0.024374 0.001225 0.0024 0.013751
1-1-0-6-4-7-0-4-3-5-0 277700 0.031423 0.004864 0.002267 0.016776
1-1-0-6-4-7-0-6-4-7-0 277704 0.028384 0.002378 0.002681 0.016125
2-3-0-0-1-1-0-0-1-1-0 11426723 0.021073 0.001487 0.002604 0.010627
2-3-0-0-1-1-0-2-2-3-0 13942082 0.022183 0.003369 0.002663 0.010332
2-3-0-0-1-1-0-4-3-5-0 13103489 0.027018 0.003467 0.002806 0.013906
2-3-0-0-1-1-0-6-4-7-0 13954551 0.030541 0.006623 0.001869 0.015639
2-3-0-2-2-3-0-0-1-1-0 11426723 0.021098 0.001193 0.002026 0.011335
2-3-0-2-2-3-0-2-2-3-0 34713 0.022059 0.000797 0.003359 0.010524
2-3-0-2-2-3-0-4-3-5-0 1807215 0.025683 0.001515 0.00218 0.01427
2-3-0-2-2-3-0-6-4-7-0 6345795 0.026011 0.002783 0.001079 0.014952
2-3-0-4-3-5-0-0-1-1-0 13373259 0.028083 0.001639 0.001632 0.016121
2-3-0-4-3-5-0-2-2-3-0 12401496 0.061283 0.028118 0.001988 0.014537
2-3-0-4-3-5-0-4-3-5-0 12620533 0.039857 0.009633 0.00109 0.019191
2-3-0-4-3-5-0-6-4-7-0 13891951 0.036957 0.008192 0.000944 0.018294
2-3-0-6-4-7-0-0-1-1-0 13954626 0.025998 0.001475 0.002669 0.013879
2-3-0-6-4-7-0-2-2-3-0 13689497 0.106339 0.066982 0.003 0.013121
2-3-0-6-4-7-0-4-3-5-0 13721768 0.041261 0.012335 0.002832 0.017373
2-3-0-6-4-7-0-6-4-7-0 13954431 0.034033 0.007458 0.0027 0.016018
3-5-0-0-1-1-0-0-1-1-0 66667832 0.031253 0.009663 0.002715 0.012369
3-5-0-0-1-1-0-2-2-3-0 261068775 0.0683 0.046334 0.002923 0.012476
3-5-0-0-1-1-0-4-3-5-0 159103520 0.057346 0.030048 0.003138 0.016921
3-5-0-0-1-1-0-6-4-7-0 264520476 0.084219 0.053609 0.002424 0.016921
3-5-0-2-2-3-0-0-1-1-0 262992233 0.094699 0.069922 0.002934 0.014191
3-5-0-2-2-3-0-2-2-3-0 18178411 0.028814 0.0024 0.002953 0.013736
3-5-0-2-2-3-0-4-3-5-0 186718068 0.072859 0.046583 0.002822 0.015185
3-5-0-2-2-3-0-6-4-7-0 254483838 0.146528 0.113876 0.001219 0.017762
3-5-0-4-3-5-0-0-1-1-0 242448037 0.917257 0.881549 0.003794 0.015946
3-5-0-4-3-5-0-2-2-3-0 223199128 0.343286 0.308442 0.003559 0.016132
3-5-0-4-3-5-0-4-3-5-0 228319167 0.248053 0.202025 0.004083 0.020021
3-5-0-4-3-5-0-6-4-7-0 251652169 0.178064 0.123554 0.004244 0.019649
3-5-0-6-4-7-0-0-1-1-0 264536355 0.971431 0.941079 0.004594 0.015545
3-5-0-6-4-7-0-2-2-3-0 258664239 0.663399 0.626865 0.004066 0.015803
3-5-0-6-4-7-0-4-3-5-0 260634304 0.878031 0.833294 0.003979 0.018962
3-5-0-6-4-7-0-6-4-7-0 264542228 0.185248 0.13006 0.00344 0.019236
4-7-0-0-1-1-0-0-1-1-0 15626706 0.024497 0.002061 0.002817 0.013582
4-7-0-0-1-1-0-2-2-3-0 15794087 0.025459 0.004281 0.00285 0.011712
4-7-0-0-1-1-0-4-3-5-0 15740985 0.028173 0.003915 0.002826 0.014841
4-7-0-0-1-1-0-6-4-7-0 15794415 0.031992 0.006686 0.001637 0.016091
4-7-0-2-2-3-0-0-1-1-0 15794415 0.048953 0.027693 0.003025 0.011275
4-7-0-2-2-3-0-2-2-3-0 10219172 0.024807 0.002251 0.003412 0.012117
4-7-0-2-2-3-0-4-3-5-0 15662521 0.036074 0.010322 0.002578 0.014985
4-7-0-2-2-3-0-6-4-7-0 15792946 0.031329 0.006578 0.001539 0.015806
4-7-0-4-3-5-0-0-1-1-0 15758734 0.033742 0.002576 0.005467 0.015611
4-7-0-4-3-5-0-2-2-3-0 15752999 0.167465 0.131999 0.003002 0.015234
4-7-0-4-3-5-0-4-3-5-0 15556071 0.054509 0.023151 0.001811 0.019012
4-7-0-4-3-5-0-6-4-7-0 15794346 0.050294 0.011888 0.002894 0.018712
4-7-0-6-4-7-0-0-1-1-0 15794415 0.027897 0.002007 0.002596 0.014881
4-7-0-6-4-7-0-2-2-3-0 15792398 0.109976 0.076898 0.003997 0.014079
4-7-0-6-4-7-0-4-3-5-0 15790892 0.051971 0.021173 0.002848 0.018551
4-7-0-6-4-7-0-6-4-7-0 15794414 0.038746 0.010259 0.002903 0.017446
