0-0-1-1-0-0-1-1-0-0-1-1-0-0-1 34713 0.069477 0.002839 0.02124 0.033392
0-0-1-1-0-0-1-1-0-0-1-1-0-2-2 11426723 0.091449 0.021282 0.021987 0.036102
0-0-1-1-0-0-1-1-0-0-1-1-0-4-3 66667832 0.153967 0.089761 0.018565 0.033067
0-0-1-1-0-0-1-1-0-0-1-1-0-6-4 15626706 0.082145 0.012507 0.014567 0.030595
0-0-1-1-0-0-1-1-0-2-2-3-0-0-1 277704 0.123119 0.002435 0.079421 0.029038
0-0-1-1-0-0-1-1-0-2-2-3-0-2-2 11426723 1.31416 1.23054 0.018031 0.032389
0-0-1-1-0-0-1-1-0-2-2-3-0-4-3 262992233 2.9814 2.8903 0.016995 0.037486
0-0-1-1-0-0-1-1-0-2-2-3-0-6-4 15794415 0.074359 0.011487 0.011464 0.02406
0-0-1-1-0-0-1-1-0-4-3-5-0-0-1 277704 0.049847 0.003952 0.013282 0.023399
0-0-1-1-0-0-1-1-0-4-3-5-0-2-2 13373259 0.060603 0.009729 0.01308 0.024092
0-0-1-1-0-0-1-1-0-4-3-5-0-4-3 242448037 0.123558 0.071431 0.014571 0.027653
0-0-1-1-0-0-1-1-0-4-3-5-0-6-4 15758734 0.068983 0.010751 0.023666 0.025051
0-0-1-1-0-0-1-1-0-6-4-7-0-0-1 277704 0.056252 0.003552 0.015519 0.027472
0-0-1-1-0-0-1-1-0-6-4-7-0-2-2 13954626 0.087513 0.011886 0.023409 0.030602
0-0-1-1-0-0-1-1-0-6-4-7-0-4-3 264536355 0.126945 0.079222 0.010768 0.027284
0-0-1-1-0-0-1-1-0-6-4-7-0-6-4 15794415 0.058074 0.011343 0.011522 0.025381
0-0-1-1-0-2-2-3-0-0-1-1-0-0-1 277704 0.067774 0.003168 0.037379 0.019164
0-0-1-1-0-2-2-3-0-0-1-1-0-2-2 13954626 0.081517 0.012617 0.036965 0.02202
0-0-1-1-0-2-2-3-0-0-1-1-0-4-3 264547773 0.227104 0.157581 0.033878 0.026292
0-0-1-1-0-2-2-3-0-0-1-1-0-6-4 15794415 0.084201 0.014977 0.036105 0.024058
0-0-1-1-0-2-2-3-0-2-2-3-0-0-1 277704 0.089178 0.003175 0.057942 0.019477
0-0-1-1-0-2-2-3-0-2-2-3-0-2-2 11426723 0.079676 0.012371 0.033396 0.0214
0-0-1-1-0-2-2-3-0-2-2-3-0-4-3 262992233 0.404018 0.349898 0.013062 0.023045
0-0-1-1-0-2-2-3-0-2-2-3-0-6-4 15794415 0.198479 0.112137 0.032406 0.029118
0-0-1-1-0-2-2-3-0-4-3-5-0-0-1 277704 0.059719 0.006805 0.018019 0.023983
0-0-1-1-0-2-2-3-0-4-3-5-0-2-2 13954626 0.289691 0.192303 0.013046 0.025328
0-0-1-1-0-2-2-3-0-4-3-5-0-4-3 264272027 2.98582 2.92325 0.018654 0.027181
0-0-1-1-0-2-2-3-0-4-3-5-0-6-4 15794415 0.350268 0.281025 0.014949 0.033168
0-0-1-1-0-2-2-3-0-6-4-7-0-0-1 277704 0.054002 0.003383 0.015275 0.025962
0-0-1-1-0-2-2-3-0-6-4-7-0-2-2 13954626 0.056453 0.006763 0.01124 0.028584
0-0-1-1-0-2-2-3-0-6-4-7-0-4-3 264547773 4.19873 4.11689 0.007465 0.032763
0-0-1-1-0-2-2-3-0-6-4-7-0-6-4 15794415 3.55456 3.41966 0.010147 0.031142
0-0-1-1-0-4-3-5-0-0-1-1-0-0-1 277704 0.054099 0.003769 0.016029 0.024297
0-0-1-1-0-4-3-5-0-0-1-1-0-2-2 13954626 0.067993 0.014809 0.017617 0.024235
0-0-1-1-0-4-3-5-0-0-1-1-0-4-3 264547773 0.21778 0.162546 0.017941 0.025925
0-0-1-1-0-4-3-5-0-0-1-1-0-6-4 15794415 0.071534 0.015517 0.018457 0.025693
0-0-1-1-0-4-3-5-0-2-2-3-0-0-1 277704 0.059318 0.004393 0.017664 0.026868
0-0-1-1-0-4-3-5-0-2-2-3-0-2-2 13373259 0.061255 0.007312 0.020123 0.023747
0-0-1-1-0-4-3-5-0-2-2-3-0-4-3 264534436 0.408656 0.349099 0.019077 0.026043
0-0-1-1-0-4-3-5-0-2-2-3-0-6-4 15794415 0.17467 0.11281 0.019146 0.025274
0-0-1-1-0-4-3-5-0-4-3-5-0-0-1 277704 0.073187 0.006128 0.026222 0.028285
0-0-1-1-0-4-3-5-0-4-3-5-0-2-2 13954626 0.073041 0.008766 0.025759 0.027857
0-0-1-1-0-4-3-5-0-4-3-5-0-4-3 254851812 6.82359 6.64205 0.028701 0.031536
0-0-1-1-0-4-3-5-0-4-3-5-0-6-4 15794415 0.080798 0.010984 0.025877 0.032692
0-0-1-1-0-4-3-5-0-6-4-7-0-0-1 277704 0.067908 0.00497 0.026879 0.02641
0-0-1-1-0-4-3-5-0-6-4-7-0-2-2 13954626 0.10367 0.008025 0.032645 0.026951
0-0-1-1-0-4-3-5-0-6-4-7-0-4-3 264547773 2.67237 2.60042 0.027251 0.029905
0-0-1-1-0-4-3-5-0-6-4-7-0-6-4 15794415 0.07502 0.009713 0.028159 0.027043
0-0-1-1-0-6-4-7-0-0-1-1-0-0-1 277704 0.048159 0.00328 0.013281 0.022378
0-0-1-1-0-6-4-7-0-0-1-1-0-2-2 13954626 0.058149 0.011959 0.012778 0.022557
0-0-1-1-0-6-4-7-0-0-1-1-0-4-3 264547773 0.18418 0.136325 0.011864 0.025646
0-0-1-1-0-6-4-7-0-0-1-1-0-6-4 15794415 0.061171 0.014333 0.01245 0.024114
0-0-1-1-0-6-4-7-0-2-2-3-0-0-1 277704 0.075212 0.003692 0.015985 0.022886
0-0-1-1-0-6-4-7-0-2-2-3-0-2-2 13954626 0.075447 0.010445 0.012901 0.023289
0-0-1-1-0-6-4-7-0-2-2-3-0-4-3 264547773 0.364766 0.306837 0.011855 0.0259
0-0-1-1-0-6-4-7-0-2-2-3-0-6-4 15794415 0.149042 0.098048 0.012016 0.025243
0-0-1-1-0-6-4-7-0-4-3-5-0-0-1 277704 0.066416 0.006546 0.021207 0.026088
0-0-1-1-0-6-4-7-0-4-3-5-0-2-2 13954626 0.061164 0.008819 0.012723 0.027358
0-0-1-1-0-6-4-7-0-4-3-5-0-4-3 264536355 4.73535 4.66345 0.020213 0.032169
0-0-1-1-0-6-4-7-0-4-3-5-0-6-4 15794415 0.072375 0.011387 0.015537 0.03196
0-0-1-1-0-6-4-7-0-6-4-7-0-0-1 277704 0.052775 0.005067 0.013288 0.025221
0-0-1-1-0-6-4-7-0-6-4-7-0-2-2 13954626 0.076395 0.014589 0.012949 0.025856
0-0-1-1-0-6-4-7-0-6-4-7-0-4-3 264547773 2.64691 2.59211 0.011504 0.029207
0-0-1-1-0-6-4-7-0-6-4-7-0-6-4 15794415 0.062637 0.010337 0.013311 0.02676
0-2-2-3-0-0-1-1-0-0-1-1-0-0-1 269979 0.053681 0.006099 0.016652 0.021124
0-2-2-3-0-0-1-1-0-0-1-1-0-2-2 13942082 0.058274 0.011834 0.014843 0.021055
0-2-2-3-0-0-1-1-0-0-1-1-0-4-3 261068775 0.182685 0.137032 0.01246 0.022859
0-2-2-3-0-0-1-1-0-0-1-1-0-6-4 15794087 0.061913 0.014225 0.014769 0.02277
0-2-2-3-0-0-1-1-0-2-2-3-0-0-1 277704 0.092634 0.003362 0.059686 0.020733
0-2-2-3-0-0-1-1-0-2-2-3-0-2-2 13942082 1.22813 1.12303 0.013868 0.024402
0-2-2-3-0-0-1-1-0-2-2-3-0-4-3 264546361 0.172362 0.109625 0.018743 0.032095
0-2-2-3-0-0-1-1-0-2-2-3-0-6-4 15794415 0.084327 0.011738 0.020063 0.028064
0-2-2-3-0-0-1-1-0-4-3-5-0-0-1 277704 0.053978 0.004305 0.013835 0.026187
0-2-2-3-0-0-1-1-0-4-3-5-0-2-2 13950086 2.85914 2.77192 0.010279 0.030211
0-2-2-3-0-0-1-1-0-4-3-5-0-4-3 264223483 4.27404 4.17852 0.011669 0.031945
0-2-2-3-0-0-1-1-0-4-3-5-0-6-4 15794374 3.88969 3.79202 0.017195 0.028475
0-2-2-3-0-0-1-1-0-6-4-7-0-0-1 277704 0.06304 0.004281 0.011492 0.027629
0-2-2-3-0-0-1-1-0-6-4-7-0-2-2 13954626 2.01768 1.91812 0.008386 0.028797
0-2-2-3-0-0-1-1-0-6-4-7-0-4-3 264547768 3.42387 3.34721 0.009453 0.03093
0-2-2-3-0-0-1-1-0-6-4-7-0-6-4 15794415 3.20829 3.11489 0.008587 0.030739
0-2-2-3-0-2-2-3-0-0-1-1-0-0-1 269979 0.048302 0.003328 0.01385 0.022442
0-2-2-3-0-2-2-3-0-0-1-1-0-2-2 13942082 0.060935 0.012607 0.011823 0.025898
0-2-2-3-0-2-2-3-0-0-1-1-0-4-3 261068775 0.294248 0.232457 0.015288 0.023243
0-2-2-3-0-2-2-3-0-0-1-1-0-6-4 15794087 0.06406 0.014742 0.011658 0.0274
0-2-2-3-0-2-2-3-0-2-2-3-0-0-1 269979 0.086615 0.003309 0.053898 0.020801
0-2-2-3-0-2-2-3-0-2-2-3-0-2-2 34713 0.119447 0.01229 0.010149 0.024647
0-2-2-3-0-2-2-3-0-2-2-3-0-4-3 18178411 0.136976 0.041286 0.01003 0.027383
0-2-2-3-0-2-2-3-0-2-2-3-0-6-4 10219172 0.090426 0.034553 0.010551 0.028989
0-2-2-3-0-2-2-3-0-4-3-5-0-0-1 277212 0.059395 0.004093 0.018439 0.026233
0-2-2-3-0-2-2-3-0-4-3-5-0-2-2 12401496 0.05637 0.006774 0.012547 0.025693
0-2-2-3-0-2-2-3-0-4-3-5-0-4-3 223199128 6.10571 6.02436 0.016401 0.028796
0-2-2-3-0-2-2-3-0-4-3-5-0-6-4 15752999 0.109678 0.028393 0.011813 0.028408
0-2-2-3-0-2-2-3-0-6-4-7-0-0-1 277704 0.052025 0.003612 0.012957 0.026093
0-2-2-3-0-2-2-3-0-6-4-7-0-2-2 13689497 1.76709 1.69639 0.010732 0.028825
0-2-2-3-0-2-2-3-0-6-4-7-0-4-3 258664239 3.30367 3.21679 0.008183 0.033327
0-2-2-3-0-2-2-3-0-6-4-7-0-6-4 15792398 3.02733 2.8917 0.009165 0.031464
0-2-2-3-0-4-3-5-0-0-1-1-0-0-1 277212 0.078112 0.004597 0.012319 0.022483
0-2-2-3-0-4-3-5-0-0-1-1-0-2-2 13953539 0.099409 0.022607 0.011067 0.023487
0-2-2-3-0-4-3-5-0-0-1-1-0-4-3 264335304 0.209671 0.147421 0.012796 0.027939
0-2-2-3-0-4-3-5-0-0-1-1-0-6-4 15794372 0.066998 0.015249 0.012621 0.027283
0-2-2-3-0-4-3-5-0-2-2-3-0-0-1 277704 0.056376 0.004566 0.015889 0.024035
0-2-2-3-0-4-3-5-0-2-2-3-0-2-2 12401496 0.189369 0.096996 0.014247 0.024726
0-2-2-3-0-4-3-5-0-2-2-3-0-4-3 263938876 0.469807 0.404183 0.013201 0.027346
0-2-2-3-0-4-3-5-0-2-2-3-0-6-4 15794338 0.476126 0.399797 0.014359 0.026055
0-2-2-3-0-4-3-5-0-4-3-5-0-0-1 277704 0.076907 0.007374 0.024055 0.029389
0-2-2-3-0-4-3-5-0-4-3-5-0-2-2 13942369 0.435657 0.357513 0.015488 0.029732
0-2-2-3-0-4-3-5-0-4-3-5-0-4-3 252870735 5.67483 5.59611 0.019468 0.031726
0-2-2-3-0-4-3-5-0-4-3-5-0-6-4 15794351 0.114803 0.052948 0.01314 0.032626
0-2-2-3-0-4-3-5-0-6-4-7-0-0-1 277704 0.065975 0.007013 0.017675 0.027805
0-2-2-3-0-4-3-5-0-6-4-7-0-2-2 13954500 0.440538 0.359136 0.016093 0.029188
0-2-2-3-0-4-3-5-0-6-4-7-0-4-3 264545259 3.16081 3.08272 0.014863 0.031973
0-2-2-3-0-4-3-5-0-6-4-7-0-6-4 15794413 0.538645 0.448789 0.016708 0.029864
0-2-2-3-0-6-4-7-0-0-1-1-0-0-1 277704 0.050572 0.003369 0.012256 0.024603
0-2-2-3-0-6-4-7-0-0-1-1-0-2-2 13954626 0.06026 0.012913 0.011156 0.024645
0-2-2-3-0-6-4-7-0-0-1-1-0-4-3 264547773 0.22176 0.172163 0.010352 0.027715
0-2-2-3-0-6-4-7-0-0-1-1-0-6-4 15794415 0.063593 0.015032 0.011087 0.026135
0-2-2-3-0-6-4-7-0-2-2-3-0-0-1 277704 0.058257 0.003643 0.017035 0.026258
0-2-2-3-0-6-4-7-0-2-2-3-0-2-2 13689497 0.289432 0.226065 0.012137 0.025082
0-2-2-3-0-6-4-7-0-2-2-3-0-4-3 264526605 3.43834 3.37896 0.011362 0.027054
0-2-2-3-0-6-4-7-0-2-2-3-0-6-4 15794414 0.299752 0.240577 0.011013 0.026638
0-2-2-3-0-6-4-7-0-4-3-5-0-0-1 277704 0.07156 0.006762 0.022376 0.026582
0-2-2-3-0-6-4-7-0-4-3-5-0-2-2 13953921 0.424907 0.356066 0.011426 0.028696
0-2-2-3-0-6-4-7-0-4-3-5-0-4-3 261395656 3.25002 3.17497 0.018449 0.030421
0-2-2-3-0-6-4-7-0-4-3-5-0-6-4 15794415 0.119754 0.059407 0.015072 0.033298
0-2-2-3-0-6-4-7-0-6-4-7-0-0-1 277704 0.054158 0.00506 0.011085 0.027164
0-2-2-3-0-6-4-7-0-6-4-7-0-2-2 13954626 0.416754 0.351362 0.010993 0.028718
0-2-2-3-0-6-4-7-0-6-4-7-0-4-3 264547767 3.45293 3.3863 0.009876 0.031499
0-2-2-3-0-6-4-7-0-6-4-7-0-6-4 15794415 0.336893 0.271546 0.010208 0.030919
0-4-3-5-0-0-1-1-0-0-1-1-0-0-1 125547 0.053561 0.004132 0.014839 0.02288
0-4-3-5-0-0-1-1-0-0-1-1-0-2-2 13103489 0.059152 0.010834 0.013541 0.02328
0-4-3-5-0-0-1-1-0-0-1-1-0-4-3 159103520 0.128158 0.078625 0.01386 0.025028
0-4-3-5-0-0-1-1-0-0-1-1-0-6-4 15740985 0.072271 0.014215 0.013444 0.024711
0-4-3-5-0-0-1-1-0-2-2-3-0-0-1 277704 0.097149 0.004427 0.058132 0.024137
0-4-3-5-0-0-1-1-0-2-2-3-0-2-2 13103489 0.288026 0.198987 0.015411 0.026378
0-4-3-5-0-0-1-1-0-2-2-3-0-4-3 264299335 0.814942 0.754034 0.014807 0.028258
0-4-3-5-0-0-1-1-0-2-2-3-0-6-4 15794415 0.077259 0.012982 0.018237 0.030739
0-4-3-5-0-0-1-1-0-4-3-5-0-0-1 277704 0.058194 0.005178 0.014698 0.026324
0-4-3-5-0-0-1-1-0-4-3-5-0-2-2 13749399 0.069396 0.013096 0.01504 0.027909
0-4-3-5-0-0-1-1-0-4-3-5-0-4-3 254223236 0.180732 0.121355 0.01677 0.031306
0-4-3-5-0-0-1-1-0-4-3-5-0-6-4 15784512 0.073897 0.013877 0.019646 0.028068
0-4-3-5-0-0-1-1-0-6-4-7-0-0-1 277704 0.056444 0.004567 0.01366 0.026376
0-4-3-5-0-0-1-1-0-6-4-7-0-2-2 13954626 0.071295 0.012412 0.013243 0.027391
0-4-3-5-0-0-1-1-0-6-4-7-0-4-3 264545622 0.178702 0.123953 0.01223 0.029966
0-4-3-5-0-0-1-1-0-6-4-7-0-6-4 15794415 0.091136 0.015067 0.018685 0.0418
0-4-3-5-0-2-2-3-0-0-1-1-0-0-1 277597 0.073572 0.004422 0.022491 0.030771
0-4-3-5-0-2-2-3-0-0-1-1-0-2-2 13954538 0.109854 0.029768 0.022956 0.032306
0-4-3-5-0-2-2-3-0-0-1-1-0-4-3 264505054 0.466038 0.376232 0.023324 0.034392
0-4-3-5-0-2-2-3-0-0-1-1-0-6-4 15794415 0.104125 0.031303 0.017737 0.025334
0-4-3-5-0-2-2-3-0-2-2-3-0-0-1 277597 0.076613 0.004509 0.037664 0.022177
0-4-3-5-0-2-2-3-0-2-2-3-0-2-2 1807215 0.058112 0.007521 0.014433 0.023449
0-4-3-5-0-2-2-3-0-2-2-3-0-4-3 186718068 0.245809 0.193162 0.014696 0.024723
0-4-3-5-0-2-2-3-0-2-2-3-0-6-4 15662521 0.098726 0.037747 0.013085 0.024427
0-4-3-5-0-2-2-3-0-4-3-5-0-0-1 277704 0.064602 0.005092 0.021116 0.025239
0-4-3-5-0-2-2-3-0-4-3-5-0-2-2 13920727 0.069355 0.01298 0.015932 0.026298
0-4-3-5-0-2-2-3-0-4-3-5-0-4-3 256552028 0.243525 0.174604 0.023151 0.028711
0-4-3-5-0-2-2-3-0-4-3-5-0-6-4 15793767 0.110213 0.019723 0.018367 0.03084
0-4-3-5-0-2-2-3-0-6-4-7-0-0-1 277704 0.066301 0.004631 0.014887 0.030312
0-4-3-5-0-2-2-3-0-6-4-7-0-2-2 13952209 0.076367 0.013055 0.014852 0.030871
0-4-3-5-0-2-2-3-0-6-4-7-0-4-3 264488100 4.85302 4.77812 0.012905 0.033202
0-4-3-5-0-2-2-3-0-6-4-7-0-6-4 15794397 0.142496 0.019248 0.012661 0.029895
0-4-3-5-0-4-3-5-0-0-1-1-0-0-1 273654 0.073756 0.007554 0.026609 0.02583
0-4-3-5-0-4-3-5-0-0-1-1-0-2-2 13920168 0.083639 0.016792 0.025354 0.026688
0-4-3-5-0-4-3-5-0-0-1-1-0-4-3 261568906 0.224783 0.15495 0.025855 0.028309
0-4-3-5-0-4-3-5-0-0-1-1-0-6-4 15792180 0.086656 0.018422 0.025728 0.027921
0-4-3-5-0-4-3-5-0-2-2-3-0-0-1 277611 0.071641 0.007686 0.024668 0.025049
0-4-3-5-0-4-3-5-0-2-2-3-0-2-2 12620533 0.117756 0.016263 0.021912 0.024973
0-4-3-5-0-4-3-5-0-2-2-3-0-4-3 260987845 0.422325 0.326045 0.020819 0.027298
0-4-3-5-0-4-3-5-0-2-2-3-0-6-4 15743848 0.114556 0.029516 0.021877 0.026026
0-4-3-5-0-4-3-5-0-4-3-5-0-0-1 274950 0.098321 0.01031 0.037291 0.027739
0-4-3-5-0-4-3-5-0-4-3-5-0-2-2 13780903 0.116692 0.031214 0.029508 0.028147
0-4-3-5-0-4-3-5-0-4-3-5-0-4-3 249802666 2.13494 2.02973 0.037253 0.029704
0-4-3-5-0-4-3-5-0-4-3-5-0-6-4 15614461 0.142906 0.043882 0.028979 0.029517
0-4-3-5-0-4-3-5-0-6-4-7-0-0-1 277700 0.080751 0.010014 0.025645 0.027661
0-4-3-5-0-4-3-5-0-6-4-7-0-2-2 13850279 0.114573 0.038652 0.025266 0.028885
0-4-3-5-0-4-3-5-0-6-4-7-0-4-3 263135171 2.57762 2.49145 0.024114 0.031509
0-4-3-5-0-4-3-5-0-6-4-7-0-6-4 15792097 0.200336 0.100131 0.025061 0.030633
0-4-3-5-0-6-4-7-0-0-1-1-0-0-1 277700 0.063263 0.006654 0.016058 0.024562
0-4-3-5-0-6-4-7-0-0-1-1-0-2-2 13954622 0.069204 0.015561 0.014118 0.024856
0-4-3-5-0-6-4-7-0-0-1-1-0-4-3 264547070 0.206562 0.149807 0.013691 0.028957
0-4-3-5-0-6-4-7-0-0-1-1-0-6-4 15794415 0.073963 0.018316 0.014282 0.027145
0-4-3-5-0-6-4-7-0-2-2-3-0-0-1 277704 0.062421 0.006824 0.018838 0.023354
0-4-3-5-0-6-4-7-0-2-2-3-0-2-2 13721768 0.078477 0.02382 0.01534 0.024879
0-4-3-5-0-6-4-7-0-2-2-3-0-4-3 264348044 0.379724 0.320974 0.013688 0.027333
0-4-3-5-0-6-4-7-0-2-2-3-0-6-4 15794371 0.109207 0.049429 0.014712 0.026167
0-4-3-5-0-6-4-7-0-4-3-5-0-0-1 277704 0.084106 0.010113 0.026198 0.027625
0-4-3-5-0-6-4-7-0-4-3-5-0-2-2 13953164 0.110669 0.048872 0.014726 0.028763
0-4-3-5-0-6-4-7-0-4-3-5-0-4-3 263215652 4.28176 4.20853 0.022997 0.031028
0-4-3-5-0-6-4-7-0-4-3-5-0-6-4 15794412 0.154091 0.068346 0.017733 0.029734
0-4-3-5-0-6-4-7-0-6-4-7-0-0-1 277704 0.068283 0.008643 0.01489 0.028374
0-4-3-5-0-6-4-7-0-6-4-7-0-2-2 13954620 0.102855 0.044482 0.014196 0.029851
0-4-3-5-0-6-4-7-0-6-4-7-0-4-3 264547650 4.25697 4.19379 0.013587 0.031748
0-4-3-5-0-6-4-7-0-6-4-7-0-6-4 15794415 0.127727 0.053422 0.014604 0.030919
0-6-4-7-0-0-1-1-0-0-1-1-0-0-1 277619 0.050723 0.00344 0.014869 0.02182
0-6-4-7-0-0-1-1-0-0-1-1-0-2-2 13954551 0.057061 0.00882 0.017043 0.021743
0-6-4-7-0-0-1-1-0-0-1-1-0-4-3 264520476 0.198837 0.149422 0.013096 0.025276
0-6-4-7-0-0-1-1-0-0-1-1-0-6-4 15794415 0.057054 0.009837 0.01435 0.023401
0-6-4-7-0-0-1-1-0-2-2-3-0-0-1 277704 0.096881 0.003624 0.061561 0.0219
0-6-4-7-0-0-1-1-0-2-2-3-0-2-2 13954551 1.30926 1.20622 0.016167 0.023305
0-6-4-7-0-0-1-1-0-2-2-3-0-4-3 264547769 0.249933 0.172814 0.022981 0.038706
0-6-4-7-0-0-1-1-0-2-2-3-0-6-4 15794415 0.091557 0.011824 0.024711 0.038158
0-6-4-7-0-0-1-1-0-4-3-5-0-0-1 277704 0.08496 0.004764 0.024813 0.03976
0-6-4-7-0-0-1-1-0-4-3-5-0-2-2 13954585 0.087596 0.01151 0.022065 0.038773
0-6-4-7-0-0-1-1-0-4-3-5-0-4-3 264544959 0.249632 0.171743 0.02263 0.042456
0-6-4-7-0-0-1-1-0-4-3-5-0-6-4 15794415 0.071578 0.013338 0.022226 0.026701
0-6-4-7-0-0-1-1-0-6-4-7-0-0-1 277704 0.054898 0.003939 0.014643 0.025759
0-6-4-7-0-0-1-1-0-6-4-7-0-2-2 13954626 0.082005 0.011646 0.014735 0.0259
0-6-4-7-0-0-1-1-0-6-4-7-0-4-3 264547773 0.225341 0.171789 0.013072 0.029086
0-6-4-7-0-0-1-1-0-6-4-7-0-6-4 15794415 0.063756 0.01307 0.014423 0.026623
0-6-4-7-0-2-2-3-0-0-1-1-0-0-1 277704 0.100824 0.003798 0.020224 0.022606
0-6-4-7-0-2-2-3-0-0-1-1-0-2-2 13954626 0.124973 0.010143 0.020238 0.027426
0-6-4-7-0-2-2-3-0-0-1-1-0-4-3 264547773 0.203858 0.136735 0.021158 0.028383
0-6-4-7-0-2-2-3-0-0-1-1-0-6-4 15794415 0.079613 0.011557 0.023978 0.028287
0-6-4-7-0-2-2-3-0-2-2-3-0-0-1 277704 0.099958 0.006701 0.059651 0.022445
0-6-4-7-0-2-2-3-0-2-2-3-0-2-2 6345795 0.982503 0.890567 0.018113 0.025587
0-6-4-7-0-2-2-3-0-2-2-3-0-4-3 254483838 2.46072 2.38505 0.015131 0.025902
0-6-4-7-0-2-2-3-0-2-2-3-0-6-4 15792946 0.138638 0.021525 0.021999 0.029395
0-6-4-7-0-2-2-3-0-4-3-5-0-0-1 277704 0.072187 0.008403 0.021426 0.024154
0-6-4-7-0-2-2-3-0-4-3-5-0-2-2 13954585 0.093148 0.023297 0.014994 0.024963
0-6-4-7-0-2-2-3-0-4-3-5-0-4-3 262665496 5.04567 4.96334 0.018505 0.027922
0-6-4-7-0-2-2-3-0-4-3-5-0-6-4 15794415 0.178086 0.070989 0.015228 0.028603
0-6-4-7-0-2-2-3-0-6-4-7-0-0-1 277704 0.068394 0.005578 0.013848 0.024916
0-6-4-7-0-2-2-3-0-6-4-7-0-2-2 13954626 0.066882 0.011746 0.013912 0.025751
0-6-4-7-0-2-2-3-0-6-4-7-0-4-3 264547773 8.82956 8.75363 0.012444 0.028382
0-6-4-7-0-2-2-3-0-6-4-7-0-6-4 15794415 0.088681 0.021464 0.012651 0.027715
0-6-4-7-0-4-3-5-0-0-1-1-0-0-1 277701 0.073136 0.005911 0.032025 0.023845
0-6-4-7-0-4-3-5-0-0-1-1-0-2-2 13954618 0.075345 0.011823 0.027634 0.024289
0-6-4-7-0-4-3-5-0-0-1-1-0-4-3 264546039 0.248262 0.170485 0.028897 0.027168
0-6-4-7-0-4-3-5-0-0-1-1-0-6-4 15794415 0.07952 0.014027 0.027961 0.026218
0-6-4-7-0-4-3-5-0-2-2-3-0-0-1 277704 0.06639 0.006471 0.022528 0.023079
0-6-4-7-0-4-3-5-0-2-2-3-0-2-2 13891951 0.072132 0.015446 0.021015 0.024308
0-6-4-7-0-4-3-5-0-2-2-3-0-4-3 264545893 0.196994 0.128912 0.020394 0.025779
0-6-4-7-0-4-3-5-0-2-2-3-0-6-4 15794415 0.13978 0.064345 0.020874 0.025917
0-6-4-7-0-4-3-5-0-4-3-5-0-0-1 277704 0.084178 0.009295 0.032606 0.026859
0-6-4-7-0-4-3-5-0-4-3-5-0-2-2 13954598 0.20703 0.054319 0.023674 0.028819
0-6-4-7-0-4-3-5-0-4-3-5-0-4-3 253260419 0.292542 0.214907 0.032226 0.030395
0-6-4-7-0-4-3-5-0-4-3-5-0-6-4 15794415 0.17048 0.073452 0.024673 0.030625
0-6-4-7-0-4-3-5-0-6-4-7-0-0-1 277704 0.077285 0.009147 0.024238 0.02709
0-6-4-7-0-4-3-5-0-6-4-7-0-2-2 13954626 0.133173 0.066641 0.024173 0.029114
0-6-4-7-0-4-3-5-0-6-4-7-0-4-3 264547770 0.261633 0.188011 0.02328 0.029444
0-6-4-7-0-4-3-5-0-6-4-7-0-6-4 15794415 0.204216 0.122864 0.025707 0.03075
0-6-4-7-0-6-4-7-0-0-1-1-0-0-1 277704 0.056798 0.00529 0.016181 0.023352
0-6-4-7-0-6-4-7-0-0-1-1-0-2-2 13954626 0.063869 0.011223 0.015866 0.024379
0-6-4-7-0-6-4-7-0-0-1-1-0-4-3 264547773 0.227024 0.171947 0.014999 0.026974
0-6-4-7-0-6-4-7-0-0-1-1-0-6-4 15794415 0.06433 0.011957 0.015517 0.025346
0-6-4-7-0-6-4-7-0-2-2-3-0-0-1 277704 0.068703 0.006689 0.023513 0.022241
0-6-4-7-0-6-4-7-0-2-2-3-0-2-2 13954431 0.062831 0.012553 0.01658 0.023093
0-6-4-7-0-6-4-7-0-2-2-3-0-4-3 264547772 0.186019 0.132647 0.016786 0.024249
0-6-4-7-0-6-4-7-0-2-2-3-0-6-4 15794415 0.079278 0.019701 0.016479 0.024271
0-6-4-7-0-6-4-7-0-4-3-5-0-0-1 277704 0.078141 0.008719 0.027671 0.025671
0-6-4-7-0-6-4-7-0-4-3-5-0-2-2 13954626 0.07693 0.021641 0.016235 0.026714
0-6-4-7-0-6-4-7-0-4-3-5-0-4-3 264542880 0.311992 0.243561 0.025186 0.027971
0-6-4-7-0-6-4-7-0-4-3-5-0-6-4 15794415 0.167969 0.099916 0.019699 0.030269
0-6-4-7-0-6-4-7-0-6-4-7-0-0-1 277704 0.061448 0.006993 0.016319 0.025783
0-6-4-7-0-6-4-7-0-6-4-7-0-2-2 13954626 0.072227 0.018017 0.016336 0.026647
0-6-4-7-0-6-4-7-0-6-4-7-0-4-3 264547773 0.229225 0.17323 0.016044 0.028276
0-6-4-7-0-6-4-7-0-6-4-7-0-6-4 15794415 0.079035 0.024269 0.016863 0.027353
1-1-0-0-1-1-0-0-1-1-0-0-1-1-0 34713 0.041851 0.000786 0.010876 0.023493
1-1-0-0-1-1-0-0-1-1-0-2-2-3-0 269979 0.045902 0.001726 0.012894 0.023423
1-1-0-0-1-1-0-0-1-1-0-4-3-5-0 125547 0.046621 0.001867 0.009563 0.02701
1-1-0-0-1-1-0-0-1-1-0-6-4-7-0 277619 0.046176 0.0019 0.008778 0.027166
1-1-0-0-1-1-0-2-2-3-0-0-1-1-0 277704 0.064171 0.000928 0.033721 0.02141
1-1-0-0-1-1-0-2-2-3-0-2-2-3-0 269979 0.044751 0.001379 0.012466 0.021884
1-1-0-0-1-1-0-2-2-3-0-4-3-5-0 277597 0.050955 0.002719 0.012133 0.027188
1-1-0-0-1-1-0-2-2-3-0-6-4-7-0 277704 0.051382 0.002197 0.00843 0.033276
1-1-0-0-1-1-0-4-3-5-0-0-1-1-0 277704 0.053543 0.002008 0.015037 0.026434
1-1-0-0-1-1-0-4-3-5-0-2-2-3-0 277212 0.05471 0.002536 0.012253 0.028786
1-1-0-0-1-1-0-4-3-5-0-4-3-5-0 273654 0.069362 0.00464 0.021435 0.03441
1-1-0-0-1-1-0-4-3-5-0-6-4-7-0 277701 0.079666 0.004399 0.03294 0.030957
1-1-0-0-1-1-0-6-4-7-0-0-1-1-0 277704 0.052743 0.001359 0.013415 0.030019
1-1-0-0-1-1-0-6-4-7-0-2-2-3-0 277704 0.048936 0.001915 0.010971 0.026991
1-1-0-0-1-1-0-6-4-7-0-4-3-5-0 277700 0.054556 0.004845 0.010341 0.030954
1-1-0-0-1-1-0-6-4-7-0-6-4-7-0 277704 0.052693 0.004107 0.010565 0.029501
1-1-0-2-2-3-0-0-1-1-0-0-1-1-0 277704 0.086734 0.000914 0.052563 0.025418
1-1-0-2-2-3-0-0-1-1-0-2-2-3-0 277704 0.093385 0.001327 0.055375 0.02795
1-1-0-2-2-3-0-0-1-1-0-4-3-5-0 277704 0.094693 0.002658 0.049507 0.033436
1-1-0-2-2-3-0-0-1-1-0-6-4-7-0 277704 0.095477 0.002187 0.049435 0.034591
1-1-0-2-2-3-0-2-2-3-0-0-1-1-0 277704 0.08831 0.000947 0.054362 0.024258
1-1-0-2-2-3-0-2-2-3-0-2-2-3-0 269979 0.084825 0.001144 0.048824 0.026475
1-1-0-2-2-3-0-2-2-3-0-4-3-5-0 277597 0.071022 0.002643 0.030228 0.029125
1-1-0-2-2-3-0-2-2-3-0-6-4-7-0 277704 0.095407 0.003234 0.050706 0.032955
1-1-0-2-2-3-0-4-3-5-0-0-1-1-0 277704 0.05406 0.001711 0.014392 0.028503
1-1-0-2-2-3-0-4-3-5-0-2-2-3-0 277704 0.053278 0.00251 0.012989 0.028235
1-1-0-2-2-3-0-4-3-5-0-4-3-5-0 277611 0.066037 0.005571 0.015495 0.034499
1-1-0-2-2-3-0-4-3-5-0-6-4-7-0 277704 0.063017 0.005061 0.014882 0.032938
1-1-0-2-2-3-0-6-4-7-0-0-1-1-0 277704 0.050204 0.001225 0.013581 0.026852
1-1-0-2-2-3-0-6-4-7-0-2-2-3-0 277704 0.053653 0.001799 0.012799 0.02942
1-1-0-2-2-3-0-6-4-7-0-4-3-5-0 277704 0.057444 0.004592 0.011698 0.032969
1-1-0-2-2-3-0-6-4-7-0-6-4-7-0 277704 0.061964 0.004541 0.01477 0.03221
1-1-0-4-3-5-0-0-1-1-0-0-1-1-0 277704 0.048771 0.001655 0.01022 0.026964
1-1-0-4-3-5-0-0-1-1-0-2-2-3-0 277704 0.050924 0.001708 0.013074 0.027183
1-1-0-4-3-5-0-0-1-1-0-4-3-5-0 277704 0.054733 0.003403 0.010111 0.03107
1-1-0-4-3-5-0-0-1-1-0-6-4-7-0 277704 0.054542 0.002907 0.009443 0.031213
1-1-0-4-3-5-0-2-2-3-0-0-1-1-0 277704 0.053031 0.001724 0.016601 0.025676
1-1-0-4-3-5-0-2-2-3-0-2-2-3-0 277212 0.056699 0.002218 0.019566 0.025756
1-1-0-4-3-5-0-2-2-3-0-4-3-5-0 277704 0.062844 0.004073 0.019312 0.02959
1-1-0-4-3-5-0-2-2-3-0-6-4-7-0 277704 0.063295 0.004435 0.017596 0.029895
1-1-0-4-3-5-0-4-3-5-0-0-1-1-0 277704 0.079143 0.005534 0.028645 0.030537
1-1-0-4-3-5-0-4-3-5-0-2-2-3-0 277704 0.071567 0.004252 0.025757 0.030357
1-1-0-4-3-5-0-4-3-5-0-4-3-5-0 274950 0.087853 0.006799 0.037649 0.032648
1-1-0-4-3-5-0-4-3-5-0-6-4-7-0 277704 0.082081 0.006852 0.030106 0.033811
1-1-0-4-3-5-0-6-4-7-0-0-1-1-0 277704 0.063833 0.002874 0.022332 0.028936
1-1-0-4-3-5-0-6-4-7-0-2-2-3-0 277704 0.066612 0.002962 0.024867 0.029446
1-1-0-4-3-5-0-6-4-7-0-4-3-5-0 277704 0.072857 0.00643 0.023745 0.033488
1-1-0-4-3-5-0-6-4-7-0-6-4-7-0 277704 0.075191 0.007465 0.023679 0.033119
1-1-0-6-4-7-0-0-1-1-0-0-1-1-0 277704 0.046416 0.00128 0.0116 0.025477
1-1-0-6-4-7-0-0-1-1-0-2-2-3-0 277704 0.049157 0.001525 0.014779 0.024915
1-1-0-6-4-7-0-0-1-1-0-4-3-5-0 277704 0.05188 0.002809 0.011318 0.029487
1-1-0-6-4-7-0-0-1-1-0-6-4-7-0 277704 0.051817 0.002537 0.010482 0.029659
1-1-0-6-4-7-0-2-2-3-0-0-1-1-0 277704 0.05328 0.00158 0.018907 0.024587
1-1-0-6-4-7-0-2-2-3-0-2-2-3-0 277704 0.050818 0.001872 0.015627 0.02509
1-1-0-6-4-7-0-2-2-3-0-4-3-5-0 277704 0.052132 0.002962 0.011206 0.028968
1-1-0-6-4-7-0-2-2-3-0-6-4-7-0 277704 0.051291 0.003192 0.010555 0.029315
1-1-0-6-4-7-0-4-3-5-0-0-1-1-0 277704 0.074665 0.004808 0.029388 0.027675
1-1-0-6-4-7-0-4-3-5-0-2-2-3-0 277704 0.064331 0.005211 0.018869 0.028778
1-1-0-6-4-7-0-4-3-5-0-4-3-5-0 277700 0.075729 0.007861 0.024288 0.032591
1-1-0-6-4-7-0-4-3-5-0-6-4-7-0 277704 0.071681 0.007994 0.020749 0.032734
1-1-0-6-4-7-0-6-4-7-0-0-1-1-0 277704 0.052726 0.0035 0.0138 0.02661
1-1-0-6-4-7-0-6-4-7-0-2-2-3-0 277704 0.0536 0.003688 0.013111 0.027148
1-1-0-6-4-7-0-6-4-7-0-4-3-5-0 277704 0.059261 0.006783 0.01208 0.03097
1-1-0-6-4-7-0-6-4-7-0-6-4-7-0 277704 0.058824 0.006054 0.01276 0.030112
2-3-0-0-1-1-0-0-1-1-0-0-1-1-0 11426723 0.048814 0.003591 0.015935 0.021892
2-3-0-0-1-1-0-0-1-1-0-2-2-3-0 13942082 0.054389 0.008295 0.015208 0.023695
2-3-0-0-1-1-0-0-1-1-0-4-3-5-0 13103489 0.05435 0.00815 0.011098 0.026719
2-3-0-0-1-1-0-0-1-1-0-6-4-7-0 13954551 0.068371 0.020062 0.013591 0.026613
2-3-0-0-1-1-0-2-2-3-0-0-1-1-0 13954626 0.077358 0.008028 0.040758 0.021167
2-3-0-0-1-1-0-2-2-3-0-2-2-3-0 13942082 0.054673 0.008206 0.017032 0.021641
2-3-0-0-1-1-0-2-2-3-0-4-3-5-0 13954538 0.11042 0.058088 0.01399 0.0279
2-3-0-0-1-1-0-2-2-3-0-6-4-7-0 13954626 0.076138 0.020458 0.012814 0.034147
2-3-0-0-1-1-0-4-3-5-0-0-1-1-0 13954626 0.062207 0.00908 0.019101 0.024769
2-3-0-0-1-1-0-4-3-5-0-2-2-3-0 13953539 0.058838 0.009569 0.012974 0.026775
2-3-0-0-1-1-0-4-3-5-0-4-3-5-0 13920168 0.075912 0.011236 0.022734 0.033654
2-3-0-0-1-1-0-4-3-5-0-6-4-7-0 13954618 0.088209 0.021955 0.028007 0.02886
2-3-0-0-1-1-0-6-4-7-0-0-1-1-0 13954626 0.053127 0.008367 0.012016 0.024837
2-3-0-0-1-1-0-6-4-7-0-2-2-3-0 13954626 0.054603 0.008621 0.011341 0.025606
2-3-0-0-1-1-0-6-4-7-0-4-3-5-0 13954622 0.061351 0.011759 0.011375 0.029585
2-3-0-0-1-1-0-6-4-7-0-6-4-7-0 13954626 0.070053 0.020023 0.011416 0.029539
2-3-0-2-2-3-0-0-1-1-0-0-1-1-0 11426723 0.685387 0.627195 0.01122 0.02264
2-3-0-2-2-3-0-0-1-1-0-2-2-3-0 13942082 0.624683 0.520731 0.015186 0.027859
2-3-0-2-2-3-0-0-1-1-0-4-3-5-0 13103489 2.47931 2.37191 0.013419 0.031727
2-3-0-2-2-3-0-0-1-1-0-6-4-7-0 13954551 1.67848 1.58786 0.008913 0.032034
2-3-0-2-2-3-0-2-2-3-0-0-1-1-0 11426723 0.068263 0.005462 0.030793 0.023357
2-3-0-2-2-3-0-2-2-3-0-2-2-3-0 34713 0.179123 0.011371 0.011752 0.022806
2-3-0-2-2-3-0-2-2-3-0-4-3-5-0 1807215 0.051292 0.0034 0.00985 0.028745
2-3-0-2-2-3-0-2-2-3-0-6-4-7-0 6345795 1.32343 1.24171 0.011291 0.029168
2-3-0-2-2-3-0-4-3-5-0-0-1-1-0 13373259 0.136908 0.007292 0.015613 0.028624
2-3-0-2-2-3-0-4-3-5-0-2-2-3-0 12401496 0.138821 0.058075 0.012919 0.027012
2-3-0-2-2-3-0-4-3-5-0-4-3-5-0 12620533 0.086118 0.028155 0.013877 0.033173
2-3-0-2-2-3-0-4-3-5-0-6-4-7-0 13891951 0.077457 0.021475 0.01475 0.030889
2-3-0-2-2-3-0-6-4-7-0-0-1-1-0 13954626 0.048493 0.003958 0.010033 0.025886
2-3-0-2-2-3-0-6-4-7-0-2-2-3-0 13689497 0.248662 0.191016 0.009252 0.026567
2-3-0-2-2-3-0-6-4-7-0-4-3-5-0 13721768 0.084394 0.034497 0.008114 0.03172
2-3-0-2-2-3-0-6-4-7-0-6-4-7-0 13954431 0.068659 0.020205 0.0086 0.03088
2-3-0-4-3-5-0-0-1-1-0-0-1-1-0 13373259 0.051323 0.004477 0.010542 0.025905
2-3-0-4-3-5-0-0-1-1-0-2-2-3-0 13950086 1.09007 0.946571 0.012822 0.025811
2-3-0-4-3-5-0-0-1-1-0-4-3-5-0 13749399 0.07574 0.010323 0.010536 0.030686
2-3-0-4-3-5-0-0-1-1-0-6-4-7-0 13954585 0.095376 0.026626 0.009432 0.03155
2-3-0-4-3-5-0-2-2-3-0-0-1-1-0 13954626 0.228435 0.169096 0.01361 0.024976
2-3-0-4-3-5-0-2-2-3-0-2-2-3-0 12401496 0.067009 0.00581 0.013172 0.030685
2-3-0-4-3-5-0-2-2-3-0-4-3-5-0 13920727 0.12253 0.035621 0.012635 0.029935
2-3-0-4-3-5-0-2-2-3-0-6-4-7-0 13954585 0.099028 0.029924 0.011642 0.029687
2-3-0-4-3-5-0-4-3-5-0-0-1-1-0 13954626 0.082402 0.008472 0.02785 0.030516
2-3-0-4-3-5-0-4-3-5-0-2-2-3-0 13942369 0.493659 0.427239 0.015995 0.030139
2-3-0-4-3-5-0-4-3-5-0-4-3-5-0 13780903 0.156975 0.081058 0.026733 0.036152
2-3-0-4-3-5-0-4-3-5-0-6-4-7-0 13954598 0.135796 0.068076 0.019315 0.035957
2-3-0-4-3-5-0-6-4-7-0-0-1-1-0 13954626 0.062971 0.008307 0.011786 0.029108
2-3-0-4-3-5-0-6-4-7-0-2-2-3-0 13953921 0.498222 0.439296 0.011155 0.029786
2-3-0-4-3-5-0-6-4-7-0-4-3-5-0 13953164 0.12468 0.0679 0.010321 0.034546
2-3-0-4-3-5-0-6-4-7-0-6-4-7-0 13954626 0.085089 0.030602 0.009603 0.033963
2-3-0-6-4-7-0-0-1-1-0-0-1-1-0 13954626 0.050867 0.004721 0.012082 0.024946
2-3-0-6-4-7-0-0-1-1-0-2-2-3-0 13954626 0.952431 0.861401 0.015469 0.024523
2-3-0-6-4-7-0-0-1-1-0-4-3-5-0 13954626 0.088832 0.011293 0.016712 0.042712
2-3-0-6-4-7-0-0-1-1-0-6-4-7-0 13954626 0.102454 0.022461 0.014531 0.04273
2-3-0-6-4-7-0-2-2-3-0-0-1-1-0 13954626 0.141823 0.005103 0.02107 0.035131
2-3-0-6-4-7-0-2-2-3-0-2-2-3-0 13689497 0.844087 0.656879 0.022927 0.033489
2-3-0-6-4-7-0-2-2-3-0-4-3-5-0 13952209 0.155533 0.036956 0.019051 0.040874
2-3-0-6-4-7-0-2-2-3-0-6-4-7-0 13954626 0.110613 0.02746 0.017556 0.04012
2-3-0-6-4-7-0-4-3-5-0-0-1-1-0 13954626 0.104481 0.008596 0.038946 0.039498
2-3-0-6-4-7-0-4-3-5-0-2-2-3-0 13954500 0.607538 0.514545 0.025747 0.038197
2-3-0-6-4-7-0-4-3-5-0-4-3-5-0 13850279 0.162811 0.092622 0.025505 0.032498
2-3-0-6-4-7-0-4-3-5-0-6-4-7-0 13954626 0.148757 0.082259 0.021665 0.033465
2-3-0-6-4-7-0-6-4-7-0-0-1-1-0 13954626 0.056949 0.006494 0.013855 0.026653
2-3-0-6-4-7-0-6-4-7-0-2-2-3-0 13954626 0.566356 0.504452 0.014157 0.026081
2-3-0-6-4-7-0-6-4-7-0-4-3-5-0 13954620 0.122874 0.067612 0.013033 0.0317
2-3-0-6-4-7-0-6-4-7-0-6-4-7-0 13954626 0.082296 0.029337 0.012785 0.030491
3-5-0-0-1-1-0-0-1-1-0-0-1-1-0 66667832 0.065728 0.020456 0.01248 0.024361
3-5-0-0-1-1-0-0-1-1-0-2-2-3-0 261068775 0.144853 0.097125 0.012291 0.025631
3-5-0-0-1-1-0-0-1-1-0-4-3-5-0 159103520 0.111549 0.060218 0.011975 0.028617
3-5-0-0-1-1-0-0-1-1-0-6-4-7-0 264520476 0.145508 0.095923 0.012009 0.028419
3-5-0-0-1-1-0-2-2-3-0-0-1-1-0 264547773 0.16405 0.090882 0.039667 0.023776
3-5-0-0-1-1-0-2-2-3-0-2-2-3-0 261068775 0.34289 0.271201 0.014736 0.026511
3-5-0-0-1-1-0-2-2-3-0-4-3-5-0 264505054 1.1033 1.04294 0.012163 0.032412
3-5-0-0-1-1-0-2-2-3-0-6-4-7-0 264547773 0.427185 0.365047 0.0137 0.035253
3-5-0-0-1-1-0-4-3-5-0-0-1-1-0 264547773 0.138854 0.083164 0.019443 0.027172
3-5-0-0-1-1-0-4-3-5-0-2-2-3-0 264335304 0.146327 0.094436 0.012968 0.028147
3-5-0-0-1-1-0-4-3-5-0-4-3-5-0 261568906 0.160303 0.091542 0.022946 0.03594
3-5-0-0-1-1-0-4-3-5-0-6-4-7-0 264546039 0.16219 0.093348 0.029118 0.030181
3-5-0-0-1-1-0-6-4-7-0-0-1-1-0 264547773 0.134005 0.084889 0.012981 0.026761
3-5-0-0-1-1-0-6-4-7-0-2-2-3-0 264547773 0.139612 0.090647 0.012229 0.027324
3-5-0-0-1-1-0-6-4-7-0-4-3-5-0 264547070 0.147918 0.095276 0.012141 0.030903
3-5-0-0-1-1-0-6-4-7-0-6-4-7-0 264547773 0.145653 0.093556 0.012579 0.029909
3-5-0-2-2-3-0-0-1-1-0-0-1-1-0 262992233 1.04741 0.984008 0.013182 0.025179
3-5-0-2-2-3-0-0-1-1-0-2-2-3-0 264546361 0.889946 0.786022 0.024166 0.035272
3-5-0-2-2-3-0-0-1-1-0-4-3-5-0 264299335 2.68828 2.56437 0.023194 0.047399
3-5-0-2-2-3-0-0-1-1-0-6-4-7-0 264547769 1.93374 1.85573 0.01193 0.03272
3-5-0-2-2-3-0-2-2-3-0-0-1-1-0 262992233 0.212529 0.147497 0.016861 0.034132
3-5-0-2-2-3-0-2-2-3-0-2-2-3-0 18178411 0.199579 0.016861 0.016874 0.034503
3-5-0-2-2-3-0-2-2-3-0-4-3-5-0 186718068 0.175296 0.097222 0.01454 0.043636
3-5-0-2-2-3-0-2-2-3-0-6-4-7-0 254483838 1.69921 1.58462 0.015611 0.042717
3-5-0-2-2-3-0-4-3-5-0-0-1-1-0 264534436 0.258668 0.168245 0.017109 0.031847
3-5-0-2-2-3-0-4-3-5-0-2-2-3-0 263938876 0.345863 0.221492 0.013924 0.028195
3-5-0-2-2-3-0-4-3-5-0-4-3-5-0 260987845 0.252013 0.185168 0.015193 0.03431
3-5-0-2-2-3-0-4-3-5-0-6-4-7-0 264545893 0.458375 0.369975 0.015361 0.03261
3-5-0-2-2-3-0-6-4-7-0-0-1-1-0 264547773 0.230049 0.172411 0.011089 0.027872
3-5-0-2-2-3-0-6-4-7-0-2-2-3-0 264526605 3.43362 3.35351 0.009993 0.028447
3-5-0-2-2-3-0-6-4-7-0-4-3-5-0 264348044 0.25093 0.185096 0.009755 0.032702
3-5-0-2-2-3-0-6-4-7-0-6-4-7-0 264547772 0.383599 0.316913 0.008568 0.032833
3-5-0-4-3-5-0-0-1-1-0-0-1-1-0 242448037 0.132462 0.072103 0.01627 0.025024
3-5-0-4-3-5-0-0-1-1-0-2-2-3-0 264223483 1.30313 1.21214 0.018628 0.025944
3-5-0-4-3-5-0-0-1-1-0-4-3-5-0 254223236 0.195512 0.13628 0.017021 0.029533
3-5-0-4-3-5-0-0-1-1-0-6-4-7-0 264544959 0.206707 0.14788 0.015902 0.029439
3-5-0-4-3-5-0-2-2-3-0-0-1-1-0 264272027 2.94858 2.76079 0.022508 0.029449
3-5-0-4-3-5-0-2-2-3-0-2-2-3-0 223199128 6.69834 6.62815 0.020284 0.024759
3-5-0-4-3-5-0-2-2-3-0-4-3-5-0 256552028 0.55826 0.457939 0.017622 0.027741
3-5-0-4-3-5-0-2-2-3-0-6-4-7-0 262665496 2.96068 2.8841 0.018968 0.028655
3-5-0-4-3-5-0-4-3-5-0-0-1-1-0 254851812 3.35322 3.2196 0.04134 0.03446
3-5-0-4-3-5-0-4-3-5-0-2-2-3-0 252870735 5.86523 5.72802 0.022543 0.030843
3-5-0-4-3-5-0-4-3-5-0-4-3-5-0 249802666 3.25495 3.14504 0.034169 0.033694
3-5-0-4-3-5-0-4-3-5-0-6-4-7-0 253260419 0.429113 0.32919 0.027499 0.034322
3-5-0-4-3-5-0-6-4-7-0-0-1-1-0 264536355 4.89954 4.82767 0.02304 0.028685
3-5-0-4-3-5-0-6-4-7-0-2-2-3-0 261395656 3.22856 3.14028 0.022204 0.028465
3-5-0-4-3-5-0-6-4-7-0-4-3-5-0 263215652 4.1849 4.10223 0.021235 0.033574
3-5-0-4-3-5-0-6-4-7-0-6-4-7-0 264542880 0.500599 0.416387 0.020517 0.033805
3-5-0-6-4-7-0-0-1-1-0-0-1-1-0 264536355 0.142852 0.083811 0.01388 0.024644
3-5-0-6-4-7-0-0-1-1-0-2-2-3-0 264547768 1.34805 1.28034 0.015666 0.025049
3-5-0-6-4-7-0-0-1-1-0-4-3-5-0 264545622 0.222677 0.165881 0.013519 0.030683
3-5-0-6-4-7-0-0-1-1-0-6-4-7-0 264547773 0.236053 0.181061 0.012394 0.030454
3-5-0-6-4-7-0-2-2-3-0-0-1-1-0 264547773 1.22157 1.10234 0.018026 0.026667
3-5-0-6-4-7-0-2-2-3-0-2-2-3-0 258664239 0.886411 0.776022 0.019071 0.025654
3-5-0-6-4-7-0-2-2-3-0-4-3-5-0 264488100 3.14061 3.02864 0.020553 0.041306
3-5-0-6-4-7-0-2-2-3-0-6-4-7-0 264547773 6.70933 6.60811 0.014022 0.02888
3-5-0-6-4-7-0-4-3-5-0-0-1-1-0 264547773 2.9938 2.83568 0.041552 0.04016
3-5-0-6-4-7-0-4-3-5-0-2-2-3-0 264545259 3.03523 2.8957 0.019868 0.02831
3-5-0-6-4-7-0-4-3-5-0-4-3-5-0 263135171 2.63561 2.55997 0.023611 0.032913
3-5-0-6-4-7-0-4-3-5-0-6-4-7-0 264547770 0.459182 0.369172 0.020227 0.032489
3-5-0-6-4-7-0-6-4-7-0-0-1-1-0 264547773 2.60545 2.55012 0.01425 0.026609
3-5-0-6-4-7-0-6-4-7-0-2-2-3-0 264547767 3.35296 3.28426 0.013992 0.02701
3-5-0-6-4-7-0-6-4-7-0-4-3-5-0 264547650 4.62399 4.56195 0.013541 0.032012
3-5-0-6-4-7-0-6-4-7-0-6-4-7-0 264547773 0.450896 0.383832 0.013432 0.031168
4-7-0-0-1-1-0-0-1-1-0-0-1-1-0 15626706 0.059424 0.005426 0.012013 0.023721
4-7-0-0-1-1-0-0-1-1-0-2-2-3-0 15794087 0.055916 0.009643 0.014132 0.023773
4-7-0-0-1-1-0-0-1-1-0-4-3-5-0 15740985 0.056727 0.009536 0.010876 0.02769
4-7-0-0-1-1-0-0-1-1-0-6-4-7-0 15794415 0.070034 0.021175 0.011739 0.028107
4-7-0-0-1-1-0-2-2-3-0-0-1-1-0 15794415 0.077368 0.009486 0.038212 0.021471
4-7-0-0-1-1-0-2-2-3-0-2-2-3-0 15794087 0.056192 0.009616 0.015991 0.022054
4-7-0-0-1-1-0-2-2-3-0-4-3-5-0 15794415 0.115164 0.061871 0.013525 0.028621
4-7-0-0-1-1-0-2-2-3-0-6-4-7-0 15794415 0.074502 0.020196 0.011834 0.033784
4-7-0-0-1-1-0-4-3-5-0-0-1-1-0 15794415 0.062673 0.010416 0.017371 0.025786
4-7-0-0-1-1-0-4-3-5-0-2-2-3-0 15794372 0.060512 0.010666 0.012581 0.027467
4-7-0-0-1-1-0-4-3-5-0-4-3-5-0 15792180 0.07857 0.012473 0.021333 0.034575
4-7-0-0-1-1-0-4-3-5-0-6-4-7-0 15794415 0.086622 0.021859 0.02523 0.029543
4-7-0-0-1-1-0-6-4-7-0-0-1-1-0 15794415 0.055737 0.00979 0.011641 0.025637
4-7-0-0-1-1-0-6-4-7-0-2-2-3-0 15794415 0.05716 0.010278 0.011007 0.026444
4-7-0-0-1-1-0-6-4-7-0-4-3-5-0 15794415 0.063993 0.01303 0.01116 0.030474
4-7-0-0-1-1-0-6-4-7-0-6-4-7-0 15794415 0.071141 0.021906 0.010805 0.029792
4-7-0-2-2-3-0-0-1-1-0-0-1-1-0 15794415 0.051026 0.004573 0.01475 0.022904
4-7-0-2-2-3-0-0-1-1-0-2-2-3-0 15794415 0.057466 0.005296 0.016701 0.025619
4-7-0-2-2-3-0-0-1-1-0-4-3-5-0 15794415 0.082926 0.027438 0.012862 0.032127
4-7-0-2-2-3-0-0-1-1-0-6-4-7-0 15794415 0.075082 0.020446 0.011149 0.033755
4-7-0-2-2-3-0-2-2-3-0-0-1-1-0 15794415 0.145131 0.076846 0.036104 0.022446
4-7-0-2-2-3-0-2-2-3-0-2-2-3-0 10219172 0.071648 0.015208 0.014923 0.024271
4-7-0-2-2-3-0-2-2-3-0-4-3-5-0 15662521 0.087473 0.030938 0.0127 0.028953
4-7-0-2-2-3-0-2-2-3-0-6-4-7-0 15792946 1.52994 1.43887 0.018555 0.03572
4-7-0-2-2-3-0-4-3-5-0-0-1-1-0 15794415 0.201372 0.10046 0.017403 0.028691
4-7-0-2-2-3-0-4-3-5-0-2-2-3-0 15794338 0.564444 0.485969 0.013155 0.028114
4-7-0-2-2-3-0-4-3-5-0-4-3-5-0 15743848 0.158676 0.087379 0.013867 0.034359
4-7-0-2-2-3-0-4-3-5-0-6-4-7-0 15794415 0.130838 0.070601 0.014085 0.03432
4-7-0-2-2-3-0-6-4-7-0-0-1-1-0 15794415 0.13586 0.089042 0.011043 0.026433
4-7-0-2-2-3-0-6-4-7-0-2-2-3-0 15794414 0.304437 0.245433 0.010541 0.032198
4-7-0-2-2-3-0-6-4-7-0-4-3-5-0 15794371 0.119426 0.065574 0.008828 0.034642
4-7-0-2-2-3-0-6-4-7-0-6-4-7-0 15794415 0.084496 0.033797 0.008023 0.033005
4-7-0-4-3-5-0-0-1-1-0-0-1-1-0 15758734 0.071176 0.008067 0.024344 0.027178
4-7-0-4-3-5-0-0-1-1-0-2-2-3-0 15794374 1.36453 1.21938 0.020224 0.026463
4-7-0-4-3-5-0-0-1-1-0-4-3-5-0 15784512 0.120003 0.038423 0.019438 0.031888
4-7-0-4-3-5-0-0-1-1-0-6-4-7-0 15794415 0.092192 0.027775 0.018448 0.033601
4-7-0-4-3-5-0-2-2-3-0-0-1-1-0 15794415 0.354052 0.294409 0.01559 0.025656
4-7-0-4-3-5-0-2-2-3-0-2-2-3-0 15752999 0.071843 0.013661 0.014658 0.033079
4-7-0-4-3-5-0-2-2-3-0-4-3-5-0 15793767 0.099304 0.042798 0.013942 0.030778
4-7-0-4-3-5-0-2-2-3-0-6-4-7-0 15794415 0.147339 0.08215 0.012806 0.032146
4-7-0-4-3-5-0-4-3-5-0-0-1-1-0 15794415 0.087996 0.012045 0.029393 0.030657
4-7-0-4-3-5-0-4-3-5-0-2-2-3-0 15794351 0.126236 0.057787 0.012694 0.033816
4-7-0-4-3-5-0-4-3-5-0-4-3-5-0 15614461 0.22576 0.148043 0.028407 0.034714
4-7-0-4-3-5-0-4-3-5-0-6-4-7-0 15794415 0.192061 0.096299 0.021471 0.03737
4-7-0-4-3-5-0-6-4-7-0-0-1-1-0 15794415 0.075579 0.011702 0.017057 0.029773
4-7-0-4-3-5-0-6-4-7-0-2-2-3-0 15794415 0.129857 0.06989 0.015986 0.0313
4-7-0-4-3-5-0-6-4-7-0-4-3-5-0 15794412 0.16451 0.094313 0.015695 0.035112
4-7-0-4-3-5-0-6-4-7-0-6-4-7-0 15794415 0.18339 0.118799 0.014501 0.036445
4-7-0-6-4-7-0-0-1-1-0-0-1-1-0 15794415 0.056637 0.007098 0.012891 0.026341
4-7-0-6-4-7-0-0-1-1-0-2-2-3-0 15794415 1.19523 1.09956 0.015498 0.026188
4-7-0-6-4-7-0-0-1-1-0-4-3-5-0 15794415 0.088989 0.012762 0.01654 0.044413
4-7-0-6-4-7-0-0-1-1-0-6-4-7-0 15794415 0.100264 0.025759 0.014551 0.044843
4-7-0-6-4-7-0-2-2-3-0-0-1-1-0 15794415 1.2361 1.05803 0.027041 0.03371
4-7-0-6-4-7-0-2-2-3-0-2-2-3-0 15792398 0.919851 0.812404 0.017695 0.026342
4-7-0-6-4-7-0-2-2-3-0-4-3-5-0 15794397 0.155809 0.040935 0.014383 0.029323
4-7-0-6-4-7-0-2-2-3-0-6-4-7-0 15794415 0.124929 0.032508 0.013415 0.029179
4-7-0-6-4-7-0-4-3-5-0-0-1-1-0 15794415 0.087343 0.010002 0.033737 0.028727
4-7-0-6-4-7-0-4-3-5-0-2-2-3-0 15794413 0.6544 0.558765 0.02155 0.028552
4-7-0-6-4-7-0-4-3-5-0-4-3-5-0 15792097 0.23347 0.161145 0.026851 0.032935
4-7-0-6-4-7-0-4-3-5-0-6-4-7-0 15794415 0.193342 0.122956 0.022411 0.035201
4-7-0-6-4-7-0-6-4-7-0-0-1-1-0 15794415 0.061911 0.008533 0.014169 0.028004
4-7-0-6-4-7-0-6-4-7-0-2-2-3-0 15794415 0.336685 0.274974 0.015207 0.02672
4-7-0-6-4-7-0-6-4-7-0-4-3-5-0 15794415 0.140473 0.079825 0.01322 0.036523
4-7-0-6-4-7-0-6-4-7-0-6-4-7-0 15794415 0.091716 0.036891 0.014033 0.030647
