0-0-1-1-0-0-1 34713 0.012146 0.001034 0.000692 0.00534
0-0-1-1-0-2-2 11426723 0.074654 0.063409 0.0007 0.004495
0-0-1-1-0-4-3 66667832 0.29356 0.278813 0.000598 0.007188
0-0-1-1-0-6-4 15626706 0.013826 0.003228 0.000614 0.005322
0-2-2-3-0-0-1 269979 0.009932 0.001123 0.000533 0.003686
0-2-2-3-0-2-2 34713 0.010414 0.000992 0.000531 0.003563
0-2-2-3-0-4-3 18178411 0.015969 0.002663 0.000519 0.007171
0-2-2-3-0-6-4 10219172 0.027282 0.012224 2e-06 0.00508
0-4-3-5-0-0-1 125547 0.014435 0.000972 0.000607 0.0069
0-4-3-5-0-2-2 1807215 0.014477 0.001247 0.00048 0.006366
0-4-3-5-0-4-3 45844609 0.028907 0.012821 0.000488 0.007983
0-4-3-5-0-6-4 13230219 0.019818 0.004518 0.000491 0.007513
0-6-4-7-0-0-1 277619 0.012856 0.000894 0.000503 0.006238
0-6-4-7-0-2-2 6345795 0.014433 0.002101 0.000494 0.0061
0-6-4-7-0-4-3 161137646 0.26548 0.245131 0.000506 0.007676
0-6-4-7-0-6-4 15647846 0.029326 0.005175 0.000751 0.010691
1-1-0-0-1-1-0 34713 0.012677 0.000388 2e-06 0.005751
1-1-0-2-2-3-0 269979 0.018835 0.001046 0 0.005706
1-1-0-4-3-5-0 125547 0.023421 0.001417 1e-06 0.012585
1-1-0-6-4-7-0 277619 0.019716 0.001891 -1.73472e-18 0.010313
2-3-0-0-1-1-0 11426723 0.015778 0.002755 2e-06 0.006076
2-3-0-2-2-3-0 34713 0.012304 0.000212 2e-06 0.00549
2-3-0-4-3-5-0 1807215 0.020028 0.001677 1e-06 0.010483
2-3-0-6-4-7-0 6345795 0.020797 0.003006 1e-06 0.009858
3-5-0-0-1-1-0 66667832 0.025028 0.010392 2e-06 0.00814
3-5-0-2-2-3-0 18178411 0.014037 0.001926 2e-06 0.006716
3-5-0-4-3-5-0 45844609 0.040762 0.022755 1.73472e-18 0.011046
3-5-0-6-4-7-0 161137646 0.09428 0.077006 1e-06 0.010609
4-7-0-0-1-1-0 15626706 0.016888 0.002295 1e-06 0.007019
4-7-0-2-2-3-0 10219172 0.026669 0.006131 0.000586 0.005967
4-7-0-4-3-5-0 13230219 0.028143 0.010083 2e-06 0.0107
4-7-0-6-4-7-0 15647846 0.025856 0.009216 1e-06 0.010243
