0-0-1-1-0-0-1-1-0 197321793 31.6709 31.5681 0.001573 0.011649
0-0-1-1-0-2-2-3-0 1180774212 1.99935 1.96345 0.001398 0.008056
0-0-1-1-0-4-3-5-0 612621062 0.815331 0.751423 0.001056 0.010282
0-0-1-1-0-6-4-7-0 1204757174 0.571815 0.518728 0.000611 0.01089
0-2-2-3-0-0-1-1-0 1180774212 2.05408 2.00699 0.001066 0.008001
0-2-2-3-0-2-2-3-0 13786567 0.322885 0.267176 0.001246 0.007915
0-2-2-3-0-4-3-5-0 449954072 0.167178 0.124284 0.001058 0.010091
0-2-2-3-0-6-4-7-0 983207857 0.434658 0.391917 1e-06 0.012873
0-4-3-5-0-0-1-1-0 612621062 0.77167 0.679336 0.001064 0.010492
0-4-3-5-0-2-2-3-0 449954072 0.175187 0.081505 0.000972 0.010625
0-4-3-5-0-4-3-5-0 547588523 0.214412 0.13918 0.001043 0.012923
0-4-3-5-0-6-4-7-0 1111476579 0.533354 0.475269 0.000488 0.013162
0-6-4-7-0-0-1-1-0 1204757174 0.305137 0.280785 0.001882 0.011076
0-6-4-7-0-2-2-3-0 983207857 0.250596 0.183863 0.002015 0.00894
0-6-4-7-0-4-3-5-0 1111476579 0.279041 0.243807 0.001779 0.014945
0-6-4-7-0-6-4-7-0 1204754523 0.296361 0.269176 0.001623 0.011589
1-1-0-0-1-1-0-0-1 8 0.013399 0.00033 0.001037 0.00728
1-1-0-0-1-1-0-2-2 2501 0.012411 0.000374 0.000911 0.00605
1-1-0-0-1-1-0-4-3 12415 0.035298 0.00081 0.000972 0.007899
1-1-0-0-1-1-0-6-4 3588 0.051553 0.000726 0.000916 0.007361
1-1-0-2-2-3-0-0-1 64 0.016794 0.000234 0.000889 0.006197
1-1-0-2-2-3-0-2-2 2501 0.012527 0.000381 0.000913 0.005951
1-1-0-2-2-3-0-4-3 60416 0.036602 0.001102 0.001041 0.008031
1-1-0-2-2-3-0-6-4 3640 0.044333 0.000608 0.00044 0.007973
1-1-0-4-3-5-0-0-1 64 0.018728 0.000609 0.000947 0.009816
1-1-0-4-3-5-0-2-2 3046 0.035124 0.000827 0.000904 0.00976
1-1-0-4-3-5-0-4-3 55228 0.024841 0.004102 0.001138 0.011688
1-1-0-4-3-5-0-6-4 3629 0.025259 0.002344 0.00224 0.010755
1-1-0-6-4-7-0-0-1 64 0.01764 0.000453 0.000898 0.009406
1-1-0-6-4-7-0-2-2 3216 0.021634 0.000736 0.001055 0.009486
1-1-0-6-4-7-0-4-3 60964 0.020383 0.002449 0.000595 0.011934
1-1-0-6-4-7-0-6-4 3640 0.019093 0.001176 0.000915 0.010309
2-3-0-0-1-1-0-0-1 2501 0.012604 0.000232 0.000942 0.006195
2-3-0-0-1-1-0-2-2 158938 0.016585 0.000607 0.000915 0.008522
2-3-0-0-1-1-0-4-3 2652152 0.015625 0.000939 0.000931 0.007524
2-3-0-0-1-1-0-6-4 182777 0.014925 0.000676 0.000906 0.007297
2-3-0-2-2-3-0-0-1 2501 0.012862 0.00022 0.000883 0.006159
2-3-0-2-2-3-0-2-2 402 0.013491 0.000222 0.000925 0.006116
2-3-0-2-2-3-0-4-3 58197 0.015154 0.000467 0.000938 0.007513
2-3-0-2-2-3-0-6-4 49523 0.014389 0.000356 0.000414 0.007706
2-3-0-4-3-5-0-0-1 3046 0.018783 0.000401 0.000895 0.009477
2-3-0-4-3-5-0-2-2 104040 0.024416 0.000758 0.000916 0.009781
2-3-0-4-3-5-0-4-3 2000819 0.028032 0.003092 0.000556 0.011668
2-3-0-4-3-5-0-6-4 180031 0.027249 0.002752 0.000914 0.010674
2-3-0-6-4-7-0-0-1 3216 0.017 0.000294 0.000895 0.008954
2-3-0-6-4-7-0-2-2 142912 0.024386 0.000558 0.000923 0.008925
2-3-0-6-4-7-0-4-3 2742607 0.022569 0.004699 0.000942 0.010562
2-3-0-6-4-7-0-6-4 182627 0.01836 0.001232 0.000924 0.01003
3-5-0-0-1-1-0-0-1 12415 0.015408 0.00048 0.000926 0.007749
3-5-0-0-1-1-0-2-2 2652152 0.015521 0.000818 0.000942 0.007752
3-5-0-0-1-1-0-4-3 21692253 0.019237 0.002768 0.000949 0.009436
3-5-0-0-1-1-0-6-4 3441023 0.017152 0.000968 0.00095 0.009274
3-5-0-2-2-3-0-0-1 60416 0.015662 0.000447 0.000933 0.00772
3-5-0-2-2-3-0-2-2 58197 0.016907 0.00045 0.00093 0.007918
3-5-0-2-2-3-0-4-3 19843901 0.021663 0.003757 0.000945 0.009391
3-5-0-2-2-3-0-6-4 3124458 0.01844 0.001107 0.00048 0.010081
3-5-0-4-3-5-0-0-1 55228 0.02267 0.001131 0.001559 0.010601
3-5-0-4-3-5-0-2-2 2000819 0.030793 0.002028 0.001346 0.010569
3-5-0-4-3-5-0-4-3 39593037 0.098656 0.074338 0.000971 0.013038
3-5-0-4-3-5-0-6-4 3251114 0.039506 0.005608 0.001728 0.012209
3-5-0-6-4-7-0-0-1 60964 0.022853 0.001096 0.00158 0.010931
3-5-0-6-4-7-0-2-2 2742607 0.026019 0.005241 0.000911 0.010768
3-5-0-6-4-7-0-4-3 52976979 0.124114 0.103122 0.00095 0.011781
3-5-0-6-4-7-0-6-4 3462094 0.03665 0.012687 0.001128 0.012805
4-7-0-0-1-1-0-0-1 3588 0.014049 0.000289 0.000886 0.007348
4-7-0-0-1-1-0-2-2 182777 0.014019 0.000412 0.000916 0.007397
4-7-0-0-1-1-0-4-3 3441023 0.01746 0.001098 0.000915 0.009367
4-7-0-0-1-1-0-6-4 207025 0.016095 0.000593 0.000897 0.008634
4-7-0-2-2-3-0-0-1 3640 0.015366 0.000247 0.001401 0.007484
4-7-0-2-2-3-0-2-2 49523 0.015817 0.000246 0.001608 0.007465
4-7-0-2-2-3-0-4-3 3124458 0.01872 0.001356 0.001574 0.009257
4-7-0-2-2-3-0-6-4 206833 0.016085 0.000611 0.000811 0.008636
4-7-0-4-3-5-0-0-1 3629 0.022569 0.001098 0.00244 0.010127
4-7-0-4-3-5-0-2-2 180031 0.023005 0.00237 0.000899 0.010899
4-7-0-4-3-5-0-4-3 3251114 0.037162 0.014841 0.001713 0.012186
4-7-0-4-3-5-0-6-4 206991 0.035809 0.005082 0.003788 0.011785
4-7-0-6-4-7-0-0-1 3640 0.019569 0.000773 0.000944 0.010854
4-7-0-6-4-7-0-2-2 182627 0.020366 0.001332 0.001026 0.011069
4-7-0-6-4-7-0-4-3 3462094 0.031779 0.012783 0.000918 0.011379
4-7-0-6-4-7-0-6-4 207023 0.022016 0.002826 0.000971 0.011661
