0-0-1-1-0-0-1-1-0-0-1-1-0-0-1 34713 0.076371 0.002857 0.024324 0.037703
0-0-1-1-0-0-1-1-0-0-1-1-0-2-2 11426723 0.094127 0.016954 0.027024 0.040761
0-0-1-1-0-0-1-1-0-0-1-1-0-4-3 66667832 0.13388 0.079664 0.016572 0.028765
0-0-1-1-0-0-1-1-0-0-1-1-0-6-4 15626706 0.092049 0.018874 0.017158 0.035369
0-0-1-1-0-0-1-1-0-2-2-3-0-0-1 277704 0.129434 0.002735 0.084523 0.030328
0-0-1-1-0-0-1-1-0-2-2-3-0-2-2 11426723 2.29494 2.18632 0.02142 0.045977
0-0-1-1-0-0-1-1-0-2-2-3-0-4-3 262992233 5.06027 4.90778 0.018001 0.042834
0-0-1-1-0-0-1-1-0-2-2-3-0-6-4 15794415 0.083947 0.01935 0.015979 0.029566
0-0-1-1-0-0-1-1-0-4-3-5-0-0-1 277704 0.057554 0.005013 0.014511 0.027055
0-0-1-1-0-0-1-1-0-4-3-5-0-2-2 13373259 0.097072 0.014762 0.01397 0.026894
0-0-1-1-0-0-1-1-0-4-3-5-0-4-3 242448037 0.177514 0.115879 0.017434 0.032174
0-0-1-1-0-0-1-1-0-4-3-5-0-6-4 15758734 0.091977 0.015828 0.033342 0.030451
0-0-1-1-0-0-1-1-0-6-4-7-0-0-1 277704 0.054361 0.004526 0.013512 0.026383
0-0-1-1-0-0-1-1-0-6-4-7-0-2-2 13954626 0.110916 0.014357 0.01317 0.027268
0-0-1-1-0-0-1-1-0-6-4-7-0-4-3 264536355 0.180896 0.125884 0.011669 0.030883
0-0-1-1-0-0-1-1-0-6-4-7-0-6-4 15794415 0.070274 0.017685 0.012328 0.028427
0-0-1-1-0-2-2-3-0-0-1-1-0-0-1 277704 0.07772 0.004087 0.040856 0.02171
0-0-1-1-0-2-2-3-0-0-1-1-0-2-2 13954626 0.10217 0.02092 0.042785 0.025781
0-0-1-1-0-2-2-3-0-0-1-1-0-4-3 264547773 0.343227 0.26079 0.039969 0.030239
0-0-1-1-0-2-2-3-0-0-1-1-0-6-4 15794415 0.107612 0.024967 0.043149 0.027208
0-0-1-1-0-2-2-3-0-2-2-3-0-0-1 277704 0.105982 0.004075 0.06818 0.022187
0-0-1-1-0-2-2-3-0-2-2-3-0-2-2 11426723 0.098266 0.019534 0.037535 0.024275
0-0-1-1-0-2-2-3-0-2-2-3-0-4-3 262992233 0.628982 0.564216 0.014898 0.02597
0-0-1-1-0-2-2-3-0-2-2-3-0-6-4 15794415 0.274479 0.190165 0.040737 0.028575
0-0-1-1-0-2-2-3-0-4-3-5-0-0-1 277704 0.065923 0.005206 0.021949 0.026408
0-0-1-1-0-2-2-3-0-4-3-5-0-2-2 13954626 0.374639 0.314326 0.014326 0.028208
0-0-1-1-0-2-2-3-0-4-3-5-0-4-3 264272027 5.65059 5.51671 0.022828 0.029907
0-0-1-1-0-2-2-3-0-4-3-5-0-6-4 15794415 0.563704 0.472263 0.015699 0.03412
0-0-1-1-0-2-2-3-0-6-4-7-0-0-1 277704 0.069754 0.004768 0.020998 0.032183
0-0-1-1-0-2-2-3-0-6-4-7-0-2-2 13954626 0.073109 0.011336 0.014107 0.036008
0-0-1-1-0-2-2-3-0-6-4-7-0-4-3 264547773 8.16425 8.0379 0.008842 0.039978
0-0-1-1-0-2-2-3-0-6-4-7-0-6-4 15794415 7.08486 6.92129 0.017958 0.053562
0-0-1-1-0-4-3-5-0-0-1-1-0-0-1 277704 0.060772 0.00501 0.018881 0.025909
0-0-1-1-0-4-3-5-0-0-1-1-0-2-2 13954626 0.085551 0.023401 0.022662 0.027057
0-0-1-1-0-4-3-5-0-0-1-1-0-4-3 264547773 0.333446 0.269898 0.022766 0.028127
0-0-1-1-0-4-3-5-0-0-1-1-0-6-4 15794415 0.088511 0.025859 0.022466 0.02739
0-0-1-1-0-4-3-5-0-2-2-3-0-0-1 277704 0.066068 0.005766 0.022424 0.027258
0-0-1-1-0-4-3-5-0-2-2-3-0-2-2 13373259 0.075033 0.011056 0.026585 0.026627
0-0-1-1-0-4-3-5-0-2-2-3-0-4-3 264534436 0.641157 0.569702 0.02561 0.02957
0-0-1-1-0-4-3-5-0-2-2-3-0-6-4 15794415 0.263175 0.189396 0.02723 0.030447
0-0-1-1-0-4-3-5-0-4-3-5-0-0-1 277704 0.098997 0.009401 0.038361 0.034441
0-0-1-1-0-4-3-5-0-4-3-5-0-2-2 13954626 0.096685 0.013483 0.037953 0.033314
0-0-1-1-0-4-3-5-0-4-3-5-0-4-3 254851812 12.8804 12.6679 0.043232 0.037625
0-0-1-1-0-4-3-5-0-4-3-5-0-6-4 15794415 0.104611 0.015015 0.040923 0.036622
0-0-1-1-0-4-3-5-0-6-4-7-0-0-1 277704 0.084501 0.005826 0.038826 0.028915
0-0-1-1-0-4-3-5-0-6-4-7-0-2-2 13954626 0.121284 0.013133 0.047259 0.02925
0-0-1-1-0-4-3-5-0-6-4-7-0-4-3 264547773 5.00036 4.90306 0.041167 0.032322
0-0-1-1-0-4-3-5-0-6-4-7-0-6-4 15794415 0.102576 0.016133 0.044271 0.031135
0-0-1-1-0-6-4-7-0-0-1-1-0-0-1 277704 0.057911 0.004393 0.01627 0.02682
0-0-1-1-0-6-4-7-0-0-1-1-0-2-2 13954626 0.075671 0.021242 0.015559 0.027113
0-0-1-1-0-6-4-7-0-0-1-1-0-4-3 264547773 0.331044 0.274043 0.014537 0.030223
0-0-1-1-0-6-4-7-0-0-1-1-0-6-4 15794415 0.081336 0.025023 0.015419 0.028399
0-0-1-1-0-6-4-7-0-2-2-3-0-0-1 277704 0.075685 0.005305 0.021556 0.026677
0-0-1-1-0-6-4-7-0-2-2-3-0-2-2 13954626 0.064388 0.01127 0.015642 0.02775
0-0-1-1-0-6-4-7-0-2-2-3-0-4-3 264547773 0.664073 0.586818 0.014386 0.030615
0-0-1-1-0-6-4-7-0-2-2-3-0-6-4 15794415 0.295588 0.2103 0.014915 0.029719
0-0-1-1-0-6-4-7-0-4-3-5-0-0-1 277704 0.084994 0.008876 0.031205 0.029811
0-0-1-1-0-6-4-7-0-4-3-5-0-2-2 13954626 0.073954 0.013468 0.015439 0.03214
0-0-1-1-0-6-4-7-0-4-3-5-0-4-3 264536355 9.35448 9.26072 0.030577 0.034701
0-0-1-1-0-6-4-7-0-4-3-5-0-6-4 15794415 0.082495 0.015254 0.021011 0.034503
0-0-1-1-0-6-4-7-0-6-4-7-0-0-1 277704 0.066047 0.007709 0.016496 0.030163
0-0-1-1-0-6-4-7-0-6-4-7-0-2-2 13954626 0.074561 0.014352 0.01585 0.031073
0-0-1-1-0-6-4-7-0-6-4-7-0-4-3 264547773 4.93594 4.87098 0.014083 0.034519
0-0-1-1-0-6-4-7-0-6-4-7-0-6-4 15794415 0.077082 0.018175 0.016443 0.032127
0-2-2-3-0-0-1-1-0-0-1-1-0-0-1 269979 0.065026 0.006721 0.02294 0.024521
0-2-2-3-0-0-1-1-0-0-1-1-0-2-2 13942082 0.078733 0.020886 0.020933 0.025925
0-2-2-3-0-0-1-1-0-0-1-1-0-4-3 261068775 0.32124 0.266696 0.01643 0.027596
0-2-2-3-0-0-1-1-0-0-1-1-0-6-4 15794087 0.08371 0.024208 0.020949 0.027855
0-2-2-3-0-0-1-1-0-2-2-3-0-0-1 277704 0.11481 0.003941 0.075676 0.025763
0-2-2-3-0-0-1-1-0-2-2-3-0-2-2 13942082 2.2889 2.16914 0.018754 0.032935
0-2-2-3-0-0-1-1-0-2-2-3-0-4-3 264546361 0.292454 0.215668 0.025187 0.03779
0-2-2-3-0-0-1-1-0-2-2-3-0-6-4 15794415 0.095123 0.014826 0.029462 0.036536
0-2-2-3-0-0-1-1-0-4-3-5-0-0-1 277704 0.066382 0.004969 0.018294 0.03301
0-2-2-3-0-0-1-1-0-4-3-5-0-2-2 13950086 5.12458 5.03523 0.012822 0.038815
0-2-2-3-0-0-1-1-0-4-3-5-0-4-3 264223483 7.93074 7.82959 0.013447 0.037991
0-2-2-3-0-0-1-1-0-4-3-5-0-6-4 15794374 7.58169 7.44434 0.023493 0.032911
0-2-2-3-0-0-1-1-0-6-4-7-0-0-1 277704 0.061633 0.004033 0.015377 0.032255
0-2-2-3-0-0-1-1-0-6-4-7-0-2-2 13954626 3.91849 3.79087 0.0106 0.038115
0-2-2-3-0-0-1-1-0-6-4-7-0-4-3 264547768 6.92364 6.83579 0.012891 0.037999
0-2-2-3-0-0-1-1-0-6-4-7-0-6-4 15794415 6.57002 6.43568 0.01112 0.041547
0-2-2-3-0-2-2-3-0-0-1-1-0-0-1 269979 0.056397 0.003525 0.017105 0.026517
0-2-2-3-0-2-2-3-0-0-1-1-0-2-2 13942082 0.078465 0.020496 0.014682 0.032632
0-2-2-3-0-2-2-3-0-0-1-1-0-4-3 261068775 0.490205 0.420579 0.019982 0.02864
0-2-2-3-0-2-2-3-0-0-1-1-0-6-4 15794087 0.083629 0.02458 0.014535 0.033541
0-2-2-3-0-2-2-3-0-2-2-3-0-0-1 269979 0.102226 0.003529 0.063844 0.025446
0-2-2-3-0-2-2-3-0-2-2-3-0-2-2 34713 0.129651 0.020329 0.012763 0.030892
0-2-2-3-0-2-2-3-0-2-2-3-0-4-3 18178411 0.145038 0.076001 0.01245 0.037866
0-2-2-3-0-2-2-3-0-2-2-3-0-6-4 10219172 0.173727 0.062733 0.012944 0.037191
0-2-2-3-0-2-2-3-0-4-3-5-0-0-1 277212 0.071533 0.004607 0.026025 0.029786
0-2-2-3-0-2-2-3-0-4-3-5-0-2-2 12401496 0.071893 0.012852 0.016009 0.031202
0-2-2-3-0-2-2-3-0-4-3-5-0-4-3 223199128 11.4461 11.3457 0.023588 0.033812
0-2-2-3-0-2-2-3-0-4-3-5-0-6-4 15752999 0.133312 0.046248 0.014701 0.032146
0-2-2-3-0-2-2-3-0-6-4-7-0-0-1 277704 0.063482 0.004164 0.017103 0.03192
0-2-2-3-0-2-2-3-0-6-4-7-0-2-2 13689497 3.20046 3.11763 0.013729 0.036432
0-2-2-3-0-2-2-3-0-6-4-7-0-4-3 258664239 6.33672 6.21138 0.01065 0.037487
0-2-2-3-0-2-2-3-0-6-4-7-0-6-4 15792398 5.52889 5.39355 0.011886 0.041441
0-2-2-3-0-4-3-5-0-0-1-1-0-0-1 277212 0.064859 0.005161 0.016578 0.026764
0-2-2-3-0-4-3-5-0-0-1-1-0-2-2 13953539 0.134625 0.053895 0.015618 0.029223
0-2-2-3-0-4-3-5-0-0-1-1-0-4-3 264335304 0.358258 0.294844 0.017669 0.033169
0-2-2-3-0-4-3-5-0-0-1-1-0-6-4 15794372 0.088753 0.027303 0.016785 0.031871
0-2-2-3-0-4-3-5-0-2-2-3-0-0-1 277704 0.069985 0.005684 0.021745 0.028277
0-2-2-3-0-4-3-5-0-2-2-3-0-2-2 12401496 0.282881 0.190316 0.02003 0.03047
0-2-2-3-0-4-3-5-0-2-2-3-0-4-3 263938876 0.960148 0.879319 0.018532 0.032822
0-2-2-3-0-4-3-5-0-2-2-3-0-6-4 15794338 0.981578 0.880525 0.024735 0.043537
0-2-2-3-0-4-3-5-0-4-3-5-0-0-1 277704 0.099152 0.010466 0.038341 0.03353
0-2-2-3-0-4-3-5-0-4-3-5-0-2-2 13942369 0.789499 0.70117 0.021951 0.034263
0-2-2-3-0-4-3-5-0-4-3-5-0-4-3 252870735 11.0932 10.9836 0.031423 0.03798
0-2-2-3-0-4-3-5-0-4-3-5-0-6-4 15794351 0.189309 0.103905 0.015996 0.036377
0-2-2-3-0-4-3-5-0-6-4-7-0-0-1 277704 0.082104 0.009829 0.02548 0.03234
0-2-2-3-0-4-3-5-0-6-4-7-0-2-2 13954500 0.790818 0.70487 0.0234 0.034204
0-2-2-3-0-4-3-5-0-6-4-7-0-4-3 264545259 5.78263 5.64259 0.022245 0.03745
0-2-2-3-0-4-3-5-0-6-4-7-0-6-4 15794413 0.971349 0.875808 0.024978 0.03814
0-2-2-3-0-6-4-7-0-0-1-1-0-0-1 277704 0.056253 0.00324 0.01469 0.028211
0-2-2-3-0-6-4-7-0-0-1-1-0-2-2 13954626 0.07317 0.020074 0.013616 0.029245
0-2-2-3-0-6-4-7-0-0-1-1-0-4-3 264547773 0.359362 0.304009 0.012361 0.032103
0-2-2-3-0-6-4-7-0-0-1-1-0-6-4 15794415 0.104962 0.029302 0.018184 0.042035
0-2-2-3-0-6-4-7-0-2-2-3-0-0-1 277704 0.08879 0.003805 0.026578 0.039954
0-2-2-3-0-6-4-7-0-2-2-3-0-2-2 13689497 0.49033 0.403403 0.019234 0.039847
0-2-2-3-0-6-4-7-0-2-2-3-0-4-3 264526605 6.17083 6.08264 0.018481 0.043523
0-2-2-3-0-6-4-7-0-2-2-3-0-6-4 15794414 0.543429 0.474495 0.013613 0.031386
0-2-2-3-0-6-4-7-0-4-3-5-0-0-1 277704 0.116429 0.006953 0.04131 0.04883
0-2-2-3-0-6-4-7-0-4-3-5-0-2-2 13953921 0.851926 0.754541 0.018266 0.045758
0-2-2-3-0-6-4-7-0-4-3-5-0-4-3 261395656 6.50857 6.39119 0.033323 0.050075
0-2-2-3-0-6-4-7-0-4-3-5-0-6-4 15794415 0.205675 0.123443 0.02021 0.037923
0-2-2-3-0-6-4-7-0-6-4-7-0-0-1 277704 0.066736 0.00823 0.013894 0.033189
0-2-2-3-0-6-4-7-0-6-4-7-0-2-2 13954626 0.768591 0.690043 0.013201 0.033887
0-2-2-3-0-6-4-7-0-6-4-7-0-4-3 264547767 6.64309 6.56869 0.011987 0.03792
0-2-2-3-0-6-4-7-0-6-4-7-0-6-4 15794415 0.604215 0.529645 0.012862 0.03771
0-4-3-5-0-0-1-1-0-0-1-1-0-0-1 125547 0.063691 0.005375 0.018434 0.026985
0-4-3-5-0-0-1-1-0-0-1-1-0-2-2 13103489 0.074551 0.01726 0.016487 0.027982
0-4-3-5-0-0-1-1-0-0-1-1-0-4-3 159103520 0.208499 0.147249 0.016793 0.029214
0-4-3-5-0-0-1-1-0-0-1-1-0-6-4 15740985 0.082567 0.022408 0.016679 0.029568
0-4-3-5-0-0-1-1-0-2-2-3-0-0-1 277704 0.117249 0.005891 0.070573 0.029274
0-4-3-5-0-0-1-1-0-2-2-3-0-2-2 13103489 0.495731 0.396804 0.020177 0.03489
0-4-3-5-0-0-1-1-0-2-2-3-0-4-3 264299335 1.52886 1.4493 0.020726 0.03937
0-4-3-5-0-0-1-1-0-2-2-3-0-6-4 15794415 0.109705 0.025631 0.023868 0.037897
0-4-3-5-0-0-1-1-0-4-3-5-0-0-1 277704 0.067867 0.007145 0.017742 0.030496
0-4-3-5-0-0-1-1-0-4-3-5-0-2-2 13749399 0.083318 0.020227 0.017429 0.031787
0-4-3-5-0-0-1-1-0-4-3-5-0-4-3 254223236 0.298407 0.228418 0.020609 0.036092
0-4-3-5-0-0-1-1-0-4-3-5-0-6-4 15784512 0.096318 0.021335 0.027773 0.033689
0-4-3-5-0-0-1-1-0-6-4-7-0-0-1 277704 0.068053 0.006264 0.017273 0.031243
0-4-3-5-0-0-1-1-0-6-4-7-0-2-2 13954626 0.080568 0.019365 0.016308 0.031313
0-4-3-5-0-0-1-1-0-6-4-7-0-4-3 264545622 0.281511 0.214465 0.015331 0.03517
0-4-3-5-0-0-1-1-0-6-4-7-0-6-4 15794415 0.092884 0.025986 0.016285 0.033511
0-4-3-5-0-2-2-3-0-0-1-1-0-0-1 277597 0.065786 0.005947 0.02104 0.02641
0-4-3-5-0-2-2-3-0-0-1-1-0-2-2 13954538 0.124022 0.051033 0.023145 0.029535
0-4-3-5-0-2-2-3-0-0-1-1-0-4-3 264505054 0.744928 0.665957 0.023384 0.031129
0-4-3-5-0-2-2-3-0-0-1-1-0-6-4 15794415 0.138175 0.058598 0.022751 0.030791
0-4-3-5-0-2-2-3-0-2-2-3-0-0-1 277597 0.089547 0.006033 0.044534 0.026812
0-4-3-5-0-2-2-3-0-2-2-3-0-2-2 1807215 0.079517 0.010624 0.018407 0.028077
0-4-3-5-0-2-2-3-0-2-2-3-0-4-3 186718068 0.40831 0.346721 0.018263 0.028828
0-4-3-5-0-2-2-3-0-2-2-3-0-6-4 15662521 0.152554 0.069091 0.021025 0.034759
0-4-3-5-0-2-2-3-0-4-3-5-0-0-1 277704 0.084251 0.007135 0.031101 0.031846
0-4-3-5-0-2-2-3-0-4-3-5-0-2-2 13920727 0.089182 0.023116 0.020269 0.031091
0-4-3-5-0-2-2-3-0-4-3-5-0-4-3 256552028 0.426052 0.346945 0.029332 0.032736
0-4-3-5-0-2-2-3-0-4-3-5-0-6-4 15793767 0.119069 0.032559 0.020971 0.032651
0-4-3-5-0-2-2-3-0-6-4-7-0-0-1 277704 0.070939 0.006788 0.016306 0.031908
0-4-3-5-0-2-2-3-0-6-4-7-0-2-2 13952209 0.086343 0.024001 0.016342 0.032369
0-4-3-5-0-2-2-3-0-6-4-7-0-4-3 264488100 8.89615 8.814 0.014428 0.035233
0-4-3-5-0-2-2-3-0-6-4-7-0-6-4 15794397 0.116829 0.029731 0.015279 0.034709
0-4-3-5-0-4-3-5-0-0-1-1-0-0-1 273654 0.094019 0.010307 0.038983 0.029742
0-4-3-5-0-4-3-5-0-0-1-1-0-2-2 13920168 0.113529 0.027408 0.037614 0.031798
0-4-3-5-0-4-3-5-0-0-1-1-0-4-3 261568906 0.378079 0.290168 0.038018 0.034056
0-4-3-5-0-4-3-5-0-0-1-1-0-6-4 15792180 0.11838 0.030429 0.037927 0.033907
0-4-3-5-0-4-3-5-0-2-2-3-0-0-1 277611 0.086351 0.010564 0.032309 0.028064
0-4-3-5-0-4-3-5-0-2-2-3-0-2-2 12620533 0.232156 0.029095 0.031448 0.028499
0-4-3-5-0-4-3-5-0-2-2-3-0-4-3 260987845 0.695444 0.610644 0.029637 0.03198
0-4-3-5-0-4-3-5-0-2-2-3-0-6-4 15743848 0.145561 0.052943 0.030828 0.030141
0-4-3-5-0-4-3-5-0-4-3-5-0-0-1 274950 0.127484 0.01437 0.061954 0.031607
0-4-3-5-0-4-3-5-0-4-3-5-0-2-2 13780903 0.172172 0.05795 0.046206 0.031879
0-4-3-5-0-4-3-5-0-4-3-5-0-4-3 249802666 3.97424 3.84437 0.061386 0.034194
0-4-3-5-0-4-3-5-0-4-3-5-0-6-4 15614461 0.206241 0.080313 0.045057 0.035834
0-4-3-5-0-4-3-5-0-6-4-7-0-0-1 277700 0.104967 0.014006 0.038886 0.032984
0-4-3-5-0-4-3-5-0-6-4-7-0-2-2 13850279 0.190655 0.073113 0.037863 0.033617
0-4-3-5-0-4-3-5-0-6-4-7-0-4-3 263135171 5.00644 4.90248 0.035409 0.038939
0-4-3-5-0-4-3-5-0-6-4-7-0-6-4 15792097 0.306825 0.18003 0.037537 0.034594
0-4-3-5-0-6-4-7-0-0-1-1-0-0-1 277700 0.072096 0.009343 0.019428 0.028064
0-4-3-5-0-6-4-7-0-0-1-1-0-2-2 13954622 0.091331 0.028147 0.017359 0.029466
0-4-3-5-0-6-4-7-0-0-1-1-0-4-3 264547070 0.377129 0.312245 0.016254 0.033503
0-4-3-5-0-6-4-7-0-0-1-1-0-6-4 15794415 0.097012 0.032772 0.017712 0.031297
0-4-3-5-0-6-4-7-0-2-2-3-0-0-1 277704 0.07861 0.009701 0.025741 0.028021
0-4-3-5-0-6-4-7-0-2-2-3-0-2-2 13721768 0.110519 0.04868 0.019118 0.028791
0-4-3-5-0-6-4-7-0-2-2-3-0-4-3 264348044 0.797352 0.723249 0.017027 0.031954
0-4-3-5-0-6-4-7-0-2-2-3-0-6-4 15794371 0.17662 0.101667 0.018482 0.032063
0-4-3-5-0-6-4-7-0-4-3-5-0-0-1 277704 0.107893 0.01425 0.040293 0.035597
0-4-3-5-0-6-4-7-0-4-3-5-0-2-2 13953164 0.177597 0.109043 0.018262 0.033808
0-4-3-5-0-6-4-7-0-4-3-5-0-4-3 263215652 8.3432 8.25269 0.034231 0.035118
0-4-3-5-0-6-4-7-0-4-3-5-0-6-4 15794412 0.229425 0.123026 0.023787 0.034253
0-4-3-5-0-6-4-7-0-6-4-7-0-0-1 277704 0.079689 0.012513 0.017635 0.033492
0-4-3-5-0-6-4-7-0-6-4-7-0-2-2 13954620 0.151486 0.086052 0.01682 0.034065
0-4-3-5-0-6-4-7-0-6-4-7-0-4-3 264547650 8.39241 8.32112 0.016187 0.035061
0-4-3-5-0-6-4-7-0-6-4-7-0-6-4 15794415 0.174473 0.103296 0.017342 0.035063
0-6-4-7-0-0-1-1-0-0-1-1-0-0-1 277619 0.058485 0.004508 0.017945 0.024302
0-6-4-7-0-0-1-1-0-0-1-1-0-2-2 13954551 0.073652 0.015447 0.022598 0.02596
0-6-4-7-0-0-1-1-0-0-1-1-0-4-3 264520476 0.365617 0.309129 0.015751 0.029235
0-6-4-7-0-0-1-1-0-0-1-1-0-6-4 15794415 0.076493 0.020615 0.018417 0.027666
0-6-4-7-0-0-1-1-0-2-2-3-0-0-1 277704 0.115552 0.004833 0.07273 0.027622
0-6-4-7-0-0-1-1-0-2-2-3-0-2-2 13954551 2.40505 2.28791 0.022163 0.031092
0-6-4-7-0-0-1-1-0-2-2-3-0-4-3 264547769 0.371843 0.295698 0.022073 0.036883
0-6-4-7-0-0-1-1-0-2-2-3-0-6-4 15794415 0.100738 0.021289 0.025395 0.036461
0-6-4-7-0-0-1-1-0-4-3-5-0-0-1 277704 0.064234 0.005756 0.018144 0.029026
0-6-4-7-0-0-1-1-0-4-3-5-0-2-2 13954585 0.076298 0.017369 0.018396 0.029448
0-6-4-7-0-0-1-1-0-4-3-5-0-4-3 264544959 0.377271 0.309456 0.021051 0.034585
0-6-4-7-0-0-1-1-0-4-3-5-0-6-4 15794415 0.090212 0.020264 0.028373 0.030579
0-6-4-7-0-0-1-1-0-6-4-7-0-0-1 277704 0.062093 0.005043 0.017463 0.029237
0-6-4-7-0-0-1-1-0-6-4-7-0-2-2 13954626 0.102499 0.01685 0.017572 0.02943
0-6-4-7-0-0-1-1-0-6-4-7-0-4-3 264547773 0.37039 0.307756 0.015761 0.033472
0-6-4-7-0-0-1-1-0-6-4-7-0-6-4 15794415 0.079848 0.021983 0.01716 0.030236
0-6-4-7-0-2-2-3-0-0-1-1-0-0-1 277704 0.106607 0.005083 0.025255 0.026153
0-6-4-7-0-2-2-3-0-0-1-1-0-2-2 13954626 0.104874 0.020399 0.026206 0.033616
0-6-4-7-0-2-2-3-0-0-1-1-0-4-3 264547773 0.318497 0.228812 0.027049 0.034083
0-6-4-7-0-2-2-3-0-0-1-1-0-6-4 15794415 0.090321 0.018864 0.025774 0.034209
0-6-4-7-0-2-2-3-0-2-2-3-0-0-1 277704 0.126088 0.009094 0.078973 0.025741
0-6-4-7-0-2-2-3-0-2-2-3-0-2-2 6345795 1.68113 1.58617 0.022602 0.031873
0-6-4-7-0-2-2-3-0-2-2-3-0-4-3 254483838 4.53257 4.44322 0.021642 0.032808
0-6-4-7-0-2-2-3-0-2-2-3-0-6-4 15792946 0.153216 0.037626 0.025247 0.029543
0-6-4-7-0-2-2-3-0-4-3-5-0-0-1 277704 0.07792 0.009826 0.027043 0.02601
0-6-4-7-0-2-2-3-0-4-3-5-0-2-2 13954585 0.105374 0.036644 0.016403 0.027079
0-6-4-7-0-2-2-3-0-4-3-5-0-4-3 262665496 9.37988 9.28413 0.023811 0.029828
0-6-4-7-0-2-2-3-0-4-3-5-0-6-4 15794415 0.292043 0.136827 0.01685 0.032962
0-6-4-7-0-2-2-3-0-6-4-7-0-0-1 277704 0.060655 0.006559 0.014875 0.02821
0-6-4-7-0-2-2-3-0-6-4-7-0-2-2 13954626 0.074622 0.020137 0.015278 0.028574
0-6-4-7-0-2-2-3-0-6-4-7-0-4-3 264547773 17.1138 17.0327 0.013839 0.031137
0-6-4-7-0-2-2-3-0-6-4-7-0-6-4 15794415 0.114685 0.031193 0.014055 0.030505
0-6-4-7-0-4-3-5-0-0-1-1-0-0-1 277701 0.094847 0.008433 0.047143 0.025911
0-6-4-7-0-4-3-5-0-0-1-1-0-2-2 13954618 0.099959 0.019708 0.040735 0.027194
0-6-4-7-0-4-3-5-0-0-1-1-0-4-3 264546039 0.365581 0.275878 0.041044 0.033691
0-6-4-7-0-4-3-5-0-0-1-1-0-6-4 15794415 0.106787 0.022179 0.040165 0.032045
0-6-4-7-0-4-3-5-0-2-2-3-0-0-1 277704 0.079048 0.009714 0.028547 0.025674
0-6-4-7-0-4-3-5-0-2-2-3-0-2-2 13891951 0.091687 0.027255 0.026601 0.02607
0-6-4-7-0-4-3-5-0-2-2-3-0-4-3 264545893 0.306502 0.235495 0.02596 0.031625
0-6-4-7-0-4-3-5-0-2-2-3-0-6-4 15794415 0.173627 0.100786 0.026468 0.03017
0-6-4-7-0-4-3-5-0-4-3-5-0-0-1 277704 0.108986 0.012912 0.050541 0.028621
0-6-4-7-0-4-3-5-0-4-3-5-0-2-2 13954598 0.233574 0.094931 0.031337 0.032101
0-6-4-7-0-4-3-5-0-4-3-5-0-4-3 253260419 0.523613 0.426562 0.046902 0.033324
0-6-4-7-0-4-3-5-0-4-3-5-0-6-4 15794415 0.285911 0.144176 0.035853 0.036154
0-6-4-7-0-4-3-5-0-6-4-7-0-0-1 277704 0.096709 0.0127 0.03561 0.030731
0-6-4-7-0-4-3-5-0-6-4-7-0-2-2 13954626 0.205859 0.12384 0.0338 0.034704
0-6-4-7-0-4-3-5-0-6-4-7-0-4-3 264547770 0.445719 0.353652 0.032557 0.034885
0-6-4-7-0-4-3-5-0-6-4-7-0-6-4 15794415 0.281676 0.189231 0.034777 0.036165
0-6-4-7-0-6-4-7-0-0-1-1-0-0-1 277704 0.066545 0.007762 0.019531 0.026449
0-6-4-7-0-6-4-7-0-0-1-1-0-2-2 13954626 0.080193 0.020485 0.019262 0.028189
0-6-4-7-0-6-4-7-0-0-1-1-0-4-3 264547773 0.410245 0.343686 0.019336 0.03196
0-6-4-7-0-6-4-7-0-0-1-1-0-6-4 15794415 0.0871 0.022408 0.019127 0.029175
0-6-4-7-0-6-4-7-0-2-2-3-0-0-1 277704 0.07934 0.008393 0.032468 0.024487
0-6-4-7-0-6-4-7-0-2-2-3-0-2-2 13954431 0.081137 0.023135 0.020475 0.0268
0-6-4-7-0-6-4-7-0-2-2-3-0-4-3 264547772 0.32025 0.259818 0.020653 0.02797
0-6-4-7-0-6-4-7-0-2-2-3-0-6-4 15794415 0.095455 0.032558 0.020322 0.027582
0-6-4-7-0-6-4-7-0-4-3-5-0-0-1 277704 0.099559 0.011962 0.041473 0.029053
0-6-4-7-0-6-4-7-0-4-3-5-0-2-2 13954626 0.103434 0.04064 0.020122 0.030579
0-6-4-7-0-6-4-7-0-4-3-5-0-4-3 264542880 0.557434 0.473142 0.037121 0.031266
0-6-4-7-0-6-4-7-0-4-3-5-0-6-4 15794415 0.316073 0.229987 0.028141 0.038931
0-6-4-7-0-6-4-7-0-6-4-7-0-0-1 277704 0.075373 0.011781 0.020721 0.030193
0-6-4-7-0-6-4-7-0-6-4-7-0-2-2 13954626 0.10598 0.040486 0.021873 0.03219
0-6-4-7-0-6-4-7-0-6-4-7-0-4-3 264547773 0.432325 0.362824 0.020076 0.032328
0-6-4-7-0-6-4-7-0-6-4-7-0-6-4 15794415 0.119089 0.049783 0.02166 0.031999
1-1-0-0-1-1-0-0-1-1-0-0-1-1-0 34713 0.051957 0.00112 0.013842 0.028173
1-1-0-0-1-1-0-0-1-1-0-2-2-3-0 269979 0.05982 0.001524 0.01891 0.030769
1-1-0-0-1-1-0-0-1-1-0-4-3-5-0 125547 0.056348 0.00178 0.01236 0.033286
1-1-0-0-1-1-0-0-1-1-0-6-4-7-0 277619 0.055323 0.002128 0.011321 0.033161
1-1-0-0-1-1-0-2-2-3-0-0-1-1-0 277704 0.078033 0.00117 0.041696 0.026601
1-1-0-0-1-1-0-2-2-3-0-2-2-3-0 269979 0.053747 0.001242 0.01667 0.027342
1-1-0-0-1-1-0-2-2-3-0-4-3-5-0 277597 0.059713 0.002853 0.015756 0.032208
1-1-0-0-1-1-0-2-2-3-0-6-4-7-0 277704 0.064462 0.002381 0.010834 0.042396
1-1-0-0-1-1-0-4-3-5-0-0-1-1-0 277704 0.062255 0.002146 0.019716 0.031068
1-1-0-0-1-1-0-4-3-5-0-2-2-3-0 277212 0.06192 0.002488 0.015218 0.03428
1-1-0-0-1-1-0-4-3-5-0-4-3-5-0 273654 0.089939 0.005052 0.031308 0.043173
1-1-0-0-1-1-0-4-3-5-0-6-4-7-0 277701 0.098155 0.003854 0.048825 0.035263
1-1-0-0-1-1-0-6-4-7-0-0-1-1-0 277704 0.055427 0.001579 0.014381 0.030778
1-1-0-0-1-1-0-6-4-7-0-2-2-3-0 277704 0.055197 0.001873 0.013244 0.031224
1-1-0-0-1-1-0-6-4-7-0-4-3-5-0 277700 0.063791 0.005002 0.01245 0.03582
1-1-0-0-1-1-0-6-4-7-0-6-4-7-0 277704 0.063277 0.005917 0.012985 0.034984
1-1-0-2-2-3-0-0-1-1-0-0-1-1-0 277704 0.101394 0.001265 0.060552 0.030326
1-1-0-2-2-3-0-0-1-1-0-2-2-3-0 277704 0.107737 0.001294 0.064818 0.032242
1-1-0-2-2-3-0-0-1-1-0-4-3-5-0 277704 0.11285 0.002621 0.058693 0.041543
1-1-0-2-2-3-0-0-1-1-0-6-4-7-0 277704 0.112764 0.002196 0.058437 0.042204
1-1-0-2-2-3-0-2-2-3-0-0-1-1-0 277704 0.106186 0.001343 0.066259 0.028495
1-1-0-2-2-3-0-2-2-3-0-2-2-3-0 269979 0.099089 0.001291 0.057134 0.031776
1-1-0-2-2-3-0-2-2-3-0-4-3-5-0 277597 0.083552 0.002907 0.036992 0.03437
1-1-0-2-2-3-0-2-2-3-0-6-4-7-0 277704 0.112397 0.003251 0.057485 0.041398
1-1-0-2-2-3-0-4-3-5-0-0-1-1-0 277704 0.071252 0.002591 0.021494 0.035367
1-1-0-2-2-3-0-4-3-5-0-2-2-3-0 277704 0.070341 0.003175 0.018944 0.037669
1-1-0-2-2-3-0-4-3-5-0-4-3-5-0 277611 0.080714 0.005424 0.022723 0.041914
1-1-0-2-2-3-0-4-3-5-0-6-4-7-0 277704 0.076729 0.004997 0.022451 0.038985
1-1-0-2-2-3-0-6-4-7-0-0-1-1-0 277704 0.06354 0.00182 0.019071 0.032871
1-1-0-2-2-3-0-6-4-7-0-2-2-3-0 277704 0.065002 0.002068 0.01779 0.03607
1-1-0-2-2-3-0-6-4-7-0-4-3-5-0 277704 0.06974 0.004983 0.016248 0.038364
1-1-0-2-2-3-0-6-4-7-0-6-4-7-0 277704 0.072311 0.004488 0.020244 0.037691
1-1-0-4-3-5-0-0-1-1-0-0-1-1-0 277704 0.056276 0.002177 0.012549 0.031753
1-1-0-4-3-5-0-0-1-1-0-2-2-3-0 277704 0.062219 0.002395 0.016221 0.032526
1-1-0-4-3-5-0-0-1-1-0-4-3-5-0 277704 0.06302 0.003489 0.012231 0.035946
1-1-0-4-3-5-0-0-1-1-0-6-4-7-0 277704 0.062026 0.002831 0.011259 0.035991
1-1-0-4-3-5-0-2-2-3-0-0-1-1-0 277704 0.064863 0.002488 0.021974 0.030154
1-1-0-4-3-5-0-2-2-3-0-2-2-3-0 277212 0.069563 0.002639 0.02653 0.030088
1-1-0-4-3-5-0-2-2-3-0-4-3-5-0 277704 0.075972 0.004127 0.026165 0.034566
1-1-0-4-3-5-0-2-2-3-0-6-4-7-0 277704 0.074463 0.004472 0.023892 0.03465
1-1-0-4-3-5-0-4-3-5-0-0-1-1-0 277704 0.101253 0.006432 0.03986 0.037038
1-1-0-4-3-5-0-4-3-5-0-2-2-3-0 277704 0.0867 0.004456 0.035706 0.035295
1-1-0-4-3-5-0-4-3-5-0-4-3-5-0 274950 0.111413 0.006665 0.055191 0.037835
1-1-0-4-3-5-0-4-3-5-0-6-4-7-0 277704 0.100943 0.006502 0.043683 0.039073
1-1-0-4-3-5-0-6-4-7-0-0-1-1-0 277704 0.077006 0.003106 0.029887 0.033445
1-1-0-4-3-5-0-6-4-7-0-2-2-3-0 277704 0.082789 0.003278 0.035259 0.033642
1-1-0-4-3-5-0-6-4-7-0-4-3-5-0 277704 0.090141 0.006588 0.033101 0.038807
1-1-0-4-3-5-0-6-4-7-0-6-4-7-0 277704 0.08943 0.007189 0.032892 0.038563
1-1-0-6-4-7-0-0-1-1-0-0-1-1-0 277704 0.054994 0.001571 0.013811 0.02974
1-1-0-6-4-7-0-0-1-1-0-2-2-3-0 277704 0.059995 0.001615 0.018221 0.030156
1-1-0-6-4-7-0-0-1-1-0-4-3-5-0 277704 0.064033 0.003098 0.014056 0.03531
1-1-0-6-4-7-0-0-1-1-0-6-4-7-0 277704 0.061566 0.002664 0.013019 0.035032
1-1-0-6-4-7-0-2-2-3-0-0-1-1-0 277704 0.067398 0.00194 0.026128 0.030184
1-1-0-6-4-7-0-2-2-3-0-2-2-3-0 277704 0.062983 0.001951 0.020899 0.030912
1-1-0-6-4-7-0-2-2-3-0-4-3-5-0 277704 0.061796 0.003668 0.013902 0.034479
1-1-0-6-4-7-0-2-2-3-0-6-4-7-0 277704 0.061578 0.004618 0.012694 0.034543
1-1-0-6-4-7-0-4-3-5-0-0-1-1-0 277704 0.093876 0.006411 0.041358 0.031382
1-1-0-6-4-7-0-4-3-5-0-2-2-3-0 277704 0.074105 0.004674 0.025068 0.033038
1-1-0-6-4-7-0-4-3-5-0-4-3-5-0 277700 0.090107 0.007207 0.033814 0.037537
1-1-0-6-4-7-0-4-3-5-0-6-4-7-0 277704 0.081183 0.005208 0.027201 0.037406
1-1-0-6-4-7-0-6-4-7-0-0-1-1-0 277704 0.06183 0.004273 0.015946 0.030364
1-1-0-6-4-7-0-6-4-7-0-2-2-3-0 277704 0.060447 0.004775 0.015004 0.031051
1-1-0-6-4-7-0-6-4-7-0-4-3-5-0 277704 0.068248 0.006752 0.014429 0.036333
1-1-0-6-4-7-0-6-4-7-0-6-4-7-0 277704 0.066846 0.00798 0.014645 0.034402
2-3-0-0-1-1-0-0-1-1-0-0-1-1-0 11426723 0.058488 0.005776 0.019335 0.025001
2-3-0-0-1-1-0-0-1-1-0-2-2-3-0 13942082 0.0683 0.013084 0.018674 0.027739
2-3-0-0-1-1-0-0-1-1-0-4-3-5-0 13103489 0.065408 0.012467 0.013038 0.030733
2-3-0-0-1-1-0-0-1-1-0-6-4-7-0 13954551 0.091279 0.034306 0.016997 0.03079
2-3-0-0-1-1-0-2-2-3-0-0-1-1-0 13954626 0.09133 0.013103 0.045714 0.024068
2-3-0-0-1-1-0-2-2-3-0-2-2-3-0 13942082 0.068676 0.013029 0.021586 0.02517
2-3-0-0-1-1-0-2-2-3-0-4-3-5-0 13954538 0.163532 0.102668 0.017537 0.032566
2-3-0-0-1-1-0-2-2-3-0-6-4-7-0 13954626 0.102336 0.034336 0.016234 0.042609
2-3-0-0-1-1-0-4-3-5-0-0-1-1-0 13954626 0.076707 0.013966 0.024472 0.028455
2-3-0-0-1-1-0-4-3-5-0-2-2-3-0 13953539 0.071909 0.014793 0.015592 0.031376
2-3-0-0-1-1-0-4-3-5-0-4-3-5-0 13920168 0.095319 0.015477 0.029562 0.039879
2-3-0-0-1-1-0-4-3-5-0-6-4-7-0 13954618 0.117368 0.035449 0.038149 0.033241
2-3-0-0-1-1-0-6-4-7-0-0-1-1-0 13954626 0.069225 0.013409 0.013989 0.032798
2-3-0-0-1-1-0-6-4-7-0-2-2-3-0 13954626 0.065835 0.013624 0.013349 0.029715
2-3-0-0-1-1-0-6-4-7-0-4-3-5-0 13954622 0.07284 0.015681 0.013192 0.033574
2-3-0-0-1-1-0-6-4-7-0-6-4-7-0 13954626 0.094674 0.038033 0.013283 0.033596
2-3-0-2-2-3-0-0-1-1-0-0-1-1-0 11426723 1.13963 1.06832 0.013764 0.028049
2-3-0-2-2-3-0-0-1-1-0-2-2-3-0 13942082 1.19091 1.05314 0.027064 0.045225
2-3-0-2-2-3-0-0-1-1-0-4-3-5-0 13103489 4.4476 4.28368 0.021659 0.050983
2-3-0-2-2-3-0-0-1-1-0-6-4-7-0 13954551 3.0049 2.91809 0.01076 0.039906
2-3-0-2-2-3-0-2-2-3-0-0-1-1-0 11426723 0.084515 0.010444 0.037236 0.027549
2-3-0-2-2-3-0-2-2-3-0-2-2-3-0 34713 0.138005 0.015784 0.014672 0.028362
2-3-0-2-2-3-0-2-2-3-0-4-3-5-0 1807215 0.061707 0.005891 0.012338 0.033613
2-3-0-2-2-3-0-2-2-3-0-6-4-7-0 6345795 2.51358 2.42621 0.014414 0.03869
2-3-0-2-2-3-0-4-3-5-0-0-1-1-0 13373259 0.102993 0.008032 0.023568 0.03552
2-3-0-2-2-3-0-4-3-5-0-2-2-3-0 12401496 0.218396 0.112839 0.017854 0.032311
2-3-0-2-2-3-0-4-3-5-0-4-3-5-0 12620533 0.129026 0.055812 0.021114 0.040406
2-3-0-2-2-3-0-4-3-5-0-6-4-7-0 13891951 0.112104 0.042323 0.022071 0.036493
2-3-0-2-2-3-0-6-4-7-0-0-1-1-0 13954626 0.060785 0.007628 0.012314 0.031356
2-3-0-2-2-3-0-6-4-7-0-2-2-3-0 13689497 0.45264 0.389262 0.011751 0.032448
2-3-0-2-2-3-0-6-4-7-0-4-3-5-0 13721768 0.128831 0.069363 0.010197 0.038546
2-3-0-2-2-3-0-6-4-7-0-6-4-7-0 13954431 0.099559 0.041312 0.010598 0.037226
2-3-0-4-3-5-0-0-1-1-0-0-1-1-0 13373259 0.064062 0.008037 0.013178 0.031647
2-3-0-4-3-5-0-0-1-1-0-2-2-3-0 13950086 1.73402 1.6041 0.016983 0.031756
2-3-0-4-3-5-0-0-1-1-0-4-3-5-0 13749399 0.163865 0.020349 0.013494 0.037275
2-3-0-4-3-5-0-0-1-1-0-6-4-7-0 13954585 0.105004 0.042757 0.012035 0.038129
2-3-0-4-3-5-0-2-2-3-0-0-1-1-0 13954626 0.431863 0.356198 0.017757 0.031282
2-3-0-4-3-5-0-2-2-3-0-2-2-3-0 12401496 0.088137 0.011778 0.017506 0.036086
2-3-0-4-3-5-0-2-2-3-0-4-3-5-0 13920727 0.126618 0.062054 0.016985 0.035668
2-3-0-4-3-5-0-2-2-3-0-6-4-7-0 13954585 0.115417 0.050557 0.014931 0.036917
2-3-0-4-3-5-0-4-3-5-0-0-1-1-0 13954626 0.109106 0.014052 0.041344 0.037452
2-3-0-4-3-5-0-4-3-5-0-2-2-3-0 13942369 0.947199 0.86999 0.021128 0.036655
2-3-0-4-3-5-0-4-3-5-0-4-3-5-0 13780903 0.240149 0.147452 0.038415 0.040635
2-3-0-4-3-5-0-4-3-5-0-6-4-7-0 13954598 0.207516 0.124502 0.026926 0.042359
2-3-0-4-3-5-0-6-4-7-0-0-1-1-0 13954626 0.076421 0.012606 0.014079 0.033951
2-3-0-4-3-5-0-6-4-7-0-2-2-3-0 13953921 0.918437 0.85128 0.013337 0.034356
2-3-0-4-3-5-0-6-4-7-0-4-3-5-0 13953164 0.183612 0.118904 0.012388 0.039565
2-3-0-4-3-5-0-6-4-7-0-6-4-7-0 13954626 0.114005 0.051993 0.011295 0.038749
2-3-0-6-4-7-0-0-1-1-0-0-1-1-0 13954626 0.061404 0.007722 0.014385 0.029008
2-3-0-6-4-7-0-0-1-1-0-2-2-3-0 13954626 1.37834 1.27456 0.018633 0.028985
2-3-0-6-4-7-0-0-1-1-0-4-3-5-0 13954626 0.080839 0.01641 0.01477 0.034883
2-3-0-6-4-7-0-0-1-1-0-6-4-7-0 13954626 0.098714 0.036061 0.012688 0.034652
2-3-0-6-4-7-0-2-2-3-0-0-1-1-0 13954626 0.113825 0.007541 0.019492 0.031269
2-3-0-6-4-7-0-2-2-3-0-2-2-3-0 13689497 0.926944 0.845226 0.021999 0.028883
2-3-0-6-4-7-0-2-2-3-0-4-3-5-0 13952209 0.167337 0.0531 0.016388 0.032751
2-3-0-6-4-7-0-2-2-3-0-6-4-7-0 13954626 0.117773 0.038261 0.015252 0.032577
2-3-0-6-4-7-0-4-3-5-0-0-1-1-0 13954626 0.102415 0.011531 0.045215 0.031874
2-3-0-6-4-7-0-4-3-5-0-2-2-3-0 13954500 0.92973 0.85075 0.026226 0.030372
2-3-0-6-4-7-0-4-3-5-0-4-3-5-0 13850279 0.24098 0.157676 0.033697 0.036776
2-3-0-6-4-7-0-4-3-5-0-6-4-7-0 13954626 0.244039 0.145027 0.032057 0.040544
2-3-0-6-4-7-0-6-4-7-0-0-1-1-0 13954626 0.067914 0.0106 0.015908 0.030821
2-3-0-6-4-7-0-6-4-7-0-2-2-3-0 13954626 0.919055 0.837933 0.016566 0.029718
2-3-0-6-4-7-0-6-4-7-0-4-3-5-0 13954620 0.179316 0.116544 0.015094 0.03626
2-3-0-6-4-7-0-6-4-7-0-6-4-7-0 13954626 0.11009 0.049879 0.014751 0.035027
3-5-0-0-1-1-0-0-1-1-0-0-1-1-0 66667832 0.091961 0.035987 0.015469 0.028939
3-5-0-0-1-1-0-0-1-1-0-2-2-3-0 261068775 0.210233 0.152712 0.01451 0.031525
3-5-0-0-1-1-0-0-1-1-0-4-3-5-0 159103520 0.182677 0.10371 0.019049 0.045611
3-5-0-0-1-1-0-0-1-1-0-6-4-7-0 264520476 0.238349 0.160603 0.018624 0.044194
3-5-0-0-1-1-0-2-2-3-0-0-1-1-0 264547773 0.26356 0.157167 0.058034 0.035597
3-5-0-0-1-1-0-2-2-3-0-2-2-3-0 261068775 0.578762 0.488198 0.022957 0.040849
3-5-0-0-1-1-0-2-2-3-0-4-3-5-0 264505054 2.01025 1.93665 0.014949 0.038614
3-5-0-0-1-1-0-2-2-3-0-6-4-7-0 264547773 0.697446 0.617164 0.017837 0.048493
3-5-0-0-1-1-0-4-3-5-0-0-1-1-0 264547773 0.207395 0.138856 0.02459 0.032988
3-5-0-0-1-1-0-4-3-5-0-2-2-3-0 264335304 0.198437 0.137683 0.01586 0.03368
3-5-0-0-1-1-0-4-3-5-0-4-3-5-0 261568906 0.228475 0.145027 0.029731 0.042556
3-5-0-0-1-1-0-4-3-5-0-6-4-7-0 264546039 0.23016 0.139026 0.039923 0.039687
3-5-0-0-1-1-0-6-4-7-0-0-1-1-0 264547773 0.189865 0.134801 0.014915 0.030239
3-5-0-0-1-1-0-6-4-7-0-2-2-3-0 264547773 0.223932 0.14879 0.01486 0.031969
3-5-0-0-1-1-0-6-4-7-0-4-3-5-0 264547070 0.206397 0.144464 0.014388 0.036033
3-5-0-0-1-1-0-6-4-7-0-6-4-7-0 264547773 0.204988 0.144998 0.014616 0.034922
3-5-0-2-2-3-0-0-1-1-0-0-1-1-0 262992233 1.57903 1.50618 0.015122 0.029071
3-5-0-2-2-3-0-0-1-1-0-2-2-3-0 264546361 1.43914 1.33866 0.025614 0.03343
3-5-0-2-2-3-0-0-1-1-0-4-3-5-0 264299335 4.61315 4.4807 0.016746 0.038622
3-5-0-2-2-3-0-0-1-1-0-6-4-7-0 264547769 3.68911 3.59789 0.015602 0.040745
3-5-0-2-2-3-0-2-2-3-0-0-1-1-0 262992233 0.3355 0.278324 0.015846 0.029466
3-5-0-2-2-3-0-2-2-3-0-2-2-3-0 18178411 0.183634 0.029199 0.01518 0.031509
3-5-0-2-2-3-0-2-2-3-0-4-3-5-0 186718068 0.246786 0.186413 0.013513 0.035421
3-5-0-2-2-3-0-2-2-3-0-6-4-7-0 254483838 2.9823 2.89265 0.014668 0.040133
3-5-0-2-2-3-0-4-3-5-0-0-1-1-0 264534436 0.51511 0.333208 0.031616 0.050919
3-5-0-2-2-3-0-4-3-5-0-2-2-3-0 263938876 0.570936 0.465413 0.020072 0.034152
3-5-0-2-2-3-0-4-3-5-0-4-3-5-0 260987845 0.440175 0.358734 0.022645 0.044956
3-5-0-2-2-3-0-4-3-5-0-6-4-7-0 264545893 0.821835 0.73638 0.022885 0.042283
3-5-0-2-2-3-0-6-4-7-0-0-1-1-0 264547773 0.364975 0.305172 0.013074 0.03235
3-5-0-2-2-3-0-6-4-7-0-2-2-3-0 264526605 6.40214 6.30705 0.012232 0.033293
3-5-0-2-2-3-0-6-4-7-0-4-3-5-0 264348044 0.415959 0.349801 0.011771 0.038046
3-5-0-2-2-3-0-6-4-7-0-6-4-7-0 264547772 0.689781 0.623708 0.010285 0.038076
3-5-0-4-3-5-0-0-1-1-0-0-1-1-0 242448037 0.180334 0.114082 0.022193 0.029372
3-5-0-4-3-5-0-0-1-1-0-2-2-3-0 264223483 2.49528 2.38202 0.02627 0.034492
3-5-0-4-3-5-0-0-1-1-0-4-3-5-0 254223236 0.380661 0.286888 0.029621 0.048435
3-5-0-4-3-5-0-0-1-1-0-6-4-7-0 264544959 0.379037 0.303922 0.023516 0.037249
3-5-0-4-3-5-0-2-2-3-0-0-1-1-0 264272027 5.62217 5.49133 0.031916 0.028693
3-5-0-4-3-5-0-2-2-3-0-2-2-3-0 223199128 13.6874 13.5758 0.030509 0.030332
3-5-0-4-3-5-0-2-2-3-0-4-3-5-0 256552028 1.06036 0.951417 0.026137 0.031918
3-5-0-4-3-5-0-2-2-3-0-6-4-7-0 262665496 5.64634 5.55841 0.025337 0.031924
3-5-0-4-3-5-0-4-3-5-0-0-1-1-0 254851812 6.49598 6.35824 0.054659 0.034799
3-5-0-4-3-5-0-4-3-5-0-2-2-3-0 252870735 11.4445 11.2935 0.03122 0.034917
3-5-0-4-3-5-0-4-3-5-0-4-3-5-0 249802666 6.19561 6.07049 0.053767 0.035082
3-5-0-4-3-5-0-4-3-5-0-6-4-7-0 253260419 0.744367 0.615697 0.042654 0.036822
3-5-0-4-3-5-0-6-4-7-0-0-1-1-0 264536355 9.70352 9.62097 0.030831 0.030416
3-5-0-4-3-5-0-6-4-7-0-2-2-3-0 261395656 6.27104 6.17659 0.030632 0.030472
3-5-0-4-3-5-0-6-4-7-0-4-3-5-0 263215652 8.4243 8.30895 0.029421 0.036275
3-5-0-4-3-5-0-6-4-7-0-6-4-7-0 264542880 0.912749 0.800124 0.030641 0.039269
3-5-0-6-4-7-0-0-1-1-0-0-1-1-0 264536355 0.209261 0.133538 0.014842 0.026804
3-5-0-6-4-7-0-0-1-1-0-2-2-3-0 264547768 2.02462 1.95452 0.018406 0.028329
3-5-0-6-4-7-0-0-1-1-0-4-3-5-0 264545622 0.372518 0.305665 0.0164 0.035741
3-5-0-6-4-7-0-0-1-1-0-6-4-7-0 264547773 0.374109 0.31154 0.014773 0.034186
3-5-0-6-4-7-0-2-2-3-0-0-1-1-0 264547773 1.90819 1.78756 0.021938 0.029675
3-5-0-6-4-7-0-2-2-3-0-2-2-3-0 258664239 1.39809 1.29867 0.023214 0.029409
3-5-0-6-4-7-0-2-2-3-0-4-3-5-0 264488100 5.465 5.35802 0.018026 0.032593
3-5-0-6-4-7-0-2-2-3-0-6-4-7-0 264547773 12.9699 12.8562 0.022201 0.04643
3-5-0-6-4-7-0-4-3-5-0-0-1-1-0 264547773 5.30586 5.14627 0.063567 0.045491
3-5-0-6-4-7-0-4-3-5-0-2-2-3-0 264545259 5.80305 5.71621 0.027638 0.032787
3-5-0-6-4-7-0-4-3-5-0-4-3-5-0 263135171 5.15777 5.07041 0.036006 0.036875
3-5-0-6-4-7-0-4-3-5-0-6-4-7-0 264547770 0.87884 0.75976 0.030975 0.037667
3-5-0-6-4-7-0-6-4-7-0-0-1-1-0 264547773 5.10871 5.04642 0.01815 0.031831
3-5-0-6-4-7-0-6-4-7-0-2-2-3-0 264547767 6.66376 6.58298 0.017377 0.031941
3-5-0-6-4-7-0-6-4-7-0-4-3-5-0 264547650 8.68893 8.60436 0.016309 0.038224
3-5-0-6-4-7-0-6-4-7-0-6-4-7-0 264547773 0.82934 0.735037 0.016595 0.036987
4-7-0-0-1-1-0-0-1-1-0-0-1-1-0 15626706 0.06007 0.008608 0.014726 0.027521
4-7-0-0-1-1-0-0-1-1-0-2-2-3-0 15794087 0.076593 0.017874 0.019517 0.029814
4-7-0-0-1-1-0-0-1-1-0-4-3-5-0 15740985 0.072517 0.017008 0.013361 0.032461
4-7-0-0-1-1-0-0-1-1-0-6-4-7-0 15794415 0.094187 0.039522 0.013051 0.032113
4-7-0-0-1-1-0-2-2-3-0-0-1-1-0 15794415 0.103694 0.019128 0.047925 0.026056
4-7-0-0-1-1-0-2-2-3-0-2-2-3-0 15794087 0.080707 0.018077 0.023404 0.029976
4-7-0-0-1-1-0-2-2-3-0-4-3-5-0 15794415 0.185854 0.121377 0.018106 0.03523
4-7-0-0-1-1-0-2-2-3-0-6-4-7-0 15794415 0.110543 0.039811 0.016954 0.044149
4-7-0-0-1-1-0-4-3-5-0-0-1-1-0 15794415 0.085328 0.018949 0.025505 0.030805
4-7-0-0-1-1-0-4-3-5-0-2-2-3-0 15794372 0.080166 0.019586 0.015945 0.033724
4-7-0-0-1-1-0-4-3-5-0-4-3-5-0 15792180 0.104411 0.020744 0.030669 0.042058
4-7-0-0-1-1-0-4-3-5-0-6-4-7-0 15794415 0.126789 0.040732 0.040128 0.035456
4-7-0-0-1-1-0-6-4-7-0-0-1-1-0 15794415 0.07238 0.018028 0.014344 0.030792
4-7-0-0-1-1-0-6-4-7-0-2-2-3-0 15794415 0.078858 0.018871 0.01348 0.031179
4-7-0-0-1-1-0-6-4-7-0-4-3-5-0 15794415 0.080104 0.020251 0.013288 0.035608
4-7-0-0-1-1-0-6-4-7-0-6-4-7-0 15794415 0.099798 0.041726 0.013039 0.03511
4-7-0-2-2-3-0-0-1-1-0-0-1-1-0 15794415 0.080132 0.011896 0.019667 0.028103
4-7-0-2-2-3-0-0-1-1-0-2-2-3-0 15794415 0.077031 0.009038 0.023938 0.033244
4-7-0-2-2-3-0-0-1-1-0-4-3-5-0 15794415 0.124636 0.053343 0.017661 0.041583
4-7-0-2-2-3-0-0-1-1-0-6-4-7-0 15794415 0.108376 0.038916 0.015294 0.043092
4-7-0-2-2-3-0-2-2-3-0-0-1-1-0 15794415 0.227095 0.145904 0.044144 0.026645
4-7-0-2-2-3-0-2-2-3-0-2-2-3-0 10219172 0.093824 0.02609 0.020063 0.029906
4-7-0-2-2-3-0-2-2-3-0-4-3-5-0 15662521 0.116493 0.053894 0.017527 0.033811
4-7-0-2-2-3-0-2-2-3-0-6-4-7-0 15792946 2.99205 2.89548 0.022684 0.03774
4-7-0-2-2-3-0-4-3-5-0-0-1-1-0 15794415 0.260132 0.165225 0.025559 0.034905
4-7-0-2-2-3-0-4-3-5-0-2-2-3-0 15794338 1.09452 0.98815 0.018284 0.033518
4-7-0-2-2-3-0-4-3-5-0-4-3-5-0 15743848 0.237044 0.161561 0.020977 0.04164
4-7-0-2-2-3-0-4-3-5-0-6-4-7-0 15794415 0.213246 0.137577 0.021616 0.041731
4-7-0-2-2-3-0-6-4-7-0-0-1-1-0 15794415 0.218235 0.162545 0.013554 0.031229
4-7-0-2-2-3-0-6-4-7-0-2-2-3-0 15794414 0.520782 0.455945 0.012868 0.033074
4-7-0-2-2-3-0-6-4-7-0-4-3-5-0 15794371 0.190566 0.129132 0.010622 0.0397
4-7-0-2-2-3-0-6-4-7-0-6-4-7-0 15794415 0.112241 0.053045 0.009802 0.038836
4-7-0-4-3-5-0-0-1-1-0-0-1-1-0 15758734 0.090511 0.012603 0.035317 0.029534
4-7-0-4-3-5-0-0-1-1-0-2-2-3-0 15794374 2.18814 2.04646 0.027528 0.031325
4-7-0-4-3-5-0-0-1-1-0-4-3-5-0 15784512 0.106376 0.031359 0.024699 0.036842
4-7-0-4-3-5-0-0-1-1-0-6-4-7-0 15794415 0.117808 0.044394 0.023071 0.036667
4-7-0-4-3-5-0-2-2-3-0-0-1-1-0 15794415 0.583186 0.496556 0.018681 0.029318
4-7-0-4-3-5-0-2-2-3-0-2-2-3-0 15752999 0.082832 0.021015 0.017095 0.030486
4-7-0-4-3-5-0-2-2-3-0-4-3-5-0 15793767 0.132603 0.069441 0.016784 0.034168
4-7-0-4-3-5-0-2-2-3-0-6-4-7-0 15794415 0.211246 0.126964 0.015156 0.036965
4-7-0-4-3-5-0-4-3-5-0-0-1-1-0 15794415 0.108534 0.017404 0.038588 0.035138
4-7-0-4-3-5-0-4-3-5-0-2-2-3-0 15794351 0.215841 0.086555 0.014754 0.040219
4-7-0-4-3-5-0-4-3-5-0-4-3-5-0 15614461 0.332627 0.240985 0.037875 0.039523
4-7-0-4-3-5-0-4-3-5-0-6-4-7-0 15794415 0.257687 0.149483 0.028503 0.042773
4-7-0-4-3-5-0-6-4-7-0-0-1-1-0 15794415 0.090294 0.017227 0.020642 0.033738
4-7-0-4-3-5-0-6-4-7-0-2-2-3-0 15794415 0.180112 0.111099 0.019633 0.036088
4-7-0-4-3-5-0-6-4-7-0-4-3-5-0 15794412 0.246093 0.154738 0.018097 0.039717
4-7-0-4-3-5-0-6-4-7-0-6-4-7-0 15794415 0.26872 0.194401 0.018871 0.041215
4-7-0-6-4-7-0-0-1-1-0-0-1-1-0 15794415 0.070608 0.01168 0.015482 0.032282
4-7-0-6-4-7-0-0-1-1-0-2-2-3-0 15794415 1.86406 1.75909 0.018625 0.030004
4-7-0-6-4-7-0-0-1-1-0-4-3-5-0 15794415 0.0837 0.020895 0.014363 0.036773
4-7-0-6-4-7-0-0-1-1-0-6-4-7-0 15794415 0.102364 0.04301 0.012482 0.035553
4-7-0-6-4-7-0-2-2-3-0-0-1-1-0 15794415 2.02389 1.86111 0.02679 0.028435
4-7-0-6-4-7-0-2-2-3-0-2-2-3-0 15792398 1.48482 1.34665 0.021801 0.030336
4-7-0-6-4-7-0-2-2-3-0-4-3-5-0 15794397 0.194933 0.066013 0.01727 0.033202
4-7-0-6-4-7-0-2-2-3-0-6-4-7-0 15794415 0.12794 0.056885 0.016224 0.032929
4-7-0-6-4-7-0-4-3-5-0-0-1-1-0 15794415 0.113663 0.015683 0.048171 0.032967
4-7-0-6-4-7-0-4-3-5-0-2-2-3-0 15794413 1.18985 1.10072 0.027939 0.03331
4-7-0-6-4-7-0-4-3-5-0-4-3-5-0 15792097 0.371645 0.283577 0.036873 0.037906
4-7-0-6-4-7-0-4-3-5-0-6-4-7-0 15794415 0.299043 0.214428 0.030377 0.040514
4-7-0-6-4-7-0-6-4-7-0-0-1-1-0 15794415 0.075772 0.014661 0.016933 0.032428
4-7-0-6-4-7-0-6-4-7-0-2-2-3-0 15794415 0.533961 0.466636 0.018379 0.031196
4-7-0-6-4-7-0-6-4-7-0-4-3-5-0 15794415 0.205847 0.140468 0.016032 0.03839
4-7-0-6-4-7-0-6-4-7-0-6-4-7-0 15794415 0.127122 0.063711 0.016937 0.035472
