0-0-1-1-0-0-1-1-0-0-1-1-0-0-1 34713 0.067129 0.001996 0.01897 0.032581
0-0-1-1-0-0-1-1-0-0-1-1-0-2-2 11426723 0.089477 0.024774 0.01797 0.033528
0-0-1-1-0-0-1-1-0-0-1-1-0-4-3 66667832 0.191588 0.12872 0.01639 0.030783
0-0-1-1-0-0-1-1-0-0-1-1-0-6-4 15626706 0.074484 0.006862 0.013754 0.028865
0-0-1-1-0-0-1-1-0-2-2-3-0-0-1 277704 0.109161 0.001609 0.067904 0.026249
0-0-1-1-0-0-1-1-0-2-2-3-0-2-2 11426723 0.950674 0.867321 0.015775 0.028221
0-0-1-1-0-0-1-1-0-2-2-3-0-4-3 262992233 1.64868 1.54424 0.015681 0.037245
0-0-1-1-0-0-1-1-0-2-2-3-0-6-4 15794415 0.153821 0.010245 0.016265 0.035948
0-0-1-1-0-0-1-1-0-4-3-5-0-0-1 277704 0.069526 0.00268 0.017733 0.032138
0-0-1-1-0-0-1-1-0-4-3-5-0-2-2 13373259 0.092664 0.024769 0.017094 0.032443
0-0-1-1-0-0-1-1-0-4-3-5-0-4-3 242448037 0.128504 0.050129 0.0182 0.035901
0-0-1-1-0-0-1-1-0-4-3-5-0-6-4 15758734 0.081905 0.006626 0.024694 0.034413
0-0-1-1-0-0-1-1-0-6-4-7-0-0-1 277704 0.063548 0.001937 0.016822 0.031614
0-0-1-1-0-0-1-1-0-6-4-7-0-2-2 13954626 0.070063 0.005186 0.016235 0.032436
0-0-1-1-0-0-1-1-0-6-4-7-0-4-3 264536355 0.111351 0.045176 0.014261 0.036601
0-0-1-1-0-0-1-1-0-6-4-7-0-6-4 15794415 0.073069 0.006457 0.015626 0.035062
0-0-1-1-0-2-2-3-0-0-1-1-0-0-1 277704 0.085089 0.001597 0.046574 0.025074
0-0-1-1-0-2-2-3-0-0-1-1-0-2-2 13954626 0.095633 0.006971 0.045312 0.028099
0-0-1-1-0-2-2-3-0-0-1-1-0-4-3 264547773 0.17376 0.082715 0.043206 0.032816
0-0-1-1-0-2-2-3-0-0-1-1-0-6-4 15794415 0.098926 0.008262 0.045993 0.030334
0-0-1-1-0-2-2-3-0-2-2-3-0-0-1 277704 0.112458 0.001682 0.071636 0.025736
0-0-1-1-0-2-2-3-0-2-2-3-0-2-2 11426723 0.097197 0.007258 0.042912 0.027951
0-0-1-1-0-2-2-3-0-2-2-3-0-4-3 262992233 0.258625 0.187045 0.016367 0.034109
0-0-1-1-0-2-2-3-0-2-2-3-0-6-4 15794415 0.160859 0.06301 0.042548 0.031853
0-0-1-1-0-2-2-3-0-4-3-5-0-0-1 277704 0.073332 0.002159 0.020532 0.031058
0-0-1-1-0-2-2-3-0-4-3-5-0-2-2 13954626 0.192442 0.116176 0.016186 0.033902
0-0-1-1-0-2-2-3-0-4-3-5-0-4-3 264272027 1.7418 1.65966 0.018608 0.037214
0-0-1-1-0-2-2-3-0-4-3-5-0-6-4 15794415 0.224457 0.146053 0.011851 0.02635
0-0-1-1-0-2-2-3-0-6-4-7-0-0-1 277704 0.050713 0.001775 0.01361 0.025107
0-0-1-1-0-2-2-3-0-6-4-7-0-2-2 13954626 0.053933 0.004078 0.010697 0.028465
0-0-1-1-0-2-2-3-0-6-4-7-0-4-3 264547773 2.47332 2.35571 0.009759 0.038604
0-0-1-1-0-2-2-3-0-6-4-7-0-6-4 15794415 2.10178 1.95691 0.0122 0.041623
0-0-1-1-0-4-3-5-0-0-1-1-0-0-1 277704 0.049512 0.00223 0.014328 0.023036
0-0-1-1-0-4-3-5-0-0-1-1-0-2-2 13954626 0.056848 0.006985 0.01493 0.023466
0-0-1-1-0-4-3-5-0-0-1-1-0-4-3 264547773 0.126205 0.074927 0.015085 0.025118
0-0-1-1-0-4-3-5-0-0-1-1-0-6-4 15794415 0.059691 0.008261 0.015019 0.024583
0-0-1-1-0-4-3-5-0-2-2-3-0-0-1 277704 0.050038 0.002393 0.015131 0.022816
0-0-1-1-0-4-3-5-0-2-2-3-0-2-2 13373259 0.059953 0.004203 0.016766 0.022765
0-0-1-1-0-4-3-5-0-2-2-3-0-4-3 264534436 0.224565 0.165417 0.015879 0.025662
0-0-1-1-0-4-3-5-0-2-2-3-0-6-4 15794415 0.115101 0.057849 0.016235 0.024608
0-0-1-1-0-4-3-5-0-4-3-5-0-0-1 277704 0.066755 0.003975 0.021124 0.026373
0-0-1-1-0-4-3-5-0-4-3-5-0-2-2 13954626 0.065318 0.005616 0.020767 0.02649
0-0-1-1-0-4-3-5-0-4-3-5-0-4-3 254851812 3.69547 3.48201 0.022546 0.029813
0-0-1-1-0-4-3-5-0-4-3-5-0-6-4 15794415 0.075055 0.008443 0.02066 0.030935
0-0-1-1-0-4-3-5-0-6-4-7-0-0-1 277704 0.061951 0.003495 0.023884 0.025124
0-0-1-1-0-4-3-5-0-6-4-7-0-2-2 13954626 0.086593 0.005823 0.023569 0.025341
0-0-1-1-0-4-3-5-0-6-4-7-0-4-3 264547773 1.54695 1.46735 0.026382 0.028654
0-0-1-1-0-4-3-5-0-6-4-7-0-6-4 15794415 0.065005 0.006067 0.022866 0.026897
0-0-1-1-0-6-4-7-0-0-1-1-0-0-1 277704 0.045204 0.001995 0.012535 0.021583
0-0-1-1-0-6-4-7-0-0-1-1-0-2-2 13954626 0.052293 0.006776 0.012086 0.022142
0-0-1-1-0-6-4-7-0-0-1-1-0-4-3 264547773 0.123963 0.07523 0.011219 0.025813
0-0-1-1-0-6-4-7-0-0-1-1-0-6-4 15794415 0.05444 0.00798 0.012187 0.023366
0-0-1-1-0-6-4-7-0-2-2-3-0-0-1 277704 0.048167 0.002131 0.014304 0.021794
0-0-1-1-0-6-4-7-0-2-2-3-0-2-2 13954626 0.047962 0.003774 0.011926 0.02248
0-0-1-1-0-6-4-7-0-2-2-3-0-4-3 264547773 0.229735 0.159015 0.010994 0.024959
0-0-1-1-0-6-4-7-0-2-2-3-0-6-4 15794415 0.129917 0.057496 0.011689 0.024529
0-0-1-1-0-6-4-7-0-4-3-5-0-0-1 277704 0.059758 0.003758 0.01812 0.024683
0-0-1-1-0-6-4-7-0-4-3-5-0-2-2 13954626 0.057546 0.006754 0.012086 0.026459
0-0-1-1-0-6-4-7-0-4-3-5-0-4-3 264536355 2.77298 2.71061 0.017112 0.027816
0-0-1-1-0-6-4-7-0-4-3-5-0-6-4 15794415 0.058981 0.008117 0.013968 0.026853
0-0-1-1-0-6-4-7-0-6-4-7-0-0-1 277704 0.049989 0.002827 0.012753 0.024866
0-0-1-1-0-6-4-7-0-6-4-7-0-2-2 13954626 0.061739 0.005021 0.012244 0.025047
0-0-1-1-0-6-4-7-0-6-4-7-0-4-3 264547773 1.43241 1.373 0.010711 0.028162
0-0-1-1-0-6-4-7-0-6-4-7-0-6-4 15794415 0.055697 0.00569 0.012932 0.027252
0-2-2-3-0-0-1-1-0-0-1-1-0-0-1 269979 0.046928 0.00281 0.014919 0.019394
0-2-2-3-0-0-1-1-0-0-1-1-0-2-2 13942082 0.05172 0.006456 0.013292 0.020826
0-2-2-3-0-0-1-1-0-0-1-1-0-4-3 261068775 0.118677 0.073432 0.012277 0.023125
0-2-2-3-0-0-1-1-0-0-1-1-0-6-4 15794087 0.053475 0.007397 0.013518 0.022728
0-2-2-3-0-0-1-1-0-2-2-3-0-0-1 277704 0.083766 0.001596 0.053878 0.019815
0-2-2-3-0-0-1-1-0-2-2-3-0-2-2 13942082 0.689116 0.575754 0.01247 0.022906
0-2-2-3-0-0-1-1-0-2-2-3-0-4-3 264546361 0.119905 0.064038 0.017844 0.026699
0-2-2-3-0-0-1-1-0-2-2-3-0-6-4 15794415 0.052033 0.004006 0.015408 0.024054
0-2-2-3-0-0-1-1-0-4-3-5-0-0-1 277704 0.048176 0.002378 0.01199 0.024316
0-2-2-3-0-0-1-1-0-4-3-5-0-2-2 13950086 1.48862 1.40061 0.009481 0.027544
0-2-2-3-0-0-1-1-0-4-3-5-0-4-3 264223483 2.36798 2.23016 0.01214 0.033313
0-2-2-3-0-0-1-1-0-4-3-5-0-6-4 15794374 2.26611 2.16621 0.015037 0.0284
0-2-2-3-0-0-1-1-0-6-4-7-0-0-1 277704 0.047372 0.001904 0.010933 0.025252
0-2-2-3-0-0-1-1-0-6-4-7-0-2-2 13954626 1.16662 1.06421 0.008133 0.027137
0-2-2-3-0-0-1-1-0-6-4-7-0-4-3 264547768 1.94207 1.87547 0.008724 0.029534
0-2-2-3-0-0-1-1-0-6-4-7-0-6-4 15794415 1.81451 1.71295 0.008518 0.02996
0-2-2-3-0-2-2-3-0-0-1-1-0-0-1 269979 0.044181 0.001651 0.012617 0.021356
0-2-2-3-0-2-2-3-0-0-1-1-0-2-2 13942082 0.053532 0.006716 0.010896 0.025028
0-2-2-3-0-2-2-3-0-0-1-1-0-4-3 261068775 0.190326 0.129099 0.014632 0.023768
0-2-2-3-0-2-2-3-0-0-1-1-0-6-4 15794087 0.054776 0.007578 0.011145 0.026182
0-2-2-3-0-2-2-3-0-2-2-3-0-0-1 269979 0.077976 0.001661 0.047286 0.019936
0-2-2-3-0-2-2-3-0-2-2-3-0-2-2 34713 0.172705 0.006405 0.009254 0.02272
0-2-2-3-0-2-2-3-0-2-2-3-0-4-3 18178411 0.08168 0.021038 0.009182 0.025838
0-2-2-3-0-2-2-3-0-2-2-3-0-6-4 10219172 0.07224 0.018166 0.009692 0.027192
0-2-2-3-0-2-2-3-0-4-3-5-0-0-1 277212 0.051998 0.002085 0.015122 0.023896
0-2-2-3-0-2-2-3-0-4-3-5-0-2-2 12401496 0.051171 0.003622 0.011355 0.02445
0-2-2-3-0-2-2-3-0-4-3-5-0-4-3 223199128 3.45192 3.37711 0.013326 0.027236
0-2-2-3-0-2-2-3-0-4-3-5-0-6-4 15752999 0.094432 0.007645 0.010797 0.026615
0-2-2-3-0-2-2-3-0-6-4-7-0-0-1 277704 0.047326 0.00173 0.011721 0.024328
0-2-2-3-0-2-2-3-0-6-4-7-0-2-2 13689497 0.900406 0.827 0.009802 0.026623
0-2-2-3-0-2-2-3-0-6-4-7-0-4-3 258664239 1.87454 1.75009 0.008611 0.031121
0-2-2-3-0-2-2-3-0-6-4-7-0-6-4 15792398 1.61231 1.50653 0.008486 0.030062
0-2-2-3-0-4-3-5-0-0-1-1-0-0-1 277212 0.065995 0.002652 0.013222 0.024478
0-2-2-3-0-4-3-5-0-0-1-1-0-2-2 13953539 0.10248 0.020753 0.011461 0.025282
0-2-2-3-0-4-3-5-0-0-1-1-0-4-3 264335304 0.128304 0.076689 0.011577 0.026845
0-2-2-3-0-4-3-5-0-0-1-1-0-6-4 15794372 0.05952 0.007925 0.011759 0.027101
0-2-2-3-0-4-3-5-0-2-2-3-0-0-1 277704 0.061473 0.00239 0.016118 0.023398
0-2-2-3-0-4-3-5-0-2-2-3-0-2-2 12401496 0.127988 0.051838 0.012914 0.024241
0-2-2-3-0-4-3-5-0-2-2-3-0-4-3 263938876 0.287605 0.223087 0.011794 0.026672
0-2-2-3-0-4-3-5-0-2-2-3-0-6-4 15794338 0.276877 0.212331 0.013113 0.025723
0-2-2-3-0-4-3-5-0-4-3-5-0-0-1 277704 0.06789 0.003457 0.021358 0.027863
0-2-2-3-0-4-3-5-0-4-3-5-0-2-2 13942369 0.253255 0.180079 0.013587 0.027724
0-2-2-3-0-4-3-5-0-4-3-5-0-4-3 252870735 3.00453 2.93389 0.015943 0.030556
0-2-2-3-0-4-3-5-0-4-3-5-0-6-4 15794351 0.083184 0.026531 0.011964 0.031029
0-2-2-3-0-4-3-5-0-6-4-7-0-0-1 277704 0.059945 0.003469 0.015671 0.026335
0-2-2-3-0-4-3-5-0-6-4-7-0-2-2 13954500 0.268395 0.1939 0.013793 0.027747
0-2-2-3-0-4-3-5-0-6-4-7-0-4-3 264545259 1.68342 1.60162 0.012628 0.034409
0-2-2-3-0-4-3-5-0-6-4-7-0-6-4 15794413 0.295653 0.221106 0.014194 0.029184
0-2-2-3-0-6-4-7-0-0-1-1-0-0-1 277704 0.047616 0.001786 0.011648 0.023328
0-2-2-3-0-6-4-7-0-0-1-1-0-2-2 13954626 0.078399 0.009908 0.015643 0.029954
0-2-2-3-0-6-4-7-0-0-1-1-0-4-3 264547773 0.14343 0.09018 0.010477 0.028988
0-2-2-3-0-6-4-7-0-0-1-1-0-6-4 15794415 0.057326 0.008556 0.010711 0.025534
0-2-2-3-0-6-4-7-0-2-2-3-0-0-1 277704 0.051055 0.001913 0.013861 0.023745
0-2-2-3-0-6-4-7-0-2-2-3-0-2-2 13689497 0.183106 0.118739 0.01111 0.024012
0-2-2-3-0-6-4-7-0-2-2-3-0-4-3 264526605 1.87402 1.81628 0.010557 0.025453
0-2-2-3-0-6-4-7-0-2-2-3-0-6-4 15794414 0.195568 0.131948 0.010478 0.025482
0-2-2-3-0-6-4-7-0-4-3-5-0-0-1 277704 0.066241 0.003476 0.018707 0.025928
0-2-2-3-0-6-4-7-0-4-3-5-0-2-2 13953921 0.253623 0.18811 0.010675 0.027303
0-2-2-3-0-6-4-7-0-4-3-5-0-4-3 261395656 1.72691 1.65699 0.015382 0.029406
0-2-2-3-0-6-4-7-0-4-3-5-0-6-4 15794415 0.097909 0.033244 0.014331 0.029418
0-2-2-3-0-6-4-7-0-6-4-7-0-0-1 277704 0.050487 0.002629 0.010525 0.026525
0-2-2-3-0-6-4-7-0-6-4-7-0-2-2 13954626 0.247596 0.183966 0.010063 0.027095
0-2-2-3-0-6-4-7-0-6-4-7-0-4-3 264547767 1.81695 1.75555 0.008983 0.029702
0-2-2-3-0-6-4-7-0-6-4-7-0-6-4 15794415 0.209482 0.147485 0.009514 0.029782
0-4-3-5-0-0-1-1-0-0-1-1-0-0-1 125547 0.049737 0.002059 0.013721 0.021744
0-4-3-5-0-0-1-1-0-0-1-1-0-2-2 13103489 0.053058 0.005589 0.012776 0.02266
0-4-3-5-0-0-1-1-0-0-1-1-0-4-3 159103520 0.090335 0.041196 0.012929 0.024059
0-4-3-5-0-0-1-1-0-0-1-1-0-6-4 15740985 0.066523 0.009678 0.012696 0.023861
0-4-3-5-0-0-1-1-0-2-2-3-0-0-1 277704 0.088826 0.002112 0.053927 0.021755
0-4-3-5-0-0-1-1-0-2-2-3-0-2-2 13103489 0.200861 0.107208 0.014068 0.024446
0-4-3-5-0-0-1-1-0-2-2-3-0-4-3 264299335 0.40201 0.336113 0.015495 0.02917
0-4-3-5-0-0-1-1-0-2-2-3-0-6-4 15794415 0.08848 0.006281 0.019504 0.036256
0-4-3-5-0-0-1-1-0-4-3-5-0-0-1 277704 0.074132 0.002703 0.018441 0.035374
0-4-3-5-0-0-1-1-0-4-3-5-0-2-2 13749399 0.079507 0.006222 0.018057 0.036638
0-4-3-5-0-0-1-1-0-4-3-5-0-4-3 254223236 0.134333 0.059547 0.019145 0.040072
0-4-3-5-0-0-1-1-0-4-3-5-0-6-4 15784512 0.08466 0.007495 0.021901 0.038551
0-4-3-5-0-0-1-1-0-6-4-7-0-0-1 277704 0.072347 0.002384 0.017994 0.035574
0-4-3-5-0-0-1-1-0-6-4-7-0-2-2 13954626 0.073518 0.006059 0.017233 0.036462
0-4-3-5-0-0-1-1-0-6-4-7-0-4-3 264545622 0.111634 0.060043 0.011658 0.028642
0-4-3-5-0-0-1-1-0-6-4-7-0-6-4 15794415 0.058298 0.007042 0.012485 0.027107
0-4-3-5-0-2-2-3-0-0-1-1-0-0-1 277597 0.051327 0.002078 0.015148 0.020892
0-4-3-5-0-2-2-3-0-0-1-1-0-2-2 13954538 0.072014 0.013787 0.015493 0.02214
0-4-3-5-0-2-2-3-0-0-1-1-0-4-3 264505054 0.249594 0.183619 0.015749 0.023463
0-4-3-5-0-2-2-3-0-0-1-1-0-6-4 15794415 0.078585 0.016327 0.015552 0.023626
0-4-3-5-0-2-2-3-0-2-2-3-0-0-1 277597 0.068277 0.00215 0.032419 0.021228
0-4-3-5-0-2-2-3-0-2-2-3-0-2-2 1807215 0.05423 0.003873 0.013292 0.022519
0-4-3-5-0-2-2-3-0-2-2-3-0-4-3 186718068 0.147096 0.097096 0.013205 0.023496
0-4-3-5-0-2-2-3-0-2-2-3-0-6-4 15662521 0.08402 0.019333 0.013576 0.02473
0-4-3-5-0-2-2-3-0-4-3-5-0-0-1 277704 0.058859 0.002438 0.018163 0.024242
0-4-3-5-0-2-2-3-0-4-3-5-0-2-2 13920727 0.06178 0.006811 0.01445 0.025433
0-4-3-5-0-2-2-3-0-4-3-5-0-4-3 256552028 0.154805 0.095561 0.016879 0.026982
0-4-3-5-0-2-2-3-0-4-3-5-0-6-4 15793767 0.064874 0.009923 0.014626 0.026179
0-4-3-5-0-2-2-3-0-6-4-7-0-0-1 277704 0.055073 0.002285 0.013024 0.026875
0-4-3-5-0-2-2-3-0-6-4-7-0-2-2 13952209 0.05889 0.006828 0.012019 0.02641
0-4-3-5-0-2-2-3-0-6-4-7-0-4-3 264488100 2.77076 2.70105 0.010622 0.028385
0-4-3-5-0-2-2-3-0-6-4-7-0-6-4 15794397 0.104554 0.01577 0.011597 0.028112
0-4-3-5-0-4-3-5-0-0-1-1-0-0-1 273654 0.064217 0.003719 0.021979 0.024442
0-4-3-5-0-4-3-5-0-0-1-1-0-2-2 13920168 0.074164 0.010173 0.021188 0.025863
0-4-3-5-0-4-3-5-0-0-1-1-0-4-3 261568906 0.154784 0.09064 0.021296 0.026512
0-4-3-5-0-4-3-5-0-0-1-1-0-6-4 15792180 0.074189 0.010135 0.021207 0.026822
0-4-3-5-0-4-3-5-0-2-2-3-0-0-1 277611 0.064568 0.003707 0.019758 0.023764
0-4-3-5-0-4-3-5-0-2-2-3-0-2-2 12620533 0.092739 0.009561 0.018513 0.024177
0-4-3-5-0-4-3-5-0-2-2-3-0-4-3 260987845 0.246906 0.18262 0.017526 0.026066
0-4-3-5-0-4-3-5-0-2-2-3-0-6-4 15743848 0.08373 0.017599 0.018948 0.025408
0-4-3-5-0-4-3-5-0-4-3-5-0-0-1 274950 0.078194 0.004854 0.029442 0.026302
0-4-3-5-0-4-3-5-0-4-3-5-0-2-2 13780903 0.09822 0.016412 0.023824 0.026841
0-4-3-5-0-4-3-5-0-4-3-5-0-4-3 249802666 1.2827 1.18593 0.033445 0.028809
0-4-3-5-0-4-3-5-0-4-3-5-0-6-4 15614461 0.109939 0.024785 0.024435 0.028454
0-4-3-5-0-4-3-5-0-6-4-7-0-0-1 277700 0.07154 0.004795 0.021459 0.026775
0-4-3-5-0-4-3-5-0-6-4-7-0-2-2 13850279 0.091687 0.021512 0.020835 0.026975
0-4-3-5-0-4-3-5-0-6-4-7-0-4-3 263135171 1.56697 1.49132 0.019409 0.030099
0-4-3-5-0-4-3-5-0-6-4-7-0-6-4 15792097 0.128148 0.054391 0.021042 0.029803
0-4-3-5-0-6-4-7-0-0-1-1-0-0-1 277700 0.055722 0.003435 0.014708 0.02282
0-4-3-5-0-6-4-7-0-0-1-1-0-2-2 13954622 0.062085 0.008293 0.013312 0.024876
0-4-3-5-0-6-4-7-0-0-1-1-0-4-3 264547070 0.14502 0.09025 0.012106 0.027134
0-4-3-5-0-6-4-7-0-0-1-1-0-6-4 15794415 0.064603 0.009381 0.013857 0.02615
0-4-3-5-0-6-4-7-0-2-2-3-0-0-1 277704 0.058964 0.003261 0.016974 0.024504
0-4-3-5-0-6-4-7-0-2-2-3-0-2-2 13721768 0.066634 0.013611 0.014264 0.024139
0-4-3-5-0-6-4-7-0-2-2-3-0-4-3 264348044 0.241182 0.184795 0.01254 0.0258
0-4-3-5-0-6-4-7-0-2-2-3-0-6-4 15794371 0.07876 0.026028 0.014101 0.025356
0-4-3-5-0-6-4-7-0-4-3-5-0-0-1 277704 0.070678 0.004732 0.021548 0.026812
0-4-3-5-0-6-4-7-0-4-3-5-0-2-2 13953164 0.083877 0.026517 0.013335 0.02753
0-4-3-5-0-6-4-7-0-4-3-5-0-4-3 263215652 2.44833 2.37881 0.018972 0.029626
0-4-3-5-0-6-4-7-0-4-3-5-0-6-4 15794412 0.106551 0.038023 0.016296 0.031071
0-4-3-5-0-6-4-7-0-6-4-7-0-0-1 277704 0.060289 0.004042 0.013229 0.026792
0-4-3-5-0-6-4-7-0-6-4-7-0-2-2 13954620 0.084775 0.027454 0.012803 0.028206
0-4-3-5-0-6-4-7-0-6-4-7-0-4-3 264547650 2.36246 2.29678 0.014271 0.032515
0-4-3-5-0-6-4-7-0-6-4-7-0-6-4 15794415 0.088021 0.028724 0.015056 0.029855
0-6-4-7-0-0-1-1-0-0-1-1-0-0-1 277619 0.046475 0.00175 0.013798 0.02017
0-6-4-7-0-0-1-1-0-0-1-1-0-2-2 13954551 0.050614 0.004769 0.015195 0.020777
0-6-4-7-0-0-1-1-0-0-1-1-0-4-3 264520476 0.131899 0.084799 0.012016 0.023967
0-6-4-7-0-0-1-1-0-0-1-1-0-6-4 15794415 0.051449 0.00545 0.013947 0.023628
0-6-4-7-0-0-1-1-0-2-2-3-0-0-1 277704 0.085529 0.001826 0.052839 0.020285
0-6-4-7-0-0-1-1-0-2-2-3-0-2-2 13954551 0.908355 0.79504 0.014789 0.021553
0-6-4-7-0-0-1-1-0-2-2-3-0-4-3 264547769 0.142254 0.090994 0.014456 0.024815
0-6-4-7-0-0-1-1-0-2-2-3-0-6-4 15794415 0.060272 0.005981 0.015626 0.025177
0-6-4-7-0-0-1-1-0-4-3-5-0-0-1 277704 0.051155 0.002278 0.013636 0.024211
0-6-4-7-0-0-1-1-0-4-3-5-0-2-2 13954585 0.074246 0.008864 0.016875 0.024214
0-6-4-7-0-0-1-1-0-4-3-5-0-4-3 264544959 0.14545 0.090292 0.014487 0.027514
0-6-4-7-0-0-1-1-0-4-3-5-0-6-4 15794415 0.063894 0.008238 0.018844 0.026651
0-6-4-7-0-0-1-1-0-6-4-7-0-0-1 277704 0.050846 0.001874 0.014137 0.024804
0-6-4-7-0-0-1-1-0-6-4-7-0-2-2 13954626 0.112491 0.006246 0.01359 0.024489
0-6-4-7-0-0-1-1-0-6-4-7-0-4-3 264547773 0.146411 0.094228 0.012312 0.028098
0-6-4-7-0-0-1-1-0-6-4-7-0-6-4 15794415 0.058107 0.007103 0.014188 0.026977
0-6-4-7-0-2-2-3-0-0-1-1-0-0-1 277704 0.070107 0.002067 0.017999 0.021341
0-6-4-7-0-2-2-3-0-0-1-1-0-2-2 13954626 0.115282 0.00741 0.017291 0.024888
0-6-4-7-0-2-2-3-0-0-1-1-0-4-3 264547773 0.166507 0.069671 0.022555 0.033023
0-6-4-7-0-2-2-3-0-0-1-1-0-6-4 15794415 0.075264 0.008427 0.017479 0.026456
0-6-4-7-0-2-2-3-0-2-2-3-0-0-1 277704 0.091372 0.002931 0.055748 0.020804
0-6-4-7-0-2-2-3-0-2-2-3-0-2-2 6345795 0.658705 0.550714 0.016234 0.023783
0-6-4-7-0-2-2-3-0-2-2-3-0-4-3 254483838 1.43284 1.36617 0.014182 0.024609
0-6-4-7-0-2-2-3-0-2-2-3-0-6-4 15792946 0.138006 0.012199 0.020047 0.029866
0-6-4-7-0-2-2-3-0-4-3-5-0-0-1 277704 0.087216 0.005793 0.023056 0.031133
0-6-4-7-0-2-2-3-0-4-3-5-0-2-2 13954585 0.104189 0.014068 0.019527 0.033806
0-6-4-7-0-2-2-3-0-4-3-5-0-4-3 262665496 2.99872 2.90076 0.020921 0.03932
0-6-4-7-0-2-2-3-0-4-3-5-0-6-4 15794415 0.108644 0.039887 0.014285 0.027445
0-6-4-7-0-2-2-3-0-6-4-7-0-0-1 277704 0.054552 0.002504 0.013468 0.024651
0-6-4-7-0-2-2-3-0-6-4-7-0-2-2 13954626 0.055704 0.00633 0.013505 0.024896
0-6-4-7-0-2-2-3-0-6-4-7-0-4-3 264547773 4.79244 4.72 0.012136 0.028396
0-6-4-7-0-2-2-3-0-6-4-7-0-6-4 15794415 0.103008 0.009109 0.012123 0.027756
0-6-4-7-0-4-3-5-0-0-1-1-0-0-1 277701 0.067873 0.003205 0.028322 0.023599
0-6-4-7-0-4-3-5-0-0-1-1-0-2-2 13954618 0.066131 0.006283 0.022884 0.024396
0-6-4-7-0-4-3-5-0-0-1-1-0-4-3 264546039 0.142262 0.079187 0.022379 0.025788
0-6-4-7-0-4-3-5-0-0-1-1-0-6-4 15794415 0.06847 0.006914 0.023829 0.025309
0-6-4-7-0-4-3-5-0-2-2-3-0-0-1 277704 0.067126 0.003807 0.019327 0.022324
0-6-4-7-0-4-3-5-0-2-2-3-0-2-2 13891951 0.062097 0.008097 0.017928 0.023377
0-6-4-7-0-4-3-5-0-2-2-3-0-4-3 264545893 0.121283 0.065093 0.017707 0.025364
0-6-4-7-0-4-3-5-0-2-2-3-0-6-4 15794415 0.104091 0.034931 0.018076 0.025118
0-6-4-7-0-4-3-5-0-4-3-5-0-0-1 277704 0.072999 0.004668 0.025904 0.025937
0-6-4-7-0-4-3-5-0-4-3-5-0-2-2 13954598 0.143207 0.028523 0.019821 0.027203
0-6-4-7-0-4-3-5-0-4-3-5-0-4-3 253260419 0.185836 0.112605 0.024792 0.029688
0-6-4-7-0-4-3-5-0-4-3-5-0-6-4 15794415 0.125848 0.044714 0.02321 0.032371
0-6-4-7-0-4-3-5-0-6-4-7-0-0-1 277704 0.080659 0.004888 0.022692 0.028803
0-6-4-7-0-4-3-5-0-6-4-7-0-2-2 13954626 0.106573 0.035663 0.021467 0.030492
0-6-4-7-0-4-3-5-0-6-4-7-0-4-3 264547770 0.173549 0.096509 0.021059 0.03225
0-6-4-7-0-4-3-5-0-6-4-7-0-6-4 15794415 0.112654 0.048993 0.020766 0.029398
0-6-4-7-0-6-4-7-0-0-1-1-0-0-1 277704 0.052793 0.002626 0.014887 0.022821
0-6-4-7-0-6-4-7-0-0-1-1-0-2-2 13954626 0.058681 0.0056 0.014658 0.026373
0-6-4-7-0-6-4-7-0-0-1-1-0-4-3 264547773 0.137055 0.083295 0.014213 0.026174
0-6-4-7-0-6-4-7-0-0-1-1-0-6-4 15794415 0.0558 0.006188 0.014386 0.023941
0-6-4-7-0-6-4-7-0-2-2-3-0-0-1 277704 0.057549 0.003164 0.019958 0.021392
0-6-4-7-0-6-4-7-0-2-2-3-0-2-2 13954431 0.056028 0.006285 0.015541 0.022581
0-6-4-7-0-6-4-7-0-2-2-3-0-4-3 264547772 0.124545 0.073143 0.016045 0.023825
0-6-4-7-0-6-4-7-0-2-2-3-0-6-4 15794415 0.057219 0.008809 0.015277 0.02281
0-6-4-7-0-6-4-7-0-4-3-5-0-0-1 277704 0.068513 0.004197 0.022803 0.024897
0-6-4-7-0-6-4-7-0-4-3-5-0-2-2 13954626 0.066303 0.01089 0.015804 0.026238
0-6-4-7-0-6-4-7-0-4-3-5-0-4-3 264542880 0.187824 0.126717 0.021062 0.026515
0-6-4-7-0-6-4-7-0-4-3-5-0-6-4 15794415 0.111411 0.051614 0.018771 0.028598
0-6-4-7-0-6-4-7-0-6-4-7-0-0-1 277704 0.055955 0.003462 0.015038 0.025252
0-6-4-7-0-6-4-7-0-6-4-7-0-2-2 13954626 0.062511 0.008965 0.015244 0.02629
0-6-4-7-0-6-4-7-0-6-4-7-0-4-3 264547773 0.150217 0.095864 0.015206 0.026941
0-6-4-7-0-6-4-7-0-6-4-7-0-6-4 15794415 0.067582 0.012058 0.016551 0.028029
1-1-0-0-1-1-0-0-1-1-0-0-1-1-0 34713 0.040915 0.00063 0.010277 0.021432
1-1-0-0-1-1-0-0-1-1-0-2-2-3-0 269979 0.051902 0.001378 0.013883 0.026729
1-1-0-0-1-1-0-0-1-1-0-4-3-5-0 125547 0.052334 0.001555 0.010584 0.030244
1-1-0-0-1-1-0-0-1-1-0-6-4-7-0 277619 0.047614 0.001702 0.009028 0.027681
1-1-0-0-1-1-0-2-2-3-0-0-1-1-0 277704 0.064939 0.001452 0.033583 0.022146
1-1-0-0-1-1-0-2-2-3-0-2-2-3-0 269979 0.045514 0.001119 0.012467 0.023425
1-1-0-0-1-1-0-2-2-3-0-4-3-5-0 277597 0.052435 0.002073 0.012514 0.028324
1-1-0-0-1-1-0-2-2-3-0-6-4-7-0 277704 0.048848 0.001525 0.008148 0.031065
1-1-0-0-1-1-0-4-3-5-0-0-1-1-0 277704 0.047813 0.001137 0.012874 0.025531
1-1-0-0-1-1-0-4-3-5-0-2-2-3-0 277212 0.047487 0.001637 0.01071 0.025993
1-1-0-0-1-1-0-4-3-5-0-4-3-5-0 273654 0.060621 0.003424 0.016011 0.031004
1-1-0-0-1-1-0-4-3-5-0-6-4-7-0 277701 0.060763 0.00308 0.02065 0.028007
1-1-0-0-1-1-0-6-4-7-0-0-1-1-0 277704 0.045253 0.000952 0.010781 0.024113
1-1-0-0-1-1-0-6-4-7-0-2-2-3-0 277704 0.046134 0.001474 0.010066 0.02486
1-1-0-0-1-1-0-6-4-7-0-4-3-5-0 277700 0.054634 0.007153 0.009488 0.029185
1-1-0-0-1-1-0-6-4-7-0-6-4-7-0 277704 0.050789 0.002618 0.010208 0.028392
1-1-0-2-2-3-0-0-1-1-0-0-1-1-0 277704 0.079078 0.000772 0.046252 0.024057
1-1-0-2-2-3-0-0-1-1-0-2-2-3-0 277704 0.081301 0.001031 0.048951 0.02336
1-1-0-2-2-3-0-0-1-1-0-4-3-5-0 277704 0.088502 0.002147 0.045346 0.031127
1-1-0-2-2-3-0-0-1-1-0-6-4-7-0 277704 0.084178 0.00214 0.042246 0.031023
1-1-0-2-2-3-0-2-2-3-0-0-1-1-0 277704 0.080419 0.000773 0.048572 0.022354
1-1-0-2-2-3-0-2-2-3-0-2-2-3-0 269979 0.07874 0.001023 0.043461 0.024585
1-1-0-2-2-3-0-2-2-3-0-4-3-5-0 277597 0.064463 0.002042 0.025931 0.027463
1-1-0-2-2-3-0-2-2-3-0-6-4-7-0 277704 0.086249 0.002586 0.045277 0.029224
1-1-0-2-2-3-0-4-3-5-0-0-1-1-0 277704 0.050873 0.001087 0.011933 0.026633
1-1-0-2-2-3-0-4-3-5-0-2-2-3-0 277704 0.051278 0.001741 0.010661 0.027073
1-1-0-2-2-3-0-4-3-5-0-4-3-5-0 277611 0.059553 0.004529 0.011726 0.031894
1-1-0-2-2-3-0-4-3-5-0-6-4-7-0 277704 0.055709 0.003537 0.010892 0.031017
1-1-0-2-2-3-0-6-4-7-0-0-1-1-0 277704 0.048322 0.000909 0.011267 0.025662
1-1-0-2-2-3-0-6-4-7-0-2-2-3-0 277704 0.051152 0.001307 0.01071 0.027198
1-1-0-2-2-3-0-6-4-7-0-4-3-5-0 277704 0.053285 0.003388 0.009405 0.030942
1-1-0-2-2-3-0-6-4-7-0-6-4-7-0 277704 0.054333 0.00295 0.011061 0.031082
1-1-0-4-3-5-0-0-1-1-0-0-1-1-0 277704 0.047944 0.001308 0.009819 0.025988
1-1-0-4-3-5-0-0-1-1-0-2-2-3-0 277704 0.048416 0.001465 0.01136 0.025263
1-1-0-4-3-5-0-0-1-1-0-4-3-5-0 277704 0.050601 0.002489 0.009392 0.029568
1-1-0-4-3-5-0-0-1-1-0-6-4-7-0 277704 0.050931 0.00195 0.009041 0.030953
1-1-0-4-3-5-0-2-2-3-0-0-1-1-0 277704 0.053363 0.001466 0.014267 0.026146
1-1-0-4-3-5-0-2-2-3-0-2-2-3-0 277212 0.050703 0.001552 0.015279 0.024567
1-1-0-4-3-5-0-2-2-3-0-4-3-5-0 277704 0.056137 0.002568 0.014725 0.028057
1-1-0-4-3-5-0-2-2-3-0-6-4-7-0 277704 0.05652 0.003381 0.013602 0.028591
1-1-0-4-3-5-0-4-3-5-0-0-1-1-0 277704 0.065694 0.002854 0.020491 0.02797
1-1-0-4-3-5-0-4-3-5-0-2-2-3-0 277704 0.061247 0.003165 0.018683 0.028709
1-1-0-4-3-5-0-4-3-5-0-4-3-5-0 274950 0.070185 0.005509 0.024537 0.031142
1-1-0-4-3-5-0-4-3-5-0-6-4-7-0 277704 0.066887 0.005265 0.019688 0.032059
1-1-0-4-3-5-0-6-4-7-0-0-1-1-0 277704 0.055261 0.002301 0.016821 0.027236
1-1-0-4-3-5-0-6-4-7-0-2-2-3-0 277704 0.058907 0.002627 0.017945 0.027792
1-1-0-4-3-5-0-6-4-7-0-4-3-5-0 277704 0.061892 0.004891 0.016956 0.031308
1-1-0-4-3-5-0-6-4-7-0-6-4-7-0 277704 0.062182 0.00388 0.01702 0.031783
1-1-0-6-4-7-0-0-1-1-0-0-1-1-0 277704 0.043679 0.001 0.010339 0.023857
1-1-0-6-4-7-0-0-1-1-0-2-2-3-0 277704 0.046861 0.001364 0.013823 0.022786
1-1-0-6-4-7-0-0-1-1-0-4-3-5-0 277704 0.049341 0.002064 0.010234 0.027515
1-1-0-6-4-7-0-0-1-1-0-6-4-7-0 277704 0.051397 0.003361 0.009568 0.027763
1-1-0-6-4-7-0-2-2-3-0-0-1-1-0 277704 0.048504 0.001111 0.015078 0.022178
1-1-0-6-4-7-0-2-2-3-0-2-2-3-0 277704 0.046227 0.001243 0.013241 0.022854
1-1-0-6-4-7-0-2-2-3-0-4-3-5-0 277704 0.052097 0.002053 0.010384 0.027385
1-1-0-6-4-7-0-2-2-3-0-6-4-7-0 277704 0.049617 0.002421 0.009513 0.027507
1-1-0-6-4-7-0-4-3-5-0-0-1-1-0 277704 0.063671 0.00253 0.023048 0.025911
1-1-0-6-4-7-0-4-3-5-0-2-2-3-0 277704 0.057417 0.003595 0.014769 0.027174
1-1-0-6-4-7-0-4-3-5-0-4-3-5-0 277700 0.06532 0.006182 0.016895 0.031276
1-1-0-6-4-7-0-4-3-5-0-6-4-7-0 277704 0.065054 0.007094 0.014919 0.030607
1-1-0-6-4-7-0-6-4-7-0-0-1-1-0 277704 0.048048 0.001748 0.012313 0.025082
1-1-0-6-4-7-0-6-4-7-0-2-2-3-0 277704 0.048852 0.002279 0.011741 0.025432
1-1-0-6-4-7-0-6-4-7-0-4-3-5-0 277704 0.054325 0.004368 0.011329 0.03003
1-1-0-6-4-7-0-6-4-7-0-6-4-7-0 277704 0.0553 0.003874 0.011478 0.028737
2-3-0-0-1-1-0-0-1-1-0-0-1-1-0 11426723 0.045499 0.002028 0.013355 0.02112
2-3-0-0-1-1-0-0-1-1-0-2-2-3-0 13942082 0.045182 0.004015 0.012332 0.021021
2-3-0-0-1-1-0-0-1-1-0-4-3-5-0 13103489 0.047254 0.004096 0.010165 0.025012
2-3-0-0-1-1-0-0-1-1-0-6-4-7-0 13954551 0.054004 0.009484 0.011709 0.024845
2-3-0-0-1-1-0-2-2-3-0-0-1-1-0 13954626 0.06574 0.00383 0.034468 0.01965
2-3-0-0-1-1-0-2-2-3-0-2-2-3-0 13942082 0.045356 0.004064 0.013816 0.019896
2-3-0-0-1-1-0-2-2-3-0-4-3-5-0 13954538 0.07887 0.028087 0.01497 0.025341
2-3-0-0-1-1-0-2-2-3-0-6-4-7-0 13954626 0.057498 0.009155 0.010308 0.029
2-3-0-0-1-1-0-4-3-5-0-0-1-1-0 13954626 0.053536 0.004642 0.016945 0.023387
2-3-0-0-1-1-0-4-3-5-0-2-2-3-0 13953539 0.052118 0.004891 0.011663 0.02534
2-3-0-0-1-1-0-4-3-5-0-4-3-5-0 13920168 0.061368 0.006591 0.01662 0.029155
2-3-0-0-1-1-0-4-3-5-0-6-4-7-0 13954618 0.067832 0.012433 0.019086 0.027333
2-3-0-0-1-1-0-6-4-7-0-0-1-1-0 13954626 0.046483 0.004011 0.011131 0.023238
2-3-0-0-1-1-0-6-4-7-0-2-2-3-0 13954626 0.047937 0.004337 0.010262 0.023844
2-3-0-0-1-1-0-6-4-7-0-4-3-5-0 13954622 0.053801 0.006724 0.010318 0.027247
2-3-0-0-1-1-0-6-4-7-0-6-4-7-0 13954626 0.055571 0.009921 0.010074 0.02706
2-3-0-2-2-3-0-0-1-1-0-0-1-1-0 11426723 0.505333 0.447301 0.013821 0.021185
2-3-0-2-2-3-0-0-1-1-0-2-2-3-0 13942082 0.558378 0.411594 0.012492 0.025213
2-3-0-2-2-3-0-0-1-1-0-4-3-5-0 13103489 1.52108 1.3757 0.011224 0.030849
2-3-0-2-2-3-0-0-1-1-0-6-4-7-0 13954551 1.03111 0.923004 0.008748 0.029164
2-3-0-2-2-3-0-2-2-3-0-0-1-1-0 11426723 0.065298 0.00349 0.029606 0.02384
2-3-0-2-2-3-0-2-2-3-0-2-2-3-0 34713 0.156455 0.007913 0.011192 0.0217
2-3-0-2-2-3-0-2-2-3-0-4-3-5-0 1807215 0.054973 0.002224 0.010398 0.028891
2-3-0-2-2-3-0-2-2-3-0-6-4-7-0 6345795 0.851027 0.762536 0.011025 0.028717
2-3-0-2-2-3-0-4-3-5-0-0-1-1-0 13373259 0.149442 0.041917 0.013487 0.027383
2-3-0-2-2-3-0-4-3-5-0-2-2-3-0 12401496 0.094129 0.033105 0.011552 0.026628
2-3-0-2-2-3-0-4-3-5-0-4-3-5-0 12620533 0.071674 0.016873 0.011897 0.031604
2-3-0-2-2-3-0-4-3-5-0-6-4-7-0 13891951 0.070029 0.013107 0.013389 0.032121
2-3-0-2-2-3-0-6-4-7-0-0-1-1-0 13954626 0.047754 0.002473 0.009871 0.02656
2-3-0-2-2-3-0-6-4-7-0-2-2-3-0 13689497 0.17116 0.119181 0.00901 0.025886
2-3-0-2-2-3-0-6-4-7-0-4-3-5-0 13721768 0.077999 0.020497 0.008565 0.03377
2-3-0-2-2-3-0-6-4-7-0-6-4-7-0 13954431 0.059561 0.011775 0.00828 0.029878
2-3-0-4-3-5-0-0-1-1-0-0-1-1-0 13373259 0.049674 0.002891 0.010159 0.025328
2-3-0-4-3-5-0-0-1-1-0-2-2-3-0 13950086 0.854713 0.67445 0.012575 0.026323
2-3-0-4-3-5-0-0-1-1-0-4-3-5-0 13749399 0.108857 0.026701 0.010112 0.029419
2-3-0-4-3-5-0-0-1-1-0-6-4-7-0 13954585 0.061738 0.01088 0.008537 0.031982
2-3-0-4-3-5-0-2-2-3-0-0-1-1-0 13954626 0.137766 0.085448 0.012103 0.023333
2-3-0-4-3-5-0-2-2-3-0-2-2-3-0 12401496 0.056755 0.003515 0.011949 0.02583
2-3-0-4-3-5-0-2-2-3-0-4-3-5-0 13920727 0.075023 0.017308 0.011368 0.02841
2-3-0-4-3-5-0-2-2-3-0-6-4-7-0 13954585 0.063635 0.013025 0.010723 0.027959
2-3-0-4-3-5-0-4-3-5-0-0-1-1-0 13954626 0.067143 0.004212 0.019726 0.028028
2-3-0-4-3-5-0-4-3-5-0-2-2-3-0 13942369 0.307595 0.204469 0.013649 0.029063
2-3-0-4-3-5-0-4-3-5-0-4-3-5-0 13780903 0.106868 0.040706 0.018803 0.033162
2-3-0-4-3-5-0-4-3-5-0-6-4-7-0 13954598 0.095779 0.034684 0.014069 0.033539
2-3-0-4-3-5-0-6-4-7-0-0-1-1-0 13954626 0.057398 0.004161 0.01085 0.027699
2-3-0-4-3-5-0-6-4-7-0-2-2-3-0 13953921 0.271979 0.214666 0.010225 0.028053
2-3-0-4-3-5-0-6-4-7-0-4-3-5-0 13953164 0.088984 0.034543 0.009719 0.032641
2-3-0-4-3-5-0-6-4-7-0-6-4-7-0 13954626 0.069275 0.015941 0.008832 0.032455
2-3-0-6-4-7-0-0-1-1-0-0-1-1-0 13954626 0.047128 0.002693 0.011107 0.023677
2-3-0-6-4-7-0-0-1-1-0-2-2-3-0 13954626 0.637408 0.555161 0.01339 0.022429
2-3-0-6-4-7-0-0-1-1-0-4-3-5-0 13954626 0.062827 0.006286 0.01083 0.027611
2-3-0-6-4-7-0-0-1-1-0-6-4-7-0 13954626 0.069771 0.01309 0.009436 0.027436
2-3-0-6-4-7-0-2-2-3-0-0-1-1-0 13954626 0.103756 0.002713 0.013439 0.022336
2-3-0-6-4-7-0-2-2-3-0-2-2-3-0 13689497 0.466071 0.381576 0.01568 0.021658
2-3-0-6-4-7-0-2-2-3-0-4-3-5-0 13952209 0.120938 0.017009 0.011921 0.026069
2-3-0-6-4-7-0-2-2-3-0-6-4-7-0 13954626 0.076692 0.016744 0.011557 0.026028
2-3-0-6-4-7-0-4-3-5-0-0-1-1-0 13954626 0.070197 0.004161 0.024133 0.025712
2-3-0-6-4-7-0-4-3-5-0-2-2-3-0 13954500 0.323406 0.244583 0.016284 0.025527
2-3-0-6-4-7-0-4-3-5-0-4-3-5-0 13850279 0.114461 0.045613 0.021782 0.033694
2-3-0-6-4-7-0-4-3-5-0-6-4-7-0 13954626 0.108006 0.043157 0.016533 0.031124
2-3-0-6-4-7-0-6-4-7-0-0-1-1-0 13954626 0.05156 0.003395 0.012644 0.025106
2-3-0-6-4-7-0-6-4-7-0-2-2-3-0 13954626 0.26843 0.213115 0.013282 0.025006
2-3-0-6-4-7-0-6-4-7-0-4-3-5-0 13954620 0.086549 0.033843 0.011743 0.029389
2-3-0-6-4-7-0-6-4-7-0-6-4-7-0 13954626 0.0695 0.017196 0.01166 0.029378
3-5-0-0-1-1-0-0-1-1-0-0-1-1-0 66667832 0.054185 0.010541 0.011674 0.023568
3-5-0-0-1-1-0-0-1-1-0-2-2-3-0 261068775 0.094732 0.050337 0.011258 0.022903
3-5-0-0-1-1-0-0-1-1-0-4-3-5-0 159103520 0.084281 0.03553 0.011358 0.027004
3-5-0-0-1-1-0-0-1-1-0-6-4-7-0 264520476 0.098272 0.050954 0.010919 0.026689
3-5-0-0-1-1-0-2-2-3-0-0-1-1-0 264547773 0.116171 0.049257 0.035898 0.022409
3-5-0-0-1-1-0-2-2-3-0-2-2-3-0 261068775 0.224764 0.145657 0.012634 0.024552
3-5-0-0-1-1-0-2-2-3-0-4-3-5-0 264505054 0.576596 0.516944 0.01093 0.029444
3-5-0-0-1-1-0-2-2-3-0-6-4-7-0 264547773 0.24016 0.183058 0.011732 0.032042
3-5-0-0-1-1-0-4-3-5-0-0-1-1-0 264547773 0.101939 0.050239 0.015542 0.025735
3-5-0-0-1-1-0-4-3-5-0-2-2-3-0 264335304 0.100176 0.049768 0.012526 0.027464
3-5-0-0-1-1-0-4-3-5-0-4-3-5-0 261568906 0.111805 0.051446 0.017797 0.03231
3-5-0-0-1-1-0-4-3-5-0-6-4-7-0 264546039 0.114859 0.05325 0.022426 0.029662
3-5-0-0-1-1-0-6-4-7-0-0-1-1-0 264547773 0.093662 0.047991 0.011937 0.0251
3-5-0-0-1-1-0-6-4-7-0-2-2-3-0 264547773 0.098317 0.050733 0.011697 0.026609
3-5-0-0-1-1-0-6-4-7-0-4-3-5-0 264547070 0.105703 0.054863 0.011335 0.030019
3-5-0-0-1-1-0-6-4-7-0-6-4-7-0 264547773 0.103903 0.05495 0.011647 0.028032
3-5-0-2-2-3-0-0-1-1-0-0-1-1-0 262992233 0.666094 0.605137 0.012399 0.023075
3-5-0-2-2-3-0-0-1-1-0-2-2-3-0 264546361 0.490866 0.413837 0.01614 0.023223
3-5-0-2-2-3-0-0-1-1-0-4-3-5-0 264299335 1.54218 1.43859 0.013501 0.030066
3-5-0-2-2-3-0-0-1-1-0-6-4-7-0 264547769 1.18491 1.10731 0.011674 0.031095
3-5-0-2-2-3-0-2-2-3-0-0-1-1-0 262992233 0.16734 0.084765 0.013237 0.027928
3-5-0-2-2-3-0-2-2-3-0-2-2-3-0 18178411 0.129874 0.009775 0.011847 0.024272
3-5-0-2-2-3-0-2-2-3-0-4-3-5-0 186718068 0.124896 0.057107 0.009799 0.028961
3-5-0-2-2-3-0-2-2-3-0-6-4-7-0 254483838 1.02864 0.951106 0.010768 0.029675
3-5-0-2-2-3-0-4-3-5-0-0-1-1-0 264534436 0.229343 0.098437 0.014341 0.028544
3-5-0-2-2-3-0-4-3-5-0-2-2-3-0 263938876 0.20275 0.12704 0.012752 0.027636
3-5-0-2-2-3-0-4-3-5-0-4-3-5-0 260987845 0.18565 0.121735 0.015873 0.035099
3-5-0-2-2-3-0-4-3-5-0-6-4-7-0 264545893 0.251278 0.193514 0.013285 0.031702
3-5-0-2-2-3-0-6-4-7-0-0-1-1-0 264547773 0.146396 0.092551 0.010381 0.027409
3-5-0-2-2-3-0-6-4-7-0-2-2-3-0 264526605 1.86857 1.80164 0.009829 0.027945
3-5-0-2-2-3-0-6-4-7-0-4-3-5-0 264348044 0.155961 0.104069 0.009514 0.031438
3-5-0-2-2-3-0-6-4-7-0-6-4-7-0 264547772 0.230771 0.178423 0.008284 0.031526
3-5-0-4-3-5-0-0-1-1-0-0-1-1-0 242448037 0.094184 0.04189 0.015418 0.025317
3-5-0-4-3-5-0-0-1-1-0-2-2-3-0 264223483 0.890175 0.79273 0.015968 0.024567
3-5-0-4-3-5-0-0-1-1-0-4-3-5-0 254223236 0.148277 0.073488 0.017812 0.030154
3-5-0-4-3-5-0-0-1-1-0-6-4-7-0 264544959 0.132006 0.076887 0.014529 0.028771
3-5-0-4-3-5-0-2-2-3-0-0-1-1-0 264272027 1.62789 1.50596 0.018452 0.024384
3-5-0-4-3-5-0-2-2-3-0-2-2-3-0 223199128 3.69894 3.62268 0.019801 0.025697
3-5-0-4-3-5-0-2-2-3-0-4-3-5-0 256552028 0.344882 0.255354 0.014849 0.026059
3-5-0-4-3-5-0-2-2-3-0-6-4-7-0 262665496 1.84333 1.76881 0.016059 0.026995
3-5-0-4-3-5-0-4-3-5-0-0-1-1-0 254851812 2.08613 1.93766 0.026035 0.027208
3-5-0-4-3-5-0-4-3-5-0-2-2-3-0 252870735 3.22619 3.1155 0.018614 0.027767
3-5-0-4-3-5-0-4-3-5-0-4-3-5-0 249802666 1.7292 1.62642 0.027464 0.033041
3-5-0-4-3-5-0-4-3-5-0-6-4-7-0 253260419 0.262258 0.17452 0.020939 0.030865
3-5-0-4-3-5-0-6-4-7-0-0-1-1-0 264536355 2.60109 2.53593 0.019172 0.02625
3-5-0-4-3-5-0-6-4-7-0-2-2-3-0 261395656 1.70256 1.62691 0.018991 0.026946
3-5-0-4-3-5-0-6-4-7-0-4-3-5-0 263215652 2.38046 2.3091 0.018023 0.031905
3-5-0-4-3-5-0-6-4-7-0-6-4-7-0 264542880 0.292348 0.217112 0.017212 0.03311
3-5-0-6-4-7-0-0-1-1-0-0-1-1-0 264536355 0.095669 0.045794 0.013438 0.023726
3-5-0-6-4-7-0-0-1-1-0-2-2-3-0 264547768 0.823635 0.761082 0.014146 0.023109
3-5-0-6-4-7-0-0-1-1-0-4-3-5-0 264545622 0.128427 0.073153 0.012227 0.031023
3-5-0-6-4-7-0-0-1-1-0-6-4-7-0 264547773 0.131252 0.079553 0.011294 0.028397
3-5-0-6-4-7-0-2-2-3-0-0-1-1-0 264547773 0.722668 0.608951 0.016056 0.022956
3-5-0-6-4-7-0-2-2-3-0-2-2-3-0 258664239 0.634445 0.497693 0.015924 0.023024
3-5-0-6-4-7-0-2-2-3-0-4-3-5-0 264488100 1.8588 1.75813 0.018758 0.038555
3-5-0-6-4-7-0-2-2-3-0-6-4-7-0 264547773 3.60474 3.52567 0.012916 0.0271
3-5-0-6-4-7-0-4-3-5-0-0-1-1-0 264547773 1.39581 1.30437 0.024515 0.02589
3-5-0-6-4-7-0-4-3-5-0-2-2-3-0 264545259 1.66432 1.52211 0.017279 0.026579
3-5-0-6-4-7-0-4-3-5-0-4-3-5-0 263135171 1.39613 1.32481 0.020102 0.032088
3-5-0-6-4-7-0-4-3-5-0-6-4-7-0 264547770 0.292308 0.213535 0.018751 0.03147
3-5-0-6-4-7-0-6-4-7-0-0-1-1-0 264547773 1.38403 1.31184 0.019322 0.037066
3-5-0-6-4-7-0-6-4-7-0-2-2-3-0 264547767 1.75172 1.69239 0.013488 0.026084
3-5-0-6-4-7-0-6-4-7-0-4-3-5-0 264547650 2.54683 2.48818 0.01301 0.030678
3-5-0-6-4-7-0-6-4-7-0-6-4-7-0 264547773 0.244561 0.188865 0.012532 0.030175
4-7-0-0-1-1-0-0-1-1-0-0-1-1-0 15626706 0.045295 0.002695 0.011329 0.022418
4-7-0-0-1-1-0-0-1-1-0-2-2-3-0 15794087 0.048177 0.005129 0.012495 0.022414
4-7-0-0-1-1-0-0-1-1-0-4-3-5-0 15740985 0.051124 0.005373 0.009951 0.0261
4-7-0-0-1-1-0-0-1-1-0-6-4-7-0 15794415 0.055304 0.010823 0.009712 0.025524
4-7-0-0-1-1-0-2-2-3-0-0-1-1-0 15794415 0.067911 0.005021 0.034183 0.020862
4-7-0-0-1-1-0-2-2-3-0-2-2-3-0 15794087 0.048501 0.005119 0.013785 0.021059
4-7-0-0-1-1-0-2-2-3-0-4-3-5-0 15794415 0.088579 0.035677 0.014046 0.02806
4-7-0-0-1-1-0-2-2-3-0-6-4-7-0 15794415 0.059461 0.010524 0.010279 0.030265
4-7-0-0-1-1-0-4-3-5-0-0-1-1-0 15794415 0.054533 0.005594 0.014887 0.024355
4-7-0-0-1-1-0-4-3-5-0-2-2-3-0 15794372 0.05331 0.005935 0.011398 0.025526
4-7-0-0-1-1-0-4-3-5-0-4-3-5-0 15792180 0.063843 0.007466 0.016577 0.030246
4-7-0-0-1-1-0-4-3-5-0-6-4-7-0 15794415 0.068293 0.012002 0.019246 0.028201
4-7-0-0-1-1-0-6-4-7-0-0-1-1-0 15794415 0.051409 0.00531 0.011996 0.02507
4-7-0-0-1-1-0-6-4-7-0-2-2-3-0 15794415 0.049492 0.005441 0.010257 0.025062
4-7-0-0-1-1-0-6-4-7-0-4-3-5-0 15794415 0.056082 0.008153 0.010385 0.028494
4-7-0-0-1-1-0-6-4-7-0-6-4-7-0 15794415 0.058877 0.011664 0.01004 0.028011
4-7-0-2-2-3-0-0-1-1-0-0-1-1-0 15794415 0.045714 0.002492 0.013148 0.021487
4-7-0-2-2-3-0-0-1-1-0-2-2-3-0 15794415 0.049834 0.002658 0.014176 0.023419
4-7-0-2-2-3-0-0-1-1-0-4-3-5-0 15794415 0.064624 0.014091 0.011434 0.029173
4-7-0-2-2-3-0-0-1-1-0-6-4-7-0 15794415 0.059981 0.010469 0.009691 0.030186
4-7-0-2-2-3-0-2-2-3-0-0-1-1-0 15794415 0.103297 0.039833 0.032607 0.021653
4-7-0-2-2-3-0-2-2-3-0-2-2-3-0 10219172 0.060364 0.007851 0.013006 0.022692
4-7-0-2-2-3-0-2-2-3-0-4-3-5-0 15662521 0.063807 0.0155 0.010756 0.027425
4-7-0-2-2-3-0-2-2-3-0-6-4-7-0 15792946 0.969253 0.898851 0.01355 0.027292
4-7-0-2-2-3-0-4-3-5-0-0-1-1-0 15794415 0.196502 0.067564 0.016226 0.028206
4-7-0-2-2-3-0-4-3-5-0-2-2-3-0 15794338 0.3291 0.259617 0.011142 0.026556
4-7-0-2-2-3-0-4-3-5-0-4-3-5-0 15743848 0.103147 0.047006 0.011313 0.031872
4-7-0-2-2-3-0-4-3-5-0-6-4-7-0 15794415 0.102222 0.041595 0.011328 0.031504
4-7-0-2-2-3-0-6-4-7-0-0-1-1-0 15794415 0.095381 0.04989 0.010367 0.024837
4-7-0-2-2-3-0-6-4-7-0-2-2-3-0 15794414 0.188244 0.135124 0.009837 0.027074
4-7-0-2-2-3-0-6-4-7-0-4-3-5-0 15794371 0.089793 0.038462 0.00787 0.032749
4-7-0-2-2-3-0-6-4-7-0-6-4-7-0 15794415 0.063012 0.015901 0.007343 0.030246
4-7-0-4-3-5-0-0-1-1-0-0-1-1-0 15758734 0.0594 0.004359 0.019713 0.023842
4-7-0-4-3-5-0-0-1-1-0-2-2-3-0 15794374 0.9688 0.807891 0.017159 0.024562
4-7-0-4-3-5-0-0-1-1-0-4-3-5-0 15784512 0.138852 0.067298 0.014739 0.02901
4-7-0-4-3-5-0-0-1-1-0-6-4-7-0 15794415 0.068476 0.014017 0.013738 0.029118
4-7-0-4-3-5-0-2-2-3-0-0-1-1-0 15794415 0.198538 0.146844 0.01314 0.023071
4-7-0-4-3-5-0-2-2-3-0-2-2-3-0 15752999 0.054038 0.007143 0.012166 0.024275
4-7-0-4-3-5-0-2-2-3-0-4-3-5-0 15793767 0.07949 0.021733 0.013181 0.028545
4-7-0-4-3-5-0-2-2-3-0-6-4-7-0 15794415 0.096242 0.038399 0.01132 0.028975
4-7-0-4-3-5-0-4-3-5-0-0-1-1-0 15794415 0.069646 0.005884 0.020426 0.027538
4-7-0-4-3-5-0-4-3-5-0-2-2-3-0 15794351 0.119234 0.027903 0.011052 0.02969
4-7-0-4-3-5-0-4-3-5-0-4-3-5-0 15614461 0.13682 0.072096 0.018583 0.032331
4-7-0-4-3-5-0-4-3-5-0-6-4-7-0 15794415 0.119375 0.048691 0.01496 0.032786
4-7-0-4-3-5-0-6-4-7-0-0-1-1-0 15794415 0.063812 0.005714 0.014358 0.027039
4-7-0-4-3-5-0-6-4-7-0-2-2-3-0 15794415 0.089146 0.034533 0.013842 0.028147
4-7-0-4-3-5-0-6-4-7-0-4-3-5-0 15794412 0.113193 0.048677 0.013415 0.032403
4-7-0-4-3-5-0-6-4-7-0-6-4-7-0 15794415 0.116469 0.058715 0.012297 0.032213
4-7-0-6-4-7-0-0-1-1-0-0-1-1-0 15794415 0.048611 0.003732 0.011478 0.024155
4-7-0-6-4-7-0-0-1-1-0-2-2-3-0 15794415 0.763522 0.670585 0.012874 0.023201
4-7-0-6-4-7-0-0-1-1-0-4-3-5-0 15794415 0.060234 0.007223 0.010589 0.028236
4-7-0-6-4-7-0-0-1-1-0-6-4-7-0 15794415 0.060113 0.011601 0.009364 0.028702
4-7-0-6-4-7-0-2-2-3-0-0-1-1-0 15794415 0.782089 0.607368 0.016583 0.0213
4-7-0-6-4-7-0-2-2-3-0-2-2-3-0 15792398 0.555857 0.446359 0.014551 0.022806
4-7-0-6-4-7-0-2-2-3-0-4-3-5-0 15794397 0.121679 0.021811 0.012398 0.026742
4-7-0-6-4-7-0-2-2-3-0-6-4-7-0 15794415 0.085986 0.022293 0.013445 0.027371
4-7-0-6-4-7-0-4-3-5-0-0-1-1-0 15794415 0.082915 0.005551 0.030831 0.030632
4-7-0-6-4-7-0-4-3-5-0-2-2-3-0 15794413 0.386442 0.279693 0.015917 0.026331
4-7-0-6-4-7-0-4-3-5-0-4-3-5-0 15792097 0.148962 0.08371 0.020661 0.03085
4-7-0-6-4-7-0-4-3-5-0-6-4-7-0 15794415 0.12548 0.064565 0.016215 0.031703
4-7-0-6-4-7-0-6-4-7-0-0-1-1-0 15794415 0.055542 0.004649 0.012913 0.026273
4-7-0-6-4-7-0-6-4-7-0-2-2-3-0 15794415 0.203152 0.139305 0.013486 0.024955
4-7-0-6-4-7-0-6-4-7-0-4-3-5-0 15794415 0.101353 0.042223 0.011697 0.036113
4-7-0-6-4-7-0-6-4-7-0-6-4-7-0 15794415 0.071616 0.019511 0.012959 0.028608
