0-0-1-1-0-0-1-1-0-0-1-1-0 197321793 0.582219 0.541034 0.008136 0.022077
0-0-1-1-0-0-1-1-0-2-2-3-0 1180774212 0.659871 0.619453 0.007238 0.019887
0-0-1-1-0-0-1-1-0-4-3-5-0 612621062 0.298815 0.188392 0.00758 0.024666
0-0-1-1-0-0-1-1-0-6-4-7-0 1204757174 0.346223 0.268228 0.006021 0.022632
0-0-1-1-0-2-2-3-0-0-1-1-0 1204992369 0.268337 0.225731 0.009454 0.017711
0-0-1-1-0-2-2-3-0-2-2-3-0 1180774212 2.11727 1.98382 0.008856 0.018316
0-0-1-1-0-2-2-3-0-4-3-5-0 1204673267 0.866428 0.797024 0.006193 0.019952
0-0-1-1-0-2-2-3-0-6-4-7-0 1204992369 0.643678 0.574581 0.004559 0.025178
0-0-1-1-0-4-3-5-0-0-1-1-0 1204992369 0.254648 0.188662 0.009443 0.023946
0-0-1-1-0-4-3-5-0-2-2-3-0 1203474062 4.36643 4.29257 0.006617 0.020369
0-0-1-1-0-4-3-5-0-4-3-5-0 1188779139 1.55049 1.44838 0.010801 0.028412
0-0-1-1-0-4-3-5-0-6-4-7-0 1204981110 0.577736 0.506331 0.011839 0.022791
0-0-1-1-0-6-4-7-0-0-1-1-0 1204992369 8.01317 7.94686 0.008073 0.020804
0-0-1-1-0-6-4-7-0-2-2-3-0 1204992369 5.34096 5.16998 0.006794 0.023308
0-0-1-1-0-6-4-7-0-4-3-5-0 1204980951 6.89529 6.83139 0.006569 0.024107
0-0-1-1-0-6-4-7-0-6-4-7-0 1204992369 0.623528 0.557382 0.007241 0.024644
0-2-2-3-0-0-1-1-0-0-1-1-0 1180774212 0.245408 0.205154 0.006693 0.016674
0-2-2-3-0-0-1-1-0-2-2-3-0 1204961287 0.191259 0.155566 0.007685 0.017988
0-2-2-3-0-0-1-1-0-4-3-5-0 1199591762 0.73978 0.681124 0.005336 0.022192
0-2-2-3-0-0-1-1-0-6-4-7-0 1204992254 0.525225 0.473473 0.004084 0.023525
0-2-2-3-0-2-2-3-0-0-1-1-0 1180774212 2.3952 2.16507 0.007026 0.01786
0-2-2-3-0-2-2-3-0-2-2-3-0 13786567 0.096608 0.043664 0.005076 0.020023
0-2-2-3-0-2-2-3-0-4-3-5-0 449954072 0.262367 0.180667 0.004828 0.021609
0-2-2-3-0-2-2-3-0-6-4-7-0 983207857 0.494384 0.4081 0.005212 0.023293
0-2-2-3-0-4-3-5-0-0-1-1-0 1203474062 4.53239 4.45375 0.006153 0.024022
0-2-2-3-0-4-3-5-0-2-2-3-0 1188978725 2.35252 2.29291 0.005904 0.021429
0-2-2-3-0-4-3-5-0-4-3-5-0 1175109253 3.95882 3.84171 0.004558 0.027768
0-2-2-3-0-4-3-5-0-6-4-7-0 1204910770 0.909473 0.771204 0.007325 0.025563
0-2-2-3-0-6-4-7-0-0-1-1-0 1204992369 5.49733 5.35987 0.007563 0.024901
0-2-2-3-0-6-4-7-0-2-2-3-0 1203886581 3.7668 3.62594 0.006276 0.021773
0-2-2-3-0-6-4-7-0-4-3-5-0 1200535872 4.85114 4.73703 0.005124 0.025413
0-2-2-3-0-6-4-7-0-6-4-7-0 1204992090 0.869314 0.742828 0.005021 0.028368
0-4-3-5-0-0-1-1-0-0-1-1-0 612621062 0.171614 0.086468 0.010417 0.021854
0-4-3-5-0-0-1-1-0-2-2-3-0 1199591762 0.449831 0.397728 0.008682 0.021516
0-4-3-5-0-0-1-1-0-4-3-5-0 949804367 0.25813 0.165334 0.009048 0.026426
0-4-3-5-0-0-1-1-0-6-4-7-0 1204952695 0.289336 0.213743 0.006668 0.022698
0-4-3-5-0-2-2-3-0-0-1-1-0 1204673267 0.431947 0.375636 0.010269 0.022034
0-4-3-5-0-2-2-3-0-2-2-3-0 449954072 0.154629 0.072485 0.009936 0.021264
0-4-3-5-0-2-2-3-0-4-3-5-0 1162370235 0.366748 0.31744 0.008569 0.021737
0-4-3-5-0-2-2-3-0-6-4-7-0 1202640776 0.999798 0.908666 0.005238 0.02224
0-4-3-5-0-4-3-5-0-0-1-1-0 1188779139 1.253 1.15763 0.013926 0.026508
0-4-3-5-0-4-3-5-0-2-2-3-0 1175109253 3.69128 3.5996 0.010023 0.024307
0-4-3-5-0-4-3-5-0-4-3-5-0 1160779883 0.614099 0.520869 0.011872 0.024858
0-4-3-5-0-4-3-5-0-6-4-7-0 1190875501 0.712767 0.545576 0.010378 0.026037
0-4-3-5-0-6-4-7-0-0-1-1-0 1204980951 6.98828 6.91788 0.008017 0.020799
0-4-3-5-0-6-4-7-0-2-2-3-0 1200535872 4.58626 4.47289 0.008814 0.021883
0-4-3-5-0-6-4-7-0-4-3-5-0 1201668973 5.94568 5.81594 0.008138 0.025951
0-4-3-5-0-6-4-7-0-6-4-7-0 1204987114 0.677042 0.551977 0.007249 0.026442
0-6-4-7-0-0-1-1-0-0-1-1-0 1204757174 0.355125 0.301525 0.008517 0.019536
0-6-4-7-0-0-1-1-0-2-2-3-0 1204992254 0.30674 0.262241 0.008883 0.019239
0-6-4-7-0-0-1-1-0-4-3-5-0 1204952695 0.359454 0.28729 0.008474 0.022493
0-6-4-7-0-0-1-1-0-6-4-7-0 1204992369 0.329011 0.28699 0.007409 0.022222
0-6-4-7-0-2-2-3-0-0-1-1-0 1204992369 0.330408 0.283742 0.009207 0.018178
0-6-4-7-0-2-2-3-0-2-2-3-0 983207857 0.24358 0.175802 0.01151 0.02147
0-6-4-7-0-2-2-3-0-4-3-5-0 1202640776 0.978671 0.911537 0.008517 0.021352
0-6-4-7-0-2-2-3-0-6-4-7-0 1204992347 2.26211 2.2019 0.007295 0.022223
0-6-4-7-0-4-3-5-0-0-1-1-0 1204981110 0.370556 0.320057 0.014492 0.021207
0-6-4-7-0-4-3-5-0-2-2-3-0 1204910770 0.536683 0.42791 0.013217 0.023585
0-6-4-7-0-4-3-5-0-4-3-5-0 1190875501 0.363423 0.303677 0.014775 0.025478
0-6-4-7-0-4-3-5-0-6-4-7-0 1204992279 0.433563 0.303024 0.012035 0.024706
0-6-4-7-0-6-4-7-0-0-1-1-0 1204992369 0.315565 0.258129 0.00866 0.019336
0-6-4-7-0-6-4-7-0-2-2-3-0 1204992090 0.494837 0.375741 0.010395 0.018999
0-6-4-7-0-6-4-7-0-4-3-5-0 1204987114 0.407042 0.324937 0.009667 0.022951
0-6-4-7-0-6-4-7-0-6-4-7-0 1204992369 0.340601 0.269939 0.009541 0.023035
1-1-0-0-1-1-0-0-1-1-0-0-1 8 0.038793 0.000391 0.007941 0.019782
1-1-0-0-1-1-0-0-1-1-0-2-2 2501 0.038077 0.000551 0.007503 0.019093
1-1-0-0-1-1-0-0-1-1-0-4-3 12415 0.052789 0.00096 0.006617 0.021213
1-1-0-0-1-1-0-0-1-1-0-6-4 3588 0.05861 0.000959 0.006074 0.020336
1-1-0-0-1-1-0-2-2-3-0-0-1 64 0.054905 0.000611 0.025123 0.020458
1-1-0-0-1-1-0-2-2-3-0-2-2 2501 0.02934 0.000738 0.006419 0.014725
1-1-0-0-1-1-0-2-2-3-0-4-3 60416 0.052376 0.001552 0.005326 0.017538
1-1-0-0-1-1-0-2-2-3-0-6-4 3640 0.043494 0.000966 0.004393 0.019972
1-1-0-0-1-1-0-4-3-5-0-0-1 64 0.0337 0.00079 0.00623 0.018177
1-1-0-0-1-1-0-4-3-5-0-2-2 3046 0.054235 0.001797 0.006494 0.018378
1-1-0-0-1-1-0-4-3-5-0-4-3 55228 0.04014 0.002904 0.006943 0.020765
1-1-0-0-1-1-0-4-3-5-0-6-4 3629 0.043947 0.002698 0.013545 0.01966
1-1-0-0-1-1-0-6-4-7-0-0-1 64 0.034851 0.000614 0.006614 0.019114
1-1-0-0-1-1-0-6-4-7-0-2-2 3216 0.049288 0.001289 0.007083 0.020334
1-1-0-0-1-1-0-6-4-7-0-4-3 60964 0.037655 0.002666 0.004474 0.022011
1-1-0-0-1-1-0-6-4-7-0-6-4 3640 0.036378 0.001516 0.00552 0.020564
1-1-0-2-2-3-0-0-1-1-0-0-1 64 0.048379 0.000481 0.024307 0.014867
1-1-0-2-2-3-0-0-1-1-0-2-2 3216 0.04951 0.000978 0.023429 0.016744
1-1-0-2-2-3-0-0-1-1-0-4-3 60968 0.052196 0.000976 0.023975 0.018399
1-1-0-2-2-3-0-0-1-1-0-6-4 3640 0.05085 0.000797 0.023871 0.017892
1-1-0-2-2-3-0-2-2-3-0-0-1 64 0.051072 0.000524 0.02668 0.014775
1-1-0-2-2-3-0-2-2-3-0-2-2 2501 0.050041 0.000913 0.022742 0.017146
1-1-0-2-2-3-0-2-2-3-0-4-3 60416 0.033217 0.000881 0.005175 0.018038
1-1-0-2-2-3-0-2-2-3-0-6-4 3640 0.051175 0.001823 0.022393 0.018304
1-1-0-2-2-3-0-4-3-5-0-0-1 64 0.04236 0.000844 0.006646 0.0198
1-1-0-2-2-3-0-4-3-5-0-2-2 3216 0.036506 0.0012 0.005336 0.019443
1-1-0-2-2-3-0-4-3-5-0-4-3 60877 0.041173 0.00308 0.006962 0.021883
1-1-0-2-2-3-0-4-3-5-0-6-4 3640 0.042087 0.00294 0.005253 0.024699
1-1-0-2-2-3-0-6-4-7-0-0-1 64 0.03665 0.000546 0.006615 0.01926
1-1-0-2-2-3-0-6-4-7-0-2-2 3216 0.044688 0.000835 0.004288 0.019882
1-1-0-2-2-3-0-6-4-7-0-4-3 60968 0.038227 0.00276 0.003348 0.022875
1-1-0-2-2-3-0-6-4-7-0-6-4 3640 0.043264 0.002548 0.004987 0.021789
1-1-0-4-3-5-0-0-1-1-0-0-1 64 0.034625 0.000776 0.005214 0.01968
1-1-0-4-3-5-0-0-1-1-0-2-2 3216 0.034709 0.000966 0.004645 0.020143
1-1-0-4-3-5-0-0-1-1-0-4-3 60968 0.038222 0.001233 0.005279 0.02221
1-1-0-4-3-5-0-0-1-1-0-6-4 3640 0.036376 0.001141 0.004692 0.0214
1-1-0-4-3-5-0-2-2-3-0-0-1 64 0.037264 0.000964 0.006873 0.019493
1-1-0-4-3-5-0-2-2-3-0-2-2 3046 0.04338 0.00123 0.007304 0.019017
1-1-0-4-3-5-0-2-2-3-0-4-3 60963 0.045589 0.001447 0.006997 0.021696
1-1-0-4-3-5-0-2-2-3-0-6-4 3640 0.039703 0.002291 0.007309 0.019959
1-1-0-4-3-5-0-4-3-5-0-0-1 64 0.05192 0.001672 0.014676 0.021696
1-1-0-4-3-5-0-4-3-5-0-2-2 3216 0.049409 0.003148 0.01173 0.021993
1-1-0-4-3-5-0-4-3-5-0-4-3 58641 0.050432 0.004919 0.012815 0.023597
1-1-0-4-3-5-0-4-3-5-0-6-4 3640 0.046287 0.004394 0.009271 0.023978
1-1-0-4-3-5-0-6-4-7-0-0-1 64 0.041886 0.002114 0.008763 0.02214
1-1-0-4-3-5-0-6-4-7-0-2-2 3216 0.054471 0.002457 0.009525 0.022356
1-1-0-4-3-5-0-6-4-7-0-4-3 60968 0.04773 0.00419 0.008424 0.024944
1-1-0-4-3-5-0-6-4-7-0-6-4 3640 0.046252 0.003226 0.009768 0.023702
1-1-0-6-4-7-0-0-1-1-0-0-1 64 0.034726 0.000585 0.006658 0.018827
1-1-0-6-4-7-0-0-1-1-0-2-2 3216 0.035266 0.000821 0.006834 0.019181
1-1-0-6-4-7-0-0-1-1-0-4-3 60968 0.036319 0.001037 0.005907 0.019988
1-1-0-6-4-7-0-0-1-1-0-6-4 3640 0.034882 0.000895 0.006391 0.019043
1-1-0-6-4-7-0-2-2-3-0-0-1 64 0.035292 0.00086 0.007859 0.017586
1-1-0-6-4-7-0-2-2-3-0-2-2 3216 0.036354 0.000956 0.007046 0.019293
1-1-0-6-4-7-0-2-2-3-0-4-3 60968 0.036686 0.00119 0.006376 0.019378
1-1-0-6-4-7-0-2-2-3-0-6-4 3640 0.041841 0.001581 0.006269 0.019055
1-1-0-6-4-7-0-4-3-5-0-0-1 64 0.043831 0.001431 0.009567 0.020282
1-1-0-6-4-7-0-4-3-5-0-2-2 3216 0.042032 0.003376 0.006316 0.022194
1-1-0-6-4-7-0-4-3-5-0-4-3 60964 0.04535 0.004789 0.009109 0.023316
1-1-0-6-4-7-0-4-3-5-0-6-4 3640 0.044818 0.004674 0.007881 0.023721
1-1-0-6-4-7-0-6-4-7-0-0-1 64 0.038763 0.00114 0.007082 0.020419
1-1-0-6-4-7-0-6-4-7-0-2-2 3216 0.043874 0.00146 0.007061 0.021051
1-1-0-6-4-7-0-6-4-7-0-4-3 60968 0.044343 0.003372 0.00685 0.02361
1-1-0-6-4-7-0-6-4-7-0-6-4 3640 0.04142 0.002058 0.006759 0.022611
2-3-0-0-1-1-0-0-1-1-0-0-1 2501 0.030627 0.00039 0.008009 0.014471
2-3-0-0-1-1-0-0-1-1-0-2-2 158938 0.032027 0.00078 0.007525 0.015514
2-3-0-0-1-1-0-0-1-1-0-4-3 2652152 0.034603 0.001154 0.00658 0.018604
2-3-0-0-1-1-0-0-1-1-0-6-4 182777 0.032048 0.000759 0.007038 0.016622
2-3-0-0-1-1-0-2-2-3-0-0-1 3216 0.050105 0.000581 0.026597 0.014101
2-3-0-0-1-1-0-2-2-3-0-2-2 158938 0.030893 0.000649 0.007516 0.014204
2-3-0-0-1-1-0-2-2-3-0-4-3 3063204 0.043272 0.010333 0.00594 0.0176
2-3-0-0-1-1-0-2-2-3-0-6-4 182910 0.03307 0.000689 0.005881 0.017911
2-3-0-0-1-1-0-4-3-5-0-0-1 3216 0.034754 0.000756 0.007009 0.017673
2-3-0-0-1-1-0-4-3-5-0-2-2 160926 0.036243 0.001192 0.007116 0.017722
2-3-0-0-1-1-0-4-3-5-0-4-3 3024726 0.040882 0.003483 0.007238 0.021652
2-3-0-0-1-1-0-4-3-5-0-6-4 182887 0.042021 0.002654 0.010701 0.019784
2-3-0-0-1-1-0-6-4-7-0-0-1 3216 0.033275 0.000641 0.00591 0.018166
2-3-0-0-1-1-0-6-4-7-0-2-2 161604 0.036435 0.00099 0.006752 0.018395
2-3-0-0-1-1-0-6-4-7-0-4-3 3063638 0.038277 0.003096 0.005384 0.020828
2-3-0-0-1-1-0-6-4-7-0-6-4 182910 0.035351 0.001454 0.006088 0.019365
2-3-0-2-2-3-0-0-1-1-0-0-1 2501 0.030618 0.000379 0.006134 0.016167
2-3-0-2-2-3-0-0-1-1-0-2-2 158938 0.031219 0.000643 0.004602 0.017186
2-3-0-2-2-3-0-0-1-1-0-4-3 2652152 0.111409 0.064841 0.005841 0.017358
2-3-0-2-2-3-0-0-1-1-0-6-4 182777 0.033158 0.000808 0.00467 0.019387
2-3-0-2-2-3-0-2-2-3-0-0-1 2501 0.048356 0.000397 0.024869 0.014137
2-3-0-2-2-3-0-2-2-3-0-2-2 402 0.032082 0.000435 0.006083 0.015675
2-3-0-2-2-3-0-2-2-3-0-4-3 58197 0.04096 0.000634 0.005215 0.01782
2-3-0-2-2-3-0-2-2-3-0-6-4 49523 0.038046 0.000828 0.005288 0.017787
2-3-0-2-2-3-0-4-3-5-0-0-1 3046 0.043415 0.000739 0.008304 0.018984
2-3-0-2-2-3-0-4-3-5-0-2-2 104040 0.043593 0.000991 0.006181 0.019698
2-3-0-2-2-3-0-4-3-5-0-4-3 2000819 0.042647 0.003371 0.006315 0.022452
2-3-0-2-2-3-0-4-3-5-0-6-4 180031 0.049351 0.0024 0.007242 0.028587
2-3-0-2-2-3-0-6-4-7-0-0-1 3216 0.03962 0.000625 0.005629 0.018823
2-3-0-2-2-3-0-6-4-7-0-2-2 142912 0.036054 0.000749 0.004959 0.020045
2-3-0-2-2-3-0-6-4-7-0-4-3 2742607 0.040967 0.004688 0.00414 0.02274
2-3-0-2-2-3-0-6-4-7-0-6-4 182627 0.036234 0.00149 0.004504 0.020863
2-3-0-4-3-5-0-0-1-1-0-0-1 3046 0.036686 0.000594 0.005355 0.019852
2-3-0-4-3-5-0-0-1-1-0-2-2 160926 0.037723 0.000794 0.005119 0.020952
2-3-0-4-3-5-0-0-1-1-0-4-3 2973549 0.039754 0.001347 0.004959 0.022458
2-3-0-4-3-5-0-0-1-1-0-6-4 182870 0.038093 0.001007 0.004752 0.021244
2-3-0-4-3-5-0-2-2-3-0-0-1 3216 0.038367 0.000757 0.006712 0.018323
2-3-0-4-3-5-0-2-2-3-0-2-2 104040 0.038723 0.000998 0.006202 0.019853
2-3-0-4-3-5-0-2-2-3-0-4-3 2963165 0.041443 0.001898 0.006004 0.022518
2-3-0-4-3-5-0-2-2-3-0-6-4 182861 0.041398 0.002692 0.006195 0.020418
2-3-0-4-3-5-0-4-3-5-0-0-1 3216 0.050441 0.001519 0.01015 0.022406
2-3-0-4-3-5-0-4-3-5-0-2-2 160308 0.050638 0.003597 0.005977 0.022216
2-3-0-4-3-5-0-4-3-5-0-4-3 2901292 0.06162 0.016031 0.007647 0.024539
2-3-0-4-3-5-0-4-3-5-0-6-4 182871 0.062062 0.014101 0.005682 0.024013
2-3-0-4-3-5-0-6-4-7-0-0-1 3216 0.043716 0.001385 0.005895 0.022137
2-3-0-4-3-5-0-6-4-7-0-2-2 161480 0.045524 0.002889 0.00543 0.023931
2-3-0-4-3-5-0-6-4-7-0-4-3 3061380 0.05674 0.014598 0.004867 0.025633
2-3-0-4-3-5-0-6-4-7-0-6-4 182908 0.046171 0.004019 0.005249 0.024961
2-3-0-6-4-7-0-0-1-1-0-0-1 3216 0.035653 0.000451 0.006935 0.018991
2-3-0-6-4-7-0-0-1-1-0-2-2 161604 0.035857 0.000689 0.006548 0.018671
2-3-0-6-4-7-0-0-1-1-0-4-3 3063642 0.036329 0.001282 0.005882 0.019677
2-3-0-6-4-7-0-0-1-1-0-6-4 182910 0.036562 0.000867 0.006621 0.019392
2-3-0-6-4-7-0-2-2-3-0-0-1 3216 0.03571 0.000495 0.007471 0.017259
2-3-0-6-4-7-0-2-2-3-0-2-2 142912 0.034789 0.000739 0.006706 0.017423
2-3-0-6-4-7-0-2-2-3-0-4-3 3054372 0.037212 0.001862 0.006833 0.018842
2-3-0-6-4-7-0-2-2-3-0-6-4 182909 0.036232 0.00139 0.007002 0.018316
2-3-0-6-4-7-0-4-3-5-0-0-1 3216 0.050828 0.001314 0.014348 0.020468
2-3-0-6-4-7-0-4-3-5-0-2-2 161480 0.043575 0.002897 0.007634 0.020705
2-3-0-6-4-7-0-4-3-5-0-4-3 2972666 0.064884 0.019076 0.011554 0.022327
2-3-0-6-4-7-0-4-3-5-0-6-4 182910 0.062805 0.017863 0.010254 0.022874
2-3-0-6-4-7-0-6-4-7-0-0-1 3216 0.038831 0.001003 0.007146 0.0201
2-3-0-6-4-7-0-6-4-7-0-2-2 161604 0.040566 0.002066 0.007605 0.020458
2-3-0-6-4-7-0-6-4-7-0-4-3 3063636 0.055644 0.014097 0.007865 0.023433
2-3-0-6-4-7-0-6-4-7-0-6-4 182910 0.042313 0.003214 0.006951 0.022152
3-5-0-0-1-1-0-0-1-1-0-0-1 12415 0.032487 0.000638 0.007075 0.016212
3-5-0-0-1-1-0-0-1-1-0-2-2 2652152 0.033757 0.00107 0.006516 0.016994
3-5-0-0-1-1-0-0-1-1-0-4-3 21692253 0.037259 0.003199 0.006678 0.018879
3-5-0-0-1-1-0-0-1-1-0-6-4 3441023 0.034726 0.001259 0.006551 0.018304
3-5-0-0-1-1-0-2-2-3-0-0-1 60968 0.053877 0.001269 0.027517 0.01602
3-5-0-0-1-1-0-2-2-3-0-2-2 2652152 0.162189 0.070601 0.006848 0.017659
3-5-0-0-1-1-0-2-2-3-0-4-3 57885025 0.215974 0.175764 0.00611 0.020453
3-5-0-0-1-1-0-2-2-3-0-6-4 3467555 0.037802 0.001214 0.006389 0.02102
3-5-0-0-1-1-0-4-3-5-0-0-1 60968 0.03746 0.001043 0.007194 0.019316
3-5-0-0-1-1-0-4-3-5-0-2-2 2973549 0.040435 0.001574 0.007369 0.019498
3-5-0-0-1-1-0-4-3-5-0-4-3 54281919 0.048212 0.008944 0.007474 0.021759
3-5-0-0-1-1-0-4-3-5-0-6-4 3461526 0.044446 0.00271 0.011487 0.020816
3-5-0-0-1-1-0-6-4-7-0-0-1 60968 0.036675 0.000882 0.006757 0.019327
3-5-0-0-1-1-0-6-4-7-0-2-2 3063642 0.038529 0.001769 0.006953 0.019481
3-5-0-0-1-1-0-6-4-7-0-4-3 58078938 0.046063 0.007681 0.006119 0.023152
3-5-0-0-1-1-0-6-4-7-0-6-4 3467555 0.039457 0.001805 0.007247 0.020746
3-5-0-2-2-3-0-0-1-1-0-0-1 60416 0.033762 0.000625 0.007175 0.016614
3-5-0-2-2-3-0-0-1-1-0-2-2 3063204 0.049262 0.005919 0.006626 0.01718
3-5-0-2-2-3-0-0-1-1-0-4-3 57885025 0.128821 0.08089 0.006634 0.019152
3-5-0-2-2-3-0-0-1-1-0-6-4 3467549 0.053625 0.006777 0.006859 0.019902
3-5-0-2-2-3-0-2-2-3-0-0-1 60416 0.036051 0.000625 0.008236 0.017247
3-5-0-2-2-3-0-2-2-3-0-2-2 58197 0.035611 0.000594 0.006081 0.017615
3-5-0-2-2-3-0-2-2-3-0-4-3 19843901 0.039532 0.004119 0.00588 0.018606
3-5-0-2-2-3-0-2-2-3-0-6-4 3124458 0.039209 0.001375 0.005644 0.02204
3-5-0-2-2-3-0-4-3-5-0-0-1 60963 0.042061 0.000851 0.009848 0.01963
3-5-0-2-2-3-0-4-3-5-0-2-2 2963165 0.042704 0.001599 0.007189 0.020976
3-5-0-2-2-3-0-4-3-5-0-4-3 53813541 0.054406 0.013721 0.006842 0.022233
3-5-0-2-2-3-0-4-3-5-0-6-4 3463475 0.043509 0.003229 0.00713 0.021056
3-5-0-2-2-3-0-6-4-7-0-0-1 60968 0.037127 0.000725 0.005597 0.020354
3-5-0-2-2-3-0-6-4-7-0-2-2 3054372 0.039129 0.001591 0.004986 0.021275
3-5-0-2-2-3-0-6-4-7-0-4-3 57842363 0.053259 0.014203 0.004687 0.023494
3-5-0-2-2-3-0-6-4-7-0-6-4 3467504 0.040865 0.002184 0.004616 0.023589
3-5-0-4-3-5-0-0-1-1-0-0-1 55228 0.045072 0.001504 0.010663 0.019899
3-5-0-4-3-5-0-0-1-1-0-2-2 3024726 0.044479 0.002165 0.008382 0.019736
3-5-0-4-3-5-0-0-1-1-0-4-3 54281919 0.053126 0.009957 0.008558 0.021015
3-5-0-4-3-5-0-0-1-1-0-6-4 3465007 0.046629 0.002309 0.008484 0.022041
3-5-0-4-3-5-0-2-2-3-0-0-1 60877 0.043488 0.001357 0.009462 0.018339
3-5-0-4-3-5-0-2-2-3-0-2-2 2000819 0.049924 0.00304 0.009264 0.019446
3-5-0-4-3-5-0-2-2-3-0-4-3 53813541 0.065356 0.019399 0.00844 0.021033
3-5-0-4-3-5-0-2-2-3-0-6-4 3418541 0.057544 0.006083 0.01033 0.020556
3-5-0-4-3-5-0-4-3-5-0-0-1 58641 0.058413 0.002089 0.01535 0.02297
3-5-0-4-3-5-0-4-3-5-0-2-2 2901292 0.067797 0.006698 0.009951 0.02292
3-5-0-4-3-5-0-4-3-5-0-4-3 52582147 0.21583 0.14286 0.012297 0.024434
3-5-0-4-3-5-0-4-3-5-0-6-4 3316743 0.086691 0.010826 0.013955 0.025046
3-5-0-4-3-5-0-6-4-7-0-0-1 60964 0.053103 0.002063 0.010631 0.023055
3-5-0-4-3-5-0-6-4-7-0-2-2 2972666 0.067282 0.010103 0.010251 0.022746
3-5-0-4-3-5-0-6-4-7-0-4-3 56836191 0.232665 0.177052 0.008806 0.024893
3-5-0-4-3-5-0-6-4-7-0-6-4 3465492 0.101129 0.033164 0.011883 0.027616
3-5-0-6-4-7-0-0-1-1-0-0-1 60964 0.044078 0.001306 0.01066 0.0194
3-5-0-6-4-7-0-0-1-1-0-2-2 3063638 0.042674 0.002139 0.007584 0.018595
3-5-0-6-4-7-0-0-1-1-0-4-3 58078938 0.052838 0.011417 0.007511 0.020731
3-5-0-6-4-7-0-0-1-1-0-6-4 3467555 0.044273 0.002363 0.008394 0.020613
3-5-0-6-4-7-0-2-2-3-0-0-1 60968 0.041598 0.001283 0.009242 0.018211
3-5-0-6-4-7-0-2-2-3-0-2-2 2742607 0.045663 0.005413 0.008108 0.0186
3-5-0-6-4-7-0-2-2-3-0-4-3 57842363 0.067628 0.026702 0.007758 0.019987
3-5-0-6-4-7-0-2-2-3-0-6-4 3467514 0.05352 0.013021 0.008139 0.020768
3-5-0-6-4-7-0-4-3-5-0-0-1 60968 0.059035 0.002148 0.019095 0.021092
3-5-0-6-4-7-0-4-3-5-0-2-2 3061380 0.0639 0.013621 0.00876 0.022245
3-5-0-6-4-7-0-4-3-5-0-4-3 56836191 0.231907 0.183727 0.010671 0.022716
3-5-0-6-4-7-0-4-3-5-0-6-4 3467552 0.073277 0.019146 0.011004 0.022547
3-5-0-6-4-7-0-6-4-7-0-0-1 60968 0.045831 0.001753 0.007978 0.021406
3-5-0-6-4-7-0-6-4-7-0-2-2 3063636 0.055964 0.012431 0.007481 0.022223
3-5-0-6-4-7-0-6-4-7-0-4-3 58079519 0.233268 0.189569 0.007734 0.023535
3-5-0-6-4-7-0-6-4-7-0-6-4 3467555 0.056509 0.014637 0.007363 0.02301
4-7-0-0-1-1-0-0-1-1-0-0-1 3588 0.031612 0.000401 0.007275 0.016486
4-7-0-0-1-1-0-0-1-1-0-2-2 182777 0.033779 0.000746 0.007729 0.017369
4-7-0-0-1-1-0-0-1-1-0-4-3 3441023 0.035356 0.001328 0.00637 0.019583
4-7-0-0-1-1-0-0-1-1-0-6-4 207025 0.033334 0.000875 0.006347 0.018001
4-7-0-0-1-1-0-2-2-3-0-0-1 3640 0.052017 0.000477 0.027294 0.015807
4-7-0-0-1-1-0-2-2-3-0-2-2 182777 0.03328 0.00069 0.007761 0.016287
4-7-0-0-1-1-0-2-2-3-0-4-3 3467549 0.047648 0.012095 0.006412 0.019663
4-7-0-0-1-1-0-2-2-3-0-6-4 207025 0.038132 0.000917 0.007231 0.021381
4-7-0-0-1-1-0-4-3-5-0-0-1 3640 0.038831 0.000805 0.008109 0.020611
4-7-0-0-1-1-0-4-3-5-0-2-2 182870 0.039163 0.001422 0.007502 0.019615
4-7-0-0-1-1-0-4-3-5-0-4-3 3465007 0.040971 0.002974 0.007221 0.021679
4-7-0-0-1-1-0-4-3-5-0-6-4 207025 0.042919 0.002402 0.011265 0.020305
4-7-0-0-1-1-0-6-4-7-0-0-1 3640 0.0352 0.00066 0.005888 0.019431
4-7-0-0-1-1-0-6-4-7-0-2-2 182910 0.037656 0.001014 0.006411 0.020442
4-7-0-0-1-1-0-6-4-7-0-4-3 3467555 0.038935 0.00331 0.005096 0.021836
4-7-0-0-1-1-0-6-4-7-0-6-4 207025 0.037994 0.00147 0.006367 0.021384
4-7-0-2-2-3-0-0-1-1-0-0-1 3640 0.032396 0.000418 0.00776 0.015149
4-7-0-2-2-3-0-0-1-1-0-2-2 182910 0.03361 0.00068 0.006089 0.017506
4-7-0-2-2-3-0-0-1-1-0-4-3 3467555 0.038802 0.001282 0.008407 0.019982
4-7-0-2-2-3-0-0-1-1-0-6-4 207025 0.035022 0.000815 0.006174 0.018905
4-7-0-2-2-3-0-2-2-3-0-0-1 3640 0.056087 0.001206 0.02799 0.015238
4-7-0-2-2-3-0-2-2-3-0-2-2 49523 0.034581 0.000426 0.006643 0.01659
4-7-0-2-2-3-0-2-2-3-0-4-3 3124458 0.037236 0.001492 0.006585 0.019232
4-7-0-2-2-3-0-2-2-3-0-6-4 206833 0.055365 0.003967 0.006735 0.017801
4-7-0-2-2-3-0-4-3-5-0-0-1 3640 0.043675 0.001346 0.008752 0.019182
4-7-0-2-2-3-0-4-3-5-0-2-2 182861 0.043683 0.003291 0.007014 0.020754
4-7-0-2-2-3-0-4-3-5-0-4-3 3418541 0.058579 0.017284 0.006661 0.022966
4-7-0-2-2-3-0-4-3-5-0-6-4 207025 0.056486 0.016404 0.006685 0.021643
4-7-0-2-2-3-0-6-4-7-0-0-1 3640 0.036752 0.00091 0.006281 0.020014
4-7-0-2-2-3-0-6-4-7-0-2-2 182909 0.036716 0.001294 0.005272 0.020225
4-7-0-2-2-3-0-6-4-7-0-4-3 3467514 0.049572 0.012618 0.004306 0.022681
4-7-0-2-2-3-0-6-4-7-0-6-4 207025 0.039586 0.002564 0.004298 0.022943
4-7-0-4-3-5-0-0-1-1-0-0-1 3629 0.045877 0.001298 0.012727 0.01994
4-7-0-4-3-5-0-0-1-1-0-2-2 182887 0.045519 0.001764 0.009976 0.020655
4-7-0-4-3-5-0-0-1-1-0-4-3 3461526 0.045754 0.002196 0.008805 0.021721
4-7-0-4-3-5-0-0-1-1-0-6-4 207025 0.047186 0.001771 0.010738 0.022543
4-7-0-4-3-5-0-2-2-3-0-0-1 3640 0.041327 0.001285 0.00775 0.018188
4-7-0-4-3-5-0-2-2-3-0-2-2 180031 0.042107 0.002543 0.006837 0.020007
4-7-0-4-3-5-0-2-2-3-0-4-3 3463475 0.042704 0.003737 0.006254 0.021162
4-7-0-4-3-5-0-2-2-3-0-6-4 207025 0.05594 0.014358 0.00742 0.021432
4-7-0-4-3-5-0-4-3-5-0-0-1 3640 0.052799 0.002032 0.010746 0.022476
4-7-0-4-3-5-0-4-3-5-0-2-2 182871 0.065264 0.013515 0.007679 0.024394
4-7-0-4-3-5-0-4-3-5-0-4-3 3316743 0.07863 0.030357 0.008797 0.025457
4-7-0-4-3-5-0-4-3-5-0-6-4 207025 0.074655 0.02112 0.007897 0.024834
4-7-0-4-3-5-0-6-4-7-0-0-1 3640 0.051557 0.002009 0.009253 0.022664
4-7-0-4-3-5-0-6-4-7-0-2-2 182910 0.065158 0.017835 0.008017 0.023924
4-7-0-4-3-5-0-6-4-7-0-4-3 3467552 0.071354 0.017593 0.007753 0.026233
4-7-0-4-3-5-0-6-4-7-0-6-4 207025 0.073319 0.025989 0.008241 0.024914
4-7-0-6-4-7-0-0-1-1-0-0-1 3640 0.0382 0.000917 0.007669 0.01964
4-7-0-6-4-7-0-0-1-1-0-2-2 182910 0.037336 0.001149 0.006486 0.019482
4-7-0-6-4-7-0-0-1-1-0-4-3 3467555 0.03972 0.001876 0.006161 0.021765
4-7-0-6-4-7-0-0-1-1-0-6-4 207025 0.038756 0.001397 0.0066 0.020379
4-7-0-6-4-7-0-2-2-3-0-0-1 3640 0.040837 0.001233 0.009918 0.017404
4-7-0-6-4-7-0-2-2-3-0-2-2 182627 0.039831 0.001548 0.008176 0.019158
4-7-0-6-4-7-0-2-2-3-0-4-3 3467504 0.039894 0.003063 0.007547 0.019307
4-7-0-6-4-7-0-2-2-3-0-6-4 207025 0.040497 0.002614 0.008201 0.01988
4-7-0-6-4-7-0-4-3-5-0-0-1 3640 0.050573 0.001774 0.011838 0.021532
4-7-0-6-4-7-0-4-3-5-0-2-2 182908 0.048872 0.004339 0.008245 0.023217
4-7-0-6-4-7-0-4-3-5-0-4-3 3465492 0.081175 0.034998 0.010366 0.02355
4-7-0-6-4-7-0-4-3-5-0-6-4 207025 0.072518 0.027593 0.0092 0.02368
4-7-0-6-4-7-0-6-4-7-0-0-1 3640 0.041589 0.0014 0.00736 0.021596
4-7-0-6-4-7-0-6-4-7-0-2-2 182910 0.042199 0.003096 0.007211 0.021146
4-7-0-6-4-7-0-6-4-7-0-4-3 3467555 0.055379 0.01457 0.007083 0.023389
4-7-0-6-4-7-0-6-4-7-0-6-4 207025 0.045033 0.004659 0.007598 0.022406
