0-0-1-1-0-0-1-1-0-0-1-1-0-0-1 34713 0.057505 0.001701 0.016383 0.028448
0-0-1-1-0-0-1-1-0-0-1-1-0-2-2 11426723 0.082345 0.029146 0.015003 0.028392
0-0-1-1-0-0-1-1-0-0-1-1-0-4-3 66667832 0.257107 0.205205 0.01351 0.024731
0-0-1-1-0-0-1-1-0-0-1-1-0-6-4 15626706 0.063746 0.003282 0.013778 0.029036
0-0-1-1-0-0-1-1-0-2-2-3-0-0-1 277704 0.093699 0.001202 0.053309 0.0253
0-0-1-1-0-0-1-1-0-2-2-3-0-2-2 11426723 0.933805 0.848203 0.014646 0.026069
0-0-1-1-0-0-1-1-0-2-2-3-0-4-3 262992233 1.07269 0.98707 0.012558 0.033397
0-0-1-1-0-0-1-1-0-2-2-3-0-6-4 15794415 0.147619 0.041972 0.012346 0.027517
0-0-1-1-0-0-1-1-0-4-3-5-0-0-1 277704 0.061947 0.001986 0.014533 0.026461
0-0-1-1-0-0-1-1-0-4-3-5-0-2-2 13373259 0.07818 0.010715 0.014453 0.025638
0-0-1-1-0-0-1-1-0-4-3-5-0-4-3 242448037 0.107685 0.035885 0.017288 0.030327
0-0-1-1-0-0-1-1-0-4-3-5-0-6-4 15758734 0.063215 0.004789 0.019326 0.027086
0-0-1-1-0-0-1-1-0-6-4-7-0-0-1 277704 0.04975 0.0014 0.013232 0.024984
0-0-1-1-0-0-1-1-0-6-4-7-0-2-2 13954626 0.055172 0.0034 0.012732 0.024978
0-0-1-1-0-0-1-1-0-6-4-7-0-4-3 264536355 0.089618 0.037402 0.011327 0.028359
0-0-1-1-0-0-1-1-0-6-4-7-0-6-4 15794415 0.058481 0.004314 0.012668 0.028961
0-0-1-1-0-2-2-3-0-0-1-1-0-0-1 277704 0.066937 0.001313 0.035138 0.019826
0-0-1-1-0-2-2-3-0-0-1-1-0-2-2 13954626 0.075997 0.004369 0.036128 0.022755
0-0-1-1-0-2-2-3-0-0-1-1-0-4-3 264547773 0.120717 0.050346 0.032435 0.026127
0-0-1-1-0-2-2-3-0-0-1-1-0-6-4 15794415 0.077513 0.00524 0.03531 0.025119
0-0-1-1-0-2-2-3-0-2-2-3-0-0-1 277704 0.08795 0.00175 0.054834 0.020915
0-0-1-1-0-2-2-3-0-2-2-3-0-2-2 11426723 0.077367 0.00493 0.031071 0.022589
0-0-1-1-0-2-2-3-0-2-2-3-0-4-3 262992233 0.157931 0.102555 0.01381 0.025289
0-0-1-1-0-2-2-3-0-2-2-3-0-6-4 15794415 0.108006 0.033867 0.032573 0.026019
0-0-1-1-0-2-2-3-0-4-3-5-0-0-1 277704 0.055356 0.00151 0.01605 0.025078
0-0-1-1-0-2-2-3-0-4-3-5-0-2-2 13954626 0.126132 0.061861 0.012573 0.026228
0-0-1-1-0-2-2-3-0-4-3-5-0-4-3 264272027 0.972042 0.901909 0.017001 0.029326
0-0-1-1-0-2-2-3-0-4-3-5-0-6-4 15794415 0.148368 0.08323 0.012611 0.028561
0-0-1-1-0-2-2-3-0-6-4-7-0-0-1 277704 0.052915 0.001355 0.013637 0.026703
0-0-1-1-0-2-2-3-0-6-4-7-0-2-2 13954626 0.054743 0.002527 0.011092 0.029033
0-0-1-1-0-2-2-3-0-6-4-7-0-4-3 264547773 1.40493 1.31962 0.007934 0.033864
0-0-1-1-0-2-2-3-0-6-4-7-0-6-4 15794415 1.31242 1.1401 0.009712 0.033649
0-0-1-1-0-4-3-5-0-0-1-1-0-0-1 277704 0.090421 0.002315 0.019001 0.030886
0-0-1-1-0-4-3-5-0-0-1-1-0-2-2 13954626 0.06445 0.004979 0.015833 0.026438
0-0-1-1-0-4-3-5-0-0-1-1-0-4-3 264547773 0.110608 0.049008 0.016233 0.028426
0-0-1-1-0-4-3-5-0-0-1-1-0-6-4 15794415 0.061548 0.005309 0.015852 0.027398
0-0-1-1-0-4-3-5-0-2-2-3-0-0-1 277704 0.060624 0.001955 0.015962 0.025307
0-0-1-1-0-4-3-5-0-2-2-3-0-2-2 13373259 0.075004 0.013919 0.018077 0.025072
0-0-1-1-0-4-3-5-0-2-2-3-0-4-3 264534436 0.169507 0.102278 0.016025 0.028314
0-0-1-1-0-4-3-5-0-2-2-3-0-6-4 15794415 0.099126 0.035088 0.01694 0.02864
0-0-1-1-0-4-3-5-0-4-3-5-0-0-1 277704 0.074717 0.002574 0.024225 0.029905
0-0-1-1-0-4-3-5-0-4-3-5-0-2-2 13954626 0.082993 0.004931 0.0281 0.029602
0-0-1-1-0-4-3-5-0-4-3-5-0-4-3 254851812 2.42676 2.15537 0.028924 0.04338
0-0-1-1-0-4-3-5-0-4-3-5-0-6-4 15794415 0.080815 0.007657 0.021807 0.031038
0-0-1-1-0-4-3-5-0-6-4-7-0-0-1 277704 0.065682 0.002961 0.024053 0.028321
0-0-1-1-0-4-3-5-0-6-4-7-0-2-2 13954626 0.072787 0.004465 0.027076 0.029149
0-0-1-1-0-4-3-5-0-6-4-7-0-4-3 264547773 0.95488 0.876617 0.028777 0.032421
0-0-1-1-0-4-3-5-0-6-4-7-0-6-4 15794415 0.069078 0.004888 0.022654 0.030373
0-0-1-1-0-6-4-7-0-0-1-1-0-0-1 277704 0.050098 0.001381 0.014748 0.024501
0-0-1-1-0-6-4-7-0-0-1-1-0-2-2 13954626 0.055894 0.004419 0.013188 0.02476
0-0-1-1-0-6-4-7-0-0-1-1-0-4-3 264547773 0.102962 0.049681 0.012671 0.028728
0-0-1-1-0-6-4-7-0-0-1-1-0-6-4 15794415 0.058361 0.005181 0.014002 0.026717
0-0-1-1-0-6-4-7-0-2-2-3-0-0-1 277704 0.064376 0.001767 0.015948 0.025503
0-0-1-1-0-6-4-7-0-2-2-3-0-2-2 13954626 0.058587 0.002961 0.013748 0.025289
0-0-1-1-0-6-4-7-0-2-2-3-0-4-3 264547773 0.153647 0.097168 0.012038 0.027561
0-0-1-1-0-6-4-7-0-2-2-3-0-6-4 15794415 0.106139 0.038323 0.012993 0.031758
0-0-1-1-0-6-4-7-0-4-3-5-0-0-1 277704 0.063874 0.002348 0.018614 0.028127
0-0-1-1-0-6-4-7-0-4-3-5-0-2-2 13954626 0.071535 0.005868 0.013358 0.028512
0-0-1-1-0-6-4-7-0-4-3-5-0-4-3 264536355 1.96383 1.89151 0.017885 0.029917
0-0-1-1-0-6-4-7-0-4-3-5-0-6-4 15794415 0.063198 0.007669 0.015009 0.029913
0-0-1-1-0-6-4-7-0-6-4-7-0-0-1 277704 0.053466 0.001993 0.013791 0.026478
0-0-1-1-0-6-4-7-0-6-4-7-0-2-2 13954626 0.070971 0.004528 0.013227 0.026751
0-0-1-1-0-6-4-7-0-6-4-7-0-4-3 264547773 0.923109 0.864951 0.011726 0.030063
0-0-1-1-0-6-4-7-0-6-4-7-0-6-4 15794415 0.058991 0.003922 0.014421 0.029757
0-2-2-3-0-0-1-1-0-0-1-1-0-0-1 269979 0.050661 0.001973 0.016564 0.020971
0-2-2-3-0-0-1-1-0-0-1-1-0-2-2 13942082 0.053876 0.004182 0.013911 0.023322
0-2-2-3-0-0-1-1-0-0-1-1-0-4-3 261068775 0.099105 0.051497 0.012365 0.023834
0-2-2-3-0-0-1-1-0-0-1-1-0-6-4 15794087 0.056079 0.005259 0.013794 0.024847
0-2-2-3-0-0-1-1-0-2-2-3-0-0-1 277704 0.084928 0.001208 0.052494 0.02135
0-2-2-3-0-0-1-1-0-2-2-3-0-2-2 13942082 0.53556 0.368959 0.013056 0.024136
0-2-2-3-0-0-1-1-0-2-2-3-0-4-3 264546361 0.103847 0.039488 0.014664 0.02543
0-2-2-3-0-0-1-1-0-2-2-3-0-6-4 15794415 0.057714 0.002753 0.015365 0.025519
0-2-2-3-0-0-1-1-0-4-3-5-0-0-1 277704 0.055083 0.001516 0.014559 0.027735
0-2-2-3-0-0-1-1-0-4-3-5-0-2-2 13950086 0.977026 0.866841 0.010555 0.029448
0-2-2-3-0-0-1-1-0-4-3-5-0-4-3 264223483 1.45017 1.33588 0.012739 0.034235
0-2-2-3-0-0-1-1-0-4-3-5-0-6-4 15794374 1.31678 1.21449 0.01437 0.030239
0-2-2-3-0-0-1-1-0-6-4-7-0-0-1 277704 0.056036 0.001436 0.011852 0.028294
0-2-2-3-0-0-1-1-0-6-4-7-0-2-2 13954626 0.755702 0.631518 0.009455 0.029716
0-2-2-3-0-0-1-1-0-6-4-7-0-4-3 264547768 1.2663 1.18844 0.009068 0.031159
0-2-2-3-0-0-1-1-0-6-4-7-0-6-4 15794415 1.13427 1.01015 0.01091 0.036757
0-2-2-3-0-2-2-3-0-0-1-1-0-0-1 269979 0.047154 0.001146 0.013184 0.022884
0-2-2-3-0-2-2-3-0-0-1-1-0-2-2 13942082 0.058441 0.008611 0.011114 0.024612
0-2-2-3-0-2-2-3-0-0-1-1-0-4-3 261068775 0.14073 0.078905 0.014483 0.024304
0-2-2-3-0-2-2-3-0-0-1-1-0-6-4 15794087 0.059051 0.005478 0.011565 0.027594
0-2-2-3-0-2-2-3-0-2-2-3-0-0-1 269979 0.093333 0.001259 0.053985 0.022716
0-2-2-3-0-2-2-3-0-2-2-3-0-2-2 34713 0.199832 0.004283 0.011949 0.029594
0-2-2-3-0-2-2-3-0-2-2-3-0-4-3 18178411 0.108123 0.018994 0.011508 0.033312
0-2-2-3-0-2-2-3-0-2-2-3-0-6-4 10219172 0.088664 0.01113 0.012593 0.035923
0-2-2-3-0-2-2-3-0-4-3-5-0-0-1 277212 0.077965 0.001615 0.020651 0.031752
0-2-2-3-0-2-2-3-0-4-3-5-0-2-2 12401496 0.06975 0.003576 0.014215 0.031456
0-2-2-3-0-2-2-3-0-4-3-5-0-4-3 223199128 2.45782 2.34276 0.018173 0.035603
0-2-2-3-0-2-2-3-0-4-3-5-0-6-4 15752999 0.085527 0.006905 0.0116 0.029847
0-2-2-3-0-2-2-3-0-6-4-7-0-0-1 277704 0.05356 0.00126 0.01259 0.027343
0-2-2-3-0-2-2-3-0-6-4-7-0-2-2 13689497 0.590143 0.51219 0.010305 0.028405
0-2-2-3-0-2-2-3-0-6-4-7-0-4-3 258664239 1.1934 1.0384 0.009109 0.033049
0-2-2-3-0-2-2-3-0-6-4-7-0-6-4 15792398 1.06391 0.891955 0.010988 0.037948
0-2-2-3-0-4-3-5-0-0-1-1-0-0-1 277212 0.119201 0.001729 0.013846 0.026908
0-2-2-3-0-4-3-5-0-0-1-1-0-2-2 13953539 0.103823 0.014328 0.012404 0.0277
0-2-2-3-0-4-3-5-0-0-1-1-0-4-3 264335304 0.109825 0.053438 0.012401 0.02921
0-2-2-3-0-4-3-5-0-0-1-1-0-6-4 15794372 0.062546 0.005327 0.011969 0.028914
0-2-2-3-0-4-3-5-0-2-2-3-0-0-1 277704 0.055583 0.001559 0.014349 0.024947
0-2-2-3-0-4-3-5-0-2-2-3-0-2-2 12401496 0.104575 0.029824 0.014014 0.027454
0-2-2-3-0-4-3-5-0-2-2-3-0-4-3 263938876 0.205611 0.135236 0.011994 0.029287
0-2-2-3-0-4-3-5-0-2-2-3-0-6-4 15794338 0.210786 0.136038 0.01359 0.027807
0-2-2-3-0-4-3-5-0-4-3-5-0-0-1 277704 0.067847 0.002275 0.018015 0.029553
0-2-2-3-0-4-3-5-0-4-3-5-0-2-2 13942369 0.201511 0.115118 0.014001 0.031249
0-2-2-3-0-4-3-5-0-4-3-5-0-4-3 252870735 1.92338 1.84693 0.014885 0.033491
0-2-2-3-0-4-3-5-0-4-3-5-0-6-4 15794351 0.086098 0.017254 0.013791 0.034921
0-2-2-3-0-4-3-5-0-6-4-7-0-0-1 277704 0.062862 0.002184 0.015278 0.028868
0-2-2-3-0-4-3-5-0-6-4-7-0-2-2 13954500 0.19396 0.116781 0.013582 0.029842
0-2-2-3-0-4-3-5-0-6-4-7-0-4-3 264545259 1.04218 0.960545 0.013172 0.03419
0-2-2-3-0-4-3-5-0-6-4-7-0-6-4 15794413 0.213746 0.136333 0.014088 0.032281
0-2-2-3-0-6-4-7-0-0-1-1-0-0-1 277704 0.053651 0.00124 0.013382 0.027064
0-2-2-3-0-6-4-7-0-0-1-1-0-2-2 13954626 0.057435 0.004269 0.011352 0.025968
0-2-2-3-0-6-4-7-0-0-1-1-0-4-3 264547773 0.110588 0.056639 0.010281 0.029421
0-2-2-3-0-6-4-7-0-0-1-1-0-6-4 15794415 0.060042 0.005148 0.011838 0.028147
0-2-2-3-0-6-4-7-0-2-2-3-0-0-1 277704 0.05476 0.001254 0.014652 0.026189
0-2-2-3-0-6-4-7-0-2-2-3-0-2-2 13689497 0.124638 0.062077 0.011772 0.025736
0-2-2-3-0-6-4-7-0-2-2-3-0-4-3 264526605 1.09374 1.02616 0.01135 0.028611
0-2-2-3-0-6-4-7-0-2-2-3-0-6-4 15794414 0.149211 0.084144 0.011763 0.028693
0-2-2-3-0-6-4-7-0-4-3-5-0-0-1 277704 0.067822 0.002122 0.020072 0.028445
0-2-2-3-0-6-4-7-0-4-3-5-0-2-2 13953921 0.185556 0.112335 0.011582 0.029541
0-2-2-3-0-6-4-7-0-4-3-5-0-4-3 261395656 1.15259 1.07665 0.017517 0.032448
0-2-2-3-0-6-4-7-0-4-3-5-0-6-4 15794415 0.079708 0.01915 0.014436 0.031147
0-2-2-3-0-6-4-7-0-6-4-7-0-0-1 277704 0.055745 0.001769 0.011461 0.029277
0-2-2-3-0-6-4-7-0-6-4-7-0-2-2 13954626 0.18616 0.114651 0.011246 0.031159
0-2-2-3-0-6-4-7-0-6-4-7-0-4-3 264547767 1.26724 1.19796 0.010173 0.033589
0-2-2-3-0-6-4-7-0-6-4-7-0-6-4 15794415 0.15318 0.085493 0.010549 0.033038
0-4-3-5-0-0-1-1-0-0-1-1-0-0-1 125547 0.059641 0.001511 0.019763 0.025041
0-4-3-5-0-0-1-1-0-0-1-1-0-2-2 13103489 0.057038 0.003571 0.01438 0.025415
0-4-3-5-0-0-1-1-0-0-1-1-0-4-3 159103520 0.084811 0.030535 0.014182 0.026307
0-4-3-5-0-0-1-1-0-0-1-1-0-6-4 15740985 0.070724 0.005009 0.013821 0.025655
0-4-3-5-0-0-1-1-0-2-2-3-0-0-1 277704 0.091911 0.001416 0.052996 0.024496
0-4-3-5-0-0-1-1-0-2-2-3-0-2-2 13103489 0.206582 0.079474 0.014791 0.025332
0-4-3-5-0-0-1-1-0-2-2-3-0-4-3 264299335 0.283821 0.217445 0.01447 0.027696
0-4-3-5-0-0-1-1-0-2-2-3-0-6-4 15794415 0.068718 0.004833 0.01507 0.027862
0-4-3-5-0-0-1-1-0-4-3-5-0-0-1 277704 0.058804 0.001768 0.01486 0.02819
0-4-3-5-0-0-1-1-0-4-3-5-0-2-2 13749399 0.065143 0.004199 0.015048 0.028724
0-4-3-5-0-0-1-1-0-4-3-5-0-4-3 254223236 0.114953 0.053617 0.016083 0.031313
0-4-3-5-0-0-1-1-0-4-3-5-0-6-4 15784512 0.067244 0.005481 0.017391 0.030335
0-4-3-5-0-0-1-1-0-6-4-7-0-0-1 277704 0.056998 0.00158 0.014341 0.027339
0-4-3-5-0-0-1-1-0-6-4-7-0-2-2 13954626 0.06131 0.003887 0.013701 0.028238
0-4-3-5-0-0-1-1-0-6-4-7-0-4-3 264545622 0.109887 0.051988 0.012953 0.030726
0-4-3-5-0-0-1-1-0-6-4-7-0-6-4 15794415 0.066102 0.005126 0.015251 0.03167
0-4-3-5-0-2-2-3-0-0-1-1-0-0-1 277597 0.053772 0.001322 0.016372 0.022688
0-4-3-5-0-2-2-3-0-0-1-1-0-2-2 13954538 0.079026 0.009313 0.016746 0.024909
0-4-3-5-0-2-2-3-0-0-1-1-0-4-3 264505054 0.205405 0.129725 0.016801 0.025206
0-4-3-5-0-2-2-3-0-0-1-1-0-6-4 15794415 0.086851 0.011515 0.018758 0.027794
0-4-3-5-0-2-2-3-0-2-2-3-0-0-1 277597 0.074887 0.001429 0.035482 0.02384
0-4-3-5-0-2-2-3-0-2-2-3-0-2-2 1807215 0.05877 0.002425 0.014319 0.024593
0-4-3-5-0-2-2-3-0-2-2-3-0-4-3 186718068 0.120225 0.060614 0.014875 0.02717
0-4-3-5-0-2-2-3-0-2-2-3-0-6-4 15662521 0.084866 0.012041 0.014865 0.028087
0-4-3-5-0-2-2-3-0-4-3-5-0-0-1 277704 0.065132 0.001619 0.0213 0.026772
0-4-3-5-0-2-2-3-0-4-3-5-0-2-2 13920727 0.067149 0.004088 0.017486 0.028167
0-4-3-5-0-2-2-3-0-4-3-5-0-4-3 256552028 0.130325 0.065614 0.017786 0.02971
0-4-3-5-0-2-2-3-0-4-3-5-0-6-4 15793767 0.069004 0.006093 0.017013 0.030056
0-4-3-5-0-2-2-3-0-6-4-7-0-0-1 277704 0.057857 0.001503 0.014325 0.027974
0-4-3-5-0-2-2-3-0-6-4-7-0-2-2 13952209 0.06332 0.004225 0.013749 0.029642
0-4-3-5-0-2-2-3-0-6-4-7-0-4-3 264488100 1.68925 1.61348 0.013238 0.033126
0-4-3-5-0-2-2-3-0-6-4-7-0-6-4 15794397 0.095692 0.00598 0.013372 0.030854
0-4-3-5-0-4-3-5-0-0-1-1-0-0-1 273654 0.067424 0.002283 0.022054 0.026021
0-4-3-5-0-4-3-5-0-0-1-1-0-2-2 13920168 0.076337 0.00542 0.021983 0.027816
0-4-3-5-0-4-3-5-0-0-1-1-0-4-3 261568906 0.122557 0.053494 0.021481 0.028917
0-4-3-5-0-4-3-5-0-0-1-1-0-6-4 15792180 0.081108 0.005738 0.026879 0.029764
0-4-3-5-0-4-3-5-0-2-2-3-0-0-1 277611 0.06561 0.00213 0.020134 0.025866
0-4-3-5-0-4-3-5-0-2-2-3-0-2-2 12620533 0.13719 0.013689 0.019184 0.026232
0-4-3-5-0-4-3-5-0-2-2-3-0-4-3 260987845 0.188205 0.112255 0.018979 0.028915
0-4-3-5-0-4-3-5-0-2-2-3-0-6-4 15743848 0.083072 0.010349 0.020149 0.028801
0-4-3-5-0-4-3-5-0-4-3-5-0-0-1 274950 0.080631 0.002862 0.028095 0.029158
0-4-3-5-0-4-3-5-0-4-3-5-0-2-2 13780903 0.099521 0.010172 0.02769 0.029905
0-4-3-5-0-4-3-5-0-4-3-5-0-4-3 249802666 0.893658 0.79039 0.030317 0.032004
0-4-3-5-0-4-3-5-0-4-3-5-0-6-4 15614461 0.11221 0.01622 0.027715 0.03147
0-4-3-5-0-4-3-5-0-6-4-7-0-0-1 277700 0.080841 0.002868 0.026465 0.030407
0-4-3-5-0-4-3-5-0-6-4-7-0-2-2 13850279 0.098785 0.013881 0.025874 0.030944
0-4-3-5-0-4-3-5-0-6-4-7-0-4-3 263135171 0.937731 0.85134 0.019632 0.033453
0-4-3-5-0-4-3-5-0-6-4-7-0-6-4 15792097 0.115013 0.033735 0.021599 0.033513
0-4-3-5-0-6-4-7-0-0-1-1-0-0-1 277700 0.059536 0.00199 0.016322 0.025143
0-4-3-5-0-6-4-7-0-0-1-1-0-2-2 13954622 0.066122 0.005014 0.014642 0.027588
0-4-3-5-0-6-4-7-0-0-1-1-0-4-3 264547070 0.120493 0.058987 0.013672 0.030176
0-4-3-5-0-6-4-7-0-0-1-1-0-6-4 15794415 0.067861 0.005775 0.015137 0.028795
0-4-3-5-0-6-4-7-0-2-2-3-0-0-1 277704 0.06118 0.001985 0.017841 0.025201
0-4-3-5-0-6-4-7-0-2-2-3-0-2-2 13721768 0.067069 0.008309 0.015653 0.025713
0-4-3-5-0-6-4-7-0-2-2-3-0-4-3 264348044 0.171456 0.106851 0.015015 0.029704
0-4-3-5-0-6-4-7-0-2-2-3-0-6-4 15794371 0.074734 0.015807 0.015636 0.027858
0-4-3-5-0-6-4-7-0-4-3-5-0-0-1 277704 0.077582 0.002844 0.024582 0.030328
0-4-3-5-0-6-4-7-0-4-3-5-0-2-2 13953164 0.08295 0.016682 0.015718 0.030817
0-4-3-5-0-6-4-7-0-4-3-5-0-4-3 263215652 1.49898 1.41185 0.021453 0.033315
0-4-3-5-0-6-4-7-0-4-3-5-0-6-4 15794412 0.096751 0.023164 0.017458 0.032205
0-4-3-5-0-6-4-7-0-6-4-7-0-0-1 277704 0.067673 0.002844 0.015914 0.03045
0-4-3-5-0-6-4-7-0-6-4-7-0-2-2 13954620 0.081159 0.015829 0.015098 0.032381
0-4-3-5-0-6-4-7-0-6-4-7-0-4-3 264547650 1.49748 1.42936 0.014354 0.033396
0-4-3-5-0-6-4-7-0-6-4-7-0-6-4 15794415 0.088069 0.019779 0.017102 0.035294
0-6-4-7-0-0-1-1-0-0-1-1-0-0-1 277619 0.049619 0.001265 0.015538 0.022556
0-6-4-7-0-0-1-1-0-0-1-1-0-2-2 13954551 0.056627 0.003484 0.017476 0.024388
0-6-4-7-0-0-1-1-0-0-1-1-0-4-3 264520476 0.113599 0.05942 0.01394 0.027052
0-6-4-7-0-0-1-1-0-0-1-1-0-6-4 15794415 0.054432 0.003586 0.015281 0.025609
0-6-4-7-0-0-1-1-0-2-2-3-0-0-1 277704 0.100269 0.001257 0.057351 0.025982
0-6-4-7-0-0-1-1-0-2-2-3-0-2-2 13954551 0.679198 0.484185 0.018879 0.027184
0-6-4-7-0-0-1-1-0-2-2-3-0-4-3 264547769 0.131992 0.062746 0.015328 0.025762
0-6-4-7-0-0-1-1-0-2-2-3-0-6-4 15794415 0.064899 0.003697 0.017634 0.028852
0-6-4-7-0-0-1-1-0-4-3-5-0-0-1 277704 0.056187 0.001569 0.015266 0.026611
0-6-4-7-0-0-1-1-0-4-3-5-0-2-2 13954585 0.063986 0.003857 0.015379 0.026408
0-6-4-7-0-0-1-1-0-4-3-5-0-4-3 264544959 0.113976 0.05498 0.01584 0.030327
0-6-4-7-0-0-1-1-0-4-3-5-0-6-4 15794415 0.062765 0.005671 0.017824 0.027705
0-6-4-7-0-0-1-1-0-6-4-7-0-0-1 277704 0.054578 0.00138 0.014858 0.026977
0-6-4-7-0-0-1-1-0-6-4-7-0-2-2 13954626 0.061156 0.003563 0.01472 0.026062
0-6-4-7-0-0-1-1-0-6-4-7-0-4-3 264547773 0.116664 0.060214 0.013254 0.030036
0-6-4-7-0-0-1-1-0-6-4-7-0-6-4 15794415 0.059556 0.00445 0.015002 0.02875
0-6-4-7-0-2-2-3-0-0-1-1-0-0-1 277704 0.057987 0.001399 0.017677 0.021913
0-6-4-7-0-2-2-3-0-0-1-1-0-2-2 13954626 0.057216 0.003274 0.016552 0.024401
0-6-4-7-0-2-2-3-0-0-1-1-0-4-3 264547773 0.105793 0.049384 0.017909 0.026009
0-6-4-7-0-2-2-3-0-0-1-1-0-6-4 15794415 0.061002 0.003901 0.017413 0.028179
0-6-4-7-0-2-2-3-0-2-2-3-0-0-1 277704 0.094776 0.002129 0.056586 0.02188
0-6-4-7-0-2-2-3-0-2-2-3-0-2-2 6345795 0.422624 0.324602 0.017706 0.025566
0-6-4-7-0-2-2-3-0-2-2-3-0-4-3 254483838 0.832978 0.755469 0.014058 0.024765
0-6-4-7-0-2-2-3-0-2-2-3-0-6-4 15792946 0.13059 0.008681 0.018319 0.025636
0-6-4-7-0-2-2-3-0-4-3-5-0-0-1 277704 0.083007 0.002509 0.020965 0.025327
0-6-4-7-0-2-2-3-0-4-3-5-0-2-2 13954585 0.080131 0.010542 0.016125 0.027884
0-6-4-7-0-2-2-3-0-4-3-5-0-4-3 262665496 1.8056 1.7234 0.017087 0.030955
0-6-4-7-0-2-2-3-0-4-3-5-0-6-4 15794415 0.126096 0.025489 0.015957 0.030557
0-6-4-7-0-2-2-3-0-6-4-7-0-0-1 277704 0.061978 0.00179 0.015126 0.027529
0-6-4-7-0-2-2-3-0-6-4-7-0-2-2 13954626 0.057011 0.004109 0.013984 0.02624
0-6-4-7-0-2-2-3-0-6-4-7-0-4-3 264547773 2.95601 2.8812 0.012475 0.029149
0-6-4-7-0-2-2-3-0-6-4-7-0-6-4 15794415 0.082209 0.0075 0.013763 0.031493
0-6-4-7-0-4-3-5-0-0-1-1-0-0-1 277701 0.071376 0.002333 0.024083 0.024514
0-6-4-7-0-4-3-5-0-0-1-1-0-2-2 13954618 0.067116 0.004449 0.021783 0.025889
0-6-4-7-0-4-3-5-0-0-1-1-0-4-3 264546039 0.123755 0.053381 0.02453 0.028487
0-6-4-7-0-4-3-5-0-0-1-1-0-6-4 15794415 0.070465 0.004662 0.022858 0.02836
0-6-4-7-0-4-3-5-0-2-2-3-0-0-1 277704 0.0725 0.002407 0.020141 0.024668
0-6-4-7-0-4-3-5-0-2-2-3-0-2-2 13891951 0.064864 0.00519 0.018797 0.025441
0-6-4-7-0-4-3-5-0-2-2-3-0-4-3 264545893 0.122505 0.050443 0.020618 0.027456
0-6-4-7-0-4-3-5-0-2-2-3-0-6-4 15794415 0.086584 0.019 0.019386 0.028287
0-6-4-7-0-4-3-5-0-4-3-5-0-0-1 277704 0.079141 0.002924 0.027616 0.028806
0-6-4-7-0-4-3-5-0-4-3-5-0-2-2 13954598 0.126304 0.017792 0.022379 0.031467
0-6-4-7-0-4-3-5-0-4-3-5-0-4-3 253260419 0.147936 0.076101 0.024132 0.030728
0-6-4-7-0-4-3-5-0-4-3-5-0-6-4 15794415 0.103888 0.027334 0.021116 0.030916
0-6-4-7-0-4-3-5-0-6-4-7-0-0-1 277704 0.076146 0.0029 0.023355 0.029219
0-6-4-7-0-4-3-5-0-6-4-7-0-2-2 13954626 0.096571 0.020844 0.019888 0.030229
0-6-4-7-0-4-3-5-0-6-4-7-0-4-3 264547770 0.143036 0.067027 0.021129 0.03214
0-6-4-7-0-4-3-5-0-6-4-7-0-6-4 15794415 0.099577 0.031448 0.01972 0.032748
0-6-4-7-0-6-4-7-0-0-1-1-0-0-1 277704 0.056445 0.001741 0.016498 0.024757
0-6-4-7-0-6-4-7-0-0-1-1-0-2-2 13954626 0.058993 0.003607 0.015923 0.025315
0-6-4-7-0-6-4-7-0-0-1-1-0-4-3 264547773 0.113569 0.055854 0.015009 0.027943
0-6-4-7-0-6-4-7-0-0-1-1-0-6-4 15794415 0.061141 0.004195 0.016783 0.027329
0-6-4-7-0-6-4-7-0-2-2-3-0-0-1 277704 0.061193 0.002 0.020781 0.023413
0-6-4-7-0-6-4-7-0-2-2-3-0-2-2 13954431 0.059871 0.004176 0.017243 0.024447
0-6-4-7-0-6-4-7-0-2-2-3-0-4-3 264547772 0.110351 0.05352 0.017725 0.026057
0-6-4-7-0-6-4-7-0-2-2-3-0-6-4 15794415 0.061398 0.005472 0.017803 0.026138
0-6-4-7-0-6-4-7-0-4-3-5-0-0-1 277704 0.0713 0.002709 0.022589 0.027768
0-6-4-7-0-6-4-7-0-4-3-5-0-2-2 13954626 0.067872 0.006814 0.016899 0.0283
0-6-4-7-0-6-4-7-0-4-3-5-0-4-3 264542880 0.159464 0.092096 0.02241 0.029173
0-6-4-7-0-6-4-7-0-4-3-5-0-6-4 15794415 0.096592 0.03332 0.018757 0.030271
0-6-4-7-0-6-4-7-0-6-4-7-0-0-1 277704 0.060565 0.002311 0.016847 0.027545
0-6-4-7-0-6-4-7-0-6-4-7-0-2-2 13954626 0.064856 0.005972 0.017089 0.027659
0-6-4-7-0-6-4-7-0-6-4-7-0-4-3 264547773 0.125755 0.065097 0.017153 0.029861
0-6-4-7-0-6-4-7-0-6-4-7-0-6-4 15794415 0.068693 0.007542 0.018151 0.030446
1-1-0-0-1-1-0-0-1-1-0-0-1-1-0 34713 0.043624 0.000569 0.011315 0.023024
1-1-0-0-1-1-0-0-1-1-0-2-2-3-0 269979 0.045746 0.001121 0.012233 0.024366
1-1-0-0-1-1-0-0-1-1-0-4-3-5-0 125547 0.050707 0.001635 0.010451 0.029566
1-1-0-0-1-1-0-0-1-1-0-6-4-7-0 277619 0.049785 0.002032 0.009142 0.029079
1-1-0-0-1-1-0-2-2-3-0-0-1-1-0 277704 0.064883 0.000726 0.0316 0.023634
1-1-0-0-1-1-0-2-2-3-0-2-2-3-0 269979 0.045511 0.000927 0.011934 0.02305
1-1-0-0-1-1-0-2-2-3-0-4-3-5-0 277597 0.050936 0.002259 0.011031 0.02767
1-1-0-0-1-1-0-2-2-3-0-6-4-7-0 277704 0.055856 0.001756 0.008265 0.034705
1-1-0-0-1-1-0-4-3-5-0-0-1-1-0 277704 0.056614 0.00122 0.015014 0.02885
1-1-0-0-1-1-0-4-3-5-0-2-2-3-0 277212 0.054121 0.001456 0.012035 0.029198
1-1-0-0-1-1-0-4-3-5-0-4-3-5-0 273654 0.061694 0.003569 0.015212 0.032768
1-1-0-0-1-1-0-4-3-5-0-6-4-7-0 277701 0.071097 0.003158 0.024718 0.031676
1-1-0-0-1-1-0-6-4-7-0-0-1-1-0 277704 0.053738 0.000936 0.014297 0.029098
1-1-0-0-1-1-0-6-4-7-0-2-2-3-0 277704 0.058682 0.00153 0.013525 0.032706
1-1-0-0-1-1-0-6-4-7-0-4-3-5-0 277700 0.057278 0.003871 0.010708 0.032595
1-1-0-0-1-1-0-6-4-7-0-6-4-7-0 277704 0.053977 0.002367 0.010476 0.030491
1-1-0-2-2-3-0-0-1-1-0-0-1-1-0 277704 0.081798 0.000728 0.046534 0.02532
1-1-0-2-2-3-0-0-1-1-0-2-2-3-0 277704 0.085356 0.000978 0.050167 0.024907
1-1-0-2-2-3-0-0-1-1-0-4-3-5-0 277704 0.091949 0.002422 0.047159 0.032505
1-1-0-2-2-3-0-0-1-1-0-6-4-7-0 277704 0.096234 0.001898 0.046134 0.037566
1-1-0-2-2-3-0-2-2-3-0-0-1-1-0 277704 0.095399 0.000797 0.052856 0.031649
1-1-0-2-2-3-0-2-2-3-0-2-2-3-0 269979 0.085531 0.001085 0.046087 0.027727
1-1-0-2-2-3-0-2-2-3-0-4-3-5-0 277597 0.0703 0.002423 0.02655 0.030502
1-1-0-2-2-3-0-2-2-3-0-6-4-7-0 277704 0.093885 0.003262 0.046333 0.032413
1-1-0-2-2-3-0-4-3-5-0-0-1-1-0 277704 0.05798 0.001594 0.011733 0.032232
1-1-0-2-2-3-0-4-3-5-0-2-2-3-0 277704 0.055567 0.001681 0.012108 0.030069
1-1-0-2-2-3-0-4-3-5-0-4-3-5-0 277611 0.069829 0.006812 0.014225 0.036229
1-1-0-2-2-3-0-4-3-5-0-6-4-7-0 277704 0.067219 0.004594 0.011467 0.038294
1-1-0-2-2-3-0-6-4-7-0-0-1-1-0 277704 0.051585 0.000903 0.011225 0.028147
1-1-0-2-2-3-0-6-4-7-0-2-2-3-0 277704 0.054701 0.001309 0.011171 0.030637
1-1-0-2-2-3-0-6-4-7-0-4-3-5-0 277704 0.05734 0.004351 0.009283 0.033421
1-1-0-2-2-3-0-6-4-7-0-6-4-7-0 277704 0.06134 0.003751 0.010687 0.035424
1-1-0-4-3-5-0-0-1-1-0-0-1-1-0 277704 0.049906 0.001141 0.010073 0.02825
1-1-0-4-3-5-0-0-1-1-0-2-2-3-0 277704 0.051721 0.001631 0.011826 0.027243
1-1-0-4-3-5-0-0-1-1-0-4-3-5-0 277704 0.056537 0.002423 0.009947 0.032175
1-1-0-4-3-5-0-0-1-1-0-6-4-7-0 277704 0.057919 0.00245 0.010411 0.033465
1-1-0-4-3-5-0-2-2-3-0-0-1-1-0 277704 0.05637 0.001324 0.016415 0.027241
1-1-0-4-3-5-0-2-2-3-0-2-2-3-0 277212 0.058182 0.001558 0.017119 0.027926
1-1-0-4-3-5-0-2-2-3-0-4-3-5-0 277704 0.064975 0.002833 0.017381 0.032212
1-1-0-4-3-5-0-2-2-3-0-6-4-7-0 277704 0.060899 0.003608 0.013744 0.030857
1-1-0-4-3-5-0-4-3-5-0-0-1-1-0 277704 0.071311 0.002189 0.021845 0.03179
1-1-0-4-3-5-0-4-3-5-0-2-2-3-0 277704 0.061931 0.003284 0.017491 0.029999
1-1-0-4-3-5-0-4-3-5-0-4-3-5-0 274950 0.076881 0.00649 0.023464 0.034867
1-1-0-4-3-5-0-4-3-5-0-6-4-7-0 277704 0.074485 0.006077 0.018728 0.036019
1-1-0-4-3-5-0-6-4-7-0-0-1-1-0 277704 0.057925 0.002641 0.015656 0.029981
1-1-0-4-3-5-0-6-4-7-0-2-2-3-0 277704 0.063598 0.003119 0.018698 0.031295
1-1-0-4-3-5-0-6-4-7-0-4-3-5-0 277704 0.07029 0.006244 0.01664 0.035061
1-1-0-4-3-5-0-6-4-7-0-6-4-7-0 277704 0.065238 0.003938 0.016046 0.034553
1-1-0-6-4-7-0-0-1-1-0-0-1-1-0 277704 0.047215 0.000968 0.011215 0.02624
1-1-0-6-4-7-0-0-1-1-0-2-2-3-0 277704 0.050509 0.001158 0.013846 0.025971
1-1-0-6-4-7-0-0-1-1-0-4-3-5-0 277704 0.054336 0.002365 0.011474 0.031213
1-1-0-6-4-7-0-0-1-1-0-6-4-7-0 277704 0.0551 0.00198 0.011142 0.031412
1-1-0-6-4-7-0-2-2-3-0-0-1-1-0 277704 0.051911 0.001419 0.015456 0.024485
1-1-0-6-4-7-0-2-2-3-0-2-2-3-0 277704 0.056144 0.001366 0.017303 0.027435
1-1-0-6-4-7-0-2-2-3-0-4-3-5-0 277704 0.057128 0.002596 0.011656 0.031268
1-1-0-6-4-7-0-2-2-3-0-6-4-7-0 277704 0.055801 0.002305 0.01085 0.03151
1-1-0-6-4-7-0-4-3-5-0-0-1-1-0 277704 0.067467 0.001751 0.022932 0.028949
1-1-0-6-4-7-0-4-3-5-0-2-2-3-0 277704 0.061392 0.003884 0.01455 0.030479
1-1-0-6-4-7-0-4-3-5-0-4-3-5-0 277700 0.072438 0.006717 0.017871 0.036001
1-1-0-6-4-7-0-4-3-5-0-6-4-7-0 277704 0.069242 0.008856 0.0149 0.034433
1-1-0-6-4-7-0-6-4-7-0-0-1-1-0 277704 0.05601 0.001491 0.013284 0.02786
1-1-0-6-4-7-0-6-4-7-0-2-2-3-0 277704 0.056959 0.002007 0.012997 0.028922
1-1-0-6-4-7-0-6-4-7-0-4-3-5-0 277704 0.064873 0.005394 0.013299 0.035201
1-1-0-6-4-7-0-6-4-7-0-6-4-7-0 277704 0.060409 0.003086 0.012488 0.032071
2-3-0-0-1-1-0-0-1-1-0-0-1-1-0 11426723 0.047698 0.001976 0.013755 0.022278
2-3-0-0-1-1-0-0-1-1-0-2-2-3-0 13942082 0.04871 0.003248 0.01314 0.023131
2-3-0-0-1-1-0-0-1-1-0-4-3-5-0 13103489 0.054119 0.003295 0.011956 0.029157
2-3-0-0-1-1-0-0-1-1-0-6-4-7-0 13954551 0.057122 0.006717 0.012105 0.028027
2-3-0-0-1-1-0-2-2-3-0-0-1-1-0 13954626 0.072505 0.003113 0.037129 0.022254
2-3-0-0-1-1-0-2-2-3-0-2-2-3-0 13942082 0.048847 0.003072 0.014411 0.0219
2-3-0-0-1-1-0-2-2-3-0-4-3-5-0 13954538 0.069794 0.018253 0.012383 0.027706
2-3-0-0-1-1-0-2-2-3-0-6-4-7-0 13954626 0.056999 0.005906 0.010601 0.030819
2-3-0-0-1-1-0-4-3-5-0-0-1-1-0 13954626 0.055421 0.003314 0.015372 0.026911
2-3-0-0-1-1-0-4-3-5-0-2-2-3-0 13953539 0.053052 0.003613 0.012394 0.026713
2-3-0-0-1-1-0-4-3-5-0-4-3-5-0 13920168 0.065406 0.005512 0.017412 0.032512
2-3-0-0-1-1-0-4-3-5-0-6-4-7-0 13954618 0.069865 0.008454 0.021142 0.030518
2-3-0-0-1-1-0-6-4-7-0-0-1-1-0 13954626 0.051057 0.003029 0.012231 0.025891
2-3-0-0-1-1-0-6-4-7-0-2-2-3-0 13954626 0.051982 0.003216 0.011473 0.027281
2-3-0-0-1-1-0-6-4-7-0-4-3-5-0 13954622 0.056717 0.005948 0.011315 0.02997
2-3-0-0-1-1-0-6-4-7-0-6-4-7-0 13954626 0.056996 0.006612 0.010945 0.029551
2-3-0-2-2-3-0-0-1-1-0-0-1-1-0 11426723 0.413857 0.347839 0.012177 0.024848
2-3-0-2-2-3-0-0-1-1-0-2-2-3-0 13942082 0.443254 0.312761 0.016271 0.025279
2-3-0-2-2-3-0-0-1-1-0-4-3-5-0 13103489 1.07275 0.792372 0.01646 0.034074
2-3-0-2-2-3-0-0-1-1-0-6-4-7-0 13954551 0.680819 0.559654 0.009143 0.034683
2-3-0-2-2-3-0-2-2-3-0-0-1-1-0 11426723 0.0833 0.002667 0.032448 0.0296
2-3-0-2-2-3-0-2-2-3-0-2-2-3-0 34713 0.161892 0.004945 0.014134 0.027532
2-3-0-2-2-3-0-2-2-3-0-4-3-5-0 1807215 0.069865 0.002627 0.011254 0.034196
2-3-0-2-2-3-0-2-2-3-0-6-4-7-0 6345795 0.541838 0.43777 0.013085 0.033019
2-3-0-2-2-3-0-4-3-5-0-0-1-1-0 13373259 0.143129 0.009309 0.015551 0.033975
2-3-0-2-2-3-0-4-3-5-0-2-2-3-0 12401496 0.12857 0.032402 0.014632 0.033551
2-3-0-2-2-3-0-4-3-5-0-4-3-5-0 12620533 0.078744 0.009584 0.015646 0.040456
2-3-0-2-2-3-0-4-3-5-0-6-4-7-0 13891951 0.084468 0.014179 0.012186 0.031966
2-3-0-2-2-3-0-6-4-7-0-0-1-1-0 13954626 0.050693 0.001676 0.010706 0.027685
2-3-0-2-2-3-0-6-4-7-0-2-2-3-0 13689497 0.121805 0.061287 0.009381 0.028275
2-3-0-2-2-3-0-6-4-7-0-4-3-5-0 13721768 0.067124 0.011353 0.008724 0.035123
2-3-0-2-2-3-0-6-4-7-0-6-4-7-0 13954431 0.059748 0.006732 0.00871 0.033395
2-3-0-4-3-5-0-0-1-1-0-0-1-1-0 13373259 0.054289 0.001721 0.011827 0.029229
2-3-0-4-3-5-0-0-1-1-0-2-2-3-0 13950086 0.750888 0.533737 0.013148 0.026861
2-3-0-4-3-5-0-0-1-1-0-4-3-5-0 13749399 0.142188 0.040064 0.010901 0.032838
2-3-0-4-3-5-0-0-1-1-0-6-4-7-0 13954585 0.070611 0.006945 0.010032 0.032444
2-3-0-4-3-5-0-2-2-3-0-0-1-1-0 13954626 0.126363 0.063816 0.013121 0.025728
2-3-0-4-3-5-0-2-2-3-0-2-2-3-0 12401496 0.05916 0.002722 0.012322 0.028194
2-3-0-4-3-5-0-2-2-3-0-4-3-5-0 13920727 0.069494 0.008868 0.011854 0.030624
2-3-0-4-3-5-0-2-2-3-0-6-4-7-0 13954585 0.064552 0.008256 0.011721 0.030743
2-3-0-4-3-5-0-4-3-5-0-0-1-1-0 13954626 0.071187 0.002688 0.019758 0.03117
2-3-0-4-3-5-0-4-3-5-0-2-2-3-0 13942369 0.214715 0.138291 0.013542 0.030259
2-3-0-4-3-5-0-4-3-5-0-4-3-5-0 13780903 0.091781 0.023496 0.017955 0.035099
2-3-0-4-3-5-0-4-3-5-0-6-4-7-0 13954598 0.08622 0.021191 0.014006 0.036608
2-3-0-4-3-5-0-6-4-7-0-0-1-1-0 13954626 0.059853 0.002636 0.011551 0.030238
2-3-0-4-3-5-0-6-4-7-0-2-2-3-0 13953921 0.217176 0.14804 0.011964 0.032028
2-3-0-4-3-5-0-6-4-7-0-4-3-5-0 13953164 0.082159 0.022478 0.010279 0.034974
2-3-0-4-3-5-0-6-4-7-0-6-4-7-0 13954626 0.073661 0.011545 0.00952 0.035475
2-3-0-6-4-7-0-0-1-1-0-0-1-1-0 13954626 0.053683 0.001789 0.013253 0.027679
2-3-0-6-4-7-0-0-1-1-0-2-2-3-0 13954626 0.555248 0.395642 0.014675 0.024786
2-3-0-6-4-7-0-0-1-1-0-4-3-5-0 13954626 0.104931 0.006931 0.01184 0.029728
2-3-0-6-4-7-0-0-1-1-0-6-4-7-0 13954626 0.064639 0.006268 0.01037 0.02956
2-3-0-6-4-7-0-2-2-3-0-0-1-1-0 13954626 0.068662 0.002048 0.015832 0.025966
2-3-0-6-4-7-0-2-2-3-0-2-2-3-0 13689497 0.355153 0.257971 0.015371 0.023753
2-3-0-6-4-7-0-2-2-3-0-4-3-5-0 13952209 0.1225 0.027226 0.01312 0.028718
2-3-0-6-4-7-0-2-2-3-0-6-4-7-0 13954626 0.081723 0.008623 0.012509 0.028862
2-3-0-6-4-7-0-4-3-5-0-0-1-1-0 13954626 0.070965 0.002538 0.024488 0.028321
2-3-0-6-4-7-0-4-3-5-0-2-2-3-0 13954500 0.19857 0.122816 0.016212 0.027827
2-3-0-6-4-7-0-4-3-5-0-4-3-5-0 13850279 0.090702 0.025558 0.017653 0.033045
2-3-0-6-4-7-0-4-3-5-0-6-4-7-0 13954626 0.091777 0.023347 0.016259 0.033681
2-3-0-6-4-7-0-6-4-7-0-0-1-1-0 13954626 0.056128 0.002096 0.013966 0.027891
2-3-0-6-4-7-0-6-4-7-0-2-2-3-0 13954626 0.188757 0.12752 0.01457 0.027593
2-3-0-6-4-7-0-6-4-7-0-4-3-5-0 13954620 0.077958 0.020904 0.01263 0.031691
2-3-0-6-4-7-0-6-4-7-0-6-4-7-0 13954626 0.064022 0.008559 0.012488 0.031387
3-5-0-0-1-1-0-0-1-1-0-0-1-1-0 66667832 0.053577 0.007163 0.01201 0.024812
3-5-0-0-1-1-0-0-1-1-0-2-2-3-0 261068775 0.090086 0.04165 0.012315 0.026354
3-5-0-0-1-1-0-0-1-1-0-4-3-5-0 159103520 0.079445 0.026736 0.012218 0.02939
3-5-0-0-1-1-0-0-1-1-0-6-4-7-0 264520476 0.102213 0.046472 0.012563 0.029985
3-5-0-0-1-1-0-2-2-3-0-0-1-1-0 264547773 0.117465 0.044647 0.037323 0.025416
3-5-0-0-1-1-0-2-2-3-0-2-2-3-0 261068775 0.241722 0.123301 0.015177 0.028437
3-5-0-0-1-1-0-2-2-3-0-4-3-5-0 264505054 0.385554 0.315866 0.012209 0.033625
3-5-0-0-1-1-0-2-2-3-0-6-4-7-0 264547773 0.171471 0.111333 0.012275 0.033556
3-5-0-0-1-1-0-4-3-5-0-0-1-1-0 264547773 0.102232 0.047 0.015884 0.028251
3-5-0-0-1-1-0-4-3-5-0-2-2-3-0 264335304 0.099884 0.046576 0.013117 0.028775
3-5-0-0-1-1-0-4-3-5-0-4-3-5-0 261568906 0.112573 0.048718 0.017652 0.03541
3-5-0-0-1-1-0-4-3-5-0-6-4-7-0 264546039 0.112974 0.049538 0.020215 0.031843
3-5-0-0-1-1-0-6-4-7-0-0-1-1-0 264547773 0.096413 0.046091 0.01311 0.027372
3-5-0-0-1-1-0-6-4-7-0-2-2-3-0 264547773 0.098377 0.045981 0.012409 0.028573
3-5-0-0-1-1-0-6-4-7-0-4-3-5-0 264547070 0.104497 0.048829 0.012451 0.032578
3-5-0-0-1-1-0-6-4-7-0-6-4-7-0 264547773 0.104021 0.047474 0.01357 0.03205
3-5-0-2-2-3-0-0-1-1-0-0-1-1-0 262992233 0.563371 0.500363 0.01337 0.02464
3-5-0-2-2-3-0-0-1-1-0-2-2-3-0 264546361 0.428894 0.357337 0.017584 0.026676
3-5-0-2-2-3-0-0-1-1-0-4-3-5-0 264299335 1.15381 0.999644 0.016196 0.035237
3-5-0-2-2-3-0-0-1-1-0-6-4-7-0 264547769 0.75166 0.672679 0.012316 0.03211
3-5-0-2-2-3-0-2-2-3-0-0-1-1-0 262992233 0.170266 0.089388 0.014207 0.029068
3-5-0-2-2-3-0-2-2-3-0-2-2-3-0 18178411 0.154742 0.006434 0.013446 0.027578
3-5-0-2-2-3-0-2-2-3-0-4-3-5-0 186718068 0.092921 0.037579 0.010835 0.031041
3-5-0-2-2-3-0-2-2-3-0-6-4-7-0 254483838 0.655367 0.572334 0.011896 0.032092
3-5-0-2-2-3-0-4-3-5-0-0-1-1-0 264534436 0.284516 0.074449 0.021316 0.043508
3-5-0-2-2-3-0-4-3-5-0-2-2-3-0 263938876 0.217563 0.093339 0.017313 0.042332
3-5-0-2-2-3-0-4-3-5-0-4-3-5-0 260987845 0.137268 0.072527 0.014507 0.035284
3-5-0-2-2-3-0-4-3-5-0-6-4-7-0 264545893 0.175166 0.111319 0.01297 0.033496
3-5-0-2-2-3-0-6-4-7-0-0-1-1-0 264547773 0.117017 0.064969 0.011287 0.029245
3-5-0-2-2-3-0-6-4-7-0-2-2-3-0 264526605 1.13206 1.06901 0.010417 0.030395
3-5-0-2-2-3-0-6-4-7-0-4-3-5-0 264348044 0.129635 0.071771 0.01042 0.034172
3-5-0-2-2-3-0-6-4-7-0-6-4-7-0 264547772 0.167838 0.110141 0.009432 0.035116
3-5-0-4-3-5-0-0-1-1-0-0-1-1-0 242448037 0.095626 0.038056 0.015989 0.027004
3-5-0-4-3-5-0-0-1-1-0-2-2-3-0 264223483 0.809476 0.69561 0.01646 0.02601
3-5-0-4-3-5-0-0-1-1-0-4-3-5-0 254223236 0.137236 0.065105 0.017999 0.031544
3-5-0-4-3-5-0-0-1-1-0-6-4-7-0 264544959 0.117592 0.056075 0.015513 0.03158
3-5-0-4-3-5-0-2-2-3-0-0-1-1-0 264272027 1.0656 0.948908 0.019705 0.026075
3-5-0-4-3-5-0-2-2-3-0-2-2-3-0 223199128 2.26969 2.18961 0.018547 0.027225
3-5-0-4-3-5-0-2-2-3-0-4-3-5-0 256552028 0.264771 0.151698 0.017342 0.030841
3-5-0-4-3-5-0-2-2-3-0-6-4-7-0 262665496 1.14507 1.05912 0.017679 0.030784
3-5-0-4-3-5-0-4-3-5-0-0-1-1-0 254851812 1.54465 1.38971 0.027932 0.034143
3-5-0-4-3-5-0-4-3-5-0-2-2-3-0 252870735 2.18792 2.05945 0.018941 0.031507
3-5-0-4-3-5-0-4-3-5-0-4-3-5-0 249802666 1.08209 0.959984 0.027731 0.03633
3-5-0-4-3-5-0-4-3-5-0-6-4-7-0 253260419 0.21901 0.114796 0.021511 0.034337
3-5-0-4-3-5-0-6-4-7-0-0-1-1-0 264536355 1.71412 1.63403 0.020253 0.030097
3-5-0-4-3-5-0-6-4-7-0-2-2-3-0 261395656 1.18235 1.09644 0.021142 0.031136
3-5-0-4-3-5-0-6-4-7-0-4-3-5-0 263215652 1.47436 1.39514 0.019627 0.035143
3-5-0-4-3-5-0-6-4-7-0-6-4-7-0 264542880 0.219692 0.141795 0.016738 0.034907
3-5-0-6-4-7-0-0-1-1-0-0-1-1-0 264536355 0.102115 0.047199 0.014655 0.025769
3-5-0-6-4-7-0-0-1-1-0-2-2-3-0 264547768 0.604031 0.53532 0.016339 0.027083
3-5-0-6-4-7-0-0-1-1-0-4-3-5-0 264545622 0.168312 0.075495 0.013815 0.034474
3-5-0-6-4-7-0-0-1-1-0-6-4-7-0 264547773 0.121793 0.058178 0.013615 0.032239
3-5-0-6-4-7-0-2-2-3-0-0-1-1-0 264547773 0.582211 0.506876 0.017663 0.025237
3-5-0-6-4-7-0-2-2-3-0-2-2-3-0 258664239 0.424998 0.347594 0.016953 0.024595
3-5-0-6-4-7-0-2-2-3-0-4-3-5-0 264488100 1.30191 1.18076 0.017586 0.033998
3-5-0-6-4-7-0-2-2-3-0-6-4-7-0 264547773 2.44961 2.36154 0.014682 0.030307
3-5-0-6-4-7-0-4-3-5-0-0-1-1-0 264547773 0.982808 0.888615 0.024226 0.029628
3-5-0-6-4-7-0-4-3-5-0-2-2-3-0 264545259 1.14799 1.05314 0.017734 0.030261
3-5-0-6-4-7-0-4-3-5-0-4-3-5-0 263135171 0.946774 0.876025 0.0199 0.034334
3-5-0-6-4-7-0-4-3-5-0-6-4-7-0 264547770 0.19884 0.120506 0.018607 0.034468
3-5-0-6-4-7-0-6-4-7-0-0-1-1-0 264547773 0.920828 0.861527 0.015507 0.02913
3-5-0-6-4-7-0-6-4-7-0-2-2-3-0 264547767 1.22935 1.16189 0.015019 0.02929
3-5-0-6-4-7-0-6-4-7-0-4-3-5-0 264547650 1.60162 1.53652 0.014871 0.033804
3-5-0-6-4-7-0-6-4-7-0-6-4-7-0 264547773 0.188673 0.124841 0.014787 0.033988
4-7-0-0-1-1-0-0-1-1-0-0-1-1-0 15626706 0.048782 0.002351 0.013075 0.024882
4-7-0-0-1-1-0-0-1-1-0-2-2-3-0 15794087 0.05112 0.004121 0.013183 0.024398
4-7-0-0-1-1-0-0-1-1-0-4-3-5-0 15740985 0.053932 0.003826 0.011026 0.028443
4-7-0-0-1-1-0-0-1-1-0-6-4-7-0 15794415 0.055196 0.006844 0.010875 0.027912
4-7-0-0-1-1-0-2-2-3-0-0-1-1-0 15794415 0.075074 0.003468 0.037396 0.024965
4-7-0-0-1-1-0-2-2-3-0-2-2-3-0 15794087 0.050545 0.0037 0.014384 0.023379
4-7-0-0-1-1-0-2-2-3-0-4-3-5-0 15794415 0.074989 0.019254 0.012811 0.031211
4-7-0-0-1-1-0-2-2-3-0-6-4-7-0 15794415 0.06602 0.006716 0.010734 0.038694
4-7-0-0-1-1-0-4-3-5-0-0-1-1-0 15794415 0.056189 0.003808 0.015211 0.026983
4-7-0-0-1-1-0-4-3-5-0-2-2-3-0 15794372 0.057317 0.004083 0.013107 0.029658
4-7-0-0-1-1-0-4-3-5-0-4-3-5-0 15792180 0.06535 0.006297 0.016587 0.032539
4-7-0-0-1-1-0-4-3-5-0-6-4-7-0 15794415 0.067959 0.008275 0.018636 0.031076
4-7-0-0-1-1-0-6-4-7-0-0-1-1-0 15794415 0.052112 0.003596 0.011983 0.026954
4-7-0-0-1-1-0-6-4-7-0-2-2-3-0 15794415 0.0544 0.003821 0.011626 0.028695
4-7-0-0-1-1-0-6-4-7-0-4-3-5-0 15794415 0.059483 0.006667 0.011408 0.03145
4-7-0-0-1-1-0-6-4-7-0-6-4-7-0 15794415 0.060762 0.007406 0.011288 0.031799
4-7-0-2-2-3-0-0-1-1-0-0-1-1-0 15794415 0.04909 0.001751 0.013849 0.023569
4-7-0-2-2-3-0-0-1-1-0-2-2-3-0 15794415 0.054278 0.002088 0.015988 0.025991
4-7-0-2-2-3-0-0-1-1-0-4-3-5-0 15794415 0.062929 0.009186 0.011856 0.0308
4-7-0-2-2-3-0-0-1-1-0-6-4-7-0 15794415 0.061651 0.006712 0.01017 0.03364
4-7-0-2-2-3-0-2-2-3-0-0-1-1-0 15794415 0.098439 0.028547 0.033904 0.02499
4-7-0-2-2-3-0-2-2-3-0-2-2-3-0 10219172 0.067182 0.005236 0.015579 0.027146
4-7-0-2-2-3-0-2-2-3-0-4-3-5-0 15662521 0.064671 0.010333 0.01174 0.031138
4-7-0-2-2-3-0-2-2-3-0-6-4-7-0 15792946 0.566309 0.49001 0.01409 0.029454
4-7-0-2-2-3-0-4-3-5-0-0-1-1-0 15794415 0.144996 0.034225 0.015089 0.029175
4-7-0-2-2-3-0-4-3-5-0-2-2-3-0 15794338 0.245006 0.152824 0.012387 0.030698
4-7-0-2-2-3-0-4-3-5-0-4-3-5-0 15743848 0.085912 0.024944 0.011562 0.035455
4-7-0-2-2-3-0-4-3-5-0-6-4-7-0 15794415 0.085968 0.024378 0.012788 0.035421
4-7-0-2-2-3-0-6-4-7-0-0-1-1-0 15794415 0.081536 0.030637 0.011762 0.028118
4-7-0-2-2-3-0-6-4-7-0-2-2-3-0 15794414 0.136521 0.076919 0.011223 0.030005
4-7-0-2-2-3-0-6-4-7-0-4-3-5-0 15794371 0.083488 0.020895 0.009148 0.041255
4-7-0-2-2-3-0-6-4-7-0-6-4-7-0 15794415 0.062858 0.008772 0.008098 0.034726
4-7-0-4-3-5-0-0-1-1-0-0-1-1-0 15758734 0.072757 0.002909 0.02097 0.036099
4-7-0-4-3-5-0-0-1-1-0-2-2-3-0 15794374 0.860355 0.603354 0.018259 0.027427
4-7-0-4-3-5-0-0-1-1-0-4-3-5-0 15784512 0.167434 0.077707 0.017428 0.032541
4-7-0-4-3-5-0-0-1-1-0-6-4-7-0 15794415 0.068867 0.008007 0.013907 0.032969
4-7-0-4-3-5-0-2-2-3-0-0-1-1-0 15794415 0.141077 0.083478 0.014356 0.025638
4-7-0-4-3-5-0-2-2-3-0-2-2-3-0 15752999 0.057468 0.00479 0.013391 0.027199
4-7-0-4-3-5-0-2-2-3-0-4-3-5-0 15793767 0.069162 0.011462 0.012799 0.031375
4-7-0-4-3-5-0-2-2-3-0-6-4-7-0 15794415 0.086071 0.022044 0.013236 0.03262
4-7-0-4-3-5-0-4-3-5-0-0-1-1-0 15794415 0.073902 0.003592 0.021408 0.030271
4-7-0-4-3-5-0-4-3-5-0-2-2-3-0 15794351 0.111534 0.016623 0.011944 0.032355
4-7-0-4-3-5-0-4-3-5-0-4-3-5-0 15614461 0.111674 0.040744 0.019242 0.03545
4-7-0-4-3-5-0-4-3-5-0-6-4-7-0 15794415 0.105622 0.025558 0.017293 0.036967
4-7-0-4-3-5-0-6-4-7-0-0-1-1-0 15794415 0.070463 0.003326 0.016559 0.031649
4-7-0-4-3-5-0-6-4-7-0-2-2-3-0 15794415 0.081039 0.019724 0.01431 0.032024
4-7-0-4-3-5-0-6-4-7-0-4-3-5-0 15794412 0.098697 0.026798 0.013277 0.036887
4-7-0-4-3-5-0-6-4-7-0-6-4-7-0 15794415 0.09721 0.03181 0.013566 0.036452
4-7-0-6-4-7-0-0-1-1-0-0-1-1-0 15794415 0.052136 0.002282 0.01241 0.026593
4-7-0-6-4-7-0-0-1-1-0-2-2-3-0 15794415 0.648655 0.472928 0.015249 0.027586
4-7-0-6-4-7-0-0-1-1-0-4-3-5-0 15794415 0.097115 0.014074 0.012037 0.031641
4-7-0-6-4-7-0-0-1-1-0-6-4-7-0 15794415 0.063721 0.008358 0.011327 0.031903
4-7-0-6-4-7-0-2-2-3-0-0-1-1-0 15794415 0.609436 0.453137 0.01806 0.025206
4-7-0-6-4-7-0-2-2-3-0-2-2-3-0 15792398 0.407495 0.311586 0.022114 0.031043
4-7-0-6-4-7-0-2-2-3-0-4-3-5-0 15794397 0.122312 0.01469 0.016965 0.035065
4-7-0-6-4-7-0-2-2-3-0-6-4-7-0 15794415 0.087569 0.00946 0.016293 0.035136
4-7-0-6-4-7-0-4-3-5-0-0-1-1-0 15794415 0.089613 0.003555 0.025406 0.034762
4-7-0-6-4-7-0-4-3-5-0-2-2-3-0 15794413 0.27714 0.165205 0.019648 0.034348
4-7-0-6-4-7-0-4-3-5-0-4-3-5-0 15792097 0.113603 0.045989 0.018355 0.034522
4-7-0-6-4-7-0-4-3-5-0-6-4-7-0 15794415 0.10947 0.033735 0.019506 0.036967
4-7-0-6-4-7-0-6-4-7-0-0-1-1-0 15794415 0.061391 0.003062 0.014037 0.029511
4-7-0-6-4-7-0-6-4-7-0-2-2-3-0 15794415 0.146013 0.080346 0.015347 0.028191
4-7-0-6-4-7-0-6-4-7-0-4-3-5-0 15794415 0.084784 0.023899 0.012954 0.034783
4-7-0-6-4-7-0-6-4-7-0-6-4-7-0 15794415 0.070123 0.01072 0.015109 0.032567
