0-0-1-1-0-0-1 34713 1.6246 1.62088 1e-06 0
0-0-1-1-0-2-2 11426723 0.009461 0.006092 0 0
0-0-1-1-0-4-3 66667832 0.01048 0.009791 0 0
0-0-1-1-0-6-4 15626706 0.004654 0.003645 0 0
0-2-2-3-0-0-1 269979 0.006051 0.004573 0 0
0-2-2-3-0-2-2 34713 0.001954 0.00105 0 0
0-2-2-3-0-4-3 18178411 0.021502 0.018546 0 0
0-2-2-3-0-6-4 10219172 0.00925 0.007343 0 0
0-4-3-5-0-0-1 125547 0.00278 0.001125 0 0
0-4-3-5-0-2-2 1807215 0.008283 0.005022 1e-06 0
0-4-3-5-0-4-3 45844609 0.015655 0.014265 0 0
0-4-3-5-0-6-4 13230219 0.007013 0.005189 1e-06 0
0-6-4-7-0-0-1 277619 0.021325 0.019427 0 0
0-6-4-7-0-2-2 6345795 0.003418 0.002591 0 0
0-6-4-7-0-4-3 161137646 0.383453 0.380897 1e-06 0
0-6-4-7-0-6-4 15647846 0.009538 0.005219 1e-06 0
1-1-0-0-1-1-0 34713 0.429356 0.419518 0 0
1-1-0-2-2-3-0 269979 0.029198 0.01605 0 0
1-1-0-4-3-5-0 125547 0.016507 0.00993 1e-06 0
1-1-0-6-4-7-0 277619 0.051503 0.048338 1e-06 0
2-3-0-0-1-1-0 11426723 0.003103 0.002182 0 0
2-3-0-2-2-3-0 34713 0.00153 0.000567 0 0
2-3-0-4-3-5-0 1807215 0.003628 0.002046 0 0
2-3-0-6-4-7-0 6345795 0.004754 0.00369 0 0
3-5-0-0-1-1-0 66667832 0.01385 0.012586 0 0
3-5-0-2-2-3-0 18178411 0.013917 0.010977 0 0
3-5-0-4-3-5-0 45844609 0.030518 0.02802 1e-06 0
3-5-0-6-4-7-0 161137646 0.091986 0.089961 0 0
4-7-0-0-1-1-0 15626706 0.003622 0.002951 0 0
4-7-0-2-2-3-0 10219172 0.002753 0.00192 0 0
4-7-0-4-3-5-0 13230219 0.013864 0.010285 1e-06 0
4-7-0-6-4-7-0 15647846 0.010093 0.009081 0 0
