0-0-1-1-0-0-1-1-0-0-1-1-0-0-1 34713 2.05594 2.04169 1e-06 0
0-0-1-1-0-0-1-1-0-0-1-1-0-2-2 11426723 0.039423 0.033399 1e-06 0
0-0-1-1-0-0-1-1-0-0-1-1-0-4-3 66667832 0.304384 0.296648 1e-06 0
0-0-1-1-0-0-1-1-0-0-1-1-0-6-4 15626706 0.041559 0.03115 1e-06 0
0-0-1-1-0-0-1-1-0-2-2-3-0-0-1 277704 0.702227 0.641121 1e-06 0
0-0-1-1-0-0-1-1-0-2-2-3-0-2-2 11426723 0.050686 0.038532 2e-06 0
0-0-1-1-0-0-1-1-0-2-2-3-0-4-3 262992233 1.07473 1.06209 1e-06 0
0-0-1-1-0-0-1-1-0-2-2-3-0-6-4 15794415 0.050771 0.031627 1e-06 0
0-0-1-1-0-0-1-1-0-4-3-5-0-0-1 277704 0.032525 0.009297 1e-06 0
0-0-1-1-0-0-1-1-0-4-3-5-0-2-2 13373259 0.049612 0.020054 3e-06 0
0-0-1-1-0-0-1-1-0-4-3-5-0-4-3 242448037 0.347322 0.305051 1e-06 0
0-0-1-1-0-0-1-1-0-4-3-5-0-6-4 15758734 0.028326 0.020431 2e-06 0
0-0-1-1-0-0-1-1-0-6-4-7-0-0-1 277704 1.01757 0.795819 1e-06 0
0-0-1-1-0-0-1-1-0-6-4-7-0-2-2 13954626 0.062355 0.056036 2e-06 0
0-0-1-1-0-0-1-1-0-6-4-7-0-4-3 264536355 1.4446 1.43371 1e-06 0
0-0-1-1-0-0-1-1-0-6-4-7-0-6-4 15794415 0.027455 0.023262 1e-06 0
0-0-1-1-0-2-2-3-0-0-1-1-0-0-1 277704 5.72566 5.6424 1e-06 0
0-0-1-1-0-2-2-3-0-0-1-1-0-2-2 13954626 0.020671 0.013656 2e-06 0
0-0-1-1-0-2-2-3-0-0-1-1-0-4-3 264547773 1.16889 1.16482 1e-06 0
0-0-1-1-0-2-2-3-0-0-1-1-0-6-4 15794415 0.018527 0.013181 1e-06 0
0-0-1-1-0-2-2-3-0-2-2-3-0-0-1 277704 0.357087 0.306507 1e-06 0
0-0-1-1-0-2-2-3-0-2-2-3-0-2-2 11426723 0.008498 0.004105 1e-06 0
0-0-1-1-0-2-2-3-0-2-2-3-0-4-3 262992233 0.931272 0.912256 1e-06 0
0-0-1-1-0-2-2-3-0-2-2-3-0-6-4 15794415 0.050323 0.015422 1e-06 0
0-0-1-1-0-2-2-3-0-4-3-5-0-0-1 277704 1.08773 0.957829 1e-06 0
0-0-1-1-0-2-2-3-0-4-3-5-0-2-2 13954626 0.097032 0.016338 3e-06 0
0-0-1-1-0-2-2-3-0-4-3-5-0-4-3 264272027 36.8558 36.835 1e-06 0
0-0-1-1-0-2-2-3-0-4-3-5-0-6-4 15794415 0.049257 0.022683 1e-06 0
0-0-1-1-0-2-2-3-0-6-4-7-0-0-1 277704 0.834807 0.702308 3e-06 0
0-0-1-1-0-2-2-3-0-6-4-7-0-2-2 13954626 0.102474 0.048164 3e-06 0
0-0-1-1-0-2-2-3-0-6-4-7-0-4-3 264547773 1.23472 1.21436 2e-06 0
0-0-1-1-0-2-2-3-0-6-4-7-0-6-4 15794415 0.024855 0.020858 1e-06 0
0-0-1-1-0-4-3-5-0-0-1-1-0-0-1 277704 0.901502 0.871968 1e-06 0
0-0-1-1-0-4-3-5-0-0-1-1-0-2-2 13954626 0.069203 0.049349 1e-06 0
0-0-1-1-0-4-3-5-0-0-1-1-0-4-3 264547773 0.928444 0.900461 1e-06 0
0-0-1-1-0-4-3-5-0-0-1-1-0-6-4 15794415 0.026426 0.021934 2e-06 0
0-0-1-1-0-4-3-5-0-2-2-3-0-0-1 277704 0.407751 0.296837 1e-06 0
0-0-1-1-0-4-3-5-0-2-2-3-0-2-2 13373259 0.027754 0.009758 1e-06 0
0-0-1-1-0-4-3-5-0-2-2-3-0-4-3 264534436 0.908316 0.893776 1e-06 0
0-0-1-1-0-4-3-5-0-2-2-3-0-6-4 15794415 0.035379 0.020524 1e-06 0
0-0-1-1-0-4-3-5-0-4-3-5-0-0-1 277704 0.286432 0.273332 1e-06 0
0-0-1-1-0-4-3-5-0-4-3-5-0-2-2 13954626 0.049854 0.031319 1e-06 0
0-0-1-1-0-4-3-5-0-4-3-5-0-4-3 254851812 0.305664 0.293816 1e-06 0
0-0-1-1-0-4-3-5-0-4-3-5-0-6-4 15794415 0.025793 0.018988 1e-06 0
0-0-1-1-0-4-3-5-0-6-4-7-0-0-1 277704 0.788769 0.644881 1e-06 0
0-0-1-1-0-4-3-5-0-6-4-7-0-2-2 13954626 0.071577 0.057964 2e-06 0
0-0-1-1-0-4-3-5-0-6-4-7-0-4-3 264547773 1.21714 1.20413 1e-06 0
0-0-1-1-0-4-3-5-0-6-4-7-0-6-4 15794415 0.023637 0.018631 3e-06 0
0-0-1-1-0-6-4-7-0-0-1-1-0-0-1 277704 8.1348 8.01555 1e-06 0
0-0-1-1-0-6-4-7-0-0-1-1-0-2-2 13954626 0.130341 0.121993 1e-06 0
0-0-1-1-0-6-4-7-0-0-1-1-0-4-3 264547773 1.6764 1.67284 1e-06 0
0-0-1-1-0-6-4-7-0-0-1-1-0-6-4 15794415 0.02886 0.022541 1e-06 0
0-0-1-1-0-6-4-7-0-2-2-3-0-0-1 277704 5.34649 5.21354 2e-06 0
0-0-1-1-0-6-4-7-0-2-2-3-0-2-2 13954626 0.051375 0.039034 0 0
0-0-1-1-0-6-4-7-0-2-2-3-0-4-3 264547773 5.80528 5.78836 1e-06 0
0-0-1-1-0-6-4-7-0-2-2-3-0-6-4 15794415 0.024068 0.01862 3e-06 0
0-0-1-1-0-6-4-7-0-4-3-5-0-0-1 277704 0.041536 0.017666 1e-06 0
0-0-1-1-0-6-4-7-0-4-3-5-0-2-2 13954626 5.2022 5.04445 1e-06 0
0-0-1-1-0-6-4-7-0-4-3-5-0-4-3 264536355 1.69209 1.64074 1e-06 0
0-0-1-1-0-6-4-7-0-4-3-5-0-6-4 15794415 0.021954 0.016612 1e-06 0
0-0-1-1-0-6-4-7-0-6-4-7-0-0-1 277704 8.21982 8.12126 1e-06 0
0-0-1-1-0-6-4-7-0-6-4-7-0-2-2 13954626 0.112979 0.109137 1e-06 0
0-0-1-1-0-6-4-7-0-6-4-7-0-4-3 264547773 8.82138 8.81644 1e-06 0
0-0-1-1-0-6-4-7-0-6-4-7-0-6-4 15794415 0.022521 0.018319 3e-06 0
0-2-2-3-0-0-1-1-0-0-1-1-0-0-1 269979 0.293299 0.261024 0 0
0-2-2-3-0-0-1-1-0-0-1-1-0-2-2 13942082 0.103023 0.096974 1e-06 0
0-2-2-3-0-0-1-1-0-0-1-1-0-4-3 261068775 0.02629 0.023851 0 0
0-2-2-3-0-0-1-1-0-0-1-1-0-6-4 15794087 0.016485 0.013339 1e-06 0
0-2-2-3-0-0-1-1-0-2-2-3-0-0-1 277704 0.30477 0.263298 1e-06 0
0-2-2-3-0-0-1-1-0-2-2-3-0-2-2 13942082 0.010829 0.008188 1e-06 0
0-2-2-3-0-0-1-1-0-2-2-3-0-4-3 264546361 0.814167 0.799456 1e-06 0
0-2-2-3-0-0-1-1-0-2-2-3-0-6-4 15794415 0.037596 0.018174 1e-06 0
0-2-2-3-0-0-1-1-0-4-3-5-0-0-1 277704 0.012951 0.010322 1e-06 0
0-2-2-3-0-0-1-1-0-4-3-5-0-2-2 13950086 0.304409 0.278917 1e-06 0
0-2-2-3-0-0-1-1-0-4-3-5-0-4-3 264223483 0.052775 0.04925 1e-06 0
0-2-2-3-0-0-1-1-0-4-3-5-0-6-4 15794374 0.033766 0.014938 1e-06 0
0-2-2-3-0-0-1-1-0-6-4-7-0-0-1 277704 0.691909 0.60891 1e-06 0
0-2-2-3-0-0-1-1-0-6-4-7-0-2-2 13954626 0.045276 0.040993 2e-06 0
0-2-2-3-0-0-1-1-0-6-4-7-0-4-3 264547768 1.19489 1.1903 1e-06 0
0-2-2-3-0-0-1-1-0-6-4-7-0-6-4 15794415 0.023343 0.019564 1e-06 0
0-2-2-3-0-2-2-3-0-0-1-1-0-0-1 269979 0.28076 0.257091 1e-06 0
0-2-2-3-0-2-2-3-0-0-1-1-0-2-2 13942082 0.018204 0.012725 2e-06 0
0-2-2-3-0-2-2-3-0-0-1-1-0-4-3 261068775 0.027611 0.021162 1e-06 0
0-2-2-3-0-2-2-3-0-0-1-1-0-6-4 15794087 0.013196 0.009898 1e-06 0
0-2-2-3-0-2-2-3-0-2-2-3-0-0-1 269979 0.023285 0.004362 1e-06 0
0-2-2-3-0-2-2-3-0-2-2-3-0-2-2 34713 0.007486 0.002911 1e-06 0
0-2-2-3-0-2-2-3-0-2-2-3-0-4-3 18178411 0.021661 0.013813 1e-06 0
0-2-2-3-0-2-2-3-0-2-2-3-0-6-4 10219172 0.046301 0.009687 2e-06 0
0-2-2-3-0-2-2-3-0-4-3-5-0-0-1 277212 0.034985 0.020217 2e-06 0
0-2-2-3-0-2-2-3-0-4-3-5-0-2-2 12401496 0.032635 0.010954 1e-06 0
0-2-2-3-0-2-2-3-0-4-3-5-0-4-3 223199128 0.424085 0.402458 0 0
0-2-2-3-0-2-2-3-0-4-3-5-0-6-4 15752999 0.017139 0.011986 2e-06 0
0-2-2-3-0-2-2-3-0-6-4-7-0-0-1 277704 0.510405 0.477555 1e-06 0
0-2-2-3-0-2-2-3-0-6-4-7-0-2-2 13689497 0.073933 0.033666 1e-06 0
0-2-2-3-0-2-2-3-0-6-4-7-0-4-3 258664239 1.02935 1.01915 1e-06 0
0-2-2-3-0-2-2-3-0-6-4-7-0-6-4 15792398 0.032772 0.01239 1e-06 0
0-2-2-3-0-4-3-5-0-0-1-1-0-0-1 277212 0.43067 0.336033 1e-06 0
0-2-2-3-0-4-3-5-0-0-1-1-0-2-2 13953539 0.079756 0.048115 1e-06 0
0-2-2-3-0-4-3-5-0-0-1-1-0-4-3 264335304 0.029659 0.024602 1e-06 0
0-2-2-3-0-4-3-5-0-0-1-1-0-6-4 15794372 0.019326 0.01256 1e-06 0
0-2-2-3-0-4-3-5-0-2-2-3-0-0-1 277704 0.412064 0.335311 1e-06 0
0-2-2-3-0-4-3-5-0-2-2-3-0-2-2 12401496 0.046965 0.008771 2e-06 0
0-2-2-3-0-4-3-5-0-2-2-3-0-4-3 263938876 0.931687 0.905616 1e-06 0
0-2-2-3-0-4-3-5-0-2-2-3-0-6-4 15794338 0.03107 0.014169 3e-06 0
0-2-2-3-0-4-3-5-0-4-3-5-0-0-1 277704 0.036775 0.021109 1e-06 0
0-2-2-3-0-4-3-5-0-4-3-5-0-2-2 13942369 0.036665 0.026882 1e-06 0
0-2-2-3-0-4-3-5-0-4-3-5-0-4-3 252870735 0.060631 0.053781 1e-06 0
0-2-2-3-0-4-3-5-0-4-3-5-0-6-4 15794351 0.024873 0.014383 3e-06 0
0-2-2-3-0-4-3-5-0-6-4-7-0-0-1 277704 0.784197 0.633845 0 0
0-2-2-3-0-4-3-5-0-6-4-7-0-2-2 13954500 0.048611 0.043328 2e-06 0
0-2-2-3-0-4-3-5-0-6-4-7-0-4-3 264545259 1.24013 1.23325 1e-06 0
0-2-2-3-0-4-3-5-0-6-4-7-0-6-4 15794413 0.022861 0.015912 2e-06 0
0-2-2-3-0-6-4-7-0-0-1-1-0-0-1 277704 5.50897 5.38263 1e-06 0
0-2-2-3-0-6-4-7-0-0-1-1-0-2-2 13954626 0.089706 0.073278 2e-06 0
0-2-2-3-0-6-4-7-0-0-1-1-0-4-3 264547773 1.11743 1.10533 1e-06 0
0-2-2-3-0-6-4-7-0-0-1-1-0-6-4 15794415 0.017304 0.014441 1e-06 0
0-2-2-3-0-6-4-7-0-2-2-3-0-0-1 277704 3.69054 3.60437 1e-06 0
0-2-2-3-0-6-4-7-0-2-2-3-0-2-2 13689497 0.06648 0.047873 1e-06 0
0-2-2-3-0-6-4-7-0-2-2-3-0-4-3 264526605 4.30589 4.30037 2e-06 0
0-2-2-3-0-6-4-7-0-2-2-3-0-6-4 15794414 0.027339 0.015311 1e-06 0
0-2-2-3-0-6-4-7-0-4-3-5-0-0-1 277704 0.065506 0.01453 1e-06 0
0-2-2-3-0-6-4-7-0-4-3-5-0-2-2 13953921 4.66261 4.49642 2e-06 0
0-2-2-3-0-6-4-7-0-4-3-5-0-4-3 261395656 1.11296 1.07135 1e-06 0
0-2-2-3-0-6-4-7-0-4-3-5-0-6-4 15794415 0.019807 0.014559 1e-06 0
0-2-2-3-0-6-4-7-0-6-4-7-0-0-1 277704 5.60082 5.49313 1e-06 0
0-2-2-3-0-6-4-7-0-6-4-7-0-2-2 13954626 0.077017 0.070089 1e-06 0
0-2-2-3-0-6-4-7-0-6-4-7-0-4-3 264547767 5.96466 5.95039 1e-06 0
0-2-2-3-0-6-4-7-0-6-4-7-0-6-4 15794415 0.028423 0.015227 1e-06 0
0-4-3-5-0-0-1-1-0-0-1-1-0-0-1 125547 0.817493 0.800213 1e-06 0
0-4-3-5-0-0-1-1-0-0-1-1-0-2-2 13103489 0.071235 0.045615 1e-06 0
0-4-3-5-0-0-1-1-0-0-1-1-0-4-3 159103520 0.790683 0.770236 1e-06 0
0-4-3-5-0-0-1-1-0-0-1-1-0-6-4 15740985 0.030596 0.015685 1e-06 0
0-4-3-5-0-0-1-1-0-2-2-3-0-0-1 277704 0.459931 0.360735 1e-06 0
0-4-3-5-0-0-1-1-0-2-2-3-0-2-2 13103489 0.062061 0.040265 1e-06 0
0-4-3-5-0-0-1-1-0-2-2-3-0-4-3 264299335 0.954535 0.937392 1e-06 0
0-4-3-5-0-0-1-1-0-2-2-3-0-6-4 15794415 0.035795 0.016293 0 0
0-4-3-5-0-0-1-1-0-4-3-5-0-0-1 277704 0.954368 0.937848 1e-06 0
0-4-3-5-0-0-1-1-0-4-3-5-0-2-2 13749399 0.089708 0.050341 1e-06 0
0-4-3-5-0-0-1-1-0-4-3-5-0-4-3 254223236 0.099681 0.087691 1e-06 0
0-4-3-5-0-0-1-1-0-4-3-5-0-6-4 15784512 0.025885 0.016266 1e-06 0
0-4-3-5-0-0-1-1-0-6-4-7-0-0-1 277704 0.773421 0.631759 1e-06 0
0-4-3-5-0-0-1-1-0-6-4-7-0-2-2 13954626 0.070098 0.045522 1e-06 0
0-4-3-5-0-0-1-1-0-6-4-7-0-4-3 264545622 1.21048 1.2041 1e-06 0
0-4-3-5-0-0-1-1-0-6-4-7-0-6-4 15794415 0.03386 0.024281 3e-06 0
0-4-3-5-0-2-2-3-0-0-1-1-0-0-1 277597 1.32738 1.19115 1e-06 0
0-4-3-5-0-2-2-3-0-0-1-1-0-2-2 13954538 0.076812 0.05928 1e-06 0
0-4-3-5-0-2-2-3-0-0-1-1-0-4-3 264505054 0.248725 0.237122 1e-06 0
0-4-3-5-0-2-2-3-0-0-1-1-0-6-4 15794415 0.015955 0.011532 1e-06 0
0-4-3-5-0-2-2-3-0-2-2-3-0-0-1 277597 0.099621 0.089988 1e-06 0
0-4-3-5-0-2-2-3-0-2-2-3-0-2-2 1807215 0.019316 0.005674 1e-06 0
0-4-3-5-0-2-2-3-0-2-2-3-0-4-3 186718068 0.336899 0.32604 1e-06 0
0-4-3-5-0-2-2-3-0-2-2-3-0-6-4 15662521 0.030723 0.011105 3e-06 0
0-4-3-5-0-2-2-3-0-4-3-5-0-0-1 277704 0.373365 0.364572 0 0
0-4-3-5-0-2-2-3-0-4-3-5-0-2-2 13920727 0.071665 0.048445 1e-06 0
0-4-3-5-0-2-2-3-0-4-3-5-0-4-3 256552028 13.4803 13.4734 1e-06 0
0-4-3-5-0-2-2-3-0-4-3-5-0-6-4 15793767 0.026645 0.017185 1e-06 0
0-4-3-5-0-2-2-3-0-6-4-7-0-0-1 277704 0.808889 0.648375 2e-06 0
0-4-3-5-0-2-2-3-0-6-4-7-0-2-2 13952209 0.067187 0.049184 3e-06 0
0-4-3-5-0-2-2-3-0-6-4-7-0-4-3 264488100 1.24598 1.23137 1e-06 0
0-4-3-5-0-2-2-3-0-6-4-7-0-6-4 15794397 0.025775 0.01544 3e-06 0
0-4-3-5-0-4-3-5-0-0-1-1-0-0-1 273654 3.84069 3.53909 1e-06 0
0-4-3-5-0-4-3-5-0-0-1-1-0-2-2 13920168 0.132757 0.085276 3e-06 0
0-4-3-5-0-4-3-5-0-0-1-1-0-4-3 261568906 0.11259 0.102722 1e-06 0
0-4-3-5-0-4-3-5-0-0-1-1-0-6-4 15792180 0.020866 0.015576 1e-06 0
0-4-3-5-0-4-3-5-0-2-2-3-0-0-1 277611 0.46724 0.35431 1e-06 0
0-4-3-5-0-4-3-5-0-2-2-3-0-2-2 12620533 0.054925 0.029642 1e-06 0
0-4-3-5-0-4-3-5-0-2-2-3-0-4-3 260987845 0.966923 0.930997 3e-06 0
0-4-3-5-0-4-3-5-0-2-2-3-0-6-4 15743848 0.047012 0.017562 1e-06 0
0-4-3-5-0-4-3-5-0-4-3-5-0-0-1 274950 0.913343 0.898115 1e-06 0
0-4-3-5-0-4-3-5-0-4-3-5-0-2-2 13780903 0.076953 0.062926 2e-06 0
0-4-3-5-0-4-3-5-0-4-3-5-0-4-3 249802666 0.124962 0.117278 1e-06 0
0-4-3-5-0-4-3-5-0-4-3-5-0-6-4 15614461 0.023606 0.016991 1e-06 0
0-4-3-5-0-4-3-5-0-6-4-7-0-0-1 277700 0.80121 0.650993 1e-06 0
0-4-3-5-0-4-3-5-0-6-4-7-0-2-2 13850279 0.072989 0.048288 3e-06 0
0-4-3-5-0-4-3-5-0-6-4-7-0-4-3 263135171 1.2364 1.21874 3e-06 0
0-4-3-5-0-4-3-5-0-6-4-7-0-6-4 15792097 0.030755 0.018897 1e-06 0
0-4-3-5-0-6-4-7-0-0-1-1-0-0-1 277700 7.03791 6.89168 1e-06 0
0-4-3-5-0-6-4-7-0-0-1-1-0-2-2 13954622 0.114599 0.091454 1e-06 0
0-4-3-5-0-6-4-7-0-0-1-1-0-4-3 264547070 1.46096 1.43873 1e-06 0
0-4-3-5-0-6-4-7-0-0-1-1-0-6-4 15794415 0.021154 0.016932 1e-06 0
0-4-3-5-0-6-4-7-0-2-2-3-0-0-1 277704 4.76861 4.60569 1e-06 0
0-4-3-5-0-6-4-7-0-2-2-3-0-2-2 13721768 0.064006 0.048306 3e-06 0
0-4-3-5-0-6-4-7-0-2-2-3-0-4-3 264348044 5.1485 5.12593 1e-06 0
0-4-3-5-0-6-4-7-0-2-2-3-0-6-4 15794371 0.024642 0.018719 3e-06 0
0-4-3-5-0-6-4-7-0-4-3-5-0-0-1 277704 0.067106 0.019562 1e-06 0
0-4-3-5-0-6-4-7-0-4-3-5-0-2-2 13953164 4.77918 4.72089 1e-06 0
0-4-3-5-0-6-4-7-0-4-3-5-0-4-3 263215652 1.44108 1.37031 1e-06 0
0-4-3-5-0-6-4-7-0-4-3-5-0-6-4 15794412 0.038494 0.017575 1e-06 0
0-4-3-5-0-6-4-7-0-6-4-7-0-0-1 277704 7.01753 6.91567 1e-06 0
0-4-3-5-0-6-4-7-0-6-4-7-0-2-2 13954620 0.109519 0.09306 1e-06 0
0-4-3-5-0-6-4-7-0-6-4-7-0-4-3 264547650 7.50924 7.48713 1e-06 0
0-4-3-5-0-6-4-7-0-6-4-7-0-6-4 15794415 0.023524 0.018776 2e-06 0
0-6-4-7-0-0-1-1-0-0-1-1-0-0-1 277619 0.426282 0.359023 1e-06 0
0-6-4-7-0-0-1-1-0-0-1-1-0-2-2 13954551 0.021446 0.019231 2e-06 0
0-6-4-7-0-0-1-1-0-0-1-1-0-4-3 264520476 0.051614 0.047282 1e-06 0
0-6-4-7-0-0-1-1-0-0-1-1-0-6-4 15794415 0.162732 0.159148 1e-06 0
0-6-4-7-0-0-1-1-0-2-2-3-0-0-1 277704 0.40911 0.331276 1e-06 0
0-6-4-7-0-0-1-1-0-2-2-3-0-2-2 13954551 0.013603 0.011252 1e-06 0
0-6-4-7-0-0-1-1-0-2-2-3-0-4-3 264547769 0.936084 0.930678 1e-06 0
0-6-4-7-0-0-1-1-0-2-2-3-0-6-4 15794415 0.130025 0.109636 1e-06 0
0-6-4-7-0-0-1-1-0-4-3-5-0-0-1 277704 0.02446 0.021005 1e-06 0
0-6-4-7-0-0-1-1-0-4-3-5-0-2-2 13954585 0.402905 0.372016 1e-06 0
0-6-4-7-0-0-1-1-0-4-3-5-0-4-3 264544959 0.073905 0.069569 1e-06 0
0-6-4-7-0-0-1-1-0-4-3-5-0-6-4 15794415 0.150484 0.139585 1e-06 0
0-6-4-7-0-0-1-1-0-6-4-7-0-0-1 277704 0.411002 0.354988 1e-06 0
0-6-4-7-0-0-1-1-0-6-4-7-0-2-2 13954626 0.022636 0.019735 1e-06 0
0-6-4-7-0-0-1-1-0-6-4-7-0-4-3 264547773 0.944167 0.934254 1e-06 0
0-6-4-7-0-0-1-1-0-6-4-7-0-6-4 15794415 0.167014 0.163104 2e-06 0
0-6-4-7-0-2-2-3-0-0-1-1-0-0-1 277704 0.399097 0.341616 1e-06 0
0-6-4-7-0-2-2-3-0-0-1-1-0-2-2 13954626 0.023232 0.017693 1e-06 0
0-6-4-7-0-2-2-3-0-0-1-1-0-4-3 264547773 0.054931 0.046627 1e-06 0
0-6-4-7-0-2-2-3-0-0-1-1-0-6-4 15794415 0.016796 0.013634 1e-06 0
0-6-4-7-0-2-2-3-0-2-2-3-0-0-1 277704 0.270438 0.246806 1e-06 0
0-6-4-7-0-2-2-3-0-2-2-3-0-2-2 6345795 0.015789 0.009147 1e-06 0
0-6-4-7-0-2-2-3-0-2-2-3-0-4-3 254483838 0.754575 0.746826 1e-06 0
0-6-4-7-0-2-2-3-0-2-2-3-0-6-4 15792946 0.11399 0.090739 1e-06 0
0-6-4-7-0-2-2-3-0-4-3-5-0-0-1 277704 0.269614 0.248813 1e-06 0
0-6-4-7-0-2-2-3-0-4-3-5-0-2-2 13954585 0.066153 0.032618 1e-06 0
0-6-4-7-0-2-2-3-0-4-3-5-0-4-3 262665496 29.9445 29.9351 1e-06 0
0-6-4-7-0-2-2-3-0-4-3-5-0-6-4 15794415 0.119513 0.096592 1e-06 0
0-6-4-7-0-2-2-3-0-6-4-7-0-0-1 277704 0.491542 0.404201 1e-06 0
0-6-4-7-0-2-2-3-0-6-4-7-0-2-2 13954626 0.037158 0.025357 2e-06 0
0-6-4-7-0-2-2-3-0-6-4-7-0-4-3 264547773 0.97729 0.954546 1e-06 0
0-6-4-7-0-2-2-3-0-6-4-7-0-6-4 15794415 0.142233 0.124935 2e-06 0
0-6-4-7-0-4-3-5-0-0-1-1-0-0-1 277701 0.471196 0.381253 1e-06 0
0-6-4-7-0-4-3-5-0-0-1-1-0-2-2 13954618 0.045635 0.020478 1e-06 0
0-6-4-7-0-4-3-5-0-0-1-1-0-4-3 264546039 0.083593 0.0654 2e-06 0
0-6-4-7-0-4-3-5-0-0-1-1-0-6-4 15794415 0.032744 0.021525 1e-06 0
0-6-4-7-0-4-3-5-0-2-2-3-0-0-1 277704 0.548445 0.397611 1e-06 0
0-6-4-7-0-4-3-5-0-2-2-3-0-2-2 13891951 0.025918 0.012562 2e-06 0
0-6-4-7-0-4-3-5-0-2-2-3-0-4-3 264545893 0.982603 0.972425 1e-06 0
0-6-4-7-0-4-3-5-0-2-2-3-0-6-4 15794415 0.024009 0.014933 1e-06 0
0-6-4-7-0-4-3-5-0-4-3-5-0-0-1 277704 0.035682 0.027307 1e-06 0
0-6-4-7-0-4-3-5-0-4-3-5-0-2-2 13954598 2.87038 2.84745 1e-06 0
0-6-4-7-0-4-3-5-0-4-3-5-0-4-3 253260419 0.095494 0.070064 1e-06 0
0-6-4-7-0-4-3-5-0-4-3-5-0-6-4 15794415 0.02483 0.014379 1e-06 0
0-6-4-7-0-4-3-5-0-6-4-7-0-0-1 277704 0.481202 0.399507 1e-06 0
0-6-4-7-0-4-3-5-0-6-4-7-0-2-2 13954626 0.038424 0.020623 1e-06 0
0-6-4-7-0-4-3-5-0-6-4-7-0-4-3 264547770 0.965429 0.95228 1e-06 0
0-6-4-7-0-4-3-5-0-6-4-7-0-6-4 15794415 0.021886 0.017124 1e-06 0
0-6-4-7-0-6-4-7-0-0-1-1-0-0-1 277704 0.563599 0.469418 1e-06 0
0-6-4-7-0-6-4-7-0-0-1-1-0-2-2 13954626 0.130902 0.12807 1e-06 0
0-6-4-7-0-6-4-7-0-0-1-1-0-4-3 264547773 0.16197 0.158296 1e-06 0
0-6-4-7-0-6-4-7-0-0-1-1-0-6-4 15794415 0.01937 0.016254 1e-06 0
0-6-4-7-0-6-4-7-0-2-2-3-0-0-1 277704 0.517368 0.440315 1e-06 0
0-6-4-7-0-6-4-7-0-2-2-3-0-2-2 13954431 0.112642 0.100385 1e-06 0
0-6-4-7-0-6-4-7-0-2-2-3-0-4-3 264547772 1.02332 1.01536 1e-06 0
0-6-4-7-0-6-4-7-0-2-2-3-0-6-4 15794415 0.026426 0.015715 3e-06 0
0-6-4-7-0-6-4-7-0-4-3-5-0-0-1 277704 0.122055 0.107738 1e-06 0
0-6-4-7-0-6-4-7-0-4-3-5-0-2-2 13954626 4.84818 4.67195 1e-06 0
0-6-4-7-0-6-4-7-0-4-3-5-0-4-3 264542880 0.199163 0.167891 1e-06 0
0-6-4-7-0-6-4-7-0-4-3-5-0-6-4 15794415 0.021375 0.015194 1e-06 0
0-6-4-7-0-6-4-7-0-6-4-7-0-0-1 277704 0.548929 0.478782 1e-06 0
0-6-4-7-0-6-4-7-0-6-4-7-0-2-2 13954626 0.135075 0.131314 1e-06 0
0-6-4-7-0-6-4-7-0-6-4-7-0-4-3 264547773 1.01821 1.01388 1e-06 0
0-6-4-7-0-6-4-7-0-6-4-7-0-6-4 15794415 0.021394 0.016739 1e-06 0
1-1-0-0-1-1-0-0-1-1-0-0-1-1-0 34713 0.30606 0.299271 1e-06 0
1-1-0-0-1-1-0-0-1-1-0-2-2-3-0 269979 0.454926 0.419174 3e-06 0
1-1-0-0-1-1-0-0-1-1-0-4-3-5-0 125547 0.514955 0.481182 1e-06 0
1-1-0-0-1-1-0-0-1-1-0-6-4-7-0 277619 0.873467 0.758855 1e-06 0
1-1-0-0-1-1-0-2-2-3-0-0-1-1-0 277704 5.44156 5.31509 1e-06 0
1-1-0-0-1-1-0-2-2-3-0-2-2-3-0 269979 0.459551 0.411149 3e-06 0
1-1-0-0-1-1-0-2-2-3-0-4-3-5-0 277597 1.8465 1.69368 3e-06 0
1-1-0-0-1-1-0-2-2-3-0-6-4-7-0 277704 0.904906 0.763608 1e-06 0
1-1-0-0-1-1-0-4-3-5-0-0-1-1-0 277704 1.32189 1.23449 1e-06 0
1-1-0-0-1-1-0-4-3-5-0-2-2-3-0 277212 0.628365 0.531827 2e-06 0
1-1-0-0-1-1-0-4-3-5-0-4-3-5-0 273654 0.824232 0.708903 1e-06 0
1-1-0-0-1-1-0-4-3-5-0-6-4-7-0 277701 0.91176 0.762398 0 0
1-1-0-0-1-1-0-6-4-7-0-0-1-1-0 277704 8.34327 8.1919 3e-06 0
1-1-0-0-1-1-0-6-4-7-0-2-2-3-0 277704 5.58375 5.43725 1e-06 0
1-1-0-0-1-1-0-6-4-7-0-4-3-5-0 277700 5.42533 5.03473 1e-06 0
1-1-0-0-1-1-0-6-4-7-0-6-4-7-0 277704 8.33691 8.20666 1e-06 0
1-1-0-2-2-3-0-0-1-1-0-0-1-1-0 277704 0.417006 0.380427 3e-06 0
1-1-0-2-2-3-0-0-1-1-0-2-2-3-0 277704 0.479727 0.421026 2e-06 0
1-1-0-2-2-3-0-0-1-1-0-4-3-5-0 277704 0.447107 0.402574 1e-06 0
1-1-0-2-2-3-0-0-1-1-0-6-4-7-0 277704 0.843893 0.746371 1e-06 0
1-1-0-2-2-3-0-2-2-3-0-0-1-1-0 277704 0.411761 0.378952 1e-06 0
1-1-0-2-2-3-0-2-2-3-0-2-2-3-0 269979 0.056835 0.011146 1e-06 0
1-1-0-2-2-3-0-2-2-3-0-4-3-5-0 277597 0.350306 0.325335 2e-06 0
1-1-0-2-2-3-0-2-2-3-0-6-4-7-0 277704 0.627713 0.582008 0 0
1-1-0-2-2-3-0-4-3-5-0-0-1-1-0 277704 0.535786 0.451591 1e-06 0
1-1-0-2-2-3-0-4-3-5-0-2-2-3-0 277704 0.518399 0.418017 1e-06 0
1-1-0-2-2-3-0-4-3-5-0-4-3-5-0 277611 0.512397 0.425642 1e-06 0
1-1-0-2-2-3-0-4-3-5-0-6-4-7-0 277704 0.948102 0.805271 3e-06 0
1-1-0-2-2-3-0-6-4-7-0-0-1-1-0 277704 5.84322 5.66686 1e-06 0
1-1-0-2-2-3-0-6-4-7-0-2-2-3-0 277704 3.91462 3.81213 3e-06 0
1-1-0-2-2-3-0-6-4-7-0-4-3-5-0 277704 4.86057 4.52362 4e-06 0
1-1-0-2-2-3-0-6-4-7-0-6-4-7-0 277704 5.60541 5.52749 1e-06 0
1-1-0-4-3-5-0-0-1-1-0-0-1-1-0 277704 0.940371 0.919807 1e-06 0
1-1-0-4-3-5-0-0-1-1-0-2-2-3-0 277704 0.583249 0.443506 1e-06 0
1-1-0-4-3-5-0-0-1-1-0-4-3-5-0 277704 2.49431 2.30162 1e-06 0
1-1-0-4-3-5-0-0-1-1-0-6-4-7-0 277704 0.930808 0.76768 1e-06 0
1-1-0-4-3-5-0-2-2-3-0-0-1-1-0 277704 1.41859 1.28228 2e-06 0
1-1-0-4-3-5-0-2-2-3-0-2-2-3-0 277212 0.189932 0.15897 1e-06 0
1-1-0-4-3-5-0-2-2-3-0-4-3-5-0 277704 1.33124 1.15462 1e-06 0
1-1-0-4-3-5-0-2-2-3-0-6-4-7-0 277704 0.95239 0.775873 3e-06 0
1-1-0-4-3-5-0-4-3-5-0-0-1-1-0 277704 3.886 3.58406 1e-06 0
1-1-0-4-3-5-0-4-3-5-0-2-2-3-0 277704 0.609016 0.483836 1e-06 0
1-1-0-4-3-5-0-4-3-5-0-4-3-5-0 274950 3.31491 3.00037 1e-06 0
1-1-0-4-3-5-0-4-3-5-0-6-4-7-0 277704 1.02655 0.828185 1e-06 0
1-1-0-4-3-5-0-6-4-7-0-0-1-1-0 277704 7.26331 7.07598 1e-06 0
1-1-0-4-3-5-0-6-4-7-0-2-2-3-0 277704 5.15895 5.01193 3e-06 0
1-1-0-4-3-5-0-6-4-7-0-4-3-5-0 277704 5.08336 4.82108 1e-06 0
1-1-0-4-3-5-0-6-4-7-0-6-4-7-0 277704 7.25818 7.17618 1e-06 0
1-1-0-6-4-7-0-0-1-1-0-0-1-1-0 277704 0.478015 0.449722 1e-06 0
1-1-0-6-4-7-0-0-1-1-0-2-2-3-0 277704 0.516437 0.479956 1e-06 0
1-1-0-6-4-7-0-0-1-1-0-4-3-5-0 277704 0.516369 0.476813 1e-06 0
1-1-0-6-4-7-0-0-1-1-0-6-4-7-0 277704 0.499679 0.470013 1e-06 0
1-1-0-6-4-7-0-2-2-3-0-0-1-1-0 277704 0.497923 0.468483 2e-06 0
1-1-0-6-4-7-0-2-2-3-0-2-2-3-0 277704 0.38116 0.357251 2e-06 0
1-1-0-6-4-7-0-2-2-3-0-4-3-5-0 277704 1.63784 1.58096 1e-06 0
1-1-0-6-4-7-0-2-2-3-0-6-4-7-0 277704 0.493424 0.468829 1e-06 0
1-1-0-6-4-7-0-4-3-5-0-0-1-1-0 277704 0.538931 0.467149 1e-06 0
1-1-0-6-4-7-0-4-3-5-0-2-2-3-0 277704 0.505685 0.460755 1e-06 0
1-1-0-6-4-7-0-4-3-5-0-4-3-5-0 277700 0.57077 0.483198 2e-06 0
1-1-0-6-4-7-0-4-3-5-0-6-4-7-0 277704 0.594193 0.522513 1e-06 0
1-1-0-6-4-7-0-6-4-7-0-0-1-1-0 277704 0.660102 0.598579 3e-06 0
1-1-0-6-4-7-0-6-4-7-0-2-2-3-0 277704 0.652055 0.585617 2e-06 0
1-1-0-6-4-7-0-6-4-7-0-4-3-5-0 277704 5.04315 4.69534 2e-06 0
1-1-0-6-4-7-0-6-4-7-0-6-4-7-0 277704 0.633954 0.595702 1e-06 0
2-3-0-0-1-1-0-0-1-1-0-0-1-1-0 11426723 0.009635 0.007273 3e-06 0
2-3-0-0-1-1-0-0-1-1-0-2-2-3-0 13942082 0.099104 0.093761 1e-06 0
2-3-0-0-1-1-0-0-1-1-0-4-3-5-0 13103489 0.013284 0.011157 1e-06 0
2-3-0-0-1-1-0-0-1-1-0-6-4-7-0 13954551 0.024503 0.021706 0 0
2-3-0-0-1-1-0-2-2-3-0-0-1-1-0 13954626 0.086133 0.084212 1e-06 0
2-3-0-0-1-1-0-2-2-3-0-2-2-3-0 13942082 0.009264 0.00651 3e-06 0
2-3-0-0-1-1-0-2-2-3-0-4-3-5-0 13954538 0.043126 0.028044 2e-06 0
2-3-0-0-1-1-0-2-2-3-0-6-4-7-0 13954626 0.090476 0.030754 0 0
2-3-0-0-1-1-0-4-3-5-0-0-1-1-0 13954626 0.012984 0.010532 1e-06 0
2-3-0-0-1-1-0-4-3-5-0-2-2-3-0 13953539 0.155302 0.147804 1e-06 0
2-3-0-0-1-1-0-4-3-5-0-4-3-5-0 13920168 0.073878 0.06207 1e-06 0
2-3-0-0-1-1-0-4-3-5-0-6-4-7-0 13954618 0.025553 0.018268 1e-06 0
2-3-0-0-1-1-0-6-4-7-0-0-1-1-0 13954626 0.11695 0.114484 3e-06 0
2-3-0-0-1-1-0-6-4-7-0-2-2-3-0 13954626 0.08023 0.076936 2e-06 0
2-3-0-0-1-1-0-6-4-7-0-4-3-5-0 13954622 0.130796 0.10865 1e-06 0
2-3-0-0-1-1-0-6-4-7-0-6-4-7-0 13954626 0.124681 0.12192 1e-06 0
2-3-0-2-2-3-0-0-1-1-0-0-1-1-0 11426723 0.009597 0.006475 2e-06 0
2-3-0-2-2-3-0-0-1-1-0-2-2-3-0 13942082 0.006729 0.005015 0 0
2-3-0-2-2-3-0-0-1-1-0-4-3-5-0 13103489 0.009493 0.007812 1e-06 0
2-3-0-2-2-3-0-0-1-1-0-6-4-7-0 13954551 0.015386 0.012365 0 0
2-3-0-2-2-3-0-2-2-3-0-0-1-1-0 11426723 0.004297 0.00302 1e-06 0
2-3-0-2-2-3-0-2-2-3-0-2-2-3-0 34713 0.002435 0.001021 1e-06 0
2-3-0-2-2-3-0-2-2-3-0-4-3-5-0 1807215 0.003998 0.002455 1e-06 0
2-3-0-2-2-3-0-2-2-3-0-6-4-7-0 6345795 0.039305 0.009715 1e-06 0
2-3-0-2-2-3-0-4-3-5-0-0-1-1-0 13373259 0.007024 0.004097 3e-06 0
2-3-0-2-2-3-0-4-3-5-0-2-2-3-0 12401496 0.012347 0.006719 0 0
2-3-0-2-2-3-0-4-3-5-0-4-3-5-0 12620533 0.038135 0.017968 0 0
2-3-0-2-2-3-0-4-3-5-0-6-4-7-0 13891951 0.023534 0.015672 3e-06 0
2-3-0-2-2-3-0-6-4-7-0-0-1-1-0 13954626 0.041547 0.036831 1e-06 0
2-3-0-2-2-3-0-6-4-7-0-2-2-3-0 13689497 0.036452 0.027612 1e-06 0
2-3-0-2-2-3-0-6-4-7-0-4-3-5-0 13721768 0.051507 0.044222 1e-06 0
2-3-0-2-2-3-0-6-4-7-0-6-4-7-0 13954431 0.058967 0.045902 1e-06 0
2-3-0-4-3-5-0-0-1-1-0-0-1-1-0 13373259 0.009328 0.005892 1e-06 0
2-3-0-4-3-5-0-0-1-1-0-2-2-3-0 13950086 0.049925 0.04072 1e-06 0
2-3-0-4-3-5-0-0-1-1-0-4-3-5-0 13749399 0.011993 0.009279 1e-06 0
2-3-0-4-3-5-0-0-1-1-0-6-4-7-0 13954585 0.017957 0.01397 0 0
2-3-0-4-3-5-0-2-2-3-0-0-1-1-0 13954626 0.065457 0.056174 0 0
2-3-0-4-3-5-0-2-2-3-0-2-2-3-0 12401496 0.017333 0.005946 1e-06 0
2-3-0-4-3-5-0-2-2-3-0-4-3-5-0 13920727 0.028878 0.01428 1e-06 0
2-3-0-4-3-5-0-2-2-3-0-6-4-7-0 13954585 0.020681 0.01548 1e-06 0
2-3-0-4-3-5-0-4-3-5-0-0-1-1-0 13954626 0.02775 0.021322 1e-06 0
2-3-0-4-3-5-0-4-3-5-0-2-2-3-0 13942369 0.034355 0.024427 1e-06 0
2-3-0-4-3-5-0-4-3-5-0-4-3-5-0 13780903 0.078502 0.072432 1e-06 0
2-3-0-4-3-5-0-4-3-5-0-6-4-7-0 13954598 0.021218 0.016335 1e-06 0
2-3-0-4-3-5-0-6-4-7-0-0-1-1-0 13954626 0.122882 0.113881 1e-06 0
2-3-0-4-3-5-0-6-4-7-0-2-2-3-0 13953921 0.080815 0.076669 1e-06 0
2-3-0-4-3-5-0-6-4-7-0-4-3-5-0 13953164 0.107369 0.089617 2e-06 0
2-3-0-4-3-5-0-6-4-7-0-6-4-7-0 13954626 0.104461 0.10029 1e-06 0
2-3-0-6-4-7-0-0-1-1-0-0-1-1-0 13954626 0.040915 0.038389 1e-06 0
2-3-0-6-4-7-0-0-1-1-0-2-2-3-0 13954626 0.037377 0.035332 0 0
2-3-0-6-4-7-0-0-1-1-0-4-3-5-0 13954626 0.05301 0.050156 0 0
2-3-0-6-4-7-0-0-1-1-0-6-4-7-0 13954626 0.051597 0.049528 1e-06 0
2-3-0-6-4-7-0-2-2-3-0-0-1-1-0 13954626 0.037311 0.035192 1e-06 0
2-3-0-6-4-7-0-2-2-3-0-2-2-3-0 13689497 0.027764 0.025788 0 0
2-3-0-6-4-7-0-2-2-3-0-4-3-5-0 13952209 0.28556 0.261258 1e-06 0
2-3-0-6-4-7-0-2-2-3-0-6-4-7-0 13954626 0.056916 0.051896 1e-06 0
2-3-0-6-4-7-0-4-3-5-0-0-1-1-0 13954626 0.046885 0.040454 1e-06 0
2-3-0-6-4-7-0-4-3-5-0-2-2-3-0 13954500 0.049782 0.043316 1e-06 0
2-3-0-6-4-7-0-4-3-5-0-4-3-5-0 13850279 0.069163 0.06428 1e-06 0
2-3-0-6-4-7-0-4-3-5-0-6-4-7-0 13954626 0.052423 0.047898 2e-06 0
2-3-0-6-4-7-0-6-4-7-0-0-1-1-0 13954626 0.151986 0.149961 1e-06 0
2-3-0-6-4-7-0-6-4-7-0-2-2-3-0 13954626 0.113644 0.111978 1e-06 0
2-3-0-6-4-7-0-6-4-7-0-4-3-5-0 13954620 0.144653 0.14059 2e-06 0
2-3-0-6-4-7-0-6-4-7-0-6-4-7-0 13954626 0.155267 0.153235 0 0
3-5-0-0-1-1-0-0-1-1-0-0-1-1-0 66667832 0.209073 0.201338 1e-06 0
3-5-0-0-1-1-0-0-1-1-0-2-2-3-0 261068775 0.031271 0.02875 1e-06 0
3-5-0-0-1-1-0-0-1-1-0-4-3-5-0 159103520 0.283742 0.262122 1e-06 0
3-5-0-0-1-1-0-0-1-1-0-6-4-7-0 264520476 0.115763 0.112027 0 0
3-5-0-0-1-1-0-2-2-3-0-0-1-1-0 264547773 1.15278 1.15056 2e-06 0
3-5-0-0-1-1-0-2-2-3-0-2-2-3-0 261068775 0.025411 0.023404 1e-06 0
3-5-0-0-1-1-0-2-2-3-0-4-3-5-0 264505054 1.19775 1.09751 1e-06 0
3-5-0-0-1-1-0-2-2-3-0-6-4-7-0 264547773 0.126377 0.114307 3e-06 0
3-5-0-0-1-1-0-4-3-5-0-0-1-1-0 264547773 0.874004 0.855706 2e-06 0
3-5-0-0-1-1-0-4-3-5-0-2-2-3-0 264335304 0.036075 0.029562 1e-06 0
3-5-0-0-1-1-0-4-3-5-0-4-3-5-0 261568906 0.326763 0.307171 1e-06 0
3-5-0-0-1-1-0-4-3-5-0-6-4-7-0 264546039 0.121821 0.11327 0 0
3-5-0-0-1-1-0-6-4-7-0-0-1-1-0 264547773 1.74653 1.74365 2e-06 0
3-5-0-0-1-1-0-6-4-7-0-2-2-3-0 264547773 1.13343 1.13024 1e-06 0
3-5-0-0-1-1-0-6-4-7-0-4-3-5-0 264547070 1.5072 1.50068 1e-06 0
3-5-0-0-1-1-0-6-4-7-0-6-4-7-0 264547773 1.80402 1.79702 1e-06 0
3-5-0-2-2-3-0-0-1-1-0-0-1-1-0 262992233 0.414631 0.405289 1e-06 0
3-5-0-2-2-3-0-0-1-1-0-2-2-3-0 264546361 0.392087 0.383174 3e-06 0
3-5-0-2-2-3-0-0-1-1-0-4-3-5-0 264299335 0.380706 0.376257 1e-06 0
3-5-0-2-2-3-0-0-1-1-0-6-4-7-0 264547769 0.122984 0.111162 3e-06 0
3-5-0-2-2-3-0-2-2-3-0-0-1-1-0 262992233 0.363187 0.35823 1e-06 0
3-5-0-2-2-3-0-2-2-3-0-2-2-3-0 18178411 0.027314 0.011263 1e-06 0
3-5-0-2-2-3-0-2-2-3-0-4-3-5-0 186718068 0.114949 0.101998 1e-06 0
3-5-0-2-2-3-0-2-2-3-0-6-4-7-0 254483838 0.132975 0.106338 1e-06 0
3-5-0-2-2-3-0-4-3-5-0-0-1-1-0 264534436 4.09861 4.08678 1e-06 0
3-5-0-2-2-3-0-4-3-5-0-2-2-3-0 263938876 0.41125 0.398674 2e-06 0
3-5-0-2-2-3-0-4-3-5-0-4-3-5-0 260987845 3.33311 3.31648 3e-06 0
3-5-0-2-2-3-0-4-3-5-0-6-4-7-0 264545893 0.113785 0.108459 1e-06 0
3-5-0-2-2-3-0-6-4-7-0-0-1-1-0 264547773 1.62492 1.61799 1e-06 0
3-5-0-2-2-3-0-6-4-7-0-2-2-3-0 264526605 1.01517 1.0088 1e-06 0
3-5-0-2-2-3-0-6-4-7-0-4-3-5-0 264348044 1.36219 1.3535 1e-06 0
3-5-0-2-2-3-0-6-4-7-0-6-4-7-0 264547772 1.59517 1.59169 2e-06 0
3-5-0-4-3-5-0-0-1-1-0-0-1-1-0 242448037 0.783364 0.773836 1e-06 0
3-5-0-4-3-5-0-0-1-1-0-2-2-3-0 264223483 0.055651 0.051768 2e-06 0
3-5-0-4-3-5-0-0-1-1-0-4-3-5-0 254223236 1.7934 1.78507 2e-06 0
3-5-0-4-3-5-0-0-1-1-0-6-4-7-0 264544959 0.114347 0.105703 2e-06 0
3-5-0-4-3-5-0-2-2-3-0-0-1-1-0 264272027 1.21904 1.21205 2e-06 0
3-5-0-4-3-5-0-2-2-3-0-2-2-3-0 223199128 0.147275 0.137579 4e-06 0
3-5-0-4-3-5-0-2-2-3-0-4-3-5-0 256552028 0.493722 0.475525 1e-06 0
3-5-0-4-3-5-0-2-2-3-0-6-4-7-0 262665496 0.119813 0.110777 2e-06 0
3-5-0-4-3-5-0-4-3-5-0-0-1-1-0 254851812 3.44502 3.44035 1e-06 0
3-5-0-4-3-5-0-4-3-5-0-2-2-3-0 252870735 0.411354 0.399962 2e-06 0
3-5-0-4-3-5-0-4-3-5-0-4-3-5-0 249802666 3.43576 3.41999 1e-06 0
3-5-0-4-3-5-0-4-3-5-0-6-4-7-0 253260419 0.11457 0.103894 1e-06 0
3-5-0-4-3-5-0-6-4-7-0-0-1-1-0 264536355 1.62836 1.62398 1e-06 0
3-5-0-4-3-5-0-6-4-7-0-2-2-3-0 261395656 1.04966 1.04299 2e-06 0
3-5-0-4-3-5-0-6-4-7-0-4-3-5-0 263215652 1.39304 1.38269 1e-06 0
3-5-0-4-3-5-0-6-4-7-0-6-4-7-0 264542880 1.69608 1.69213 1e-06 0
3-5-0-6-4-7-0-0-1-1-0-0-1-1-0 264536355 0.865489 0.862883 0 0
3-5-0-6-4-7-0-0-1-1-0-2-2-3-0 264547768 0.865034 0.861777 1e-06 0
3-5-0-6-4-7-0-0-1-1-0-4-3-5-0 264545622 0.891296 0.887957 2e-06 0
3-5-0-6-4-7-0-0-1-1-0-6-4-7-0 264547773 0.888961 0.885321 1e-06 0
3-5-0-6-4-7-0-2-2-3-0-0-1-1-0 264547773 0.893812 0.891276 2e-06 0
3-5-0-6-4-7-0-2-2-3-0-2-2-3-0 258664239 0.584864 0.582163 2e-06 0
3-5-0-6-4-7-0-2-2-3-0-4-3-5-0 264488100 1.021 0.929845 1e-06 0
3-5-0-6-4-7-0-2-2-3-0-6-4-7-0 264547773 0.977955 0.959198 1e-06 0
3-5-0-6-4-7-0-4-3-5-0-0-1-1-0 264547773 0.868364 0.864223 1e-06 0
3-5-0-6-4-7-0-4-3-5-0-2-2-3-0 264545259 0.885876 0.877173 1e-06 0
3-5-0-6-4-7-0-4-3-5-0-4-3-5-0 263135171 0.882292 0.868531 1e-06 0
3-5-0-6-4-7-0-4-3-5-0-6-4-7-0 264547770 0.870121 0.866011 2e-06 0
3-5-0-6-4-7-0-6-4-7-0-0-1-1-0 264547773 0.959295 0.956916 1e-06 0
3-5-0-6-4-7-0-6-4-7-0-2-2-3-0 264547767 0.919649 0.91694 1e-06 0
3-5-0-6-4-7-0-6-4-7-0-4-3-5-0 264547650 0.968326 0.964261 1e-06 0
3-5-0-6-4-7-0-6-4-7-0-6-4-7-0 264547773 1.02914 1.02666 2e-06 0
4-7-0-0-1-1-0-0-1-1-0-0-1-1-0 15626706 0.010945 0.0086 1e-06 0
4-7-0-0-1-1-0-0-1-1-0-2-2-3-0 15794087 0.009691 0.007653 1e-06 0
4-7-0-0-1-1-0-0-1-1-0-4-3-5-0 15740985 0.02267 0.019816 1e-06 0
4-7-0-0-1-1-0-0-1-1-0-6-4-7-0 15794415 0.171074 0.16841 1e-06 0
4-7-0-0-1-1-0-2-2-3-0-0-1-1-0 15794415 0.010507 0.008182 1e-06 0
4-7-0-0-1-1-0-2-2-3-0-2-2-3-0 15794087 0.010427 0.008203 1e-06 0
4-7-0-0-1-1-0-2-2-3-0-4-3-5-0 15794415 0.210784 0.205852 1e-06 0
4-7-0-0-1-1-0-2-2-3-0-6-4-7-0 15794415 0.118625 0.115935 2e-06 0
4-7-0-0-1-1-0-4-3-5-0-0-1-1-0 15794415 0.023799 0.020303 1e-06 0
4-7-0-0-1-1-0-4-3-5-0-2-2-3-0 15794372 0.037755 0.033119 1e-06 0
4-7-0-0-1-1-0-4-3-5-0-4-3-5-0 15792180 0.038267 0.03521 1e-06 0
4-7-0-0-1-1-0-4-3-5-0-6-4-7-0 15794415 0.152158 0.142304 1e-06 0
4-7-0-0-1-1-0-6-4-7-0-0-1-1-0 15794415 0.12333 0.121196 1e-06 0
4-7-0-0-1-1-0-6-4-7-0-2-2-3-0 15794415 0.082767 0.080233 3e-06 0
4-7-0-0-1-1-0-6-4-7-0-4-3-5-0 15794415 0.114378 0.110351 2e-06 0
4-7-0-0-1-1-0-6-4-7-0-6-4-7-0 15794415 0.133135 0.129699 1e-06 0
4-7-0-2-2-3-0-0-1-1-0-0-1-1-0 15794415 0.011162 0.008627 1e-06 0
4-7-0-2-2-3-0-0-1-1-0-2-2-3-0 15794415 0.008797 0.006707 1e-06 0
4-7-0-2-2-3-0-0-1-1-0-4-3-5-0 15794415 0.02382 0.020976 1e-06 0
4-7-0-2-2-3-0-0-1-1-0-6-4-7-0 15794415 0.018713 0.016402 1e-06 0
4-7-0-2-2-3-0-2-2-3-0-0-1-1-0 15794415 0.007746 0.005585 1e-06 0
4-7-0-2-2-3-0-2-2-3-0-2-2-3-0 10219172 0.007625 0.005315 1e-06 0
4-7-0-2-2-3-0-2-2-3-0-4-3-5-0 15662521 0.020072 0.017141 1e-06 0
4-7-0-2-2-3-0-2-2-3-0-6-4-7-0 15792946 0.092168 0.08987 1e-06 0
4-7-0-2-2-3-0-4-3-5-0-0-1-1-0 15794415 0.278959 0.241283 2e-06 0
4-7-0-2-2-3-0-4-3-5-0-2-2-3-0 15794338 0.035638 0.027186 1e-06 0
4-7-0-2-2-3-0-4-3-5-0-4-3-5-0 15743848 0.284221 0.256996 1e-06 0
4-7-0-2-2-3-0-4-3-5-0-6-4-7-0 15794415 0.109107 0.098063 1e-06 0
4-7-0-2-2-3-0-6-4-7-0-0-1-1-0 15794415 0.121633 0.119654 1e-06 0
4-7-0-2-2-3-0-6-4-7-0-2-2-3-0 15794414 0.084078 0.081667 4e-06 0
4-7-0-2-2-3-0-6-4-7-0-4-3-5-0 15794371 0.11334 0.109272 1e-06 0
4-7-0-2-2-3-0-6-4-7-0-6-4-7-0 15794415 0.131839 0.128633 2e-06 0
4-7-0-4-3-5-0-0-1-1-0-0-1-1-0 15758734 0.020746 0.016 2e-06 0
4-7-0-4-3-5-0-0-1-1-0-2-2-3-0 15794374 0.017197 0.013135 1e-06 0
4-7-0-4-3-5-0-0-1-1-0-4-3-5-0 15784512 0.031289 0.026525 1e-06 0
4-7-0-4-3-5-0-0-1-1-0-6-4-7-0 15794415 0.027433 0.023364 1e-06 0
4-7-0-4-3-5-0-2-2-3-0-0-1-1-0 15794415 0.013129 0.009008 1e-06 0
4-7-0-4-3-5-0-2-2-3-0-2-2-3-0 15752999 0.014309 0.009106 0 0
4-7-0-4-3-5-0-2-2-3-0-4-3-5-0 15793767 0.20518 0.199544 1e-06 0
4-7-0-4-3-5-0-2-2-3-0-6-4-7-0 15794415 0.021218 0.016583 1e-06 0
4-7-0-4-3-5-0-4-3-5-0-0-1-1-0 15794415 0.029957 0.025666 1e-06 0
4-7-0-4-3-5-0-4-3-5-0-2-2-3-0 15794351 0.031681 0.02527 1e-06 0
4-7-0-4-3-5-0-4-3-5-0-4-3-5-0 15614461 0.044296 0.039807 0 0
4-7-0-4-3-5-0-4-3-5-0-6-4-7-0 15794415 0.021287 0.017022 1e-06 0
4-7-0-4-3-5-0-6-4-7-0-0-1-1-0 15794415 0.122323 0.119326 1e-06 0
4-7-0-4-3-5-0-6-4-7-0-2-2-3-0 15794415 0.083837 0.07752 2e-06 0
4-7-0-4-3-5-0-6-4-7-0-4-3-5-0 15794412 0.112533 0.107176 1e-06 0
4-7-0-4-3-5-0-6-4-7-0-6-4-7-0 15794415 0.127348 0.114713 1e-06 0
4-7-0-6-4-7-0-0-1-1-0-0-1-1-0 15794415 0.114301 0.106814 1e-06 0
4-7-0-6-4-7-0-0-1-1-0-2-2-3-0 15794415 0.116719 0.114406 1e-06 0
4-7-0-6-4-7-0-0-1-1-0-4-3-5-0 15794415 0.132054 0.128282 3e-06 0
4-7-0-6-4-7-0-0-1-1-0-6-4-7-0 15794415 0.130359 0.127445 3e-06 0
4-7-0-6-4-7-0-2-2-3-0-0-1-1-0 15794415 0.119663 0.116904 3e-06 0
4-7-0-6-4-7-0-2-2-3-0-2-2-3-0 15792398 0.079272 0.076931 4e-06 0
4-7-0-6-4-7-0-2-2-3-0-4-3-5-0 15794397 1.73912 1.54053 1e-06 0
4-7-0-6-4-7-0-2-2-3-0-6-4-7-0 15794415 0.137442 0.130966 2e-06 0
4-7-0-6-4-7-0-4-3-5-0-0-1-1-0 15794415 0.131241 0.120073 1e-06 0
4-7-0-6-4-7-0-4-3-5-0-2-2-3-0 15794413 0.119409 0.115431 1e-06 0
4-7-0-6-4-7-0-4-3-5-0-4-3-5-0 15792097 0.139028 0.130326 1e-06 0
4-7-0-6-4-7-0-4-3-5-0-6-4-7-0 15794415 0.118907 0.114233 1e-06 0
4-7-0-6-4-7-0-6-4-7-0-0-1-1-0 15794415 0.214176 0.210676 1e-06 0
4-7-0-6-4-7-0-6-4-7-0-2-2-3-0 15794415 0.180556 0.178786 1e-06 0
4-7-0-6-4-7-0-6-4-7-0-4-3-5-0 15794415 0.205701 0.197571 2e-06 0
4-7-0-6-4-7-0-6-4-7-0-6-4-7-0 15794415 0.215911 0.21427 1e-06 0
