0-0-1-1-0-0-1-1-0-0-1-1-0-0-1 34713 0.85094 0.833887 1e-06 0
0-0-1-1-0-0-1-1-0-0-1-1-0-2-2 11426723 0.066936 0.055403 1e-06 0
0-0-1-1-0-0-1-1-0-0-1-1-0-4-3 66667832 0.424784 0.412576 1e-06 0
0-0-1-1-0-0-1-1-0-0-1-1-0-6-4 15626706 0.042839 0.033272 1e-06 0
0-0-1-1-0-0-1-1-0-2-2-3-0-0-1 277704 1.199 1.14205 1e-06 0
0-0-1-1-0-0-1-1-0-2-2-3-0-2-2 11426723 0.04135 0.027444 1e-06 0
0-0-1-1-0-0-1-1-0-2-2-3-0-4-3 262992233 2.90455 2.89058 1e-06 0
0-0-1-1-0-0-1-1-0-2-2-3-0-6-4 15794415 0.042082 0.029452 0 0
0-0-1-1-0-0-1-1-0-4-3-5-0-0-1 277704 0.074529 0.015355 2e-06 0
0-0-1-1-0-0-1-1-0-4-3-5-0-2-2 13373259 0.124477 0.034911 1e-06 0
0-0-1-1-0-0-1-1-0-4-3-5-0-4-3 242448037 0.611855 0.555166 0 0
0-0-1-1-0-0-1-1-0-4-3-5-0-6-4 15758734 0.052954 0.037003 1e-06 0
0-0-1-1-0-0-1-1-0-6-4-7-0-0-1 277704 2.33169 2.27773 1e-06 0
0-0-1-1-0-0-1-1-0-6-4-7-0-2-2 13954626 0.179495 0.141961 1e-06 0
0-0-1-1-0-0-1-1-0-6-4-7-0-4-3 264536355 4.00812 3.98548 0 0
0-0-1-1-0-0-1-1-0-6-4-7-0-6-4 15794415 0.052904 0.040128 3e-06 0
0-0-1-1-0-2-2-3-0-0-1-1-0-0-1 277704 16.3257 16.2623 1e-06 0
0-0-1-1-0-2-2-3-0-0-1-1-0-2-2 13954626 0.046655 0.040868 4e-06 0
0-0-1-1-0-2-2-3-0-0-1-1-0-4-3 264547773 3.61164 3.60634 0 0
0-0-1-1-0-2-2-3-0-0-1-1-0-6-4 15794415 0.035847 0.028581 1e-06 0
0-0-1-1-0-2-2-3-0-2-2-3-0-0-1 277704 0.893876 0.861554 1e-06 0
0-0-1-1-0-2-2-3-0-2-2-3-0-2-2 11426723 0.019254 0.012009 1e-06 0
0-0-1-1-0-2-2-3-0-2-2-3-0-4-3 262992233 3.12587 3.09772 3e-06 0
0-0-1-1-0-2-2-3-0-2-2-3-0-6-4 15794415 0.113962 0.040034 2e-06 0
0-0-1-1-0-2-2-3-0-4-3-5-0-0-1 277704 2.926 2.78387 1e-06 0
0-0-1-1-0-2-2-3-0-4-3-5-0-2-2 13954626 0.137756 0.048575 3e-06 0
0-0-1-1-0-2-2-3-0-4-3-5-0-4-3 264272027 92.9272 92.8859 2e-06 0
0-0-1-1-0-2-2-3-0-4-3-5-0-6-4 15794415 0.046325 0.036409 1e-06 0
0-0-1-1-0-2-2-3-0-6-4-7-0-0-1 277704 2.1228 2.09623 1e-06 0
0-0-1-1-0-2-2-3-0-6-4-7-0-2-2 13954626 0.155605 0.133672 1e-06 0
0-0-1-1-0-2-2-3-0-6-4-7-0-4-3 264547773 3.59934 3.58436 2e-06 0
0-0-1-1-0-2-2-3-0-6-4-7-0-6-4 15794415 0.041089 0.032506 1e-06 0
0-0-1-1-0-4-3-5-0-0-1-1-0-0-1 277704 2.3121 2.27933 1e-06 0
0-0-1-1-0-4-3-5-0-0-1-1-0-2-2 13954626 0.14212 0.130787 1e-06 0
0-0-1-1-0-4-3-5-0-0-1-1-0-4-3 264547773 1.92978 1.91119 0 0
0-0-1-1-0-4-3-5-0-0-1-1-0-6-4 15794415 0.04211 0.033617 1e-06 0
0-0-1-1-0-4-3-5-0-2-2-3-0-0-1 277704 0.862847 0.823087 1e-06 0
0-0-1-1-0-4-3-5-0-2-2-3-0-2-2 13373259 0.034098 0.025407 2e-06 0
0-0-1-1-0-4-3-5-0-2-2-3-0-4-3 264534436 2.54834 2.52991 3e-06 0
0-0-1-1-0-4-3-5-0-2-2-3-0-6-4 15794415 0.043826 0.033399 1e-06 0
0-0-1-1-0-4-3-5-0-4-3-5-0-0-1 277704 0.567913 0.543404 0 0
0-0-1-1-0-4-3-5-0-4-3-5-0-2-2 13954626 0.089918 0.077359 1e-06 0
0-0-1-1-0-4-3-5-0-4-3-5-0-4-3 254851812 0.649808 0.622649 2e-06 0
0-0-1-1-0-4-3-5-0-4-3-5-0-6-4 15794415 0.052295 0.040919 2e-06 0
0-0-1-1-0-4-3-5-0-6-4-7-0-0-1 277704 2.00836 1.96853 1e-06 0
0-0-1-1-0-4-3-5-0-6-4-7-0-2-2 13954626 0.165581 0.136581 3e-06 0
0-0-1-1-0-4-3-5-0-6-4-7-0-4-3 264547773 3.63388 3.6129 1e-06 0
0-0-1-1-0-4-3-5-0-6-4-7-0-6-4 15794415 0.054134 0.040162 1e-06 0
0-0-1-1-0-6-4-7-0-0-1-1-0-0-1 277704 24.4376 24.4027 1e-06 0
0-0-1-1-0-6-4-7-0-0-1-1-0-2-2 13954626 0.368511 0.361357 3e-06 0
0-0-1-1-0-6-4-7-0-0-1-1-0-4-3 264547773 5.05772 5.04921 1e-06 0
0-0-1-1-0-6-4-7-0-0-1-1-0-6-4 15794415 0.055269 0.047417 1e-06 0
0-0-1-1-0-6-4-7-0-2-2-3-0-0-1 277704 15.4511 15.414 0 0
0-0-1-1-0-6-4-7-0-2-2-3-0-2-2 13954626 0.127245 0.116094 1e-06 0
0-0-1-1-0-6-4-7-0-2-2-3-0-4-3 264547773 16.7391 16.7293 3e-06 0
0-0-1-1-0-6-4-7-0-2-2-3-0-6-4 15794415 0.049938 0.040949 2e-06 0
0-0-1-1-0-6-4-7-0-4-3-5-0-0-1 277704 0.079818 0.049372 1e-06 0
0-0-1-1-0-6-4-7-0-4-3-5-0-2-2 13954626 14.8716 14.8238 1e-06 0
0-0-1-1-0-6-4-7-0-4-3-5-0-4-3 264536355 4.9047 4.70039 1e-06 0
0-0-1-1-0-6-4-7-0-4-3-5-0-6-4 15794415 0.049571 0.039401 1e-06 0
0-0-1-1-0-6-4-7-0-6-4-7-0-0-1 277704 23.6931 23.6692 1e-06 0
0-0-1-1-0-6-4-7-0-6-4-7-0-2-2 13954626 0.395372 0.367828 1e-06 0
0-0-1-1-0-6-4-7-0-6-4-7-0-4-3 264547773 26.0607 26.0476 2e-06 0
0-0-1-1-0-6-4-7-0-6-4-7-0-6-4 15794415 0.044783 0.037342 1e-06 0
0-2-2-3-0-0-1-1-0-0-1-1-0-0-1 269979 0.697808 0.68769 1e-06 0
0-2-2-3-0-0-1-1-0-0-1-1-0-2-2 13942082 0.261209 0.255707 1e-06 0
0-2-2-3-0-0-1-1-0-0-1-1-0-4-3 261068775 0.070632 0.067943 1e-06 0
0-2-2-3-0-0-1-1-0-0-1-1-0-6-4 15794087 0.032935 0.026623 0 0
0-2-2-3-0-0-1-1-0-2-2-3-0-0-1 277704 0.733169 0.706286 1e-06 0
0-2-2-3-0-0-1-1-0-2-2-3-0-2-2 13942082 0.023434 0.018362 3e-06 0
0-2-2-3-0-0-1-1-0-2-2-3-0-4-3 264546361 2.30058 2.29274 1e-06 0
0-2-2-3-0-0-1-1-0-2-2-3-0-6-4 15794415 0.044578 0.028539 0 0
0-2-2-3-0-0-1-1-0-4-3-5-0-0-1 277704 0.03469 0.031641 1e-06 0
0-2-2-3-0-0-1-1-0-4-3-5-0-2-2 13950086 0.794193 0.78333 2e-06 0
0-2-2-3-0-0-1-1-0-4-3-5-0-4-3 264223483 0.17876 0.141266 1e-06 0
0-2-2-3-0-0-1-1-0-4-3-5-0-6-4 15794374 0.039902 0.031275 0 0
0-2-2-3-0-0-1-1-0-6-4-7-0-0-1 277704 1.91161 1.88305 1e-06 0
0-2-2-3-0-0-1-1-0-6-4-7-0-2-2 13954626 0.181868 0.124843 2e-06 0
0-2-2-3-0-0-1-1-0-6-4-7-0-4-3 264547768 3.44843 3.43256 1e-06 0
0-2-2-3-0-0-1-1-0-6-4-7-0-6-4 15794415 0.039498 0.032498 3e-06 0
0-2-2-3-0-2-2-3-0-0-1-1-0-0-1 269979 0.72123 0.710658 1e-06 0
0-2-2-3-0-2-2-3-0-0-1-1-0-2-2 13942082 0.027576 0.021451 1e-06 0
0-2-2-3-0-2-2-3-0-0-1-1-0-4-3 261068775 0.064371 0.061663 1e-06 0
0-2-2-3-0-2-2-3-0-0-1-1-0-6-4 15794087 0.031933 0.024412 1e-06 0
0-2-2-3-0-2-2-3-0-2-2-3-0-0-1 269979 0.03268 0.010495 1e-06 0
0-2-2-3-0-2-2-3-0-2-2-3-0-2-2 34713 0.013823 0.008126 1e-06 0
0-2-2-3-0-2-2-3-0-2-2-3-0-4-3 18178411 0.163195 0.038779 0 0
0-2-2-3-0-2-2-3-0-2-2-3-0-6-4 10219172 0.069279 0.029299 2e-06 0
0-2-2-3-0-2-2-3-0-4-3-5-0-0-1 277212 0.092257 0.060312 1e-06 0
0-2-2-3-0-2-2-3-0-4-3-5-0-2-2 12401496 0.056384 0.027373 1e-06 0
0-2-2-3-0-2-2-3-0-4-3-5-0-4-3 223199128 1.15978 1.14945 1e-06 0
0-2-2-3-0-2-2-3-0-4-3-5-0-6-4 15752999 0.039475 0.029655 1e-06 0
0-2-2-3-0-2-2-3-0-6-4-7-0-0-1 277704 1.59321 1.57743 1e-06 0
0-2-2-3-0-2-2-3-0-6-4-7-0-2-2 13689497 0.152602 0.103003 2e-06 0
0-2-2-3-0-2-2-3-0-6-4-7-0-4-3 258664239 2.95332 2.93321 1e-06 0
0-2-2-3-0-2-2-3-0-6-4-7-0-6-4 15792398 0.041197 0.031706 3e-06 0
0-2-2-3-0-4-3-5-0-0-1-1-0-0-1 277212 0.767839 0.739401 3e-06 0
0-2-2-3-0-4-3-5-0-0-1-1-0-2-2 13953539 0.1554 0.130654 0 0
0-2-2-3-0-4-3-5-0-0-1-1-0-4-3 264335304 0.074998 0.069986 1e-06 0
0-2-2-3-0-4-3-5-0-0-1-1-0-6-4 15794372 0.04416 0.03431 1e-06 0
0-2-2-3-0-4-3-5-0-2-2-3-0-0-1 277704 0.836181 0.806955 1e-06 0
0-2-2-3-0-4-3-5-0-2-2-3-0-2-2 12401496 0.032993 0.023659 1e-06 0
0-2-2-3-0-4-3-5-0-2-2-3-0-4-3 263938876 2.50566 2.48939 1e-06 0
0-2-2-3-0-4-3-5-0-2-2-3-0-6-4 15794338 0.073356 0.036055 0 0
0-2-2-3-0-4-3-5-0-4-3-5-0-0-1 277704 0.070898 0.058188 2e-06 0
0-2-2-3-0-4-3-5-0-4-3-5-0-2-2 13942369 0.090461 0.076634 0 0
0-2-2-3-0-4-3-5-0-4-3-5-0-4-3 252870735 0.165358 0.159192 1e-06 0
0-2-2-3-0-4-3-5-0-4-3-5-0-6-4 15794351 0.060314 0.039846 1e-06 0
0-2-2-3-0-4-3-5-0-6-4-7-0-0-1 277704 1.99022 1.9443 1e-06 0
0-2-2-3-0-4-3-5-0-6-4-7-0-2-2 13954500 0.161409 0.146219 1e-06 0
0-2-2-3-0-4-3-5-0-6-4-7-0-4-3 264545259 3.51045 3.48965 2e-06 0
0-2-2-3-0-4-3-5-0-6-4-7-0-6-4 15794413 0.046641 0.037902 2e-06 0
0-2-2-3-0-6-4-7-0-0-1-1-0-0-1 277704 16.3549 16.3215 0 0
0-2-2-3-0-6-4-7-0-0-1-1-0-2-2 13954626 0.268329 0.229466 3e-06 0
0-2-2-3-0-6-4-7-0-0-1-1-0-4-3 264547773 3.42048 3.39664 0 0
0-2-2-3-0-6-4-7-0-0-1-1-0-6-4 15794415 0.049877 0.042442 1e-06 0
0-2-2-3-0-6-4-7-0-2-2-3-0-0-1 277704 10.8965 10.8548 1e-06 0
0-2-2-3-0-6-4-7-0-2-2-3-0-2-2 13689497 0.146375 0.1152 3e-06 0
0-2-2-3-0-6-4-7-0-2-2-3-0-4-3 264526605 12.8053 12.789 2e-06 0
0-2-2-3-0-6-4-7-0-2-2-3-0-6-4 15794414 0.047337 0.04116 3e-06 0
0-2-2-3-0-6-4-7-0-4-3-5-0-0-1 277704 0.076017 0.041741 1e-06 0
0-2-2-3-0-6-4-7-0-4-3-5-0-2-2 13953921 13.6298 13.5487 3e-06 0
0-2-2-3-0-6-4-7-0-4-3-5-0-4-3 261395656 3.42277 3.27219 1e-06 0
0-2-2-3-0-6-4-7-0-4-3-5-0-6-4 15794415 0.060098 0.039975 1e-06 0
0-2-2-3-0-6-4-7-0-6-4-7-0-0-1 277704 16.0933 16.054 1e-06 0
0-2-2-3-0-6-4-7-0-6-4-7-0-2-2 13954626 0.295656 0.236998 4e-06 0
0-2-2-3-0-6-4-7-0-6-4-7-0-4-3 264547767 17.6442 17.6272 1e-06 0
0-2-2-3-0-6-4-7-0-6-4-7-0-6-4 15794415 0.045684 0.038239 1e-06 0
0-4-3-5-0-0-1-1-0-0-1-1-0-0-1 125547 2.16111 2.12593 1e-06 0
0-4-3-5-0-0-1-1-0-0-1-1-0-2-2 13103489 0.160822 0.127553 1e-06 0
0-4-3-5-0-0-1-1-0-0-1-1-0-4-3 159103520 2.04255 2.02045 1e-06 0
0-4-3-5-0-0-1-1-0-0-1-1-0-6-4 15740985 0.053276 0.037844 1e-06 0
0-4-3-5-0-0-1-1-0-2-2-3-0-0-1 277704 1.01749 0.9666 1e-06 0
0-4-3-5-0-0-1-1-0-2-2-3-0-2-2 13103489 0.175375 0.143283 1e-06 0
0-4-3-5-0-0-1-1-0-2-2-3-0-4-3 264299335 2.73015 2.70633 1e-06 0
0-4-3-5-0-0-1-1-0-2-2-3-0-6-4 15794415 0.079117 0.03632 2e-06 0
0-4-3-5-0-0-1-1-0-4-3-5-0-0-1 277704 2.51844 2.48944 3e-06 0
0-4-3-5-0-0-1-1-0-4-3-5-0-2-2 13749399 0.177819 0.154556 1e-06 0
0-4-3-5-0-0-1-1-0-4-3-5-0-4-3 254223236 0.250747 0.239304 2e-06 0
0-4-3-5-0-0-1-1-0-4-3-5-0-6-4 15784512 0.051251 0.039895 1e-06 0
0-4-3-5-0-0-1-1-0-6-4-7-0-0-1 277704 1.89573 1.83738 1e-06 0
0-4-3-5-0-0-1-1-0-6-4-7-0-2-2 13954626 0.191465 0.142325 1e-06 0
0-4-3-5-0-0-1-1-0-6-4-7-0-4-3 264545622 3.70139 3.67326 1e-06 0
0-4-3-5-0-0-1-1-0-6-4-7-0-6-4 15794415 0.046162 0.038197 1e-06 0
0-4-3-5-0-2-2-3-0-0-1-1-0-0-1 277597 3.42582 3.31433 1e-06 0
0-4-3-5-0-2-2-3-0-0-1-1-0-2-2 13954538 0.182802 0.154428 1e-06 0
0-4-3-5-0-2-2-3-0-0-1-1-0-4-3 264505054 0.664024 0.654601 1e-06 0
0-4-3-5-0-2-2-3-0-0-1-1-0-6-4 15794415 0.039964 0.031304 1e-06 0
0-4-3-5-0-2-2-3-0-2-2-3-0-0-1 277597 0.296335 0.27813 0 0
0-4-3-5-0-2-2-3-0-2-2-3-0-2-2 1807215 0.033685 0.020973 1e-06 0
0-4-3-5-0-2-2-3-0-2-2-3-0-4-3 186718068 1.04228 1.02996 2e-06 0
0-4-3-5-0-2-2-3-0-2-2-3-0-6-4 15662521 0.052311 0.029108 2e-06 0
0-4-3-5-0-2-2-3-0-4-3-5-0-0-1 277704 1.1963 1.17401 1e-06 0
0-4-3-5-0-2-2-3-0-4-3-5-0-2-2 13920727 0.178667 0.147538 2e-06 0
0-4-3-5-0-2-2-3-0-4-3-5-0-4-3 256552028 35.9629 35.9408 1e-06 0
0-4-3-5-0-2-2-3-0-4-3-5-0-6-4 15793767 0.048825 0.037505 2e-06 0
0-4-3-5-0-2-2-3-0-6-4-7-0-0-1 277704 1.98942 1.93635 1e-06 0
0-4-3-5-0-2-2-3-0-6-4-7-0-2-2 13952209 0.217117 0.168655 1e-06 0
0-4-3-5-0-2-2-3-0-6-4-7-0-4-3 264488100 3.79969 3.77991 3e-06 0
0-4-3-5-0-2-2-3-0-6-4-7-0-6-4 15794397 0.055032 0.038002 3e-06 0
0-4-3-5-0-4-3-5-0-0-1-1-0-0-1 273654 8.18361 8.09496 1e-06 0
0-4-3-5-0-4-3-5-0-0-1-1-0-2-2 13920168 0.403862 0.361717 1e-06 0
0-4-3-5-0-4-3-5-0-0-1-1-0-4-3 261568906 0.303067 0.288448 1e-06 0
0-4-3-5-0-4-3-5-0-0-1-1-0-6-4 15792180 0.051087 0.039617 1e-06 0
0-4-3-5-0-4-3-5-0-2-2-3-0-0-1 277611 0.966916 0.902338 0 0
0-4-3-5-0-4-3-5-0-2-2-3-0-2-2 12620533 0.125688 0.089128 1e-06 0
0-4-3-5-0-4-3-5-0-2-2-3-0-4-3 260987845 2.67882 2.6539 2e-06 0
0-4-3-5-0-4-3-5-0-2-2-3-0-6-4 15743848 0.071852 0.038312 1e-06 0
0-4-3-5-0-4-3-5-0-4-3-5-0-0-1 274950 2.44512 2.43512 3e-06 0
0-4-3-5-0-4-3-5-0-4-3-5-0-2-2 13780903 0.211819 0.188685 1e-06 0
0-4-3-5-0-4-3-5-0-4-3-5-0-4-3 249802666 0.322719 0.309339 1e-06 0
0-4-3-5-0-4-3-5-0-4-3-5-0-6-4 15614461 0.054124 0.043038 1e-06 0
0-4-3-5-0-4-3-5-0-6-4-7-0-0-1 277700 1.95591 1.90634 1e-06 0
0-4-3-5-0-4-3-5-0-6-4-7-0-2-2 13850279 0.166313 0.150573 2e-06 0
0-4-3-5-0-4-3-5-0-6-4-7-0-4-3 263135171 3.71881 3.70069 1e-06 0
0-4-3-5-0-4-3-5-0-6-4-7-0-6-4 15792097 0.064385 0.048247 1e-06 0
0-4-3-5-0-6-4-7-0-0-1-1-0-0-1 277700 20.5588 20.488 1e-06 0
0-4-3-5-0-6-4-7-0-0-1-1-0-2-2 13954622 0.31634 0.298218 1e-06 0
0-4-3-5-0-6-4-7-0-0-1-1-0-4-3 264547070 4.44784 4.43607 2e-06 0
0-4-3-5-0-6-4-7-0-0-1-1-0-6-4 15794415 0.056718 0.047987 1e-06 0
0-4-3-5-0-6-4-7-0-2-2-3-0-0-1 277704 13.3216 13.2854 1e-06 0
0-4-3-5-0-6-4-7-0-2-2-3-0-2-2 13721768 0.163999 0.118767 2e-06 0
0-4-3-5-0-6-4-7-0-2-2-3-0-4-3 264348044 15.1034 15.0828 2e-06 0
0-4-3-5-0-6-4-7-0-2-2-3-0-6-4 15794371 0.066468 0.046975 1e-06 0
0-4-3-5-0-6-4-7-0-4-3-5-0-0-1 277704 0.112469 0.061456 2e-06 0
0-4-3-5-0-6-4-7-0-4-3-5-0-2-2 13953164 14.7657 14.7337 1e-06 0
0-4-3-5-0-6-4-7-0-4-3-5-0-4-3 263215652 4.5054 4.41891 1e-06 0
0-4-3-5-0-6-4-7-0-4-3-5-0-6-4 15794412 0.074311 0.051187 1e-06 0
0-4-3-5-0-6-4-7-0-6-4-7-0-0-1 277704 20.2183 20.1617 1e-06 0
0-4-3-5-0-6-4-7-0-6-4-7-0-2-2 13954620 0.310764 0.274475 3e-06 0
0-4-3-5-0-6-4-7-0-6-4-7-0-4-3 264547650 21.5593 21.5443 1e-06 0
0-4-3-5-0-6-4-7-0-6-4-7-0-6-4 15794415 0.059296 0.041737 1e-06 0
0-6-4-7-0-0-1-1-0-0-1-1-0-0-1 277619 0.952897 0.933068 2e-06 0
0-6-4-7-0-0-1-1-0-0-1-1-0-2-2 13954551 0.040199 0.035402 2e-06 0
0-6-4-7-0-0-1-1-0-0-1-1-0-4-3 264520476 0.147508 0.143029 1e-06 0
0-6-4-7-0-0-1-1-0-0-1-1-0-6-4 15794415 0.475629 0.469135 1e-06 0
0-6-4-7-0-0-1-1-0-2-2-3-0-0-1 277704 0.97118 0.938029 1e-06 0
0-6-4-7-0-0-1-1-0-2-2-3-0-2-2 13954551 0.036258 0.030521 2e-06 0
0-6-4-7-0-0-1-1-0-2-2-3-0-4-3 264547769 2.58524 2.57501 1e-06 0
0-6-4-7-0-0-1-1-0-2-2-3-0-6-4 15794415 0.30665 0.293776 1e-06 0
0-6-4-7-0-0-1-1-0-4-3-5-0-0-1 277704 0.067136 0.061373 2e-06 0
0-6-4-7-0-0-1-1-0-4-3-5-0-2-2 13954585 1.06948 1.03989 1e-06 0
0-6-4-7-0-0-1-1-0-4-3-5-0-4-3 264544959 0.207918 0.193442 1e-06 0
0-6-4-7-0-0-1-1-0-4-3-5-0-6-4 15794415 0.396923 0.385213 1e-06 0
0-6-4-7-0-0-1-1-0-6-4-7-0-0-1 277704 1.04407 1.02339 1e-06 0
0-6-4-7-0-0-1-1-0-6-4-7-0-2-2 13954626 0.072992 0.067749 1e-06 0
0-6-4-7-0-0-1-1-0-6-4-7-0-4-3 264547773 2.77717 2.76652 1e-06 0
0-6-4-7-0-0-1-1-0-6-4-7-0-6-4 15794415 0.452562 0.447026 1e-06 0
0-6-4-7-0-2-2-3-0-0-1-1-0-0-1 277704 0.989507 0.957554 1e-06 0
0-6-4-7-0-2-2-3-0-0-1-1-0-2-2 13954626 0.050118 0.032505 2e-06 0
0-6-4-7-0-2-2-3-0-0-1-1-0-4-3 264547773 0.151565 0.146454 1e-06 0
0-6-4-7-0-2-2-3-0-0-1-1-0-6-4 15794415 0.046509 0.041813 1e-06 0
0-6-4-7-0-2-2-3-0-2-2-3-0-0-1 277704 0.786322 0.762554 1e-06 0
0-6-4-7-0-2-2-3-0-2-2-3-0-2-2 6345795 0.026746 0.021926 0 0
0-6-4-7-0-2-2-3-0-2-2-3-0-4-3 254483838 2.23391 2.22255 3e-06 0
0-6-4-7-0-2-2-3-0-2-2-3-0-6-4 15792946 0.280109 0.245483 1e-06 0
0-6-4-7-0-2-2-3-0-4-3-5-0-0-1 277704 0.744482 0.707139 1e-06 0
0-6-4-7-0-2-2-3-0-4-3-5-0-2-2 13954585 0.094724 0.086647 1e-06 0
0-6-4-7-0-2-2-3-0-4-3-5-0-4-3 262665496 81.1819 81.1602 1e-06 0
0-6-4-7-0-2-2-3-0-4-3-5-0-6-4 15794415 0.320012 0.30783 3e-06 0
0-6-4-7-0-2-2-3-0-6-4-7-0-0-1 277704 1.13666 1.09759 1e-06 0
0-6-4-7-0-2-2-3-0-6-4-7-0-2-2 13954626 0.085601 0.073284 1e-06 0
0-6-4-7-0-2-2-3-0-6-4-7-0-4-3 264547773 2.91873 2.90442 2e-06 0
0-6-4-7-0-2-2-3-0-6-4-7-0-6-4 15794415 0.377842 0.351205 1e-06 0
0-6-4-7-0-4-3-5-0-0-1-1-0-0-1 277701 1.0042 0.943045 1e-06 0
0-6-4-7-0-4-3-5-0-0-1-1-0-2-2 13954618 0.071874 0.055228 1e-06 0
0-6-4-7-0-4-3-5-0-0-1-1-0-4-3 264546039 0.175721 0.167583 2e-06 0
0-6-4-7-0-4-3-5-0-0-1-1-0-6-4 15794415 0.07816 0.066081 2e-06 0
0-6-4-7-0-4-3-5-0-2-2-3-0-0-1 277704 1.07951 1.0237 1e-06 0
0-6-4-7-0-4-3-5-0-2-2-3-0-2-2 13891951 0.05811 0.041279 1e-06 0
0-6-4-7-0-4-3-5-0-2-2-3-0-4-3 264545893 2.68966 2.67489 1e-06 0
0-6-4-7-0-4-3-5-0-2-2-3-0-6-4 15794415 0.064325 0.041148 1e-06 0
0-6-4-7-0-4-3-5-0-4-3-5-0-0-1 277704 0.095769 0.081284 0 0
0-6-4-7-0-4-3-5-0-4-3-5-0-2-2 13954598 8.66916 8.64201 0 0
0-6-4-7-0-4-3-5-0-4-3-5-0-4-3 253260419 0.221231 0.199801 1e-06 0
0-6-4-7-0-4-3-5-0-4-3-5-0-6-4 15794415 0.056955 0.044712 2e-06 0
0-6-4-7-0-4-3-5-0-6-4-7-0-0-1 277704 1.05655 1.02886 2e-06 0
0-6-4-7-0-4-3-5-0-6-4-7-0-2-2 13954626 0.082223 0.064881 1e-06 0
0-6-4-7-0-4-3-5-0-6-4-7-0-4-3 264547770 2.79939 2.77871 1e-06 0
0-6-4-7-0-4-3-5-0-6-4-7-0-6-4 15794415 0.049892 0.041819 2e-06 0
0-6-4-7-0-6-4-7-0-0-1-1-0-0-1 277704 1.21313 1.19131 1e-06 0
0-6-4-7-0-6-4-7-0-0-1-1-0-2-2 13954626 0.336807 0.331291 2e-06 0
0-6-4-7-0-6-4-7-0-0-1-1-0-4-3 264547773 0.444701 0.440424 1e-06 0
0-6-4-7-0-6-4-7-0-0-1-1-0-6-4 15794415 0.052786 0.047619 1e-06 0
0-6-4-7-0-6-4-7-0-2-2-3-0-0-1 277704 1.15513 1.12399 0 0
0-6-4-7-0-6-4-7-0-2-2-3-0-2-2 13954431 0.267792 0.240554 0 0
0-6-4-7-0-6-4-7-0-2-2-3-0-4-3 264547772 2.82601 2.81283 1e-06 0
0-6-4-7-0-6-4-7-0-2-2-3-0-6-4 15794415 0.052449 0.046611 1e-06 0
0-6-4-7-0-6-4-7-0-4-3-5-0-0-1 277704 0.338189 0.315711 1e-06 0
0-6-4-7-0-6-4-7-0-4-3-5-0-2-2 13954626 13.9246 13.8832 1e-06 0
0-6-4-7-0-6-4-7-0-4-3-5-0-4-3 264542880 0.540009 0.416954 1e-06 0
0-6-4-7-0-6-4-7-0-4-3-5-0-6-4 15794415 0.107119 0.043123 1e-06 0
0-6-4-7-0-6-4-7-0-6-4-7-0-0-1 277704 1.28204 1.26714 1e-06 0
0-6-4-7-0-6-4-7-0-6-4-7-0-2-2 13954626 0.350495 0.346828 1e-06 0
0-6-4-7-0-6-4-7-0-6-4-7-0-4-3 264547773 2.83874 2.83024 1e-06 0
0-6-4-7-0-6-4-7-0-6-4-7-0-6-4 15794415 0.054159 0.045592 1e-06 0
1-1-0-0-1-1-0-0-1-1-0-0-1-1-0 34713 0.410637 0.39394 1e-06 0
1-1-0-0-1-1-0-0-1-1-0-2-2-3-0 269979 0.623533 0.601443 1e-06 0
1-1-0-0-1-1-0-0-1-1-0-4-3-5-0 125547 0.78099 0.693533 1e-06 0
1-1-0-0-1-1-0-0-1-1-0-6-4-7-0 277619 1.78622 1.75239 8e-06 0
1-1-0-0-1-1-0-2-2-3-0-0-1-1-0 277704 16.0157 15.9903 2e-06 0
1-1-0-0-1-1-0-2-2-3-0-2-2-3-0 269979 0.627163 0.586787 3e-06 0
1-1-0-0-1-1-0-2-2-3-0-4-3-5-0 277597 4.32068 4.23943 1e-06 0
1-1-0-0-1-1-0-2-2-3-0-6-4-7-0 277704 1.98221 1.76412 1e-06 0
1-1-0-0-1-1-0-4-3-5-0-0-1-1-0 277704 2.73399 2.55828 1e-06 0
1-1-0-0-1-1-0-4-3-5-0-2-2-3-0 277212 0.844921 0.700198 2e-06 0
1-1-0-0-1-1-0-4-3-5-0-4-3-5-0 273654 1.47179 1.3447 1e-06 0
1-1-0-0-1-1-0-4-3-5-0-6-4-7-0 277701 2.06621 1.98782 1e-06 0
1-1-0-0-1-1-0-6-4-7-0-0-1-1-0 277704 24.5295 24.4676 2e-06 0
1-1-0-0-1-1-0-6-4-7-0-2-2-3-0 277704 15.0606 14.9961 1e-06 0
1-1-0-0-1-1-0-6-4-7-0-4-3-5-0 277700 14.6153 14.5633 1e-06 0
1-1-0-0-1-1-0-6-4-7-0-6-4-7-0 277704 23.0282 23.0106 1e-06 0
1-1-0-2-2-3-0-0-1-1-0-0-1-1-0 277704 0.550102 0.541174 0 0
1-1-0-2-2-3-0-0-1-1-0-2-2-3-0 277704 0.5501 0.539104 1e-06 0
1-1-0-2-2-3-0-0-1-1-0-4-3-5-0 277704 0.559423 0.550396 1e-06 0
1-1-0-2-2-3-0-0-1-1-0-6-4-7-0 277704 1.60162 1.58754 3e-06 0
1-1-0-2-2-3-0-2-2-3-0-0-1-1-0 277704 0.525066 0.517569 3e-06 0
1-1-0-2-2-3-0-2-2-3-0-2-2-3-0 269979 0.209253 0.010689 1e-06 0
1-1-0-2-2-3-0-2-2-3-0-4-3-5-0 277597 0.875397 0.732718 1e-06 0
1-1-0-2-2-3-0-2-2-3-0-6-4-7-0 277704 1.4371 1.36517 1e-06 0
1-1-0-2-2-3-0-4-3-5-0-0-1-1-0 277704 0.634572 0.59332 1e-06 0
1-1-0-2-2-3-0-4-3-5-0-2-2-3-0 277704 0.942749 0.784582 1e-06 0
1-1-0-2-2-3-0-4-3-5-0-4-3-5-0 277611 0.993978 0.836429 2e-06 0
1-1-0-2-2-3-0-4-3-5-0-6-4-7-0 277704 2.09951 1.96025 1e-06 0
1-1-0-2-2-3-0-6-4-7-0-0-1-1-0 277704 15.6185 15.5669 1e-06 0
1-1-0-2-2-3-0-6-4-7-0-2-2-3-0 277704 10.6963 10.6276 1e-06 0
1-1-0-2-2-3-0-6-4-7-0-4-3-5-0 277704 13.3362 13.1861 3e-06 0
1-1-0-2-2-3-0-6-4-7-0-6-4-7-0 277704 15.4625 15.3907 1e-06 0
1-1-0-4-3-5-0-0-1-1-0-0-1-1-0 277704 2.0536 1.95024 3e-06 0
1-1-0-4-3-5-0-0-1-1-0-2-2-3-0 277704 1.00308 0.876209 1e-06 0
1-1-0-4-3-5-0-0-1-1-0-4-3-5-0 277704 5.33046 5.21317 1e-06 0
1-1-0-4-3-5-0-0-1-1-0-6-4-7-0 277704 2.00368 1.84376 1e-06 0
1-1-0-4-3-5-0-2-2-3-0-0-1-1-0 277704 3.42709 3.2719 0 0
1-1-0-4-3-5-0-2-2-3-0-2-2-3-0 277212 0.31024 0.277775 3e-06 0
1-1-0-4-3-5-0-2-2-3-0-4-3-5-0 277704 3.34311 3.19498 1e-06 0
1-1-0-4-3-5-0-2-2-3-0-6-4-7-0 277704 2.03526 1.88099 1e-06 0
1-1-0-4-3-5-0-4-3-5-0-0-1-1-0 277704 8.50111 8.27343 2e-06 0
1-1-0-4-3-5-0-4-3-5-0-2-2-3-0 277704 1.06673 0.871852 1e-06 0
1-1-0-4-3-5-0-4-3-5-0-4-3-5-0 274950 6.49833 6.29746 1e-06 0
1-1-0-4-3-5-0-4-3-5-0-6-4-7-0 277704 1.94308 1.76555 2e-06 0
1-1-0-4-3-5-0-6-4-7-0-0-1-1-0 277704 20.0654 19.9881 1e-06 0
1-1-0-4-3-5-0-6-4-7-0-2-2-3-0 277704 13.3373 13.2666 1e-06 0
1-1-0-4-3-5-0-6-4-7-0-4-3-5-0 277704 14.2712 14.1779 1e-06 0
1-1-0-4-3-5-0-6-4-7-0-6-4-7-0 277704 20.0251 19.8621 1e-06 0
1-1-0-6-4-7-0-0-1-1-0-0-1-1-0 277704 0.783614 0.770207 1e-06 0
1-1-0-6-4-7-0-0-1-1-0-2-2-3-0 277704 0.776231 0.757524 3e-06 0
1-1-0-6-4-7-0-0-1-1-0-4-3-5-0 277704 0.829333 0.809098 1e-06 0
1-1-0-6-4-7-0-0-1-1-0-6-4-7-0 277704 0.814292 0.799391 1e-06 0
1-1-0-6-4-7-0-2-2-3-0-0-1-1-0 277704 0.796475 0.774911 1e-06 0
1-1-0-6-4-7-0-2-2-3-0-2-2-3-0 277704 0.636354 0.60209 1e-06 0
1-1-0-6-4-7-0-2-2-3-0-4-3-5-0 277704 4.25324 4.18153 0 0
1-1-0-6-4-7-0-2-2-3-0-6-4-7-0 277704 0.879899 0.838907 1e-06 0
1-1-0-6-4-7-0-4-3-5-0-0-1-1-0 277704 1.01209 0.934185 2e-06 0
1-1-0-6-4-7-0-4-3-5-0-2-2-3-0 277704 0.958804 0.847479 2e-06 0
1-1-0-6-4-7-0-4-3-5-0-4-3-5-0 277700 1.02866 0.937057 2e-06 0
1-1-0-6-4-7-0-4-3-5-0-6-4-7-0 277704 0.97076 0.919553 2e-06 0
1-1-0-6-4-7-0-6-4-7-0-0-1-1-0 277704 1.36628 1.332 3e-06 0
1-1-0-6-4-7-0-6-4-7-0-2-2-3-0 277704 1.28052 1.21987 2e-06 0
1-1-0-6-4-7-0-6-4-7-0-4-3-5-0 277704 13.6878 13.6329 1e-06 0
1-1-0-6-4-7-0-6-4-7-0-6-4-7-0 277704 1.1597 1.14955 1e-06 0
2-3-0-0-1-1-0-0-1-1-0-0-1-1-0 11426723 0.020302 0.01644 1e-06 0
2-3-0-0-1-1-0-0-1-1-0-2-2-3-0 13942082 0.231074 0.22695 1e-06 0
2-3-0-0-1-1-0-0-1-1-0-4-3-5-0 13103489 0.031325 0.028596 2e-06 0
2-3-0-0-1-1-0-0-1-1-0-6-4-7-0 13954551 0.042474 0.036498 1e-06 0
2-3-0-0-1-1-0-2-2-3-0-0-1-1-0 13954626 0.274028 0.271688 1e-06 0
2-3-0-0-1-1-0-2-2-3-0-2-2-3-0 13942082 0.017419 0.013448 1e-06 0
2-3-0-0-1-1-0-2-2-3-0-4-3-5-0 13954538 0.226404 0.074416 1e-06 0
2-3-0-0-1-1-0-2-2-3-0-6-4-7-0 13954626 0.155702 0.035365 0 0
2-3-0-0-1-1-0-4-3-5-0-0-1-1-0 13954626 0.034053 0.031101 2e-06 0
2-3-0-0-1-1-0-4-3-5-0-2-2-3-0 13953539 0.503524 0.424502 1e-06 0
2-3-0-0-1-1-0-4-3-5-0-4-3-5-0 13920168 0.221618 0.180025 1e-06 0
2-3-0-0-1-1-0-4-3-5-0-6-4-7-0 13954618 0.055213 0.04515 3e-06 0
2-3-0-0-1-1-0-6-4-7-0-0-1-1-0 13954626 0.316441 0.312223 1e-06 0
2-3-0-0-1-1-0-6-4-7-0-2-2-3-0 13954626 0.208731 0.204192 1e-06 0
2-3-0-0-1-1-0-6-4-7-0-4-3-5-0 13954622 0.334954 0.307785 1e-06 0
2-3-0-0-1-1-0-6-4-7-0-6-4-7-0 13954626 0.336215 0.330378 0 0
2-3-0-2-2-3-0-0-1-1-0-0-1-1-0 11426723 0.017302 0.014051 0 0
2-3-0-2-2-3-0-0-1-1-0-2-2-3-0 13942082 0.017629 0.014799 1e-06 0
2-3-0-2-2-3-0-0-1-1-0-4-3-5-0 13103489 0.027857 0.025423 1e-06 0
2-3-0-2-2-3-0-0-1-1-0-6-4-7-0 13954551 0.04246 0.036734 0 0
2-3-0-2-2-3-0-2-2-3-0-0-1-1-0 11426723 0.012295 0.009364 0 0
2-3-0-2-2-3-0-2-2-3-0-2-2-3-0 34713 0.003159 0.000855 1e-06 0
2-3-0-2-2-3-0-2-2-3-0-4-3-5-0 1807215 0.006445 0.003461 1e-06 0
2-3-0-2-2-3-0-2-2-3-0-6-4-7-0 6345795 0.052879 0.024304 1e-06 0
2-3-0-2-2-3-0-4-3-5-0-0-1-1-0 13373259 0.014773 0.009316 1e-06 0
2-3-0-2-2-3-0-4-3-5-0-2-2-3-0 12401496 0.028433 0.020524 3e-06 0
2-3-0-2-2-3-0-4-3-5-0-4-3-5-0 12620533 0.06759 0.057154 1e-06 0
2-3-0-2-2-3-0-4-3-5-0-6-4-7-0 13891951 0.054061 0.045461 2e-06 0
2-3-0-2-2-3-0-6-4-7-0-0-1-1-0 13954626 0.108772 0.103184 1e-06 0
2-3-0-2-2-3-0-6-4-7-0-2-2-3-0 13689497 0.078737 0.073195 1e-06 0
2-3-0-2-2-3-0-6-4-7-0-4-3-5-0 13721768 0.122651 0.108703 3e-06 0
2-3-0-2-2-3-0-6-4-7-0-6-4-7-0 13954431 0.11725 0.112197 1e-06 0
2-3-0-4-3-5-0-0-1-1-0-0-1-1-0 13373259 0.023824 0.01891 1e-06 0
2-3-0-4-3-5-0-0-1-1-0-2-2-3-0 13950086 0.13636 0.125608 1e-06 0
2-3-0-4-3-5-0-0-1-1-0-4-3-5-0 13749399 0.033394 0.02846 1e-06 0
2-3-0-4-3-5-0-0-1-1-0-6-4-7-0 13954585 0.053456 0.0445 2e-06 0
2-3-0-4-3-5-0-2-2-3-0-0-1-1-0 13954626 0.179197 0.171945 1e-06 0
2-3-0-4-3-5-0-2-2-3-0-2-2-3-0 12401496 0.02534 0.017502 1e-06 0
2-3-0-4-3-5-0-2-2-3-0-4-3-5-0 13920727 0.047945 0.040281 1e-06 0
2-3-0-4-3-5-0-2-2-3-0-6-4-7-0 13954585 0.048846 0.039973 1e-06 0
2-3-0-4-3-5-0-4-3-5-0-0-1-1-0 13954626 0.066731 0.060335 1e-06 0
2-3-0-4-3-5-0-4-3-5-0-2-2-3-0 13942369 0.08633 0.073593 1e-06 0
2-3-0-4-3-5-0-4-3-5-0-4-3-5-0 13780903 0.218738 0.209202 1e-06 0
2-3-0-4-3-5-0-4-3-5-0-6-4-7-0 13954598 0.058478 0.048672 2e-06 0
2-3-0-4-3-5-0-6-4-7-0-0-1-1-0 13954626 0.324146 0.309637 1e-06 0
2-3-0-4-3-5-0-6-4-7-0-2-2-3-0 13953921 0.212472 0.205557 1e-06 0
2-3-0-4-3-5-0-6-4-7-0-4-3-5-0 13953164 0.291542 0.281197 0 0
2-3-0-4-3-5-0-6-4-7-0-6-4-7-0 13954626 0.330378 0.323072 0 0
2-3-0-6-4-7-0-0-1-1-0-0-1-1-0 13954626 0.09788 0.093385 1e-06 0
2-3-0-6-4-7-0-0-1-1-0-2-2-3-0 13954626 0.095366 0.092464 0 0
2-3-0-6-4-7-0-0-1-1-0-4-3-5-0 13954626 0.133732 0.129873 0 0
2-3-0-6-4-7-0-0-1-1-0-6-4-7-0 13954626 0.124655 0.121621 1e-06 0
2-3-0-6-4-7-0-2-2-3-0-0-1-1-0 13954626 0.091109 0.088472 1e-06 0
2-3-0-6-4-7-0-2-2-3-0-2-2-3-0 13689497 0.068211 0.065651 1e-06 0
2-3-0-6-4-7-0-2-2-3-0-4-3-5-0 13952209 0.800761 0.786599 1e-06 0
2-3-0-6-4-7-0-2-2-3-0-6-4-7-0 13954626 0.127933 0.121546 1e-06 0
2-3-0-6-4-7-0-4-3-5-0-0-1-1-0 13954626 0.116279 0.110335 0 0
2-3-0-6-4-7-0-4-3-5-0-2-2-3-0 13954500 0.103461 0.095783 0 0
2-3-0-6-4-7-0-4-3-5-0-4-3-5-0 13850279 0.157958 0.150768 1e-06 0
2-3-0-6-4-7-0-4-3-5-0-6-4-7-0 13954626 0.12706 0.120431 1e-06 0
2-3-0-6-4-7-0-6-4-7-0-0-1-1-0 13954626 0.41254 0.409672 0 0
2-3-0-6-4-7-0-6-4-7-0-2-2-3-0 13954626 0.292967 0.289797 1e-06 0
2-3-0-6-4-7-0-6-4-7-0-4-3-5-0 13954620 0.372431 0.367128 1e-06 0
2-3-0-6-4-7-0-6-4-7-0-6-4-7-0 13954626 0.413304 0.410131 1e-06 0
3-5-0-0-1-1-0-0-1-1-0-0-1-1-0 66667832 0.288525 0.277255 1e-06 0
3-5-0-0-1-1-0-0-1-1-0-2-2-3-0 261068775 0.078923 0.072876 0 0
3-5-0-0-1-1-0-0-1-1-0-4-3-5-0 159103520 0.436302 0.407679 1e-06 0
3-5-0-0-1-1-0-0-1-1-0-6-4-7-0 264520476 0.354116 0.345521 1e-06 0
3-5-0-0-1-1-0-2-2-3-0-0-1-1-0 264547773 3.43555 3.43064 3e-06 0
3-5-0-0-1-1-0-2-2-3-0-2-2-3-0 261068775 0.073289 0.067932 2e-06 0
3-5-0-0-1-1-0-2-2-3-0-4-3-5-0 264505054 3.1279 3.01873 0 0
3-5-0-0-1-1-0-2-2-3-0-6-4-7-0 264547773 0.376881 0.362085 0 0
3-5-0-0-1-1-0-4-3-5-0-0-1-1-0 264547773 1.98882 1.96851 2e-06 0
3-5-0-0-1-1-0-4-3-5-0-2-2-3-0 264335304 0.105333 0.084421 2e-06 0
3-5-0-0-1-1-0-4-3-5-0-4-3-5-0 261568906 0.626541 0.608943 1e-06 0
3-5-0-0-1-1-0-4-3-5-0-6-4-7-0 264546039 0.385727 0.368698 2e-06 0
3-5-0-0-1-1-0-6-4-7-0-0-1-1-0 264547773 5.66798 5.66135 1e-06 0
3-5-0-0-1-1-0-6-4-7-0-2-2-3-0 264547773 3.50511 3.49888 1e-06 0
3-5-0-0-1-1-0-6-4-7-0-4-3-5-0 264547070 4.45753 4.44431 1e-06 0
3-5-0-0-1-1-0-6-4-7-0-6-4-7-0 264547773 5.05944 5.05348 0 0
3-5-0-2-2-3-0-0-1-1-0-0-1-1-0 262992233 0.772122 0.763974 1e-06 0
3-5-0-2-2-3-0-0-1-1-0-2-2-3-0 264546361 0.856609 0.839651 4e-06 0
3-5-0-2-2-3-0-0-1-1-0-4-3-5-0 264299335 0.79633 0.784451 2e-06 0
3-5-0-2-2-3-0-0-1-1-0-6-4-7-0 264547769 0.458511 0.427088 1e-06 0
3-5-0-2-2-3-0-2-2-3-0-0-1-1-0 262992233 0.799494 0.790485 1e-06 0
3-5-0-2-2-3-0-2-2-3-0-2-2-3-0 18178411 0.042672 0.019331 3e-06 0
3-5-0-2-2-3-0-2-2-3-0-4-3-5-0 186718068 0.417273 0.390611 2e-06 0
3-5-0-2-2-3-0-2-2-3-0-6-4-7-0 254483838 0.414036 0.398388 1e-06 0
3-5-0-2-2-3-0-4-3-5-0-0-1-1-0 264534436 11.1204 11.107 1e-06 0
3-5-0-2-2-3-0-4-3-5-0-2-2-3-0 263938876 0.818493 0.801 1e-06 0
3-5-0-2-2-3-0-4-3-5-0-4-3-5-0 260987845 9.53022 9.48407 3e-06 0
3-5-0-2-2-3-0-4-3-5-0-6-4-7-0 264545893 0.324725 0.313919 2e-06 0
3-5-0-2-2-3-0-6-4-7-0-0-1-1-0 264547773 4.7159 4.70855 1e-06 0
3-5-0-2-2-3-0-6-4-7-0-2-2-3-0 264526605 3.32874 3.32092 1e-06 0
3-5-0-2-2-3-0-6-4-7-0-4-3-5-0 264348044 4.09801 4.08753 1e-06 0
3-5-0-2-2-3-0-6-4-7-0-6-4-7-0 264547772 4.77893 4.77133 3e-06 0
3-5-0-4-3-5-0-0-1-1-0-0-1-1-0 242448037 2.04032 2.02479 1e-06 0
3-5-0-4-3-5-0-0-1-1-0-2-2-3-0 264223483 0.174558 0.15052 2e-06 0
3-5-0-4-3-5-0-0-1-1-0-4-3-5-0 254223236 4.61054 4.59707 1e-06 0
3-5-0-4-3-5-0-0-1-1-0-6-4-7-0 264544959 0.375038 0.365474 1e-06 0
3-5-0-4-3-5-0-2-2-3-0-0-1-1-0 264272027 3.20938 3.19722 3e-06 0
3-5-0-4-3-5-0-2-2-3-0-2-2-3-0 223199128 0.457507 0.426975 4e-06 0
3-5-0-4-3-5-0-2-2-3-0-4-3-5-0 256552028 1.73384 1.70783 1e-06 0
3-5-0-4-3-5-0-2-2-3-0-6-4-7-0 262665496 0.379435 0.36531 2e-06 0
3-5-0-4-3-5-0-4-3-5-0-0-1-1-0 254851812 9.02213 9.01212 1e-06 0
3-5-0-4-3-5-0-4-3-5-0-2-2-3-0 252870735 0.928358 0.897685 4e-06 0
3-5-0-4-3-5-0-4-3-5-0-4-3-5-0 249802666 9.04059 9.02138 2e-06 0
3-5-0-4-3-5-0-4-3-5-0-6-4-7-0 253260419 0.323155 0.311682 1e-06 0
3-5-0-4-3-5-0-6-4-7-0-0-1-1-0 264536355 4.82249 4.81516 0 0
3-5-0-4-3-5-0-6-4-7-0-2-2-3-0 261395656 3.11961 3.11171 1e-06 0
3-5-0-4-3-5-0-6-4-7-0-4-3-5-0 263215652 4.09467 4.08421 1e-06 0
3-5-0-4-3-5-0-6-4-7-0-6-4-7-0 264542880 4.80959 4.80235 2e-06 0
3-5-0-6-4-7-0-0-1-1-0-0-1-1-0 264536355 2.55856 2.55458 3e-06 0
3-5-0-6-4-7-0-0-1-1-0-2-2-3-0 264547768 2.54018 2.53537 1e-06 0
3-5-0-6-4-7-0-0-1-1-0-4-3-5-0 264545622 2.57881 2.57356 1e-06 0
3-5-0-6-4-7-0-0-1-1-0-6-4-7-0 264547773 2.55191 2.54687 1e-06 0
3-5-0-6-4-7-0-2-2-3-0-0-1-1-0 264547773 2.55667 2.55192 3e-06 0
3-5-0-6-4-7-0-2-2-3-0-2-2-3-0 258664239 1.70795 1.70406 1e-06 0
3-5-0-6-4-7-0-2-2-3-0-4-3-5-0 264488100 2.95985 2.91109 1e-06 0
3-5-0-6-4-7-0-2-2-3-0-6-4-7-0 264547773 2.5994 2.58948 1e-06 0
3-5-0-6-4-7-0-4-3-5-0-0-1-1-0 264547773 2.6008 2.594 1e-06 0
3-5-0-6-4-7-0-4-3-5-0-2-2-3-0 264545259 2.56369 2.55487 3e-06 0
3-5-0-6-4-7-0-4-3-5-0-4-3-5-0 263135171 2.56613 2.55812 1e-06 0
3-5-0-6-4-7-0-4-3-5-0-6-4-7-0 264547770 2.55579 2.54899 1e-06 0
3-5-0-6-4-7-0-6-4-7-0-0-1-1-0 264547773 2.85181 2.84748 3e-06 0
3-5-0-6-4-7-0-6-4-7-0-2-2-3-0 264547767 2.73334 2.72962 1e-06 0
3-5-0-6-4-7-0-6-4-7-0-4-3-5-0 264547650 2.81649 2.81002 1e-06 0
3-5-0-6-4-7-0-6-4-7-0-6-4-7-0 264547773 2.85001 2.84626 3e-06 0
4-7-0-0-1-1-0-0-1-1-0-0-1-1-0 15626706 0.024872 0.021725 1e-06 0
4-7-0-0-1-1-0-0-1-1-0-2-2-3-0 15794087 0.024931 0.021701 1e-06 0
4-7-0-0-1-1-0-0-1-1-0-4-3-5-0 15740985 0.067874 0.063771 1e-06 0
4-7-0-0-1-1-0-0-1-1-0-6-4-7-0 15794415 0.458973 0.454157 1e-06 0
4-7-0-0-1-1-0-2-2-3-0-0-1-1-0 15794415 0.024659 0.021737 1e-06 0
4-7-0-0-1-1-0-2-2-3-0-2-2-3-0 15794087 0.025257 0.0221 1e-06 0
4-7-0-0-1-1-0-2-2-3-0-4-3-5-0 15794415 0.536001 0.528337 1e-06 0
4-7-0-0-1-1-0-2-2-3-0-6-4-7-0 15794415 0.312769 0.306917 1e-06 0
4-7-0-0-1-1-0-4-3-5-0-0-1-1-0 15794415 0.064179 0.060308 0 0
4-7-0-0-1-1-0-4-3-5-0-2-2-3-0 15794372 0.101697 0.094787 1e-06 0
4-7-0-0-1-1-0-4-3-5-0-4-3-5-0 15792180 0.108344 0.103834 1e-06 0
4-7-0-0-1-1-0-4-3-5-0-6-4-7-0 15794415 0.397493 0.389531 0 0
4-7-0-0-1-1-0-6-4-7-0-0-1-1-0 15794415 0.376325 0.373338 1e-06 0
4-7-0-0-1-1-0-6-4-7-0-2-2-3-0 15794415 0.249692 0.245467 1e-06 0
4-7-0-0-1-1-0-6-4-7-0-4-3-5-0 15794415 0.33663 0.330368 1e-06 0
4-7-0-0-1-1-0-6-4-7-0-6-4-7-0 15794415 0.386213 0.381818 3e-06 0
4-7-0-2-2-3-0-0-1-1-0-0-1-1-0 15794415 0.024554 0.020847 0 0
4-7-0-2-2-3-0-0-1-1-0-2-2-3-0 15794415 0.021832 0.018886 1e-06 0
4-7-0-2-2-3-0-0-1-1-0-4-3-5-0 15794415 0.061654 0.057741 1e-06 0
4-7-0-2-2-3-0-0-1-1-0-6-4-7-0 15794415 0.052518 0.048983 0 0
4-7-0-2-2-3-0-2-2-3-0-0-1-1-0 15794415 0.018779 0.01536 0 0
4-7-0-2-2-3-0-2-2-3-0-2-2-3-0 10219172 0.017223 0.013991 0 0
4-7-0-2-2-3-0-2-2-3-0-4-3-5-0 15662521 0.054247 0.050139 1e-06 0
4-7-0-2-2-3-0-2-2-3-0-6-4-7-0 15792946 0.271258 0.266203 0 0
4-7-0-2-2-3-0-4-3-5-0-0-1-1-0 15794415 0.722929 0.706908 1e-06 0
4-7-0-2-2-3-0-4-3-5-0-2-2-3-0 15794338 0.089317 0.079376 1e-06 0
4-7-0-2-2-3-0-4-3-5-0-4-3-5-0 15743848 0.776197 0.758878 1e-06 0
4-7-0-2-2-3-0-4-3-5-0-6-4-7-0 15794415 0.323093 0.315877 0 0
4-7-0-2-2-3-0-6-4-7-0-0-1-1-0 15794415 0.360868 0.357754 1e-06 0
4-7-0-2-2-3-0-6-4-7-0-2-2-3-0 15794414 0.240809 0.23685 1e-06 0
4-7-0-2-2-3-0-6-4-7-0-4-3-5-0 15794371 0.326589 0.320338 0 0
4-7-0-2-2-3-0-6-4-7-0-6-4-7-0 15794415 0.379364 0.374729 3e-06 0
4-7-0-4-3-5-0-0-1-1-0-0-1-1-0 15758734 0.047251 0.040478 1e-06 0
4-7-0-4-3-5-0-0-1-1-0-2-2-3-0 15794374 0.04585 0.039762 1e-06 0
4-7-0-4-3-5-0-0-1-1-0-4-3-5-0 15784512 0.085535 0.078743 1e-06 0
4-7-0-4-3-5-0-0-1-1-0-6-4-7-0 15794415 0.076525 0.070162 1e-06 0
4-7-0-4-3-5-0-2-2-3-0-0-1-1-0 15794415 0.033894 0.02641 1e-06 0
4-7-0-4-3-5-0-2-2-3-0-2-2-3-0 15752999 0.034083 0.026372 1e-06 0
4-7-0-4-3-5-0-2-2-3-0-4-3-5-0 15793767 0.596425 0.584597 1e-06 0
4-7-0-4-3-5-0-2-2-3-0-6-4-7-0 15794415 0.058213 0.047918 1e-06 0
4-7-0-4-3-5-0-4-3-5-0-0-1-1-0 15794415 0.08977 0.082468 1e-06 0
4-7-0-4-3-5-0-4-3-5-0-2-2-3-0 15794351 0.090666 0.077853 1e-06 0
4-7-0-4-3-5-0-4-3-5-0-4-3-5-0 15614461 0.132746 0.125226 0 0
4-7-0-4-3-5-0-4-3-5-0-6-4-7-0 15794415 0.063615 0.052709 1e-06 0
4-7-0-4-3-5-0-6-4-7-0-0-1-1-0 15794415 0.35836 0.352013 1e-06 0
4-7-0-4-3-5-0-6-4-7-0-2-2-3-0 15794415 0.242227 0.234965 3e-06 0
4-7-0-4-3-5-0-6-4-7-0-4-3-5-0 15794412 0.332338 0.32102 2e-06 0
4-7-0-4-3-5-0-6-4-7-0-6-4-7-0 15794415 0.378913 0.370857 3e-06 0
4-7-0-6-4-7-0-0-1-1-0-0-1-1-0 15794415 0.338848 0.334122 3e-06 0
4-7-0-6-4-7-0-0-1-1-0-2-2-3-0 15794415 0.32912 0.325634 1e-06 0
4-7-0-6-4-7-0-0-1-1-0-4-3-5-0 15794415 0.366132 0.361464 1e-06 0
4-7-0-6-4-7-0-0-1-1-0-6-4-7-0 15794415 0.371844 0.368355 0 0
4-7-0-6-4-7-0-2-2-3-0-0-1-1-0 15794415 0.345776 0.342559 2e-06 0
4-7-0-6-4-7-0-2-2-3-0-2-2-3-0 15792398 0.225376 0.222017 0 0
4-7-0-6-4-7-0-2-2-3-0-4-3-5-0 15794397 4.75788 4.63955 1e-06 0
4-7-0-6-4-7-0-2-2-3-0-6-4-7-0 15794415 0.381874 0.365712 0 0
4-7-0-6-4-7-0-4-3-5-0-0-1-1-0 15794415 0.399967 0.356729 1e-06 0
4-7-0-6-4-7-0-4-3-5-0-2-2-3-0 15794413 0.348682 0.341239 0 0
4-7-0-6-4-7-0-4-3-5-0-4-3-5-0 15792097 0.399927 0.392653 3e-06 0
4-7-0-6-4-7-0-4-3-5-0-6-4-7-0 15794415 0.361665 0.354915 1e-06 0
4-7-0-6-4-7-0-6-4-7-0-0-1-1-0 15794415 0.632992 0.628684 1e-06 0
4-7-0-6-4-7-0-6-4-7-0-2-2-3-0 15794415 0.525662 0.522577 1e-06 0
4-7-0-6-4-7-0-6-4-7-0-4-3-5-0 15794415 0.624393 0.618563 1e-06 0
4-7-0-6-4-7-0-6-4-7-0-6-4-7-0 15794415 0.648177 0.644751 1e-06 0
