0-0-1-1-0-0-1-1-0-0-1-1-0 197321793 0.822726 0.814951 1e-06 0
0-0-1-1-0-0-1-1-0-2-2-3-0 1180774212 0.660249 0.654383 1e-06 0
0-0-1-1-0-0-1-1-0-4-3-5-0 612621062 0.416216 0.373396 3e-06 0
0-0-1-1-0-0-1-1-0-6-4-7-0 1204757174 0.589048 0.568509 2e-06 0
0-0-1-1-0-2-2-3-0-0-1-1-0 1204992369 5.21889 5.21514 1e-06 0
0-0-1-1-0-2-2-3-0-2-2-3-0 1180774212 0.230642 0.227537 2e-06 0
0-0-1-1-0-2-2-3-0-4-3-5-0 1204673267 1.5197 1.48624 1e-06 0
0-0-1-1-0-2-2-3-0-6-4-7-0 1204992369 0.571025 0.505024 1e-06 0
0-0-1-1-0-4-3-5-0-0-1-1-0 1204992369 1.165 1.14154 1e-06 0
0-0-1-1-0-4-3-5-0-2-2-3-0 1203474062 0.282068 0.239886 0 0
0-0-1-1-0-4-3-5-0-4-3-5-0 1188779139 0.554007 0.507765 1e-06 0
0-0-1-1-0-4-3-5-0-6-4-7-0 1204981110 0.545539 0.537049 1e-06 0
0-0-1-1-0-6-4-7-0-0-1-1-0 1204992369 8.13615 8.12725 1e-06 0
0-0-1-1-0-6-4-7-0-2-2-3-0 1204992369 5.23355 5.22597 1e-06 0
0-0-1-1-0-6-4-7-0-4-3-5-0 1204980951 4.85484 4.8469 2e-06 0
0-0-1-1-0-6-4-7-0-6-4-7-0 1204992369 7.9313 7.92773 1e-06 0
0-2-2-3-0-0-1-1-0-0-1-1-0 1180774212 0.150226 0.145566 2e-06 0
0-2-2-3-0-0-1-1-0-2-2-3-0 1204961287 0.137937 0.129725 1e-06 0
0-2-2-3-0-0-1-1-0-4-3-5-0 1199591762 0.145296 0.135337 2e-06 0
0-2-2-3-0-0-1-1-0-6-4-7-0 1204992254 0.478374 0.468357 1e-06 0
0-2-2-3-0-2-2-3-0-0-1-1-0 1180774212 0.138265 0.135815 1e-06 0
0-2-2-3-0-2-2-3-0-2-2-3-0 13786567 0.008001 0.005712 1e-06 0
0-2-2-3-0-2-2-3-0-4-3-5-0 449954072 0.25007 0.188441 1e-06 0
0-2-2-3-0-2-2-3-0-6-4-7-0 983207857 0.484099 0.392405 1e-06 0
0-2-2-3-0-4-3-5-0-0-1-1-0 1203474062 0.227432 0.216675 1e-06 0
0-2-2-3-0-4-3-5-0-2-2-3-0 1188978725 0.250925 0.217225 2e-06 0
0-2-2-3-0-4-3-5-0-4-3-5-0 1175109253 0.239591 0.222492 0 0
0-2-2-3-0-4-3-5-0-6-4-7-0 1204910770 0.54038 0.520301 1e-06 0
0-2-2-3-0-6-4-7-0-0-1-1-0 1204992369 5.67421 5.66498 2e-06 0
0-2-2-3-0-6-4-7-0-2-2-3-0 1203886581 3.69491 3.68956 0 0
0-2-2-3-0-6-4-7-0-4-3-5-0 1200535872 4.47498 4.45674 3e-06 0
0-2-2-3-0-6-4-7-0-6-4-7-0 1204992090 5.38671 5.36467 1e-06 0
0-4-3-5-0-0-1-1-0-0-1-1-0 612621062 0.824442 0.760657 3e-06 0
0-4-3-5-0-0-1-1-0-2-2-3-0 1199591762 0.242056 0.193616 1e-06 0
0-4-3-5-0-0-1-1-0-4-3-5-0 949804367 2.12526 2.11019 2e-06 0
0-4-3-5-0-0-1-1-0-6-4-7-0 1204952695 0.558338 0.512913 1e-06 0
0-4-3-5-0-2-2-3-0-0-1-1-0 1204673267 1.05975 1.04485 1e-06 0
0-4-3-5-0-2-2-3-0-2-2-3-0 449954072 0.093605 0.049098 1e-06 0
0-4-3-5-0-2-2-3-0-4-3-5-0 1162370235 1.00402 0.944031 1e-06 0
0-4-3-5-0-2-2-3-0-6-4-7-0 1202640776 0.57597 0.521048 2e-06 0
0-4-3-5-0-4-3-5-0-0-1-1-0 1188779139 3.37979 3.37169 3e-06 0
0-4-3-5-0-4-3-5-0-2-2-3-0 1175109253 0.305198 0.259686 2e-06 0
0-4-3-5-0-4-3-5-0-4-3-5-0 1160779883 2.67955 2.66996 1e-06 0
0-4-3-5-0-4-3-5-0-6-4-7-0 1190875501 0.571125 0.537194 0 0
0-4-3-5-0-6-4-7-0-0-1-1-0 1204980951 6.96117 6.94855 1e-06 0
0-4-3-5-0-6-4-7-0-2-2-3-0 1200535872 4.51421 4.49489 1e-06 0
0-4-3-5-0-6-4-7-0-4-3-5-0 1201668973 4.59117 4.56904 2e-06 0
0-4-3-5-0-6-4-7-0-6-4-7-0 1204987114 7.02145 6.95842 2e-06 0
0-6-4-7-0-0-1-1-0-0-1-1-0 1204757174 0.209645 0.206956 1e-06 0
0-6-4-7-0-0-1-1-0-2-2-3-0 1204992254 0.213116 0.208792 1e-06 0
0-6-4-7-0-0-1-1-0-4-3-5-0 1204952695 0.233765 0.21937 0 0
0-6-4-7-0-0-1-1-0-6-4-7-0 1204992369 0.209939 0.206811 1e-06 0
0-6-4-7-0-2-2-3-0-0-1-1-0 1204992369 0.186057 0.183586 1e-06 0
0-6-4-7-0-2-2-3-0-2-2-3-0 983207857 0.136836 0.132866 1e-06 0
0-6-4-7-0-2-2-3-0-4-3-5-0 1202640776 1.32092 1.31251 1e-06 0
0-6-4-7-0-2-2-3-0-6-4-7-0 1204992347 0.230148 0.224687 1e-06 0
0-6-4-7-0-4-3-5-0-0-1-1-0 1204981110 0.278089 0.236238 1e-06 0
0-6-4-7-0-4-3-5-0-2-2-3-0 1204910770 0.289547 0.246557 2e-06 0
0-6-4-7-0-4-3-5-0-4-3-5-0 1190875501 0.294641 0.258111 1e-06 0
0-6-4-7-0-4-3-5-0-6-4-7-0 1204992279 0.304189 0.26711 3e-06 0
0-6-4-7-0-6-4-7-0-0-1-1-0 1204992369 0.344366 0.341756 0 0
0-6-4-7-0-6-4-7-0-2-2-3-0 1204992090 0.31343 0.310761 1e-06 0
0-6-4-7-0-6-4-7-0-4-3-5-0 1204987114 4.61587 4.60924 2e-06 0
0-6-4-7-0-6-4-7-0-6-4-7-0 1204992369 0.331656 0.325587 1e-06 0
1-1-0-0-1-1-0-0-1-1-0-0-1 8 0.002117 0.000698 1e-06 0
1-1-0-0-1-1-0-0-1-1-0-2-2 2501 0.01966 0.016744 0 0
1-1-0-0-1-1-0-0-1-1-0-4-3 12415 0.217711 0.211109 1e-06 0
1-1-0-0-1-1-0-0-1-1-0-6-4 3588 0.020976 0.016175 1e-06 0
1-1-0-0-1-1-0-2-2-3-0-0-1 64 0.008496 0.006655 1e-06 0
1-1-0-0-1-1-0-2-2-3-0-2-2 2501 0.00955 0.007476 1e-06 0
1-1-0-0-1-1-0-2-2-3-0-4-3 60416 0.898286 0.830278 0 0
1-1-0-0-1-1-0-2-2-3-0-6-4 3640 0.088694 0.018731 2e-06 0
1-1-0-0-1-1-0-4-3-5-0-0-1 64 0.032095 0.006316 1e-06 0
1-1-0-0-1-1-0-4-3-5-0-2-2 3046 0.061446 0.01528 1e-06 0
1-1-0-0-1-1-0-4-3-5-0-4-3 55228 0.29019 0.251068 1e-06 0
1-1-0-0-1-1-0-4-3-5-0-6-4 3629 0.027094 0.018399 1e-06 0
1-1-0-0-1-1-0-6-4-7-0-0-1 64 0.01002 0.008195 1e-06 0
1-1-0-0-1-1-0-6-4-7-0-2-2 3216 0.043426 0.041074 0 0
1-1-0-0-1-1-0-6-4-7-0-4-3 60964 0.934536 0.82457 0 0
1-1-0-0-1-1-0-6-4-7-0-6-4 3640 0.027479 0.024403 1e-06 0
1-1-0-2-2-3-0-0-1-1-0-0-1 64 0.004682 0.003144 1e-06 0
1-1-0-2-2-3-0-0-1-1-0-2-2 3216 0.012069 0.009606 0 0
1-1-0-2-2-3-0-0-1-1-0-4-3 60968 0.466866 0.411997 0 0
1-1-0-2-2-3-0-0-1-1-0-6-4 3640 0.025912 0.011848 1e-06 0
1-1-0-2-2-3-0-2-2-3-0-0-1 64 0.002039 0.000768 1e-06 0
1-1-0-2-2-3-0-2-2-3-0-2-2 2501 0.00402 0.002005 1e-06 0
1-1-0-2-2-3-0-2-2-3-0-4-3 60416 0.029651 0.019778 1e-06 0
1-1-0-2-2-3-0-2-2-3-0-6-4 3640 0.049565 0.011119 1e-06 0
1-1-0-2-2-3-0-4-3-5-0-0-1 64 0.346534 0.304489 1e-06 0
1-1-0-2-2-3-0-4-3-5-0-2-2 3216 0.06531 0.015555 1e-06 0
1-1-0-2-2-3-0-4-3-5-0-4-3 60877 0.339039 0.302014 1e-06 0
1-1-0-2-2-3-0-4-3-5-0-6-4 3640 0.031155 0.013762 0 0
1-1-0-2-2-3-0-6-4-7-0-0-1 64 0.017739 0.00676 0 0
1-1-0-2-2-3-0-6-4-7-0-2-2 3216 0.051539 0.039681 1e-06 0
1-1-0-2-2-3-0-6-4-7-0-4-3 60968 0.74434 0.659283 1e-06 0
1-1-0-2-2-3-0-6-4-7-0-6-4 3640 0.044101 0.017475 1e-06 0
1-1-0-4-3-5-0-0-1-1-0-0-1 64 0.04865 0.006966 1e-06 0
1-1-0-4-3-5-0-0-1-1-0-2-2 3216 0.090524 0.05786 1e-06 0
1-1-0-4-3-5-0-0-1-1-0-4-3 60968 0.916221 0.889935 1e-06 0
1-1-0-4-3-5-0-0-1-1-0-6-4 3640 0.062053 0.015342 2e-06 0
1-1-0-4-3-5-0-2-2-3-0-0-1 64 0.025025 0.006066 1e-06 0
1-1-0-4-3-5-0-2-2-3-0-2-2 3046 0.02222 0.006735 1e-06 0
1-1-0-4-3-5-0-2-2-3-0-4-3 60963 0.424722 0.386884 1e-06 0
1-1-0-4-3-5-0-2-2-3-0-6-4 3640 0.054527 0.019878 1e-06 0
1-1-0-4-3-5-0-4-3-5-0-0-1 64 0.30944 0.284136 1e-06 0
1-1-0-4-3-5-0-4-3-5-0-2-2 3216 0.074697 0.029178 0 0
1-1-0-4-3-5-0-4-3-5-0-4-3 58641 0.307322 0.285841 1e-06 0
1-1-0-4-3-5-0-4-3-5-0-6-4 3640 0.050315 0.01624 1e-06 0
1-1-0-4-3-5-0-6-4-7-0-0-1 64 0.014922 0.009882 1e-06 0
1-1-0-4-3-5-0-6-4-7-0-2-2 3216 0.045744 0.040647 1e-06 0
1-1-0-4-3-5-0-6-4-7-0-4-3 60968 0.933418 0.740845 1e-06 0
1-1-0-4-3-5-0-6-4-7-0-6-4 3640 0.048838 0.018116 0 0
1-1-0-6-4-7-0-0-1-1-0-0-1 64 0.008636 0.006071 2e-06 0
1-1-0-6-4-7-0-0-1-1-0-2-2 3216 0.014911 0.012141 1e-06 0
1-1-0-6-4-7-0-0-1-1-0-4-3 60968 0.729149 0.587508 1e-06 0
1-1-0-6-4-7-0-0-1-1-0-6-4 3640 0.055337 0.018742 1e-06 0
1-1-0-6-4-7-0-2-2-3-0-0-1 64 0.014679 0.003283 1e-06 0
1-1-0-6-4-7-0-2-2-3-0-2-2 3216 0.062582 0.011407 0 0
1-1-0-6-4-7-0-2-2-3-0-4-3 60968 1.07239 0.897915 2e-06 0
1-1-0-6-4-7-0-2-2-3-0-6-4 3640 0.039717 0.01613 1e-06 0
1-1-0-6-4-7-0-4-3-5-0-0-1 64 0.036478 0.013358 1e-06 0
1-1-0-6-4-7-0-4-3-5-0-2-2 3216 0.91059 0.747906 1e-06 0
1-1-0-6-4-7-0-4-3-5-0-4-3 60964 1.01283 0.856163 1e-06 0
1-1-0-6-4-7-0-4-3-5-0-6-4 3640 0.06033 0.016228 1e-06 0
1-1-0-6-4-7-0-6-4-7-0-0-1 64 0.01436 0.009823 1e-06 0
1-1-0-6-4-7-0-6-4-7-0-2-2 3216 0.020487 0.016916 0 0
1-1-0-6-4-7-0-6-4-7-0-4-3 60968 0.73238 0.572653 1e-06 0
1-1-0-6-4-7-0-6-4-7-0-6-4 3640 0.03052 0.016192 0 0
2-3-0-0-1-1-0-0-1-1-0-0-1 2501 0.010995 0.008827 1e-06 0
2-3-0-0-1-1-0-0-1-1-0-2-2 158938 0.107886 0.089437 1e-06 0
2-3-0-0-1-1-0-0-1-1-0-4-3 2652152 0.008582 0.006187 2e-06 0
2-3-0-0-1-1-0-0-1-1-0-6-4 182777 0.015806 0.012912 2e-06 0
2-3-0-0-1-1-0-2-2-3-0-0-1 3216 0.008671 0.006479 1e-06 0
2-3-0-0-1-1-0-2-2-3-0-2-2 158938 0.005687 0.003935 1e-06 0
2-3-0-0-1-1-0-2-2-3-0-4-3 3063204 0.031722 0.020223 1e-06 0
2-3-0-0-1-1-0-2-2-3-0-6-4 182910 0.046865 0.01637 1e-06 0
2-3-0-0-1-1-0-4-3-5-0-0-1 3216 0.012256 0.009802 1e-06 0
2-3-0-0-1-1-0-4-3-5-0-2-2 160926 0.04569 0.030055 1e-06 0
2-3-0-0-1-1-0-4-3-5-0-4-3 3024726 0.032171 0.030298 0 0
2-3-0-0-1-1-0-4-3-5-0-6-4 182887 0.026036 0.013261 0 0
2-3-0-0-1-1-0-6-4-7-0-0-1 3216 0.016017 0.013581 1e-06 0
2-3-0-0-1-1-0-6-4-7-0-2-2 161604 0.014239 0.011923 1e-06 0
2-3-0-0-1-1-0-6-4-7-0-4-3 3063638 0.019724 0.017354 1e-06 0
2-3-0-0-1-1-0-6-4-7-0-6-4 182910 0.015666 0.012919 1e-06 0
2-3-0-2-2-3-0-0-1-1-0-0-1 2501 0.005614 0.003941 1e-06 0
2-3-0-2-2-3-0-0-1-1-0-2-2 158938 0.008455 0.006086 0 0
2-3-0-2-2-3-0-0-1-1-0-4-3 2652152 0.003007 0.001576 0 0
2-3-0-2-2-3-0-0-1-1-0-6-4 182777 0.009995 0.007221 0 0
2-3-0-2-2-3-0-2-2-3-0-0-1 2501 0.002444 0.000757 1e-06 0
2-3-0-2-2-3-0-2-2-3-0-2-2 402 0.003837 0.001791 1e-06 0
2-3-0-2-2-3-0-2-2-3-0-4-3 58197 0.002269 0.00081 0 0
2-3-0-2-2-3-0-2-2-3-0-6-4 49523 0.015644 0.006229 0 0
2-3-0-2-2-3-0-4-3-5-0-0-1 3046 0.004073 0.001846 1e-06 0
2-3-0-2-2-3-0-4-3-5-0-2-2 104040 0.01831 0.007921 1e-06 0
2-3-0-2-2-3-0-4-3-5-0-4-3 2000819 0.009158 0.007189 1e-06 0
2-3-0-2-2-3-0-4-3-5-0-6-4 180031 0.012765 0.008577 0 0
2-3-0-2-2-3-0-6-4-7-0-0-1 3216 0.031293 0.012185 0 0
2-3-0-2-2-3-0-6-4-7-0-2-2 142912 0.013196 0.006364 0 0
2-3-0-2-2-3-0-6-4-7-0-4-3 2742607 0.020294 0.011274 0 0
2-3-0-2-2-3-0-6-4-7-0-6-4 182627 0.012864 0.010053 2e-06 0
2-3-0-4-3-5-0-0-1-1-0-0-1 3046 0.007197 0.004581 1e-06 0
2-3-0-4-3-5-0-0-1-1-0-2-2 160926 0.049947 0.044722 1e-06 0
2-3-0-4-3-5-0-0-1-1-0-4-3 2973549 0.005111 0.002707 2e-06 0
2-3-0-4-3-5-0-0-1-1-0-6-4 182870 0.013413 0.009519 1e-06 0
2-3-0-4-3-5-0-2-2-3-0-0-1 3216 0.010913 0.006898 1e-06 0
2-3-0-4-3-5-0-2-2-3-0-2-2 104040 0.014184 0.005399 1e-06 0
2-3-0-4-3-5-0-2-2-3-0-4-3 2963165 0.015409 0.005805 1e-06 0
2-3-0-4-3-5-0-2-2-3-0-6-4 182861 0.020354 0.009199 1e-06 0
2-3-0-4-3-5-0-4-3-5-0-0-1 3216 0.025754 0.019058 1e-06 0
2-3-0-4-3-5-0-4-3-5-0-2-2 160308 0.036952 0.02306 1e-06 0
2-3-0-4-3-5-0-4-3-5-0-4-3 2901292 0.034173 0.031512 0 0
2-3-0-4-3-5-0-4-3-5-0-6-4 182871 0.014638 0.010226 1e-06 0
2-3-0-4-3-5-0-6-4-7-0-0-1 3216 0.014772 0.011755 1e-06 0
2-3-0-4-3-5-0-6-4-7-0-2-2 161480 0.015056 0.011938 1e-06 0
2-3-0-4-3-5-0-6-4-7-0-4-3 3061380 0.020943 0.017747 1e-06 0
2-3-0-4-3-5-0-6-4-7-0-6-4 182908 0.015374 0.011873 0 0
2-3-0-6-4-7-0-0-1-1-0-0-1 3216 0.039815 0.037894 0 0
2-3-0-6-4-7-0-0-1-1-0-2-2 161604 0.011593 0.008896 1e-06 0
2-3-0-6-4-7-0-0-1-1-0-4-3 3063642 0.018821 0.016497 1e-06 0
2-3-0-6-4-7-0-0-1-1-0-6-4 182910 0.015206 0.012428 1e-06 0
2-3-0-6-4-7-0-2-2-3-0-0-1 3216 0.02699 0.025098 0 0
2-3-0-6-4-7-0-2-2-3-0-2-2 142912 0.010505 0.005555 0 0
2-3-0-6-4-7-0-2-2-3-0-4-3 3054372 0.032367 0.030081 1e-06 0
2-3-0-6-4-7-0-2-2-3-0-6-4 182909 0.013651 0.011077 1e-06 0
2-3-0-6-4-7-0-4-3-5-0-0-1 3216 0.036904 0.033992 1e-06 0
2-3-0-6-4-7-0-4-3-5-0-2-2 161480 0.890932 0.715358 0 0
2-3-0-6-4-7-0-4-3-5-0-4-3 2972666 0.069445 0.039104 1e-06 0
2-3-0-6-4-7-0-4-3-5-0-6-4 182910 0.016948 0.010694 1e-06 0
2-3-0-6-4-7-0-6-4-7-0-0-1 3216 0.048313 0.046002 1e-06 0
2-3-0-6-4-7-0-6-4-7-0-2-2 161604 0.050762 0.048225 1e-06 0
2-3-0-6-4-7-0-6-4-7-0-4-3 3063636 0.059388 0.056981 1e-06 0
2-3-0-6-4-7-0-6-4-7-0-6-4 182910 0.01472 0.010953 1e-06 0
3-5-0-0-1-1-0-0-1-1-0-0-1 12415 0.106743 0.097805 1e-06 0
3-5-0-0-1-1-0-0-1-1-0-2-2 2652152 0.016013 0.007478 0 0
3-5-0-0-1-1-0-0-1-1-0-4-3 21692253 0.138943 0.128954 1e-06 0
3-5-0-0-1-1-0-0-1-1-0-6-4 3441023 0.016794 0.011991 1e-06 0
3-5-0-0-1-1-0-2-2-3-0-0-1 60968 0.550641 0.388605 0 0
3-5-0-0-1-1-0-2-2-3-0-2-2 2652152 0.004613 0.002305 1e-06 0
3-5-0-0-1-1-0-2-2-3-0-4-3 57885025 1.14089 1.04424 1e-06 0
3-5-0-0-1-1-0-2-2-3-0-6-4 3467555 0.051544 0.015656 2e-06 0
3-5-0-0-1-1-0-4-3-5-0-0-1 60968 0.037896 0.009283 0 0
3-5-0-0-1-1-0-4-3-5-0-2-2 2973549 0.011357 0.006971 2e-06 0
3-5-0-0-1-1-0-4-3-5-0-4-3 54281919 0.101423 0.083529 1e-06 0
3-5-0-0-1-1-0-4-3-5-0-6-4 3461526 0.019776 0.015524 1e-06 0
3-5-0-0-1-1-0-6-4-7-0-0-1 60968 0.868615 0.687993 0 0
3-5-0-0-1-1-0-6-4-7-0-2-2 3063642 0.035115 0.01589 1e-06 0
3-5-0-0-1-1-0-6-4-7-0-4-3 58078938 1.39753 1.27255 1e-06 0
3-5-0-0-1-1-0-6-4-7-0-6-4 3467555 0.031603 0.018539 2e-06 0
3-5-0-2-2-3-0-0-1-1-0-0-1 60416 0.390582 0.336606 0 0
3-5-0-2-2-3-0-0-1-1-0-2-2 3063204 0.02505 0.010615 1e-06 0
3-5-0-2-2-3-0-0-1-1-0-4-3 57885025 0.081095 0.063481 1e-06 0
3-5-0-2-2-3-0-0-1-1-0-6-4 3467549 0.029442 0.010644 1e-06 0
3-5-0-2-2-3-0-2-2-3-0-0-1 60416 0.05021 0.01527 0 0
3-5-0-2-2-3-0-2-2-3-0-2-2 58197 0.003562 0.000879 1e-06 0
3-5-0-2-2-3-0-2-2-3-0-4-3 19843901 0.031181 0.019414 0 0
3-5-0-2-2-3-0-2-2-3-0-6-4 3124458 0.027626 0.009457 1e-06 0
3-5-0-2-2-3-0-4-3-5-0-0-1 60963 0.146146 0.123046 1e-06 0
3-5-0-2-2-3-0-4-3-5-0-2-2 2963165 0.01929 0.006749 1e-06 0
3-5-0-2-2-3-0-4-3-5-0-4-3 53813541 0.457011 0.44447 0 0
3-5-0-2-2-3-0-4-3-5-0-6-4 3463475 0.022219 0.012458 2e-06 0
3-5-0-2-2-3-0-6-4-7-0-0-1 60968 0.522984 0.496545 0 0
3-5-0-2-2-3-0-6-4-7-0-2-2 3054372 0.093785 0.013508 3e-06 0
3-5-0-2-2-3-0-6-4-7-0-4-3 57842363 1.15825 1.08718 1e-06 0
3-5-0-2-2-3-0-6-4-7-0-6-4 3467504 0.027591 0.013521 2e-06 0
3-5-0-4-3-5-0-0-1-1-0-0-1 55228 0.790718 0.775257 0 0
3-5-0-4-3-5-0-0-1-1-0-2-2 3024726 0.057086 0.029231 1e-06 0
3-5-0-4-3-5-0-0-1-1-0-4-3 54281919 0.114204 0.097934 0 0
3-5-0-4-3-5-0-0-1-1-0-6-4 3465007 0.02203 0.012408 2e-06 0
3-5-0-4-3-5-0-2-2-3-0-0-1 60877 0.12626 0.109596 1e-06 0
3-5-0-4-3-5-0-2-2-3-0-2-2 2000819 0.04242 0.012172 1e-06 0
3-5-0-4-3-5-0-2-2-3-0-4-3 53813541 0.413689 0.39549 1e-06 0
3-5-0-4-3-5-0-2-2-3-0-6-4 3418541 0.029472 0.011823 1e-06 0
3-5-0-4-3-5-0-4-3-5-0-0-1 58641 0.884829 0.859938 1e-06 0
3-5-0-4-3-5-0-4-3-5-0-2-2 2901292 0.043713 0.025525 1e-06 0
3-5-0-4-3-5-0-4-3-5-0-4-3 52582147 0.107892 0.096689 1e-06 0
3-5-0-4-3-5-0-4-3-5-0-6-4 3316743 0.019087 0.012216 1e-06 0
3-5-0-4-3-5-0-6-4-7-0-0-1 60964 0.653982 0.593362 1e-06 0
3-5-0-4-3-5-0-6-4-7-0-2-2 2972666 0.125405 0.026057 1e-06 0
3-5-0-4-3-5-0-6-4-7-0-4-3 56836191 1.34159 1.2475 1e-06 0
3-5-0-4-3-5-0-6-4-7-0-6-4 3465492 0.030909 0.014277 1e-06 0
3-5-0-6-4-7-0-0-1-1-0-0-1 60964 0.564418 0.438118 1e-06 0
3-5-0-6-4-7-0-0-1-1-0-2-2 3063638 0.058058 0.03701 1e-06 0
3-5-0-6-4-7-0-0-1-1-0-4-3 58078938 0.101635 0.093382 1e-06 0
3-5-0-6-4-7-0-0-1-1-0-6-4 3467555 0.019925 0.016629 2e-06 0
3-5-0-6-4-7-0-2-2-3-0-0-1 60968 0.365406 0.30248 0 0
3-5-0-6-4-7-0-2-2-3-0-2-2 2742607 0.020912 0.011499 1e-06 0
3-5-0-6-4-7-0-2-2-3-0-4-3 57842363 0.93253 0.85094 3e-06 0
3-5-0-6-4-7-0-2-2-3-0-6-4 3467514 0.030341 0.017839 2e-06 0
3-5-0-6-4-7-0-4-3-5-0-0-1 60968 0.030808 0.01169 1e-06 0
3-5-0-6-4-7-0-4-3-5-0-2-2 3061380 0.051514 0.020012 1e-06 0
3-5-0-6-4-7-0-4-3-5-0-4-3 56836191 0.140962 0.113958 1e-06 0
3-5-0-6-4-7-0-4-3-5-0-6-4 3467552 0.019404 0.014606 1e-06 0
3-5-0-6-4-7-0-6-4-7-0-0-1 60968 0.658107 0.464651 1e-06 0
3-5-0-6-4-7-0-6-4-7-0-2-2 3063636 0.068867 0.05661 0 0
3-5-0-6-4-7-0-6-4-7-0-4-3 58079519 1.15392 1.06995 1e-06 0
3-5-0-6-4-7-0-6-4-7-0-6-4 3467555 0.018796 0.015077 2e-06 0
4-7-0-0-1-1-0-0-1-1-0-0-1 3588 0.009262 0.006873 0 0
4-7-0-0-1-1-0-0-1-1-0-2-2 182777 0.00896 0.007088 1e-06 0
4-7-0-0-1-1-0-0-1-1-0-4-3 3441023 0.015527 0.012908 1e-06 0
4-7-0-0-1-1-0-0-1-1-0-6-4 207025 0.161586 0.15894 1e-06 0
4-7-0-0-1-1-0-2-2-3-0-0-1 3640 0.011343 0.008585 2e-06 0
4-7-0-0-1-1-0-2-2-3-0-2-2 182777 0.008962 0.006911 0 0
4-7-0-0-1-1-0-2-2-3-0-4-3 3467549 0.199882 0.18881 0 0
4-7-0-0-1-1-0-2-2-3-0-6-4 207025 0.15466 0.105631 1e-06 0
4-7-0-0-1-1-0-4-3-5-0-0-1 3640 0.02395 0.020401 1e-06 0
4-7-0-0-1-1-0-4-3-5-0-2-2 182870 0.059823 0.035999 1e-06 0
4-7-0-0-1-1-0-4-3-5-0-4-3 3465007 0.029336 0.025733 1e-06 0
4-7-0-0-1-1-0-4-3-5-0-6-4 207025 0.136041 0.133408 1e-06 0
4-7-0-0-1-1-0-6-4-7-0-0-1 3640 0.020089 0.01735 1e-06 0
4-7-0-0-1-1-0-6-4-7-0-2-2 182910 0.02041 0.017464 0 0
4-7-0-0-1-1-0-6-4-7-0-4-3 3467555 0.025691 0.022725 1e-06 0
4-7-0-0-1-1-0-6-4-7-0-6-4 207025 0.154501 0.151852 1e-06 0
4-7-0-2-2-3-0-0-1-1-0-0-1 3640 0.011881 0.009678 1e-06 0
4-7-0-2-2-3-0-0-1-1-0-2-2 182910 0.008177 0.006063 1e-06 0
4-7-0-2-2-3-0-0-1-1-0-4-3 3467555 0.013732 0.011669 1e-06 0
4-7-0-2-2-3-0-0-1-1-0-6-4 207025 0.01268 0.010492 0 0
4-7-0-2-2-3-0-2-2-3-0-0-1 3640 0.006716 0.004592 1e-06 0
4-7-0-2-2-3-0-2-2-3-0-2-2 49523 0.006553 0.004675 0 0
4-7-0-2-2-3-0-2-2-3-0-4-3 3124458 0.012727 0.010524 1e-06 0
4-7-0-2-2-3-0-2-2-3-0-6-4 206833 0.090391 0.082869 1e-06 0
4-7-0-2-2-3-0-4-3-5-0-0-1 3640 0.322419 0.261665 1e-06 0
4-7-0-2-2-3-0-4-3-5-0-2-2 182861 0.050387 0.031783 1e-06 0
4-7-0-2-2-3-0-4-3-5-0-4-3 3418541 0.313744 0.26305 0 0
4-7-0-2-2-3-0-4-3-5-0-6-4 207025 0.104694 0.093607 2e-06 0
4-7-0-2-2-3-0-6-4-7-0-0-1 3640 0.020669 0.015869 1e-06 0
4-7-0-2-2-3-0-6-4-7-0-2-2 182909 0.01732 0.01413 1e-06 0
4-7-0-2-2-3-0-6-4-7-0-4-3 3467514 0.0247 0.02219 1e-06 0
4-7-0-2-2-3-0-6-4-7-0-6-4 207025 0.111404 0.104881 0 0
4-7-0-4-3-5-0-0-1-1-0-0-1 3629 0.017018 0.013 1e-06 0
4-7-0-4-3-5-0-0-1-1-0-2-2 182887 0.022937 0.01215 1e-06 0
4-7-0-4-3-5-0-0-1-1-0-4-3 3461526 0.022446 0.017989 1e-06 0
4-7-0-4-3-5-0-0-1-1-0-6-4 207025 0.020528 0.017087 0 0
4-7-0-4-3-5-0-2-2-3-0-0-1 3640 0.011497 0.00766 1e-06 0
4-7-0-4-3-5-0-2-2-3-0-2-2 180031 0.01264 0.00798 0 0
4-7-0-4-3-5-0-2-2-3-0-4-3 3463475 0.197235 0.184477 0 0
4-7-0-4-3-5-0-2-2-3-0-6-4 207025 0.015135 0.010651 1e-06 0
4-7-0-4-3-5-0-4-3-5-0-0-1 3640 0.029512 0.025113 1e-06 0
4-7-0-4-3-5-0-4-3-5-0-2-2 182871 0.029444 0.02435 1e-06 0
4-7-0-4-3-5-0-4-3-5-0-4-3 3316743 0.037223 0.033586 1e-06 0
4-7-0-4-3-5-0-4-3-5-0-6-4 207025 0.017185 0.01306 1e-06 0
4-7-0-4-3-5-0-6-4-7-0-0-1 3640 0.016629 0.013508 0 0
4-7-0-4-3-5-0-6-4-7-0-2-2 182910 0.017936 0.01416 1e-06 0
4-7-0-4-3-5-0-6-4-7-0-4-3 3467552 0.024337 0.020786 1e-06 0
4-7-0-4-3-5-0-6-4-7-0-6-4 207025 0.016998 0.012866 1e-06 0
4-7-0-6-4-7-0-0-1-1-0-0-1 3640 0.116587 0.114285 1e-06 0
4-7-0-6-4-7-0-0-1-1-0-2-2 182910 0.119318 0.115124 1e-06 0
4-7-0-6-4-7-0-0-1-1-0-4-3 3467555 0.126979 0.124187 0 0
4-7-0-6-4-7-0-0-1-1-0-6-4 207025 0.016536 0.013554 0 0
4-7-0-6-4-7-0-2-2-3-0-0-1 3640 0.077429 0.075517 1e-06 0
4-7-0-6-4-7-0-2-2-3-0-2-2 182627 0.078993 0.076749 1e-06 0
4-7-0-6-4-7-0-2-2-3-0-4-3 3467504 0.087722 0.085366 1e-06 0
4-7-0-6-4-7-0-2-2-3-0-6-4 207025 0.015074 0.011812 0 0
4-7-0-6-4-7-0-4-3-5-0-0-1 3640 0.108629 0.105081 1e-06 0
4-7-0-6-4-7-0-4-3-5-0-2-2 182908 0.048511 0.043343 0 0
4-7-0-6-4-7-0-4-3-5-0-4-3 3465492 0.117248 0.113058 1e-06 0
4-7-0-6-4-7-0-4-3-5-0-6-4 207025 0.015098 0.010867 1e-06 0
4-7-0-6-4-7-0-6-4-7-0-0-1 3640 0.120207 0.118278 1e-06 0
4-7-0-6-4-7-0-6-4-7-0-2-2 182910 0.112805 0.110548 0 0
4-7-0-6-4-7-0-6-4-7-0-4-3 3467555 0.130451 0.127843 1e-06 0
4-7-0-6-4-7-0-6-4-7-0-6-4 207025 0.013685 0.010212 0 0
