0-0-1-1-0-0-1-1-0-0-1-1-0-0-1 34713 1.35469 1.31445 2e-06 0
0-0-1-1-0-0-1-1-0-0-1-1-0-2-2 11426723 0.082097 0.07135 1e-06 0
0-0-1-1-0-0-1-1-0-0-1-1-0-4-3 66667832 0.583366 0.555378 1e-06 0
0-0-1-1-0-0-1-1-0-0-1-1-0-6-4 15626706 0.076953 0.057789 1e-06 0
0-0-1-1-0-0-1-1-0-2-2-3-0-0-1 277704 2.24594 2.1929 1e-06 0
0-0-1-1-0-0-1-1-0-2-2-3-0-2-2 11426723 0.05661 0.031046 1e-06 0
0-0-1-1-0-0-1-1-0-2-2-3-0-4-3 262992233 4.99785 4.96321 2e-06 0
0-0-1-1-0-0-1-1-0-2-2-3-0-6-4 15794415 0.102304 0.045648 2e-06 0
0-0-1-1-0-0-1-1-0-4-3-5-0-0-1 277704 0.061127 0.018701 0 0
0-0-1-1-0-0-1-1-0-4-3-5-0-2-2 13373259 0.11811 0.047459 0 0
0-0-1-1-0-0-1-1-0-4-3-5-0-4-3 242448037 0.854043 0.797752 1e-06 0
0-0-1-1-0-0-1-1-0-4-3-5-0-6-4 15758734 0.082771 0.060207 1e-06 0
0-0-1-1-0-0-1-1-0-6-4-7-0-0-1 277704 4.01022 3.95014 1e-06 0
0-0-1-1-0-0-1-1-0-6-4-7-0-2-2 13954626 0.30882 0.258775 1e-06 0
0-0-1-1-0-0-1-1-0-6-4-7-0-4-3 264536355 7.55119 7.50038 3e-06 0
0-0-1-1-0-0-1-1-0-6-4-7-0-6-4 15794415 0.064476 0.055238 1e-06 0
0-0-1-1-0-2-2-3-0-0-1-1-0-0-1 277704 31.097 31.0663 3e-06 0
0-0-1-1-0-2-2-3-0-0-1-1-0-2-2 13954626 0.071155 0.062142 1e-06 0
0-0-1-1-0-2-2-3-0-0-1-1-0-4-3 264547773 7.34015 7.32901 1e-06 0
0-0-1-1-0-2-2-3-0-0-1-1-0-6-4 15794415 0.055932 0.044874 1e-06 0
0-0-1-1-0-2-2-3-0-2-2-3-0-0-1 277704 1.61587 1.58358 1e-06 0
0-0-1-1-0-2-2-3-0-2-2-3-0-2-2 11426723 0.026543 0.018207 1e-06 0
0-0-1-1-0-2-2-3-0-2-2-3-0-4-3 262992233 4.98147 4.95545 0 0
0-0-1-1-0-2-2-3-0-2-2-3-0-6-4 15794415 0.095342 0.040379 1e-06 0
0-0-1-1-0-2-2-3-0-4-3-5-0-0-1 277704 5.11675 5.0387 1e-06 0
0-0-1-1-0-2-2-3-0-4-3-5-0-2-2 13954626 0.158855 0.049345 1e-06 0
0-0-1-1-0-2-2-3-0-4-3-5-0-4-3 264272027 178.044 177.994 2e-06 0
0-0-1-1-0-2-2-3-0-4-3-5-0-6-4 15794415 0.106677 0.069014 1e-06 0
0-0-1-1-0-2-2-3-0-6-4-7-0-0-1 277704 4.03904 4.00314 1e-06 0
0-0-1-1-0-2-2-3-0-6-4-7-0-2-2 13954626 0.242147 0.21665 1e-06 0
0-0-1-1-0-2-2-3-0-6-4-7-0-4-3 264547773 6.77034 6.74171 1e-06 0
0-0-1-1-0-2-2-3-0-6-4-7-0-6-4 15794415 0.065297 0.053686 1e-06 0
0-0-1-1-0-4-3-5-0-0-1-1-0-0-1 277704 4.30016 4.25119 0 0
0-0-1-1-0-4-3-5-0-0-1-1-0-2-2 13954626 0.257975 0.237681 1e-06 0
0-0-1-1-0-4-3-5-0-0-1-1-0-4-3 264547773 3.4215 3.39564 1e-06 0
0-0-1-1-0-4-3-5-0-0-1-1-0-6-4 15794415 0.069985 0.056486 1e-06 0
0-0-1-1-0-4-3-5-0-2-2-3-0-0-1 277704 1.51655 1.47833 1e-06 0
0-0-1-1-0-4-3-5-0-2-2-3-0-2-2 13373259 0.052943 0.03776 3e-06 0
0-0-1-1-0-4-3-5-0-2-2-3-0-4-3 264534436 4.74254 4.71365 3e-06 0
0-0-1-1-0-4-3-5-0-2-2-3-0-6-4 15794415 0.071803 0.053703 1e-06 0
0-0-1-1-0-4-3-5-0-4-3-5-0-0-1 277704 0.912266 0.875747 1e-06 0
0-0-1-1-0-4-3-5-0-4-3-5-0-2-2 13954626 0.160468 0.138183 0 0
0-0-1-1-0-4-3-5-0-4-3-5-0-4-3 254851812 1.03843 1.00507 2e-06 0
0-0-1-1-0-4-3-5-0-4-3-5-0-6-4 15794415 0.089523 0.065331 1e-06 0
0-0-1-1-0-4-3-5-0-6-4-7-0-0-1 277704 3.73614 3.70356 0 0
0-0-1-1-0-4-3-5-0-6-4-7-0-2-2 13954626 0.348777 0.276409 1e-06 0
0-0-1-1-0-4-3-5-0-6-4-7-0-4-3 264547773 6.75155 6.7298 2e-06 0
0-0-1-1-0-4-3-5-0-6-4-7-0-6-4 15794415 0.079362 0.065174 2e-06 0
0-0-1-1-0-6-4-7-0-0-1-1-0-0-1 277704 48.5421 48.5117 1e-06 0
0-0-1-1-0-6-4-7-0-0-1-1-0-2-2 13954626 0.71554 0.703719 1e-06 0
0-0-1-1-0-6-4-7-0-0-1-1-0-4-3 264547773 9.70986 9.69943 1e-06 0
0-0-1-1-0-6-4-7-0-0-1-1-0-6-4 15794415 0.090072 0.080928 1e-06 0
0-0-1-1-0-6-4-7-0-2-2-3-0-0-1 277704 31.5413 31.5126 1e-06 0
0-0-1-1-0-6-4-7-0-2-2-3-0-2-2 13954626 0.298473 0.261138 1e-06 0
0-0-1-1-0-6-4-7-0-2-2-3-0-4-3 264547773 34.1962 34.1324 1e-06 0
0-0-1-1-0-6-4-7-0-2-2-3-0-6-4 15794415 0.092229 0.073946 2e-06 0
0-0-1-1-0-6-4-7-0-4-3-5-0-0-1 277704 0.13445 0.097264 3e-06 0
0-0-1-1-0-6-4-7-0-4-3-5-0-2-2 13954626 29.1097 29.0287 1e-06 0
0-0-1-1-0-6-4-7-0-4-3-5-0-4-3 264536355 9.85212 9.59335 2e-06 0
0-0-1-1-0-6-4-7-0-4-3-5-0-6-4 15794415 0.106794 0.06522 1e-06 0
0-0-1-1-0-6-4-7-0-6-4-7-0-0-1 277704 47.6886 47.659 0 0
0-0-1-1-0-6-4-7-0-6-4-7-0-2-2 13954626 0.649226 0.625445 1e-06 0
0-0-1-1-0-6-4-7-0-6-4-7-0-4-3 264547773 51.0826 51.0536 1e-06 0
0-0-1-1-0-6-4-7-0-6-4-7-0-6-4 15794415 0.076935 0.064964 1e-06 0
0-2-2-3-0-0-1-1-0-0-1-1-0-0-1 269979 1.34611 1.32953 2e-06 0
0-2-2-3-0-0-1-1-0-0-1-1-0-2-2 13942082 0.501551 0.489381 1e-06 0
0-2-2-3-0-0-1-1-0-0-1-1-0-4-3 261068775 0.136103 0.12947 3e-06 0
0-2-2-3-0-0-1-1-0-0-1-1-0-6-4 15794087 0.051834 0.041369 1e-06 0
0-2-2-3-0-0-1-1-0-2-2-3-0-0-1 277704 1.3983 1.38243 1e-06 0
0-2-2-3-0-0-1-1-0-2-2-3-0-2-2 13942082 0.035849 0.025348 1e-06 0
0-2-2-3-0-0-1-1-0-2-2-3-0-4-3 264546361 4.3176 4.3012 3e-06 0
0-2-2-3-0-0-1-1-0-2-2-3-0-6-4 15794415 0.079279 0.038728 1e-06 0
0-2-2-3-0-0-1-1-0-4-3-5-0-0-1 277704 0.059544 0.053409 4e-06 0
0-2-2-3-0-0-1-1-0-4-3-5-0-2-2 13950086 1.57505 1.56193 1e-06 0
0-2-2-3-0-0-1-1-0-4-3-5-0-4-3 264223483 0.29755 0.282386 2e-06 0
0-2-2-3-0-0-1-1-0-4-3-5-0-6-4 15794374 0.065229 0.051437 1e-06 0
0-2-2-3-0-0-1-1-0-6-4-7-0-0-1 277704 3.82912 3.79788 1e-06 0
0-2-2-3-0-0-1-1-0-6-4-7-0-2-2 13954626 0.320485 0.253087 1e-06 0
0-2-2-3-0-0-1-1-0-6-4-7-0-4-3 264547768 7.12156 7.0999 1e-06 0
0-2-2-3-0-0-1-1-0-6-4-7-0-6-4 15794415 0.06396 0.051877 3e-06 0
0-2-2-3-0-2-2-3-0-0-1-1-0-0-1 269979 1.414 1.39856 1e-06 0
0-2-2-3-0-2-2-3-0-0-1-1-0-2-2 13942082 0.043459 0.035865 1e-06 0
0-2-2-3-0-2-2-3-0-0-1-1-0-4-3 261068775 0.125262 0.116864 3e-06 0
0-2-2-3-0-2-2-3-0-0-1-1-0-6-4 15794087 0.057108 0.043059 1e-06 0
0-2-2-3-0-2-2-3-0-2-2-3-0-0-1 269979 0.104736 0.019461 1e-06 0
0-2-2-3-0-2-2-3-0-2-2-3-0-2-2 34713 0.016435 0.006875 1e-06 0
0-2-2-3-0-2-2-3-0-2-2-3-0-4-3 18178411 0.090524 0.08134 1e-06 0
0-2-2-3-0-2-2-3-0-2-2-3-0-6-4 10219172 0.042855 0.031071 1e-06 0
0-2-2-3-0-2-2-3-0-4-3-5-0-0-1 277212 0.133287 0.12129 1e-06 0
0-2-2-3-0-2-2-3-0-4-3-5-0-2-2 12401496 0.05926 0.044731 2e-06 0
0-2-2-3-0-2-2-3-0-4-3-5-0-4-3 223199128 2.15896 2.1436 3e-06 0
0-2-2-3-0-2-2-3-0-4-3-5-0-6-4 15752999 0.066007 0.04814 1e-06 0
0-2-2-3-0-2-2-3-0-6-4-7-0-0-1 277704 2.84903 2.82616 0 0
0-2-2-3-0-2-2-3-0-6-4-7-0-2-2 13689497 0.212642 0.169983 1e-06 0
0-2-2-3-0-2-2-3-0-6-4-7-0-4-3 258664239 5.9066 5.88055 3e-06 0
0-2-2-3-0-2-2-3-0-6-4-7-0-6-4 15792398 0.063997 0.05101 1e-06 0
0-2-2-3-0-4-3-5-0-0-1-1-0-0-1 277212 1.41721 1.39596 1e-06 0
0-2-2-3-0-4-3-5-0-0-1-1-0-2-2 13953539 0.262837 0.241053 1e-06 0
0-2-2-3-0-4-3-5-0-0-1-1-0-4-3 264335304 0.145732 0.137703 1e-06 0
0-2-2-3-0-4-3-5-0-0-1-1-0-6-4 15794372 0.073534 0.059263 2e-06 0
0-2-2-3-0-4-3-5-0-2-2-3-0-0-1 277704 1.46036 1.43655 1e-06 0
0-2-2-3-0-4-3-5-0-2-2-3-0-2-2 12401496 0.047524 0.034469 0 0
0-2-2-3-0-4-3-5-0-2-2-3-0-4-3 263938876 4.66995 4.60909 3e-06 0
0-2-2-3-0-4-3-5-0-2-2-3-0-6-4 15794338 0.065243 0.050377 1e-06 0
0-2-2-3-0-4-3-5-0-4-3-5-0-0-1 277704 0.116362 0.105584 3e-06 0
0-2-2-3-0-4-3-5-0-4-3-5-0-2-2 13942369 0.177143 0.140025 1e-06 0
0-2-2-3-0-4-3-5-0-4-3-5-0-4-3 252870735 0.291079 0.280206 1e-06 0
0-2-2-3-0-4-3-5-0-4-3-5-0-6-4 15794351 0.079748 0.061741 3e-06 0
0-2-2-3-0-4-3-5-0-6-4-7-0-0-1 277704 3.56189 3.53663 1e-06 0
0-2-2-3-0-4-3-5-0-6-4-7-0-2-2 13954500 0.265732 0.239416 0 0
0-2-2-3-0-4-3-5-0-6-4-7-0-4-3 264545259 6.90709 6.86024 1e-06 0
0-2-2-3-0-4-3-5-0-6-4-7-0-6-4 15794413 0.087809 0.072501 1e-06 0
0-2-2-3-0-6-4-7-0-0-1-1-0-0-1 277704 31.3682 31.3431 3e-06 0
0-2-2-3-0-6-4-7-0-0-1-1-0-2-2 13954626 0.427078 0.389224 1e-06 0
0-2-2-3-0-6-4-7-0-0-1-1-0-4-3 264547773 6.48222 6.47001 1e-06 0
0-2-2-3-0-6-4-7-0-0-1-1-0-6-4 15794415 0.089971 0.079893 1e-06 0
0-2-2-3-0-6-4-7-0-2-2-3-0-0-1 277704 21.528 21.4749 1e-06 0
0-2-2-3-0-6-4-7-0-2-2-3-0-2-2 13689497 0.19212 0.168954 1e-06 0
0-2-2-3-0-6-4-7-0-2-2-3-0-4-3 264526605 24.5956 24.5716 1e-06 0
0-2-2-3-0-6-4-7-0-2-2-3-0-6-4 15794414 0.109166 0.071587 0 0
0-2-2-3-0-6-4-7-0-4-3-5-0-0-1 277704 0.106662 0.082801 1e-06 0
0-2-2-3-0-6-4-7-0-4-3-5-0-2-2 13953921 25.5005 25.4593 1e-06 0
0-2-2-3-0-6-4-7-0-4-3-5-0-4-3 261395656 6.50701 6.33318 1e-06 0
0-2-2-3-0-6-4-7-0-4-3-5-0-6-4 15794415 0.080337 0.065091 2e-06 0
0-2-2-3-0-6-4-7-0-6-4-7-0-0-1 277704 31.2609 31.2179 1e-06 0
0-2-2-3-0-6-4-7-0-6-4-7-0-2-2 13954626 0.516062 0.493143 1e-06 0
0-2-2-3-0-6-4-7-0-6-4-7-0-4-3 264547767 34.6125 34.5873 1e-06 0
0-2-2-3-0-6-4-7-0-6-4-7-0-6-4 15794415 0.083428 0.070541 1e-06 0
0-4-3-5-0-0-1-1-0-0-1-1-0-0-1 125547 3.93493 3.88061 2e-06 0
0-4-3-5-0-0-1-1-0-0-1-1-0-2-2 13103489 0.283686 0.248034 1e-06 0
0-4-3-5-0-0-1-1-0-0-1-1-0-4-3 159103520 3.68612 3.66086 1e-06 0
0-4-3-5-0-0-1-1-0-0-1-1-0-6-4 15740985 0.079371 0.063624 1e-06 0
0-4-3-5-0-0-1-1-0-2-2-3-0-0-1 277704 1.71357 1.68505 1e-06 0
0-4-3-5-0-0-1-1-0-2-2-3-0-2-2 13103489 0.297065 0.265136 1e-06 0
0-4-3-5-0-0-1-1-0-2-2-3-0-4-3 264299335 5.04158 5.01128 1e-06 0
0-4-3-5-0-0-1-1-0-2-2-3-0-6-4 15794415 0.07169 0.053406 0 0
0-4-3-5-0-0-1-1-0-4-3-5-0-0-1 277704 4.72704 4.69342 1e-06 0
0-4-3-5-0-0-1-1-0-4-3-5-0-2-2 13749399 0.304752 0.263759 1e-06 0
0-4-3-5-0-0-1-1-0-4-3-5-0-4-3 254223236 0.491132 0.473136 1e-06 0
0-4-3-5-0-0-1-1-0-4-3-5-0-6-4 15784512 0.090444 0.06751 1e-06 0
0-4-3-5-0-0-1-1-0-6-4-7-0-0-1 277704 3.90322 3.8734 2e-06 0
0-4-3-5-0-0-1-1-0-6-4-7-0-2-2 13954626 0.331671 0.2967 1e-06 0
0-4-3-5-0-0-1-1-0-6-4-7-0-4-3 264545622 6.89327 6.87129 1e-06 0
0-4-3-5-0-0-1-1-0-6-4-7-0-6-4 15794415 0.101308 0.067712 2e-06 0
0-4-3-5-0-2-2-3-0-0-1-1-0-0-1 277597 6.61817 6.58676 0 0
0-4-3-5-0-2-2-3-0-0-1-1-0-2-2 13954538 0.347711 0.300874 1e-06 0
0-4-3-5-0-2-2-3-0-0-1-1-0-4-3 264505054 1.22542 1.21319 1e-06 0
0-4-3-5-0-2-2-3-0-0-1-1-0-6-4 15794415 0.06645 0.053447 0 0
0-4-3-5-0-2-2-3-0-2-2-3-0-0-1 277597 0.544853 0.527601 1e-06 0
0-4-3-5-0-2-2-3-0-2-2-3-0-2-2 1807215 0.035126 0.02445 1e-06 0
0-4-3-5-0-2-2-3-0-2-2-3-0-4-3 186718068 1.93325 1.91309 1e-06 0
0-4-3-5-0-2-2-3-0-2-2-3-0-6-4 15662521 0.074578 0.047054 1e-06 0
0-4-3-5-0-2-2-3-0-4-3-5-0-0-1 277704 2.22661 2.19398 2e-06 0
0-4-3-5-0-2-2-3-0-4-3-5-0-2-2 13920727 0.2863 0.258336 1e-06 0
0-4-3-5-0-2-2-3-0-4-3-5-0-4-3 256552028 68.4503 68.4023 1e-06 0
0-4-3-5-0-2-2-3-0-4-3-5-0-6-4 15793767 0.100364 0.078376 1e-06 0
0-4-3-5-0-2-2-3-0-6-4-7-0-0-1 277704 4.00343 3.96034 1e-06 0
0-4-3-5-0-2-2-3-0-6-4-7-0-2-2 13952209 0.267968 0.252111 1e-06 0
0-4-3-5-0-2-2-3-0-6-4-7-0-4-3 264488100 6.70776 6.65434 1e-06 0
0-4-3-5-0-2-2-3-0-6-4-7-0-6-4 15794397 0.099814 0.063182 0 0
0-4-3-5-0-4-3-5-0-0-1-1-0-0-1 273654 15.6555 15.5949 1e-06 0
0-4-3-5-0-4-3-5-0-0-1-1-0-2-2 13920168 0.597059 0.502523 1e-06 0
0-4-3-5-0-4-3-5-0-0-1-1-0-4-3 261568906 0.528475 0.507354 0 0
0-4-3-5-0-4-3-5-0-0-1-1-0-6-4 15792180 0.087182 0.068606 1e-06 0
0-4-3-5-0-4-3-5-0-2-2-3-0-0-1 277611 1.5246 1.49184 1e-06 0
0-4-3-5-0-4-3-5-0-2-2-3-0-2-2 12620533 0.176633 0.129958 1e-06 0
0-4-3-5-0-4-3-5-0-2-2-3-0-4-3 260987845 4.71332 4.67881 1e-06 0
0-4-3-5-0-4-3-5-0-2-2-3-0-6-4 15743848 0.124059 0.065442 1e-06 0
0-4-3-5-0-4-3-5-0-4-3-5-0-0-1 274950 4.58662 4.56913 1e-06 0
0-4-3-5-0-4-3-5-0-4-3-5-0-2-2 13780903 0.373255 0.352803 1e-06 0
0-4-3-5-0-4-3-5-0-4-3-5-0-4-3 249802666 0.67055 0.643696 0 0
0-4-3-5-0-4-3-5-0-4-3-5-0-6-4 15614461 0.09752 0.075808 1e-06 0
0-4-3-5-0-4-3-5-0-6-4-7-0-0-1 277700 3.73343 3.69076 0 0
0-4-3-5-0-4-3-5-0-6-4-7-0-2-2 13850279 0.306714 0.287319 2e-06 0
0-4-3-5-0-4-3-5-0-6-4-7-0-4-3 263135171 7.15325 7.10697 1e-06 0
0-4-3-5-0-4-3-5-0-6-4-7-0-6-4 15792097 0.097113 0.08014 1e-06 0
0-4-3-5-0-6-4-7-0-0-1-1-0-0-1 277700 40.0262 39.9871 1e-06 0
0-4-3-5-0-6-4-7-0-0-1-1-0-2-2 13954622 0.543566 0.527923 2e-06 0
0-4-3-5-0-6-4-7-0-0-1-1-0-4-3 264547070 8.78058 8.76425 1e-06 0
0-4-3-5-0-6-4-7-0-0-1-1-0-6-4 15794415 0.110329 0.097903 1e-06 0
0-4-3-5-0-6-4-7-0-2-2-3-0-0-1 277704 26.7945 26.7579 1e-06 0
0-4-3-5-0-6-4-7-0-2-2-3-0-2-2 13721768 0.254953 0.234263 3e-06 0
0-4-3-5-0-6-4-7-0-2-2-3-0-4-3 264348044 29.5444 29.5199 1e-06 0
0-4-3-5-0-6-4-7-0-2-2-3-0-6-4 15794371 0.132969 0.092722 1e-06 0
0-4-3-5-0-6-4-7-0-4-3-5-0-0-1 277704 0.174487 0.103244 1e-06 0
0-4-3-5-0-6-4-7-0-4-3-5-0-2-2 13953164 28.3686 28.3278 1e-06 0
0-4-3-5-0-6-4-7-0-4-3-5-0-4-3 263215652 8.45271 8.26087 1e-06 0
0-4-3-5-0-6-4-7-0-4-3-5-0-6-4 15794412 0.0964 0.0804 1e-06 0
0-4-3-5-0-6-4-7-0-6-4-7-0-0-1 277704 39.9981 39.9648 0 0
0-4-3-5-0-6-4-7-0-6-4-7-0-2-2 13954620 0.621191 0.601569 1e-06 0
0-4-3-5-0-6-4-7-0-6-4-7-0-4-3 264547650 43.0873 43.0597 1e-06 0
0-4-3-5-0-6-4-7-0-6-4-7-0-6-4 15794415 0.101313 0.076178 1e-06 0
0-6-4-7-0-0-1-1-0-0-1-1-0-0-1 277619 1.73167 1.70409 1e-06 0
0-6-4-7-0-0-1-1-0-0-1-1-0-2-2 13954551 0.063142 0.057181 1e-06 0
0-6-4-7-0-0-1-1-0-0-1-1-0-4-3 264520476 0.289198 0.282928 1e-06 0
0-6-4-7-0-0-1-1-0-0-1-1-0-6-4 15794415 0.864273 0.852789 1e-06 0
0-6-4-7-0-0-1-1-0-2-2-3-0-0-1 277704 1.81462 1.79362 0 0
0-6-4-7-0-0-1-1-0-2-2-3-0-2-2 13954551 0.061084 0.05463 1e-06 0
0-6-4-7-0-0-1-1-0-2-2-3-0-4-3 264547769 5.15212 5.12975 0 0
0-6-4-7-0-0-1-1-0-2-2-3-0-6-4 15794415 0.631796 0.599407 1e-06 0
0-6-4-7-0-0-1-1-0-4-3-5-0-0-1 277704 0.126386 0.119218 1e-06 0
0-6-4-7-0-0-1-1-0-4-3-5-0-2-2 13954585 2.03376 1.99028 1e-06 0
0-6-4-7-0-0-1-1-0-4-3-5-0-4-3 264544959 0.389003 0.378772 1e-06 0
0-6-4-7-0-0-1-1-0-4-3-5-0-6-4 15794415 0.75403 0.741476 1e-06 0
0-6-4-7-0-0-1-1-0-6-4-7-0-0-1 277704 1.89282 1.87472 1e-06 0
0-6-4-7-0-0-1-1-0-6-4-7-0-2-2 13954626 0.151448 0.129645 1e-06 0
0-6-4-7-0-0-1-1-0-6-4-7-0-4-3 264547773 5.00505 4.98599 1e-06 0
0-6-4-7-0-0-1-1-0-6-4-7-0-6-4 15794415 0.864195 0.854808 1e-06 0
0-6-4-7-0-2-2-3-0-0-1-1-0-0-1 277704 1.83677 1.81841 0 0
0-6-4-7-0-2-2-3-0-0-1-1-0-2-2 13954626 0.090534 0.05478 0 0
0-6-4-7-0-2-2-3-0-0-1-1-0-4-3 264547773 0.271272 0.263061 1e-06 0
0-6-4-7-0-2-2-3-0-0-1-1-0-6-4 15794415 0.081163 0.075041 1e-06 0
0-6-4-7-0-2-2-3-0-2-2-3-0-0-1 277704 1.38792 1.37232 1e-06 0
0-6-4-7-0-2-2-3-0-2-2-3-0-2-2 6345795 0.050937 0.034556 1e-06 0
0-6-4-7-0-2-2-3-0-2-2-3-0-4-3 254483838 4.10726 4.08938 1e-06 0
0-6-4-7-0-2-2-3-0-2-2-3-0-6-4 15792946 0.53046 0.470062 2e-06 0
0-6-4-7-0-2-2-3-0-4-3-5-0-0-1 277704 1.39704 1.37126 1e-06 0
0-6-4-7-0-2-2-3-0-4-3-5-0-2-2 13954585 0.170357 0.158322 1e-06 0
0-6-4-7-0-2-2-3-0-4-3-5-0-4-3 262665496 155.958 155.926 1e-06 0
0-6-4-7-0-2-2-3-0-4-3-5-0-6-4 15794415 0.598329 0.583656 0 0
0-6-4-7-0-2-2-3-0-6-4-7-0-0-1 277704 1.98672 1.96294 1e-06 0
0-6-4-7-0-2-2-3-0-6-4-7-0-2-2 13954626 0.129424 0.107121 1e-06 0
0-6-4-7-0-2-2-3-0-6-4-7-0-4-3 264547773 4.96978 4.9515 1e-06 0
0-6-4-7-0-2-2-3-0-6-4-7-0-6-4 15794415 0.669146 0.651097 1e-06 0
0-6-4-7-0-4-3-5-0-0-1-1-0-0-1 277701 1.78418 1.76071 1e-06 0
0-6-4-7-0-4-3-5-0-0-1-1-0-2-2 13954618 0.123734 0.086345 1e-06 0
0-6-4-7-0-4-3-5-0-0-1-1-0-4-3 264546039 0.347589 0.321388 1e-06 0
0-6-4-7-0-4-3-5-0-0-1-1-0-6-4 15794415 0.148052 0.123073 1e-06 0
0-6-4-7-0-4-3-5-0-2-2-3-0-0-1 277704 1.87583 1.84155 1e-06 0
0-6-4-7-0-4-3-5-0-2-2-3-0-2-2 13891951 0.0939 0.073377 1e-06 0
0-6-4-7-0-4-3-5-0-2-2-3-0-4-3 264545893 5.06407 5.03973 2e-06 0
0-6-4-7-0-4-3-5-0-2-2-3-0-6-4 15794415 0.092396 0.064031 1e-06 0
0-6-4-7-0-4-3-5-0-4-3-5-0-0-1 277704 0.171903 0.154389 2e-06 0
0-6-4-7-0-4-3-5-0-4-3-5-0-2-2 13954598 17.1782 17.1467 1e-06 0
0-6-4-7-0-4-3-5-0-4-3-5-0-4-3 253260419 0.466158 0.45001 1e-06 0
0-6-4-7-0-4-3-5-0-4-3-5-0-6-4 15794415 0.107105 0.087313 1e-06 0
0-6-4-7-0-4-3-5-0-6-4-7-0-0-1 277704 2.06309 2.03685 1e-06 0
0-6-4-7-0-4-3-5-0-6-4-7-0-2-2 13954626 0.155658 0.139248 1e-06 0
0-6-4-7-0-4-3-5-0-6-4-7-0-4-3 264547770 5.27761 5.2473 1e-06 0
0-6-4-7-0-4-3-5-0-6-4-7-0-6-4 15794415 0.103926 0.07589 1e-06 0
0-6-4-7-0-6-4-7-0-0-1-1-0-0-1 277704 2.33481 2.31572 2e-06 0
0-6-4-7-0-6-4-7-0-0-1-1-0-2-2 13954626 0.682346 0.676173 1e-06 0
0-6-4-7-0-6-4-7-0-0-1-1-0-4-3 264547773 0.896362 0.89069 1e-06 0
0-6-4-7-0-6-4-7-0-0-1-1-0-6-4 15794415 0.100597 0.091104 2e-06 0
0-6-4-7-0-6-4-7-0-2-2-3-0-0-1 277704 2.25083 2.22471 0 0
0-6-4-7-0-6-4-7-0-2-2-3-0-2-2 13954431 0.499734 0.485223 1e-06 0
0-6-4-7-0-6-4-7-0-2-2-3-0-4-3 264547772 5.34914 5.33065 1e-06 0
0-6-4-7-0-6-4-7-0-2-2-3-0-6-4 15794415 0.098067 0.082978 2e-06 0
0-6-4-7-0-6-4-7-0-4-3-5-0-0-1 277704 0.603122 0.593502 1e-06 0
0-6-4-7-0-6-4-7-0-4-3-5-0-2-2 13954626 27.1202 27.0699 1e-06 0
0-6-4-7-0-6-4-7-0-4-3-5-0-4-3 264542880 1.06408 0.872197 1e-06 0
0-6-4-7-0-6-4-7-0-4-3-5-0-6-4 15794415 0.087899 0.074676 1e-06 0
0-6-4-7-0-6-4-7-0-6-4-7-0-0-1 277704 2.51132 2.48718 1e-06 0
0-6-4-7-0-6-4-7-0-6-4-7-0-2-2 13954626 0.717941 0.712141 1e-06 0
0-6-4-7-0-6-4-7-0-6-4-7-0-4-3 264547773 5.56771 5.55415 1e-06 0
0-6-4-7-0-6-4-7-0-6-4-7-0-6-4 15794415 0.090361 0.077053 2e-06 0
1-1-0-0-1-1-0-0-1-1-0-0-1-1-0 34713 0.605399 0.581248 3e-06 0
1-1-0-0-1-1-0-0-1-1-0-2-2-3-0 269979 0.975667 0.951397 0 0
1-1-0-0-1-1-0-0-1-1-0-4-3-5-0 125547 1.22473 1.08734 1e-06 0
1-1-0-0-1-1-0-0-1-1-0-6-4-7-0 277619 3.258 3.21145 1e-06 0
1-1-0-0-1-1-0-2-2-3-0-0-1-1-0 277704 29.7333 29.6939 3e-06 0
1-1-0-0-1-1-0-2-2-3-0-2-2-3-0 269979 0.858897 0.835074 2e-06 0
1-1-0-0-1-1-0-2-2-3-0-4-3-5-0 277597 8.43614 8.38256 3e-06 0
1-1-0-0-1-1-0-2-2-3-0-6-4-7-0 277704 3.27382 3.18171 1e-06 0
1-1-0-0-1-1-0-4-3-5-0-0-1-1-0 277704 4.19663 4.1217 2e-06 0
1-1-0-0-1-1-0-4-3-5-0-2-2-3-0 277212 1.02714 0.962691 1e-06 0
1-1-0-0-1-1-0-4-3-5-0-4-3-5-0 273654 2.09403 1.97091 2e-06 0
1-1-0-0-1-1-0-4-3-5-0-6-4-7-0 277701 3.31171 3.23573 1e-06 0
1-1-0-0-1-1-0-6-4-7-0-0-1-1-0 277704 46.8935 46.8193 3e-06 0
1-1-0-0-1-1-0-6-4-7-0-2-2-3-0 277704 30.0237 29.9791 1e-06 0
1-1-0-0-1-1-0-6-4-7-0-4-3-5-0 277700 28.0556 27.9596 2e-06 0
1-1-0-0-1-1-0-6-4-7-0-6-4-7-0 277704 46.3473 46.3242 1e-06 0
1-1-0-2-2-3-0-0-1-1-0-0-1-1-0 277704 0.791044 0.777954 1e-06 0
1-1-0-2-2-3-0-0-1-1-0-2-2-3-0 277704 0.813243 0.802144 1e-06 0
1-1-0-2-2-3-0-0-1-1-0-4-3-5-0 277704 0.833842 0.821982 3e-06 0
1-1-0-2-2-3-0-0-1-1-0-6-4-7-0 277704 2.91888 2.8981 1e-06 0
1-1-0-2-2-3-0-2-2-3-0-0-1-1-0 277704 0.78088 0.768744 1e-06 0
1-1-0-2-2-3-0-2-2-3-0-2-2-3-0 269979 0.154308 0.015023 1e-06 0
1-1-0-2-2-3-0-2-2-3-0-4-3-5-0 277597 1.323 1.26994 1e-06 0
1-1-0-2-2-3-0-2-2-3-0-6-4-7-0 277704 2.49261 2.4675 3e-06 0
1-1-0-2-2-3-0-4-3-5-0-0-1-1-0 277704 0.884058 0.850087 1e-06 0
1-1-0-2-2-3-0-4-3-5-0-2-2-3-0 277704 1.11507 0.980723 1e-06 0
1-1-0-2-2-3-0-4-3-5-0-4-3-5-0 277611 0.945725 0.911332 1e-06 0
1-1-0-2-2-3-0-4-3-5-0-6-4-7-0 277704 2.95827 2.92326 0 0
1-1-0-2-2-3-0-6-4-7-0-0-1-1-0 277704 30.6287 30.6056 2e-06 0
1-1-0-2-2-3-0-6-4-7-0-2-2-3-0 277704 20.8212 20.797 1e-06 0
1-1-0-2-2-3-0-6-4-7-0-4-3-5-0 277704 25.5502 25.4302 1e-06 0
1-1-0-2-2-3-0-6-4-7-0-6-4-7-0 277704 30.7642 30.6516 2e-06 0
1-1-0-4-3-5-0-0-1-1-0-0-1-1-0 277704 3.66915 3.60761 1e-06 0
1-1-0-4-3-5-0-0-1-1-0-2-2-3-0 277704 1.18607 1.10176 2e-06 0
1-1-0-4-3-5-0-0-1-1-0-4-3-5-0 277704 9.63814 9.56755 3e-06 0
1-1-0-4-3-5-0-0-1-1-0-6-4-7-0 277704 3.24918 3.13292 3e-06 0
1-1-0-4-3-5-0-2-2-3-0-0-1-1-0 277704 6.08273 5.99419 3e-06 0
1-1-0-4-3-5-0-2-2-3-0-2-2-3-0 277212 0.389424 0.369622 1e-06 0
1-1-0-4-3-5-0-2-2-3-0-4-3-5-0 277704 5.64292 5.58576 1e-06 0
1-1-0-4-3-5-0-2-2-3-0-6-4-7-0 277704 3.14604 3.09899 2e-06 0
1-1-0-4-3-5-0-4-3-5-0-0-1-1-0 277704 14.8132 14.6236 1e-06 0
1-1-0-4-3-5-0-4-3-5-0-2-2-3-0 277704 1.08612 0.998969 1e-06 0
1-1-0-4-3-5-0-4-3-5-0-4-3-5-0 274950 11.833 11.758 2e-06 0
1-1-0-4-3-5-0-4-3-5-0-6-4-7-0 277704 3.38367 3.25561 1e-06 0
1-1-0-4-3-5-0-6-4-7-0-0-1-1-0 277704 39.5597 39.5263 1e-06 0
1-1-0-4-3-5-0-6-4-7-0-2-2-3-0 277704 25.8887 25.8616 0 0
1-1-0-4-3-5-0-6-4-7-0-4-3-5-0 277704 27.7842 27.737 1e-06 0
1-1-0-4-3-5-0-6-4-7-0-6-4-7-0 277704 39.3027 39.1891 1e-06 0
1-1-0-6-4-7-0-0-1-1-0-0-1-1-0 277704 1.28569 1.2526 1e-06 0
1-1-0-6-4-7-0-0-1-1-0-2-2-3-0 277704 1.20938 1.19451 1e-06 0
1-1-0-6-4-7-0-0-1-1-0-4-3-5-0 277704 1.28785 1.27012 3e-06 0
1-1-0-6-4-7-0-0-1-1-0-6-4-7-0 277704 1.27002 1.25731 1e-06 0
1-1-0-6-4-7-0-2-2-3-0-0-1-1-0 277704 1.19507 1.1819 1e-06 0
1-1-0-6-4-7-0-2-2-3-0-2-2-3-0 277704 0.953069 0.917984 1e-06 0
1-1-0-6-4-7-0-2-2-3-0-4-3-5-0 277704 7.914 7.85956 1e-06 0
1-1-0-6-4-7-0-2-2-3-0-6-4-7-0 277704 1.28218 1.26181 0 0
1-1-0-6-4-7-0-4-3-5-0-0-1-1-0 277704 1.37073 1.24527 1e-06 0
1-1-0-6-4-7-0-4-3-5-0-2-2-3-0 277704 1.23968 1.2062 3e-06 0
1-1-0-6-4-7-0-4-3-5-0-4-3-5-0 277700 1.32997 1.30644 1e-06 0
1-1-0-6-4-7-0-4-3-5-0-6-4-7-0 277704 1.29743 1.25855 0 0
1-1-0-6-4-7-0-6-4-7-0-0-1-1-0 277704 1.87284 1.83967 0 0
1-1-0-6-4-7-0-6-4-7-0-2-2-3-0 277704 1.73197 1.71303 2e-06 0
1-1-0-6-4-7-0-6-4-7-0-4-3-5-0 277704 26.6008 26.5306 1e-06 0
1-1-0-6-4-7-0-6-4-7-0-6-4-7-0 277704 1.90616 1.88477 0 0
2-3-0-0-1-1-0-0-1-1-0-0-1-1-0 11426723 0.035123 0.031316 1e-06 0
2-3-0-0-1-1-0-0-1-1-0-2-2-3-0 13942082 0.447128 0.4381 1e-06 0
2-3-0-0-1-1-0-0-1-1-0-4-3-5-0 13103489 0.066997 0.062775 1e-06 0
2-3-0-0-1-1-0-0-1-1-0-6-4-7-0 13954551 0.073178 0.062516 1e-06 0
2-3-0-0-1-1-0-2-2-3-0-0-1-1-0 13954626 0.443888 0.440037 1e-06 0
2-3-0-0-1-1-0-2-2-3-0-2-2-3-0 13942082 0.027893 0.023174 3e-06 0
2-3-0-0-1-1-0-2-2-3-0-4-3-5-0 13954538 0.242832 0.126219 0 0
2-3-0-0-1-1-0-2-2-3-0-6-4-7-0 13954626 0.192726 0.059454 0 0
2-3-0-0-1-1-0-4-3-5-0-0-1-1-0 13954626 0.060921 0.057153 1e-06 0
2-3-0-0-1-1-0-4-3-5-0-2-2-3-0 13953539 0.833586 0.817974 1e-06 0
2-3-0-0-1-1-0-4-3-5-0-4-3-5-0 13920168 0.388894 0.348548 2e-06 0
2-3-0-0-1-1-0-4-3-5-0-6-4-7-0 13954618 0.086202 0.074804 0 0
2-3-0-0-1-1-0-6-4-7-0-0-1-1-0 13954626 0.634978 0.626337 1e-06 0
2-3-0-0-1-1-0-6-4-7-0-2-2-3-0 13954626 0.407883 0.399097 1e-06 0
2-3-0-0-1-1-0-6-4-7-0-4-3-5-0 13954622 0.571291 0.559044 1e-06 0
2-3-0-0-1-1-0-6-4-7-0-6-4-7-0 13954626 0.668175 0.657905 1e-06 0
2-3-0-2-2-3-0-0-1-1-0-0-1-1-0 11426723 0.029816 0.023492 1e-06 0
2-3-0-2-2-3-0-0-1-1-0-2-2-3-0 13942082 0.030399 0.026731 1e-06 0
2-3-0-2-2-3-0-0-1-1-0-4-3-5-0 13103489 0.046955 0.043428 1e-06 0
2-3-0-2-2-3-0-0-1-1-0-6-4-7-0 13954551 0.070123 0.06062 0 0
2-3-0-2-2-3-0-2-2-3-0-0-1-1-0 11426723 0.017284 0.014673 1e-06 0
2-3-0-2-2-3-0-2-2-3-0-2-2-3-0 34713 0.003885 0.001134 1e-06 0
2-3-0-2-2-3-0-2-2-3-0-4-3-5-0 1807215 0.008522 0.005122 0 0
2-3-0-2-2-3-0-2-2-3-0-6-4-7-0 6345795 0.042961 0.032932 0 0
2-3-0-2-2-3-0-4-3-5-0-0-1-1-0 13373259 0.018937 0.012866 1e-06 0
2-3-0-2-2-3-0-4-3-5-0-2-2-3-0 12401496 0.047238 0.036816 1e-06 0
2-3-0-2-2-3-0-4-3-5-0-4-3-5-0 12620533 0.106963 0.096639 1e-06 0
2-3-0-2-2-3-0-4-3-5-0-6-4-7-0 13891951 0.099205 0.081229 1e-06 0
2-3-0-2-2-3-0-6-4-7-0-0-1-1-0 13954626 0.223806 0.215701 1e-06 0
2-3-0-2-2-3-0-6-4-7-0-2-2-3-0 13689497 0.154048 0.144211 1e-06 0
2-3-0-2-2-3-0-6-4-7-0-4-3-5-0 13721768 0.216453 0.20419 1e-06 0
2-3-0-2-2-3-0-6-4-7-0-6-4-7-0 13954431 0.223864 0.216049 1e-06 0
2-3-0-4-3-5-0-0-1-1-0-0-1-1-0 13373259 0.033118 0.027275 1e-06 0
2-3-0-4-3-5-0-0-1-1-0-2-2-3-0 13950086 0.2539 0.236835 0 0
2-3-0-4-3-5-0-0-1-1-0-4-3-5-0 13749399 0.058468 0.051909 1e-06 0
2-3-0-4-3-5-0-0-1-1-0-6-4-7-0 13954585 0.086662 0.074599 1e-06 0
2-3-0-4-3-5-0-2-2-3-0-0-1-1-0 13954626 0.306848 0.298892 1e-06 0
2-3-0-4-3-5-0-2-2-3-0-2-2-3-0 12401496 0.039978 0.030229 1e-06 0
2-3-0-4-3-5-0-2-2-3-0-4-3-5-0 13920727 0.082384 0.071919 0 0
2-3-0-4-3-5-0-2-2-3-0-6-4-7-0 13954585 0.084578 0.070364 1e-06 0
2-3-0-4-3-5-0-4-3-5-0-0-1-1-0 13954626 0.116072 0.106218 1e-06 0
2-3-0-4-3-5-0-4-3-5-0-2-2-3-0 13942369 0.148452 0.130598 1e-06 0
2-3-0-4-3-5-0-4-3-5-0-4-3-5-0 13780903 0.401055 0.3857 1e-06 0
2-3-0-4-3-5-0-4-3-5-0-6-4-7-0 13954598 0.10075 0.084615 1e-06 0
2-3-0-4-3-5-0-6-4-7-0-0-1-1-0 13954626 0.615426 0.602567 0 0
2-3-0-4-3-5-0-6-4-7-0-2-2-3-0 13953921 0.40751 0.397718 1e-06 0
2-3-0-4-3-5-0-6-4-7-0-4-3-5-0 13953164 0.562996 0.547782 2e-06 0
2-3-0-4-3-5-0-6-4-7-0-6-4-7-0 13954626 0.649505 0.638134 1e-06 0
2-3-0-6-4-7-0-0-1-1-0-0-1-1-0 13954626 0.185034 0.176075 3e-06 0
2-3-0-6-4-7-0-0-1-1-0-2-2-3-0 13954626 0.178663 0.174542 0 0
2-3-0-6-4-7-0-0-1-1-0-4-3-5-0 13954626 0.261432 0.256275 1e-06 0
2-3-0-6-4-7-0-0-1-1-0-6-4-7-0 13954626 0.237889 0.233683 1e-06 0
2-3-0-6-4-7-0-2-2-3-0-0-1-1-0 13954626 0.17275 0.168669 1e-06 0
2-3-0-6-4-7-0-2-2-3-0-2-2-3-0 13689497 0.129448 0.12496 1e-06 0
2-3-0-6-4-7-0-2-2-3-0-4-3-5-0 13952209 1.55527 1.5377 1e-06 0
2-3-0-6-4-7-0-2-2-3-0-6-4-7-0 13954626 0.228372 0.223039 1e-06 0
2-3-0-6-4-7-0-4-3-5-0-0-1-1-0 13954626 0.215037 0.207035 1e-06 0
2-3-0-6-4-7-0-4-3-5-0-2-2-3-0 13954500 0.199531 0.189111 0 0
2-3-0-6-4-7-0-4-3-5-0-4-3-5-0 13850279 0.309105 0.299601 1e-06 0
2-3-0-6-4-7-0-4-3-5-0-6-4-7-0 13954626 0.243774 0.233123 1e-06 0
2-3-0-6-4-7-0-6-4-7-0-0-1-1-0 13954626 0.821349 0.815591 0 0
2-3-0-6-4-7-0-6-4-7-0-2-2-3-0 13954626 0.572285 0.568175 0 0
2-3-0-6-4-7-0-6-4-7-0-4-3-5-0 13954620 0.731075 0.722954 1e-06 0
2-3-0-6-4-7-0-6-4-7-0-6-4-7-0 13954626 0.822303 0.817924 1e-06 0
3-5-0-0-1-1-0-0-1-1-0-0-1-1-0 66667832 0.384234 0.370728 1e-06 0
3-5-0-0-1-1-0-0-1-1-0-2-2-3-0 261068775 0.139296 0.13201 1e-06 0
3-5-0-0-1-1-0-0-1-1-0-4-3-5-0 159103520 0.580217 0.564298 1e-06 0
3-5-0-0-1-1-0-0-1-1-0-6-4-7-0 264520476 0.622534 0.609536 1e-06 0
3-5-0-0-1-1-0-2-2-3-0-0-1-1-0 264547773 6.72036 6.71467 1e-06 0
3-5-0-0-1-1-0-2-2-3-0-2-2-3-0 261068775 0.127011 0.121199 3e-06 0
3-5-0-0-1-1-0-2-2-3-0-4-3-5-0 264505054 5.65669 5.56421 1e-06 0
3-5-0-0-1-1-0-2-2-3-0-6-4-7-0 264547773 0.626192 0.608775 1e-06 0
3-5-0-0-1-1-0-4-3-5-0-0-1-1-0 264547773 3.47071 3.44443 1e-06 0
3-5-0-0-1-1-0-4-3-5-0-2-2-3-0 264335304 0.152023 0.141314 1e-06 0
3-5-0-0-1-1-0-4-3-5-0-4-3-5-0 261568906 0.991678 0.970584 0 0
3-5-0-0-1-1-0-4-3-5-0-6-4-7-0 264546039 0.630036 0.614765 1e-06 0
3-5-0-0-1-1-0-6-4-7-0-0-1-1-0 264547773 10.1598 10.1501 1e-06 0
3-5-0-0-1-1-0-6-4-7-0-2-2-3-0 264547773 6.69582 6.68616 1e-06 0
3-5-0-0-1-1-0-6-4-7-0-4-3-5-0 264547070 8.53927 8.52435 1e-06 0
3-5-0-0-1-1-0-6-4-7-0-6-4-7-0 264547773 10.7024 10.6911 1e-06 0
3-5-0-2-2-3-0-0-1-1-0-0-1-1-0 262992233 1.7897 1.77059 1e-06 0
3-5-0-2-2-3-0-0-1-1-0-2-2-3-0 264546361 1.41813 1.39432 2e-06 0
3-5-0-2-2-3-0-0-1-1-0-4-3-5-0 264299335 1.29965 1.28144 1e-06 0
3-5-0-2-2-3-0-0-1-1-0-6-4-7-0 264547769 0.621091 0.607588 3e-06 0
3-5-0-2-2-3-0-2-2-3-0-0-1-1-0 262992233 1.20167 1.18697 1e-06 0
3-5-0-2-2-3-0-2-2-3-0-2-2-3-0 18178411 0.037664 0.028686 1e-06 0
3-5-0-2-2-3-0-2-2-3-0-4-3-5-0 186718068 0.695702 0.663471 4e-06 0
3-5-0-2-2-3-0-2-2-3-0-6-4-7-0 254483838 0.682259 0.64589 1e-06 0
3-5-0-2-2-3-0-4-3-5-0-0-1-1-0 264534436 21.1369 21.1164 2e-06 0
3-5-0-2-2-3-0-4-3-5-0-2-2-3-0 263938876 1.24353 1.22148 1e-06 0
3-5-0-2-2-3-0-4-3-5-0-4-3-5-0 260987845 17.9722 17.9317 1e-06 0
3-5-0-2-2-3-0-4-3-5-0-6-4-7-0 264545893 0.667195 0.652447 1e-06 0
3-5-0-2-2-3-0-6-4-7-0-0-1-1-0 264547773 9.35281 9.34124 1e-06 0
3-5-0-2-2-3-0-6-4-7-0-2-2-3-0 264526605 6.03745 6.02652 2e-06 0
3-5-0-2-2-3-0-6-4-7-0-4-3-5-0 264348044 7.9489 7.93584 1e-06 0
3-5-0-2-2-3-0-6-4-7-0-6-4-7-0 264547772 9.39361 9.38028 1e-06 0
3-5-0-4-3-5-0-0-1-1-0-0-1-1-0 242448037 3.82252 3.79333 1e-06 0
3-5-0-4-3-5-0-0-1-1-0-2-2-3-0 264223483 0.285005 0.275351 1e-06 0
3-5-0-4-3-5-0-0-1-1-0-4-3-5-0 254223236 8.76873 8.75159 1e-06 0
3-5-0-4-3-5-0-0-1-1-0-6-4-7-0 264544959 0.711823 0.693697 1e-06 0
3-5-0-4-3-5-0-2-2-3-0-0-1-1-0 264272027 6.48286 6.46414 1e-06 0
3-5-0-4-3-5-0-2-2-3-0-2-2-3-0 223199128 0.632406 0.598954 1e-06 0
3-5-0-4-3-5-0-2-2-3-0-4-3-5-0 256552028 2.89209 2.86539 1e-06 0
3-5-0-4-3-5-0-2-2-3-0-6-4-7-0 262665496 0.627836 0.612913 1e-06 0
3-5-0-4-3-5-0-4-3-5-0-0-1-1-0 254851812 16.9278 16.9126 1e-06 0
3-5-0-4-3-5-0-4-3-5-0-2-2-3-0 252870735 1.51008 1.48258 1e-06 0
3-5-0-4-3-5-0-4-3-5-0-4-3-5-0 249802666 16.6687 16.6355 1e-06 0
3-5-0-4-3-5-0-4-3-5-0-6-4-7-0 253260419 0.727511 0.709753 0 0
3-5-0-4-3-5-0-6-4-7-0-0-1-1-0 264536355 9.60927 9.59582 1e-06 0
3-5-0-4-3-5-0-6-4-7-0-2-2-3-0 261395656 6.15412 6.14136 1e-06 0
3-5-0-4-3-5-0-6-4-7-0-4-3-5-0 263215652 8.10768 8.09133 1e-06 0
3-5-0-4-3-5-0-6-4-7-0-6-4-7-0 264542880 10.2228 10.2097 2e-06 0
3-5-0-6-4-7-0-0-1-1-0-0-1-1-0 264536355 5.01382 5.00605 1e-06 0
3-5-0-6-4-7-0-0-1-1-0-2-2-3-0 264547768 5.0055 4.99841 1e-06 0
3-5-0-6-4-7-0-0-1-1-0-4-3-5-0 264545622 5.06407 5.05733 0 0
3-5-0-6-4-7-0-0-1-1-0-6-4-7-0 264547773 5.06804 5.04617 1e-06 0
3-5-0-6-4-7-0-2-2-3-0-0-1-1-0 264547773 4.98481 4.97882 2e-06 0
3-5-0-6-4-7-0-2-2-3-0-2-2-3-0 258664239 3.38154 3.37566 1e-06 0
3-5-0-6-4-7-0-2-2-3-0-4-3-5-0 264488100 5.12796 5.09175 1e-06 0
3-5-0-6-4-7-0-2-2-3-0-6-4-7-0 264547773 5.0478 5.03667 1e-06 0
3-5-0-6-4-7-0-4-3-5-0-0-1-1-0 264547773 5.05617 5.04651 1e-06 0
3-5-0-6-4-7-0-4-3-5-0-2-2-3-0 264545259 5.00467 4.99113 1e-06 0
3-5-0-6-4-7-0-4-3-5-0-4-3-5-0 263135171 5.06135 5.05025 1e-06 0
3-5-0-6-4-7-0-4-3-5-0-6-4-7-0 264547770 5.02616 5.01489 0 0
3-5-0-6-4-7-0-6-4-7-0-0-1-1-0 264547773 5.61183 5.60493 1e-06 0
3-5-0-6-4-7-0-6-4-7-0-2-2-3-0 264547767 5.36544 5.35782 1e-06 0
3-5-0-6-4-7-0-6-4-7-0-4-3-5-0 264547650 5.55979 5.55059 0 0
3-5-0-6-4-7-0-6-4-7-0-6-4-7-0 264547773 5.63243 5.62588 2e-06 0
4-7-0-0-1-1-0-0-1-1-0-0-1-1-0 15626706 0.051897 0.045818 3e-06 0
4-7-0-0-1-1-0-0-1-1-0-2-2-3-0 15794087 0.047277 0.042763 1e-06 0
4-7-0-0-1-1-0-0-1-1-0-4-3-5-0 15740985 0.122343 0.117414 0 0
4-7-0-0-1-1-0-0-1-1-0-6-4-7-0 15794415 0.884167 0.873816 1e-06 0
4-7-0-0-1-1-0-2-2-3-0-0-1-1-0 15794415 0.04703 0.042742 1e-06 0
4-7-0-0-1-1-0-2-2-3-0-2-2-3-0 15794087 0.048188 0.043573 1e-06 0
4-7-0-0-1-1-0-2-2-3-0-4-3-5-0 15794415 1.10488 1.09072 0 0
4-7-0-0-1-1-0-2-2-3-0-6-4-7-0 15794415 0.602485 0.591773 1e-06 0
4-7-0-0-1-1-0-4-3-5-0-0-1-1-0 15794415 0.130855 0.124823 1e-06 0
4-7-0-0-1-1-0-4-3-5-0-2-2-3-0 15794372 0.19745 0.186327 1e-06 0
4-7-0-0-1-1-0-4-3-5-0-4-3-5-0 15792180 0.210073 0.203378 1e-06 0
4-7-0-0-1-1-0-4-3-5-0-6-4-7-0 15794415 0.754153 0.744047 1e-06 0
4-7-0-0-1-1-0-6-4-7-0-0-1-1-0 15794415 0.723828 0.719481 1e-06 0
4-7-0-0-1-1-0-6-4-7-0-2-2-3-0 15794415 0.482434 0.473929 3e-06 0
4-7-0-0-1-1-0-6-4-7-0-4-3-5-0 15794415 0.652415 0.644217 1e-06 0
4-7-0-0-1-1-0-6-4-7-0-6-4-7-0 15794415 0.757639 0.752428 1e-06 0
4-7-0-2-2-3-0-0-1-1-0-0-1-1-0 15794415 0.042244 0.037054 0 0
4-7-0-2-2-3-0-0-1-1-0-2-2-3-0 15794415 0.043746 0.038933 0 0
4-7-0-2-2-3-0-0-1-1-0-4-3-5-0 15794415 0.121471 0.115691 1e-06 0
4-7-0-2-2-3-0-0-1-1-0-6-4-7-0 15794415 0.103623 0.098281 1e-06 0
4-7-0-2-2-3-0-2-2-3-0-0-1-1-0 15794415 0.036456 0.031293 1e-06 0
4-7-0-2-2-3-0-2-2-3-0-2-2-3-0 10219172 0.034031 0.029103 1e-06 0
4-7-0-2-2-3-0-2-2-3-0-4-3-5-0 15662521 0.109918 0.104012 0 0
4-7-0-2-2-3-0-2-2-3-0-6-4-7-0 15792946 0.53224 0.524426 1e-06 0
4-7-0-2-2-3-0-4-3-5-0-0-1-1-0 15794415 1.41659 1.39191 0 0
4-7-0-2-2-3-0-4-3-5-0-2-2-3-0 15794338 0.161632 0.151879 1e-06 0
4-7-0-2-2-3-0-4-3-5-0-4-3-5-0 15743848 1.47392 1.4502 1e-06 0
4-7-0-2-2-3-0-4-3-5-0-6-4-7-0 15794415 0.582093 0.571922 1e-06 0
4-7-0-2-2-3-0-6-4-7-0-0-1-1-0 15794415 0.709192 0.704508 1e-06 0
4-7-0-2-2-3-0-6-4-7-0-2-2-3-0 15794414 0.467535 0.462168 1e-06 0
4-7-0-2-2-3-0-6-4-7-0-4-3-5-0 15794371 0.638907 0.63021 1e-06 0
4-7-0-2-2-3-0-6-4-7-0-6-4-7-0 15794415 0.742417 0.735981 3e-06 0
4-7-0-4-3-5-0-0-1-1-0-0-1-1-0 15758734 0.08426 0.075738 1e-06 0
4-7-0-4-3-5-0-0-1-1-0-2-2-3-0 15794374 0.082945 0.074442 1e-06 0
4-7-0-4-3-5-0-0-1-1-0-4-3-5-0 15784512 0.160045 0.150342 0 0
4-7-0-4-3-5-0-0-1-1-0-6-4-7-0 15794415 0.14276 0.133496 0 0
4-7-0-4-3-5-0-2-2-3-0-0-1-1-0 15794415 0.059992 0.049277 1e-06 0
4-7-0-4-3-5-0-2-2-3-0-2-2-3-0 15752999 0.063503 0.052709 1e-06 0
4-7-0-4-3-5-0-2-2-3-0-4-3-5-0 15793767 1.23 1.2104 1e-06 0
4-7-0-4-3-5-0-2-2-3-0-6-4-7-0 15794415 0.099618 0.086023 1e-06 0
4-7-0-4-3-5-0-4-3-5-0-0-1-1-0 15794415 0.171443 0.161222 1e-06 0
4-7-0-4-3-5-0-4-3-5-0-2-2-3-0 15794351 0.161577 0.144904 1e-06 0
4-7-0-4-3-5-0-4-3-5-0-4-3-5-0 15614461 0.250789 0.240234 1e-06 0
4-7-0-4-3-5-0-4-3-5-0-6-4-7-0 15794415 0.111615 0.095287 1e-06 0
4-7-0-4-3-5-0-6-4-7-0-0-1-1-0 15794415 0.704813 0.694954 1e-06 0
4-7-0-4-3-5-0-6-4-7-0-2-2-3-0 15794415 0.469276 0.45766 1e-06 0
4-7-0-4-3-5-0-6-4-7-0-4-3-5-0 15794412 0.638051 0.622945 3e-06 0
4-7-0-4-3-5-0-6-4-7-0-6-4-7-0 15794415 0.74076 0.729154 1e-06 0
4-7-0-6-4-7-0-0-1-1-0-0-1-1-0 15794415 0.65994 0.654305 3e-06 0
4-7-0-6-4-7-0-0-1-1-0-2-2-3-0 15794415 0.661508 0.656126 1e-06 0
4-7-0-6-4-7-0-0-1-1-0-4-3-5-0 15794415 0.740217 0.734763 1e-06 0
4-7-0-6-4-7-0-0-1-1-0-6-4-7-0 15794415 0.721032 0.715004 0 0
4-7-0-6-4-7-0-2-2-3-0-0-1-1-0 15794415 0.65538 0.650607 1e-06 0
4-7-0-6-4-7-0-2-2-3-0-2-2-3-0 15792398 0.435817 0.431183 1e-06 0
4-7-0-6-4-7-0-2-2-3-0-4-3-5-0 15794397 8.51233 8.47326 0 0
4-7-0-6-4-7-0-2-2-3-0-6-4-7-0 15794415 0.726946 0.71248 1e-06 0
4-7-0-6-4-7-0-4-3-5-0-0-1-1-0 15794415 0.70229 0.694249 1e-06 0
4-7-0-6-4-7-0-4-3-5-0-2-2-3-0 15794413 0.697628 0.666346 3e-06 0
4-7-0-6-4-7-0-4-3-5-0-4-3-5-0 15792097 0.768785 0.758425 0 0
4-7-0-6-4-7-0-4-3-5-0-6-4-7-0 15794415 0.708006 0.697532 1e-06 0
4-7-0-6-4-7-0-6-4-7-0-0-1-1-0 15794415 1.27067 1.265 0 0
4-7-0-6-4-7-0-6-4-7-0-2-2-3-0 15794415 1.04688 1.04207 0 0
4-7-0-6-4-7-0-6-4-7-0-4-3-5-0 15794415 1.23528 1.22657 1e-06 0
4-7-0-6-4-7-0-6-4-7-0-6-4-7-0 15794415 1.30151 1.29683 0 0
