0-0-1-1-0-0-1-1-0-0-1-1-0-0-1 34713 1.26041 1.24681 1e-06 0
0-0-1-1-0-0-1-1-0-0-1-1-0-2-2 11426723 0.083202 0.077806 1e-06 0
0-0-1-1-0-0-1-1-0-0-1-1-0-4-3 66667832 0.303332 0.288278 1e-06 0
0-0-1-1-0-0-1-1-0-0-1-1-0-6-4 15626706 0.030894 0.025775 1e-06 0
0-0-1-1-0-0-1-1-0-2-2-3-0-0-1 277704 0.798004 0.742948 1e-06 0
0-0-1-1-0-0-1-1-0-2-2-3-0-2-2 11426723 0.022585 0.015295 1e-06 0
0-0-1-1-0-0-1-1-0-2-2-3-0-4-3 262992233 1.64912 1.63408 0 0
0-0-1-1-0-0-1-1-0-2-2-3-0-6-4 15794415 0.037093 0.024592 2e-06 0
0-0-1-1-0-0-1-1-0-4-3-5-0-0-1 277704 0.078353 0.011112 1e-06 0
0-0-1-1-0-0-1-1-0-4-3-5-0-2-2 13373259 0.07185 0.022936 1e-06 0
0-0-1-1-0-0-1-1-0-4-3-5-0-4-3 242448037 0.503059 0.458757 1e-06 0
0-0-1-1-0-0-1-1-0-4-3-5-0-6-4 15758734 0.050165 0.032224 1e-06 0
0-0-1-1-0-0-1-1-0-6-4-7-0-0-1 277704 1.46568 1.35261 1e-06 0
0-0-1-1-0-0-1-1-0-6-4-7-0-2-2 13954626 0.116911 0.099467 1e-06 0
0-0-1-1-0-0-1-1-0-6-4-7-0-4-3 264536355 2.61252 2.59705 1e-06 0
0-0-1-1-0-0-1-1-0-6-4-7-0-6-4 15794415 0.040414 0.033999 1e-06 0
0-0-1-1-0-2-2-3-0-0-1-1-0-0-1 277704 9.29877 9.25778 1e-06 0
0-0-1-1-0-2-2-3-0-0-1-1-0-2-2 13954626 0.03455 0.029991 1e-06 0
0-0-1-1-0-2-2-3-0-0-1-1-0-4-3 264547773 2.04008 2.03136 2e-06 0
0-0-1-1-0-2-2-3-0-0-1-1-0-6-4 15794415 0.023514 0.019147 1e-06 0
0-0-1-1-0-2-2-3-0-2-2-3-0-0-1 277704 0.539879 0.501742 1e-06 0
0-0-1-1-0-2-2-3-0-2-2-3-0-2-2 11426723 0.010108 0.006682 2e-06 0
0-0-1-1-0-2-2-3-0-2-2-3-0-4-3 262992233 1.41552 1.40902 1e-06 0
0-0-1-1-0-2-2-3-0-2-2-3-0-6-4 15794415 0.074589 0.020896 1e-06 0
0-0-1-1-0-2-2-3-0-4-3-5-0-0-1 277704 1.7157 1.56154 0 0
0-0-1-1-0-2-2-3-0-4-3-5-0-2-2 13954626 0.105045 0.023113 1e-06 0
0-0-1-1-0-2-2-3-0-4-3-5-0-4-3 264272027 53.0041 52.9793 1e-06 0
0-0-1-1-0-2-2-3-0-4-3-5-0-6-4 15794415 0.031338 0.022038 1e-06 0
0-0-1-1-0-2-2-3-0-6-4-7-0-0-1 277704 1.11175 1.08988 3e-06 0
0-0-1-1-0-2-2-3-0-6-4-7-0-2-2 13954626 0.086458 0.071898 2e-06 0
0-0-1-1-0-2-2-3-0-6-4-7-0-4-3 264547773 1.98059 1.96386 1e-06 0
0-0-1-1-0-2-2-3-0-6-4-7-0-6-4 15794415 0.029564 0.02205 3e-06 0
0-0-1-1-0-4-3-5-0-0-1-1-0-0-1 277704 1.38434 1.34854 0 0
0-0-1-1-0-4-3-5-0-0-1-1-0-2-2 13954626 0.092608 0.07696 1e-06 0
0-0-1-1-0-4-3-5-0-0-1-1-0-4-3 264547773 1.18784 1.17481 1e-06 0
0-0-1-1-0-4-3-5-0-0-1-1-0-6-4 15794415 0.028437 0.022479 1e-06 0
0-0-1-1-0-4-3-5-0-2-2-3-0-0-1 277704 0.491293 0.4448 1e-06 0
0-0-1-1-0-4-3-5-0-2-2-3-0-2-2 13373259 0.024497 0.014325 1e-06 0
0-0-1-1-0-4-3-5-0-2-2-3-0-4-3 264534436 1.40918 1.39644 0 0
0-0-1-1-0-4-3-5-0-2-2-3-0-6-4 15794415 0.040141 0.023796 3e-06 0
0-0-1-1-0-4-3-5-0-4-3-5-0-0-1 277704 0.398458 0.372672 1e-06 0
0-0-1-1-0-4-3-5-0-4-3-5-0-2-2 13954626 0.082142 0.052019 1e-06 0
0-0-1-1-0-4-3-5-0-4-3-5-0-4-3 254851812 0.412984 0.397681 2e-06 0
0-0-1-1-0-4-3-5-0-4-3-5-0-6-4 15794415 0.033629 0.024251 1e-06 0
0-0-1-1-0-4-3-5-0-6-4-7-0-0-1 277704 1.11683 1.08281 1e-06 0
0-0-1-1-0-4-3-5-0-6-4-7-0-2-2 13954626 0.119151 0.082221 3e-06 0
0-0-1-1-0-4-3-5-0-6-4-7-0-4-3 264547773 1.95839 1.94473 1e-06 0
0-0-1-1-0-4-3-5-0-6-4-7-0-6-4 15794415 0.030789 0.024699 1e-06 0
0-0-1-1-0-6-4-7-0-0-1-1-0-0-1 277704 12.736 12.7102 1e-06 0
0-0-1-1-0-6-4-7-0-0-1-1-0-2-2 13954626 0.1991 0.194138 3e-06 0
0-0-1-1-0-6-4-7-0-0-1-1-0-4-3 264547773 2.79049 2.78626 0 0
0-0-1-1-0-6-4-7-0-0-1-1-0-6-4 15794415 0.030603 0.026214 3e-06 0
0-0-1-1-0-6-4-7-0-2-2-3-0-0-1 277704 8.27916 8.25352 1e-06 0
0-0-1-1-0-6-4-7-0-2-2-3-0-2-2 13954626 0.111739 0.078077 2e-06 0
0-0-1-1-0-6-4-7-0-2-2-3-0-4-3 264547773 9.21247 9.20204 1e-06 0
0-0-1-1-0-6-4-7-0-2-2-3-0-6-4 15794415 0.045097 0.029278 1e-06 0
0-0-1-1-0-6-4-7-0-4-3-5-0-0-1 277704 0.053142 0.029626 1e-06 0
0-0-1-1-0-6-4-7-0-4-3-5-0-2-2 13954626 8.49046 8.42298 1e-06 0
0-0-1-1-0-6-4-7-0-4-3-5-0-4-3 264536355 2.73576 2.64926 3e-06 0
0-0-1-1-0-6-4-7-0-4-3-5-0-6-4 15794415 0.037787 0.025068 1e-06 0
0-0-1-1-0-6-4-7-0-6-4-7-0-0-1 277704 13.3971 13.3781 0 0
0-0-1-1-0-6-4-7-0-6-4-7-0-2-2 13954626 0.167141 0.16297 2e-06 0
0-0-1-1-0-6-4-7-0-6-4-7-0-4-3 264547773 13.0015 12.9944 1e-06 0
0-0-1-1-0-6-4-7-0-6-4-7-0-6-4 15794415 0.033472 0.027297 0 0
0-2-2-3-0-0-1-1-0-0-1-1-0-0-1 269979 0.38245 0.375035 0 0
0-2-2-3-0-0-1-1-0-0-1-1-0-2-2 13942082 0.149364 0.144934 1e-06 0
0-2-2-3-0-0-1-1-0-0-1-1-0-4-3 261068775 0.041484 0.039582 1e-06 0
0-2-2-3-0-0-1-1-0-0-1-1-0-6-4 15794087 0.020584 0.017041 1e-06 0
0-2-2-3-0-0-1-1-0-2-2-3-0-0-1 277704 0.393486 0.382015 0 0
0-2-2-3-0-0-1-1-0-2-2-3-0-2-2 13942082 0.013047 0.009924 2e-06 0
0-2-2-3-0-0-1-1-0-2-2-3-0-4-3 264546361 1.23944 1.23364 1e-06 0
0-2-2-3-0-0-1-1-0-2-2-3-0-6-4 15794415 0.023845 0.018724 2e-06 0
0-2-2-3-0-0-1-1-0-4-3-5-0-0-1 277704 0.017823 0.015762 1e-06 0
0-2-2-3-0-0-1-1-0-4-3-5-0-2-2 13950086 0.417827 0.411113 1e-06 0
0-2-2-3-0-0-1-1-0-4-3-5-0-4-3 264223483 0.078135 0.074999 1e-06 0
0-2-2-3-0-0-1-1-0-4-3-5-0-6-4 15794374 0.026428 0.020748 1e-06 0
0-2-2-3-0-0-1-1-0-6-4-7-0-0-1 277704 1.01679 1.0025 1e-06 0
0-2-2-3-0-0-1-1-0-6-4-7-0-2-2 13954626 0.072148 0.066657 1e-06 0
0-2-2-3-0-0-1-1-0-6-4-7-0-4-3 264547768 1.87567 1.85869 1e-06 0
0-2-2-3-0-0-1-1-0-6-4-7-0-6-4 15794415 0.027152 0.022321 2e-06 0
0-2-2-3-0-2-2-3-0-0-1-1-0-0-1 269979 0.36401 0.357906 1e-06 0
0-2-2-3-0-2-2-3-0-0-1-1-0-2-2 13942082 0.018359 0.013943 1e-06 0
0-2-2-3-0-2-2-3-0-0-1-1-0-4-3 261068775 0.036202 0.033847 1e-06 0
0-2-2-3-0-2-2-3-0-0-1-1-0-6-4 15794087 0.01877 0.014352 1e-06 0
0-2-2-3-0-2-2-3-0-2-2-3-0-0-1 269979 0.15477 0.005764 1e-06 0
0-2-2-3-0-2-2-3-0-2-2-3-0-2-2 34713 0.008648 0.004339 2e-06 0
0-2-2-3-0-2-2-3-0-2-2-3-0-4-3 18178411 0.044592 0.021861 1e-06 0
0-2-2-3-0-2-2-3-0-2-2-3-0-6-4 10219172 0.030798 0.015521 2e-06 0
0-2-2-3-0-2-2-3-0-4-3-5-0-0-1 277212 0.062624 0.036955 1e-06 0
0-2-2-3-0-2-2-3-0-4-3-5-0-2-2 12401496 0.028561 0.015485 0 0
0-2-2-3-0-2-2-3-0-4-3-5-0-4-3 223199128 0.629909 0.617104 1e-06 0
0-2-2-3-0-2-2-3-0-4-3-5-0-6-4 15752999 0.044403 0.022178 1e-06 0
0-2-2-3-0-2-2-3-0-6-4-7-0-0-1 277704 0.822847 0.80919 1e-06 0
0-2-2-3-0-2-2-3-0-6-4-7-0-2-2 13689497 0.065928 0.053191 1e-06 0
0-2-2-3-0-2-2-3-0-6-4-7-0-4-3 258664239 1.66374 1.65604 2e-06 0
0-2-2-3-0-2-2-3-0-6-4-7-0-6-4 15792398 0.032255 0.019228 2e-06 0
0-2-2-3-0-4-3-5-0-0-1-1-0-0-1 277212 0.469474 0.420139 2e-06 0
0-2-2-3-0-4-3-5-0-0-1-1-0-2-2 13953539 0.08151 0.070909 1e-06 0
0-2-2-3-0-4-3-5-0-0-1-1-0-4-3 264335304 0.046989 0.04292 2e-06 0
0-2-2-3-0-4-3-5-0-0-1-1-0-6-4 15794372 0.02309 0.017596 0 0
0-2-2-3-0-4-3-5-0-2-2-3-0-0-1 277704 0.480462 0.444906 1e-06 0
0-2-2-3-0-4-3-5-0-2-2-3-0-2-2 12401496 0.021428 0.014199 4e-06 0
0-2-2-3-0-4-3-5-0-2-2-3-0-4-3 263938876 1.34502 1.33092 1e-06 0
0-2-2-3-0-4-3-5-0-2-2-3-0-6-4 15794338 0.034563 0.01993 1e-06 0
0-2-2-3-0-4-3-5-0-4-3-5-0-0-1 277704 0.044423 0.033157 1e-06 0
0-2-2-3-0-4-3-5-0-4-3-5-0-2-2 13942369 0.051876 0.04295 1e-06 0
0-2-2-3-0-4-3-5-0-4-3-5-0-4-3 252870735 0.088879 0.084161 0 0
0-2-2-3-0-4-3-5-0-4-3-5-0-6-4 15794351 0.028699 0.021546 1e-06 0
0-2-2-3-0-4-3-5-0-6-4-7-0-0-1 277704 1.12021 1.07966 0 0
0-2-2-3-0-4-3-5-0-6-4-7-0-2-2 13954500 0.104662 0.077149 3e-06 0
0-2-2-3-0-4-3-5-0-6-4-7-0-4-3 264545259 1.97931 1.96888 1e-06 0
0-2-2-3-0-4-3-5-0-6-4-7-0-6-4 15794413 0.028457 0.022092 3e-06 0
0-2-2-3-0-6-4-7-0-0-1-1-0-0-1 277704 8.65675 8.63572 1e-06 0
0-2-2-3-0-6-4-7-0-0-1-1-0-2-2 13954626 0.139562 0.115405 1e-06 0
0-2-2-3-0-6-4-7-0-0-1-1-0-4-3 264547773 1.88869 1.87499 1e-06 0
0-2-2-3-0-6-4-7-0-0-1-1-0-6-4 15794415 0.028415 0.024072 1e-06 0
0-2-2-3-0-6-4-7-0-2-2-3-0-0-1 277704 5.83359 5.79558 0 0
0-2-2-3-0-6-4-7-0-2-2-3-0-2-2 13689497 0.100113 0.06709 2e-06 0
0-2-2-3-0-6-4-7-0-2-2-3-0-4-3 264526605 6.76053 6.75382 2e-06 0
0-2-2-3-0-6-4-7-0-2-2-3-0-6-4 15794414 0.02932 0.024752 1e-06 0
0-2-2-3-0-6-4-7-0-4-3-5-0-0-1 277704 0.081763 0.027396 1e-06 0
0-2-2-3-0-6-4-7-0-4-3-5-0-2-2 13953921 7.38051 7.29986 1e-06 0
0-2-2-3-0-6-4-7-0-4-3-5-0-4-3 261395656 1.80019 1.71453 1e-06 0
0-2-2-3-0-6-4-7-0-4-3-5-0-6-4 15794415 0.042547 0.025325 1e-06 0
0-2-2-3-0-6-4-7-0-6-4-7-0-0-1 277704 8.6328 8.59527 1e-06 0
0-2-2-3-0-6-4-7-0-6-4-7-0-2-2 13954626 0.123468 0.11618 1e-06 0
0-2-2-3-0-6-4-7-0-6-4-7-0-4-3 264547767 9.41522 9.40524 1e-06 0
0-2-2-3-0-6-4-7-0-6-4-7-0-6-4 15794415 0.027313 0.022266 1e-06 0
0-4-3-5-0-0-1-1-0-0-1-1-0-0-1 125547 1.22853 1.19967 1e-06 0
0-4-3-5-0-0-1-1-0-0-1-1-0-2-2 13103489 0.103651 0.071996 1e-06 0
0-4-3-5-0-0-1-1-0-0-1-1-0-4-3 159103520 1.18349 1.16693 1e-06 0
0-4-3-5-0-0-1-1-0-0-1-1-0-6-4 15740985 0.041394 0.022407 1e-06 0
0-4-3-5-0-0-1-1-0-2-2-3-0-0-1 277704 0.610223 0.536811 3e-06 0
0-4-3-5-0-0-1-1-0-2-2-3-0-2-2 13103489 0.097482 0.066709 0 0
0-4-3-5-0-0-1-1-0-2-2-3-0-4-3 264299335 1.52364 1.50865 3e-06 0
0-4-3-5-0-0-1-1-0-2-2-3-0-6-4 15794415 0.039439 0.024146 1e-06 0
0-4-3-5-0-0-1-1-0-4-3-5-0-0-1 277704 1.42561 1.40982 1e-06 0
0-4-3-5-0-0-1-1-0-4-3-5-0-2-2 13749399 0.168863 0.101485 1e-06 0
0-4-3-5-0-0-1-1-0-4-3-5-0-4-3 254223236 0.142418 0.13278 1e-06 0
0-4-3-5-0-0-1-1-0-4-3-5-0-6-4 15784512 0.029552 0.022997 1e-06 0
0-4-3-5-0-0-1-1-0-6-4-7-0-0-1 277704 1.15149 1.05992 0 0
0-4-3-5-0-0-1-1-0-6-4-7-0-2-2 13954626 0.110004 0.076532 2e-06 0
0-4-3-5-0-0-1-1-0-6-4-7-0-4-3 264545622 1.97954 1.96982 1e-06 0
0-4-3-5-0-0-1-1-0-6-4-7-0-6-4 15794415 0.030704 0.024664 1e-06 0
0-4-3-5-0-2-2-3-0-0-1-1-0-0-1 277597 1.90217 1.78629 1e-06 0
0-4-3-5-0-2-2-3-0-0-1-1-0-2-2 13954538 0.100753 0.089942 3e-06 0
0-4-3-5-0-2-2-3-0-0-1-1-0-4-3 264505054 0.394241 0.367989 1e-06 0
0-4-3-5-0-2-2-3-0-0-1-1-0-6-4 15794415 0.024001 0.018615 1e-06 0
0-4-3-5-0-2-2-3-0-2-2-3-0-0-1 277597 0.166641 0.1519 1e-06 0
0-4-3-5-0-2-2-3-0-2-2-3-0-2-2 1807215 0.022772 0.009095 2e-06 0
0-4-3-5-0-2-2-3-0-2-2-3-0-4-3 186718068 0.570148 0.561594 1e-06 0
0-4-3-5-0-2-2-3-0-2-2-3-0-6-4 15662521 0.034858 0.017712 3e-06 0
0-4-3-5-0-2-2-3-0-4-3-5-0-0-1 277704 0.659468 0.637707 1e-06 0
0-4-3-5-0-2-2-3-0-4-3-5-0-2-2 13920727 0.116702 0.07703 1e-06 0
0-4-3-5-0-2-2-3-0-4-3-5-0-4-3 256552028 20.4577 20.4436 3e-06 0
0-4-3-5-0-2-2-3-0-4-3-5-0-6-4 15793767 0.029191 0.021078 1e-06 0
0-4-3-5-0-2-2-3-0-6-4-7-0-0-1 277704 1.14054 1.0837 1e-06 0
0-4-3-5-0-2-2-3-0-6-4-7-0-2-2 13952209 0.098455 0.074489 2e-06 0
0-4-3-5-0-2-2-3-0-6-4-7-0-4-3 264488100 2.17989 2.15871 2e-06 0
0-4-3-5-0-2-2-3-0-6-4-7-0-6-4 15794397 0.050467 0.022999 2e-06 0
0-4-3-5-0-4-3-5-0-0-1-1-0-0-1 273654 5.1518 4.92133 1e-06 0
0-4-3-5-0-4-3-5-0-0-1-1-0-2-2 13920168 0.209513 0.143841 1e-06 0
0-4-3-5-0-4-3-5-0-0-1-1-0-4-3 261568906 0.151921 0.143972 1e-06 0
0-4-3-5-0-4-3-5-0-0-1-1-0-6-4 15792180 0.027236 0.021078 1e-06 0
0-4-3-5-0-4-3-5-0-2-2-3-0-0-1 277611 0.550334 0.497567 0 0
0-4-3-5-0-4-3-5-0-2-2-3-0-2-2 12620533 0.04752 0.037537 1e-06 0
0-4-3-5-0-4-3-5-0-2-2-3-0-4-3 260987845 1.45528 1.42472 2e-06 0
0-4-3-5-0-4-3-5-0-2-2-3-0-6-4 15743848 0.041549 0.021167 3e-06 0
0-4-3-5-0-4-3-5-0-4-3-5-0-0-1 274950 1.32052 1.31196 2e-06 0
0-4-3-5-0-4-3-5-0-4-3-5-0-2-2 13780903 0.122441 0.102538 1e-06 0
0-4-3-5-0-4-3-5-0-4-3-5-0-4-3 249802666 0.180403 0.171151 1e-06 0
0-4-3-5-0-4-3-5-0-4-3-5-0-6-4 15614461 0.031748 0.023898 1e-06 0
0-4-3-5-0-4-3-5-0-6-4-7-0-0-1 277700 1.15782 1.07651 1e-06 0
0-4-3-5-0-4-3-5-0-6-4-7-0-2-2 13850279 0.120031 0.087415 3e-06 0
0-4-3-5-0-4-3-5-0-6-4-7-0-4-3 263135171 1.99273 1.97636 1e-06 0
0-4-3-5-0-4-3-5-0-6-4-7-0-6-4 15792097 0.03427 0.025749 1e-06 0
0-4-3-5-0-6-4-7-0-0-1-1-0-0-1 277700 10.7498 10.7075 1e-06 0
0-4-3-5-0-6-4-7-0-0-1-1-0-2-2 13954622 0.172656 0.136836 3e-06 0
0-4-3-5-0-6-4-7-0-0-1-1-0-4-3 264547070 2.21379 2.18873 1e-06 0
0-4-3-5-0-6-4-7-0-0-1-1-0-6-4 15794415 0.031579 0.026493 1e-06 0
0-4-3-5-0-6-4-7-0-2-2-3-0-0-1 277704 7.31911 7.2763 0 0
0-4-3-5-0-6-4-7-0-2-2-3-0-2-2 13721768 0.101027 0.083017 2e-06 0
0-4-3-5-0-6-4-7-0-2-2-3-0-4-3 264348044 8.70391 8.68869 1e-06 0
0-4-3-5-0-6-4-7-0-2-2-3-0-6-4 15794371 0.041234 0.027447 2e-06 0
0-4-3-5-0-6-4-7-0-4-3-5-0-0-1 277704 0.076623 0.036048 1e-06 0
0-4-3-5-0-6-4-7-0-4-3-5-0-2-2 13953164 7.81023 7.77714 2e-06 0
0-4-3-5-0-6-4-7-0-4-3-5-0-4-3 263215652 2.43063 2.34178 1e-06 0
0-4-3-5-0-6-4-7-0-4-3-5-0-6-4 15794412 0.032854 0.024759 1e-06 0
0-4-3-5-0-6-4-7-0-6-4-7-0-0-1 277704 10.9722 10.9326 1e-06 0
0-4-3-5-0-6-4-7-0-6-4-7-0-2-2 13954620 0.176722 0.1616 3e-06 0
0-4-3-5-0-6-4-7-0-6-4-7-0-4-3 264547650 11.8424 11.83 0 0
0-4-3-5-0-6-4-7-0-6-4-7-0-6-4 15794415 0.031168 0.025261 0 0
0-6-4-7-0-0-1-1-0-0-1-1-0-0-1 277619 0.55576 0.534422 1e-06 0
0-6-4-7-0-0-1-1-0-0-1-1-0-2-2 13954551 0.021831 0.018422 3e-06 0
0-6-4-7-0-0-1-1-0-0-1-1-0-4-3 264520476 0.086003 0.082643 1e-06 0
0-6-4-7-0-0-1-1-0-0-1-1-0-6-4 15794415 0.254055 0.250243 1e-06 0
0-6-4-7-0-0-1-1-0-2-2-3-0-0-1 277704 0.565584 0.542574 1e-06 0
0-6-4-7-0-0-1-1-0-2-2-3-0-2-2 13954551 0.021636 0.01844 1e-06 0
0-6-4-7-0-0-1-1-0-2-2-3-0-4-3 264547769 1.55969 1.55328 1e-06 0
0-6-4-7-0-0-1-1-0-2-2-3-0-6-4 15794415 0.183491 0.167969 0 0
0-6-4-7-0-0-1-1-0-4-3-5-0-0-1 277704 0.037057 0.032626 1e-06 0
0-6-4-7-0-0-1-1-0-4-3-5-0-2-2 13954585 0.579002 0.55566 1e-06 0
0-6-4-7-0-0-1-1-0-4-3-5-0-4-3 264544959 0.11134 0.106351 3e-06 0
0-6-4-7-0-0-1-1-0-4-3-5-0-6-4 15794415 0.2425 0.220749 1e-06 0
0-6-4-7-0-0-1-1-0-6-4-7-0-0-1 277704 0.565478 0.543966 1e-06 0
0-6-4-7-0-0-1-1-0-6-4-7-0-2-2 13954626 0.038269 0.034703 2e-06 0
0-6-4-7-0-0-1-1-0-6-4-7-0-4-3 264547773 1.43328 1.42714 1e-06 0
0-6-4-7-0-0-1-1-0-6-4-7-0-6-4 15794415 0.262402 0.254175 1e-06 0
0-6-4-7-0-2-2-3-0-0-1-1-0-0-1 277704 0.541431 0.51499 1e-06 0
0-6-4-7-0-2-2-3-0-0-1-1-0-2-2 13954626 0.019773 0.016414 3e-06 0
0-6-4-7-0-2-2-3-0-0-1-1-0-4-3 264547773 0.080671 0.07753 0 0
0-6-4-7-0-2-2-3-0-0-1-1-0-6-4 15794415 0.027831 0.021868 0 0
0-6-4-7-0-2-2-3-0-2-2-3-0-0-1 277704 0.400355 0.381961 1e-06 0
0-6-4-7-0-2-2-3-0-2-2-3-0-2-2 6345795 0.016271 0.011757 2e-06 0
0-6-4-7-0-2-2-3-0-2-2-3-0-4-3 254483838 1.19241 1.18668 2e-06 0
0-6-4-7-0-2-2-3-0-2-2-3-0-6-4 15792946 0.165956 0.144689 0 0
0-6-4-7-0-2-2-3-0-4-3-5-0-0-1 277704 0.442337 0.412481 1e-06 0
0-6-4-7-0-2-2-3-0-4-3-5-0-2-2 13954585 0.05494 0.046966 1e-06 0
0-6-4-7-0-2-2-3-0-4-3-5-0-4-3 262665496 45.4409 45.4283 1e-06 0
0-6-4-7-0-2-2-3-0-4-3-5-0-6-4 15794415 0.170135 0.161634 0 0
0-6-4-7-0-2-2-3-0-6-4-7-0-0-1 277704 0.636238 0.595994 1e-06 0
0-6-4-7-0-2-2-3-0-6-4-7-0-2-2 13954626 0.044124 0.036689 1e-06 0
0-6-4-7-0-2-2-3-0-6-4-7-0-4-3 264547773 1.54893 1.54239 0 0
0-6-4-7-0-2-2-3-0-6-4-7-0-6-4 15794415 0.189618 0.18507 0 0
0-6-4-7-0-4-3-5-0-0-1-1-0-0-1 277701 0.622538 0.558601 1e-06 0
0-6-4-7-0-4-3-5-0-0-1-1-0-2-2 13954618 0.055981 0.029882 1e-06 0
0-6-4-7-0-4-3-5-0-0-1-1-0-4-3 264546039 0.109875 0.091119 0 0
0-6-4-7-0-4-3-5-0-0-1-1-0-6-4 15794415 0.051077 0.036664 1e-06 0
0-6-4-7-0-4-3-5-0-2-2-3-0-0-1 277704 0.639368 0.580888 1e-06 0
0-6-4-7-0-4-3-5-0-2-2-3-0-2-2 13891951 0.04323 0.022218 2e-06 0
0-6-4-7-0-4-3-5-0-2-2-3-0-4-3 264545893 1.52988 1.51594 2e-06 0
0-6-4-7-0-4-3-5-0-2-2-3-0-6-4 15794415 0.028794 0.022276 1e-06 0
0-6-4-7-0-4-3-5-0-4-3-5-0-0-1 277704 0.053857 0.045074 0 0
0-6-4-7-0-4-3-5-0-4-3-5-0-2-2 13954598 4.6992 4.67948 1e-06 0
0-6-4-7-0-4-3-5-0-4-3-5-0-4-3 253260419 0.11276 0.104779 1e-06 0
0-6-4-7-0-4-3-5-0-4-3-5-0-6-4 15794415 0.034821 0.023829 1e-06 0
0-6-4-7-0-4-3-5-0-6-4-7-0-0-1 277704 0.565047 0.535823 1e-06 0
0-6-4-7-0-4-3-5-0-6-4-7-0-2-2 13954626 0.047146 0.036408 3e-06 0
0-6-4-7-0-4-3-5-0-6-4-7-0-4-3 264547770 1.50511 1.49317 1e-06 0
0-6-4-7-0-4-3-5-0-6-4-7-0-6-4 15794415 0.031437 0.024802 1e-06 0
0-6-4-7-0-6-4-7-0-0-1-1-0-0-1 277704 0.719518 0.698522 0 0
0-6-4-7-0-6-4-7-0-0-1-1-0-2-2 13954626 0.194358 0.191364 1e-06 0
0-6-4-7-0-6-4-7-0-0-1-1-0-4-3 264547773 0.249681 0.246532 1e-06 0
0-6-4-7-0-6-4-7-0-0-1-1-0-6-4 15794415 0.031712 0.027948 1e-06 0
0-6-4-7-0-6-4-7-0-2-2-3-0-0-1 277704 0.656052 0.633167 0 0
0-6-4-7-0-6-4-7-0-2-2-3-0-2-2 13954431 0.145719 0.133064 2e-06 0
0-6-4-7-0-6-4-7-0-2-2-3-0-4-3 264547772 1.59263 1.56772 1e-06 0
0-6-4-7-0-6-4-7-0-2-2-3-0-6-4 15794415 0.032028 0.026646 2e-06 0
0-6-4-7-0-6-4-7-0-4-3-5-0-0-1 277704 0.204373 0.177607 1e-06 0
0-6-4-7-0-6-4-7-0-4-3-5-0-2-2 13954626 7.66602 7.60985 1e-06 0
0-6-4-7-0-6-4-7-0-4-3-5-0-4-3 264542880 0.313998 0.245592 1e-06 0
0-6-4-7-0-6-4-7-0-4-3-5-0-6-4 15794415 0.047038 0.027301 1e-06 0
0-6-4-7-0-6-4-7-0-6-4-7-0-0-1 277704 0.68066 0.670457 0 0
0-6-4-7-0-6-4-7-0-6-4-7-0-2-2 13954626 0.193219 0.190131 0 0
0-6-4-7-0-6-4-7-0-6-4-7-0-4-3 264547773 1.56087 1.55526 0 0
0-6-4-7-0-6-4-7-0-6-4-7-0-6-4 15794415 0.027795 0.023538 0 0
1-1-0-0-1-1-0-0-1-1-0-0-1-1-0 34713 0.327341 0.317142 1e-06 0
1-1-0-0-1-1-0-0-1-1-0-2-2-3-0 269979 0.445409 0.433194 1e-06 0
1-1-0-0-1-1-0-0-1-1-0-4-3-5-0 125547 0.70253 0.540078 1e-06 0
1-1-0-0-1-1-0-0-1-1-0-6-4-7-0 277619 1.1051 1.05359 1e-06 0
1-1-0-0-1-1-0-2-2-3-0-0-1-1-0 277704 8.47255 8.43562 1e-06 0
1-1-0-0-1-1-0-2-2-3-0-2-2-3-0 269979 0.467907 0.446362 1e-06 0
1-1-0-0-1-1-0-2-2-3-0-4-3-5-0 277597 2.65026 2.58728 2e-06 0
1-1-0-0-1-1-0-2-2-3-0-6-4-7-0 277704 1.28011 1.17977 1e-06 0
1-1-0-0-1-1-0-4-3-5-0-0-1-1-0 277704 1.66974 1.58923 1e-06 0
1-1-0-0-1-1-0-4-3-5-0-2-2-3-0 277212 0.642381 0.509283 1e-06 0
1-1-0-0-1-1-0-4-3-5-0-4-3-5-0 273654 1.01399 0.870335 1e-06 0
1-1-0-0-1-1-0-4-3-5-0-6-4-7-0 277701 1.23737 1.15435 2e-06 0
1-1-0-0-1-1-0-6-4-7-0-0-1-1-0 277704 13.3104 13.228 1e-06 0
1-1-0-0-1-1-0-6-4-7-0-2-2-3-0 277704 8.52193 8.48893 1e-06 0
1-1-0-0-1-1-0-6-4-7-0-4-3-5-0 277700 8.05691 8.00766 1e-06 0
1-1-0-0-1-1-0-6-4-7-0-6-4-7-0 277704 12.4013 12.3951 1e-06 0
1-1-0-2-2-3-0-0-1-1-0-0-1-1-0 277704 0.407126 0.400019 3e-06 0
1-1-0-2-2-3-0-0-1-1-0-2-2-3-0 277704 0.433236 0.428121 0 0
1-1-0-2-2-3-0-0-1-1-0-4-3-5-0 277704 0.431986 0.426723 2e-06 0
1-1-0-2-2-3-0-0-1-1-0-6-4-7-0 277704 1.0468 1.03948 1e-06 0
1-1-0-2-2-3-0-2-2-3-0-0-1-1-0 277704 0.411273 0.406118 3e-06 0
1-1-0-2-2-3-0-2-2-3-0-2-2-3-0 269979 0.120675 0.009723 0 0
1-1-0-2-2-3-0-2-2-3-0-4-3-5-0 277597 0.561711 0.422034 3e-06 0
1-1-0-2-2-3-0-2-2-3-0-6-4-7-0 277704 0.889932 0.846544 1e-06 0
1-1-0-2-2-3-0-4-3-5-0-0-1-1-0 277704 0.497507 0.444204 2e-06 0
1-1-0-2-2-3-0-4-3-5-0-2-2-3-0 277704 0.591469 0.461911 1e-06 0
1-1-0-2-2-3-0-4-3-5-0-4-3-5-0 277611 0.593737 0.505296 1e-06 0
1-1-0-2-2-3-0-4-3-5-0-6-4-7-0 277704 1.45316 1.30599 3e-06 0
1-1-0-2-2-3-0-6-4-7-0-0-1-1-0 277704 8.78211 8.7479 1e-06 0
1-1-0-2-2-3-0-6-4-7-0-2-2-3-0 277704 5.71563 5.67664 0 0
1-1-0-2-2-3-0-6-4-7-0-4-3-5-0 277704 7.33787 7.13045 1e-06 0
1-1-0-2-2-3-0-6-4-7-0-6-4-7-0 277704 8.63252 8.59812 2e-06 0
1-1-0-4-3-5-0-0-1-1-0-0-1-1-0 277704 1.26795 1.2233 1e-06 0
1-1-0-4-3-5-0-0-1-1-0-2-2-3-0 277704 0.610109 0.522916 2e-06 0
1-1-0-4-3-5-0-0-1-1-0-4-3-5-0 277704 3.27946 3.11995 1e-06 0
1-1-0-4-3-5-0-0-1-1-0-6-4-7-0 277704 1.2431 1.08177 2e-06 0
1-1-0-4-3-5-0-2-2-3-0-0-1-1-0 277704 2.10404 1.94537 1e-06 0
1-1-0-4-3-5-0-2-2-3-0-2-2-3-0 277212 0.197908 0.185324 1e-06 0
1-1-0-4-3-5-0-2-2-3-0-4-3-5-0 277704 1.93989 1.84708 1e-06 0
1-1-0-4-3-5-0-2-2-3-0-6-4-7-0 277704 1.24684 1.08953 1e-06 0
1-1-0-4-3-5-0-4-3-5-0-0-1-1-0 277704 5.16276 4.86091 1e-06 0
1-1-0-4-3-5-0-4-3-5-0-2-2-3-0 277704 0.705735 0.556596 4e-06 0
1-1-0-4-3-5-0-4-3-5-0-4-3-5-0 274950 4.13463 3.90896 4e-06 0
1-1-0-4-3-5-0-4-3-5-0-6-4-7-0 277704 1.24638 1.07198 1e-06 0
1-1-0-4-3-5-0-6-4-7-0-0-1-1-0 277704 11.1247 11.0886 1e-06 0
1-1-0-4-3-5-0-6-4-7-0-2-2-3-0 277704 7.15153 7.1076 4e-06 0
1-1-0-4-3-5-0-6-4-7-0-4-3-5-0 277704 7.66424 7.51162 1e-06 0
1-1-0-4-3-5-0-6-4-7-0-6-4-7-0 277704 11.1054 10.9211 2e-06 0
1-1-0-6-4-7-0-0-1-1-0-0-1-1-0 277704 0.55272 0.535807 3e-06 0
1-1-0-6-4-7-0-0-1-1-0-2-2-3-0 277704 0.550229 0.537207 1e-06 0
1-1-0-6-4-7-0-0-1-1-0-4-3-5-0 277704 0.727787 0.703507 1e-06 0
1-1-0-6-4-7-0-0-1-1-0-6-4-7-0 277704 0.712324 0.691029 2e-06 0
1-1-0-6-4-7-0-2-2-3-0-0-1-1-0 277704 0.685545 0.665508 3e-06 0
1-1-0-6-4-7-0-2-2-3-0-2-2-3-0 277704 0.459509 0.448567 1e-06 0
1-1-0-6-4-7-0-2-2-3-0-4-3-5-0 277704 2.59304 2.547 0 0
1-1-0-6-4-7-0-2-2-3-0-6-4-7-0 277704 0.586512 0.556397 3e-06 0
1-1-0-6-4-7-0-4-3-5-0-0-1-1-0 277704 0.814061 0.705625 2e-06 0
1-1-0-6-4-7-0-4-3-5-0-2-2-3-0 277704 0.663455 0.59488 1e-06 0
1-1-0-6-4-7-0-4-3-5-0-4-3-5-0 277700 0.694786 0.618463 2e-06 0
1-1-0-6-4-7-0-4-3-5-0-6-4-7-0 277704 0.812549 0.735088 1e-06 0
1-1-0-6-4-7-0-6-4-7-0-0-1-1-0 277704 0.805982 0.775148 3e-06 0
1-1-0-6-4-7-0-6-4-7-0-2-2-3-0 277704 0.767802 0.713411 2e-06 0
1-1-0-6-4-7-0-6-4-7-0-4-3-5-0 277704 7.76931 7.68589 1e-06 0
1-1-0-6-4-7-0-6-4-7-0-6-4-7-0 277704 0.739537 0.720371 0 0
2-3-0-0-1-1-0-0-1-1-0-0-1-1-0 11426723 0.012429 0.010291 1e-06 0
2-3-0-0-1-1-0-0-1-1-0-2-2-3-0 13942082 0.135949 0.133045 1e-06 0
2-3-0-0-1-1-0-0-1-1-0-4-3-5-0 13103489 0.019257 0.016968 1e-06 0
2-3-0-0-1-1-0-0-1-1-0-6-4-7-0 13954551 0.026303 0.021937 1e-06 0
2-3-0-0-1-1-0-2-2-3-0-0-1-1-0 13954626 0.115227 0.113446 1e-06 0
2-3-0-0-1-1-0-2-2-3-0-2-2-3-0 13942082 0.017801 0.008288 2e-06 0
2-3-0-0-1-1-0-2-2-3-0-4-3-5-0 13954538 0.200934 0.049601 1e-06 0
2-3-0-0-1-1-0-2-2-3-0-6-4-7-0 13954626 0.077463 0.023065 1e-06 0
2-3-0-0-1-1-0-4-3-5-0-0-1-1-0 13954626 0.018905 0.017075 1e-06 0
2-3-0-0-1-1-0-4-3-5-0-2-2-3-0 13953539 0.322438 0.221425 1e-06 0
2-3-0-0-1-1-0-4-3-5-0-4-3-5-0 13920168 0.125794 0.09974 1e-06 0
2-3-0-0-1-1-0-4-3-5-0-6-4-7-0 13954618 0.035525 0.025662 1e-06 0
2-3-0-0-1-1-0-6-4-7-0-0-1-1-0 13954626 0.173402 0.170683 1e-06 0
2-3-0-0-1-1-0-6-4-7-0-2-2-3-0 13954626 0.11945 0.116029 3e-06 0
2-3-0-0-1-1-0-6-4-7-0-4-3-5-0 13954622 0.165645 0.159193 1e-06 0
2-3-0-0-1-1-0-6-4-7-0-6-4-7-0 13954626 0.184755 0.181055 2e-06 0
2-3-0-2-2-3-0-0-1-1-0-0-1-1-0 11426723 0.011103 0.008269 1e-06 0
2-3-0-2-2-3-0-0-1-1-0-2-2-3-0 13942082 0.009915 0.008016 1e-06 0
2-3-0-2-2-3-0-0-1-1-0-4-3-5-0 13103489 0.015033 0.013254 0 0
2-3-0-2-2-3-0-0-1-1-0-6-4-7-0 13954551 0.023228 0.019415 1e-06 0
2-3-0-2-2-3-0-2-2-3-0-0-1-1-0 11426723 0.005987 0.00458 1e-06 0
2-3-0-2-2-3-0-2-2-3-0-2-2-3-0 34713 0.002392 0.000986 1e-06 0
2-3-0-2-2-3-0-2-2-3-0-4-3-5-0 1807215 0.008518 0.001928 0 0
2-3-0-2-2-3-0-2-2-3-0-6-4-7-0 6345795 0.042361 0.013963 1e-06 0
2-3-0-2-2-3-0-4-3-5-0-0-1-1-0 13373259 0.006564 0.004004 1e-06 0
2-3-0-2-2-3-0-4-3-5-0-2-2-3-0 12401496 0.014716 0.010149 1e-06 0
2-3-0-2-2-3-0-4-3-5-0-4-3-5-0 12620533 0.039104 0.028298 1e-06 0
2-3-0-2-2-3-0-4-3-5-0-6-4-7-0 13891951 0.02803 0.022644 1e-06 0
2-3-0-2-2-3-0-6-4-7-0-0-1-1-0 13954626 0.05371 0.050733 1e-06 0
2-3-0-2-2-3-0-6-4-7-0-2-2-3-0 13689497 0.040698 0.037616 1e-06 0
2-3-0-2-2-3-0-6-4-7-0-4-3-5-0 13721768 0.078538 0.060863 1e-06 0
2-3-0-2-2-3-0-6-4-7-0-6-4-7-0 13954431 0.082453 0.064423 1e-06 0
2-3-0-4-3-5-0-0-1-1-0-0-1-1-0 13373259 0.01237 0.008362 1e-06 0
2-3-0-4-3-5-0-0-1-1-0-2-2-3-0 13950086 0.071802 0.065807 0 0
2-3-0-4-3-5-0-0-1-1-0-4-3-5-0 13749399 0.018498 0.015363 1e-06 0
2-3-0-4-3-5-0-0-1-1-0-6-4-7-0 13954585 0.028081 0.02225 1e-06 0
2-3-0-4-3-5-0-2-2-3-0-0-1-1-0 13954626 0.094277 0.085842 1e-06 0
2-3-0-4-3-5-0-2-2-3-0-2-2-3-0 12401496 0.013553 0.009047 1e-06 0
2-3-0-4-3-5-0-2-2-3-0-4-3-5-0 13920727 0.025616 0.020792 1e-06 0
2-3-0-4-3-5-0-2-2-3-0-6-4-7-0 13954585 0.027209 0.021327 1e-06 0
2-3-0-4-3-5-0-4-3-5-0-0-1-1-0 13954626 0.03491 0.03073 1e-06 0
2-3-0-4-3-5-0-4-3-5-0-2-2-3-0 13942369 0.050709 0.039079 1e-06 0
2-3-0-4-3-5-0-4-3-5-0-4-3-5-0 13780903 0.118922 0.112601 0 0
2-3-0-4-3-5-0-4-3-5-0-6-4-7-0 13954598 0.032587 0.025855 3e-06 0
2-3-0-4-3-5-0-6-4-7-0-0-1-1-0 13954626 0.172075 0.167733 1e-06 0
2-3-0-4-3-5-0-6-4-7-0-2-2-3-0 13953921 0.113189 0.108606 1e-06 0
2-3-0-4-3-5-0-6-4-7-0-4-3-5-0 13953164 0.153484 0.147371 2e-06 0
2-3-0-4-3-5-0-6-4-7-0-6-4-7-0 13954626 0.187701 0.183082 1e-06 0
2-3-0-6-4-7-0-0-1-1-0-0-1-1-0 13954626 0.058711 0.056276 1e-06 0
2-3-0-6-4-7-0-0-1-1-0-2-2-3-0 13954626 0.053339 0.051031 1e-06 0
2-3-0-6-4-7-0-0-1-1-0-4-3-5-0 13954626 0.082449 0.079408 1e-06 0
2-3-0-6-4-7-0-0-1-1-0-6-4-7-0 13954626 0.084338 0.08147 0 0
2-3-0-6-4-7-0-2-2-3-0-0-1-1-0 13954626 0.059653 0.056666 1e-06 0
2-3-0-6-4-7-0-2-2-3-0-2-2-3-0 13689497 0.042775 0.040137 1e-06 0
2-3-0-6-4-7-0-2-2-3-0-4-3-5-0 13952209 0.454201 0.442809 2e-06 0
2-3-0-6-4-7-0-2-2-3-0-6-4-7-0 13954626 0.09605 0.090753 1e-06 0
2-3-0-6-4-7-0-4-3-5-0-0-1-1-0 13954626 0.07482 0.06298 2e-06 0
2-3-0-6-4-7-0-4-3-5-0-2-2-3-0 13954500 0.063104 0.05423 1e-06 0
2-3-0-6-4-7-0-4-3-5-0-4-3-5-0 13850279 0.094724 0.08529 2e-06 0
2-3-0-6-4-7-0-4-3-5-0-6-4-7-0 13954626 0.070749 0.066311 1e-06 0
2-3-0-6-4-7-0-6-4-7-0-0-1-1-0 13954626 0.222227 0.219986 1e-06 0
2-3-0-6-4-7-0-6-4-7-0-2-2-3-0 13954626 0.163564 0.161313 1e-06 0
2-3-0-6-4-7-0-6-4-7-0-4-3-5-0 13954620 0.208141 0.20394 1e-06 0
2-3-0-6-4-7-0-6-4-7-0-6-4-7-0 13954626 0.232125 0.229929 1e-06 0
3-5-0-0-1-1-0-0-1-1-0-0-1-1-0 66667832 0.236641 0.224862 1e-06 0
3-5-0-0-1-1-0-0-1-1-0-2-2-3-0 261068775 0.047041 0.043816 2e-06 0
3-5-0-0-1-1-0-0-1-1-0-4-3-5-0 159103520 0.328827 0.30438 1e-06 0
3-5-0-0-1-1-0-0-1-1-0-6-4-7-0 264520476 0.190346 0.185358 2e-06 0
3-5-0-0-1-1-0-2-2-3-0-0-1-1-0 264547773 1.93022 1.9272 1e-06 0
3-5-0-0-1-1-0-2-2-3-0-2-2-3-0 261068775 0.041681 0.038848 1e-06 0
3-5-0-0-1-1-0-2-2-3-0-4-3-5-0 264505054 1.9392 1.83068 1e-06 0
3-5-0-0-1-1-0-2-2-3-0-6-4-7-0 264547773 0.204309 0.188194 2e-06 0
3-5-0-0-1-1-0-4-3-5-0-0-1-1-0 264547773 1.21403 1.19392 1e-06 0
3-5-0-0-1-1-0-4-3-5-0-2-2-3-0 264335304 0.07299 0.052033 2e-06 0
3-5-0-0-1-1-0-4-3-5-0-4-3-5-0 261568906 0.410283 0.393671 1e-06 0
3-5-0-0-1-1-0-4-3-5-0-6-4-7-0 264546039 0.197534 0.18921 1e-06 0
3-5-0-0-1-1-0-6-4-7-0-0-1-1-0 264547773 2.93071 2.92665 1e-06 0
3-5-0-0-1-1-0-6-4-7-0-2-2-3-0 264547773 1.66886 1.66502 1e-06 0
3-5-0-0-1-1-0-6-4-7-0-4-3-5-0 264547070 2.21914 2.21207 1e-06 0
3-5-0-0-1-1-0-6-4-7-0-6-4-7-0 264547773 2.66405 2.66009 1e-06 0
3-5-0-2-2-3-0-0-1-1-0-0-1-1-0 262992233 0.523536 0.51783 1e-06 0
3-5-0-2-2-3-0-0-1-1-0-2-2-3-0 264546361 0.522539 0.51526 2e-06 0
3-5-0-2-2-3-0-0-1-1-0-4-3-5-0 264299335 0.532652 0.525786 1e-06 0
3-5-0-2-2-3-0-0-1-1-0-6-4-7-0 264547769 0.226903 0.199707 1e-06 0
3-5-0-2-2-3-0-2-2-3-0-0-1-1-0 262992233 0.480956 0.475015 1e-06 0
3-5-0-2-2-3-0-2-2-3-0-2-2-3-0 18178411 0.055149 0.027786 0 0
3-5-0-2-2-3-0-2-2-3-0-4-3-5-0 186718068 0.189709 0.181506 2e-06 0
3-5-0-2-2-3-0-2-2-3-0-6-4-7-0 254483838 0.19473 0.184068 1e-06 0
3-5-0-2-2-3-0-4-3-5-0-0-1-1-0 264534436 6.26862 6.25346 1e-06 0
3-5-0-2-2-3-0-4-3-5-0-2-2-3-0 263938876 0.527386 0.517544 1e-06 0
3-5-0-2-2-3-0-4-3-5-0-4-3-5-0 260987845 5.24852 5.22858 1e-06 0
3-5-0-2-2-3-0-4-3-5-0-6-4-7-0 264545893 0.180165 0.173916 1e-06 0
3-5-0-2-2-3-0-6-4-7-0-0-1-1-0 264547773 2.47687 2.4677 2e-06 0
3-5-0-2-2-3-0-6-4-7-0-2-2-3-0 264526605 1.64642 1.64208 1e-06 0
3-5-0-2-2-3-0-6-4-7-0-4-3-5-0 264348044 2.25237 2.23501 1e-06 0
3-5-0-2-2-3-0-6-4-7-0-6-4-7-0 264547772 2.46381 2.4543 1e-06 0
3-5-0-4-3-5-0-0-1-1-0-0-1-1-0 242448037 1.17044 1.15916 1e-06 0
3-5-0-4-3-5-0-0-1-1-0-2-2-3-0 264223483 0.103067 0.085118 2e-06 0
3-5-0-4-3-5-0-0-1-1-0-4-3-5-0 254223236 2.66476 2.64738 1e-06 0
3-5-0-4-3-5-0-0-1-1-0-6-4-7-0 264544959 0.182265 0.17579 2e-06 0
3-5-0-4-3-5-0-2-2-3-0-0-1-1-0 264272027 1.76913 1.7599 2e-06 0
3-5-0-4-3-5-0-2-2-3-0-2-2-3-0 223199128 0.224858 0.206072 1e-06 0
3-5-0-4-3-5-0-2-2-3-0-4-3-5-0 256552028 0.880771 0.861742 2e-06 0
3-5-0-4-3-5-0-2-2-3-0-6-4-7-0 262665496 0.199655 0.186032 3e-06 0
3-5-0-4-3-5-0-4-3-5-0-0-1-1-0 254851812 5.16019 5.15383 1e-06 0
3-5-0-4-3-5-0-4-3-5-0-2-2-3-0 252870735 0.51677 0.505406 1e-06 0
3-5-0-4-3-5-0-4-3-5-0-4-3-5-0 249802666 5.05981 5.0476 2e-06 0
3-5-0-4-3-5-0-4-3-5-0-6-4-7-0 253260419 0.190733 0.18012 2e-06 0
3-5-0-4-3-5-0-6-4-7-0-0-1-1-0 264536355 2.50308 2.49835 2e-06 0
3-5-0-4-3-5-0-6-4-7-0-2-2-3-0 261395656 1.62397 1.61883 1e-06 0
3-5-0-4-3-5-0-6-4-7-0-4-3-5-0 263215652 2.16196 2.15416 1e-06 0
3-5-0-4-3-5-0-6-4-7-0-6-4-7-0 264542880 2.73272 2.72761 1e-06 0
3-5-0-6-4-7-0-0-1-1-0-0-1-1-0 264536355 1.34372 1.3382 1e-06 0
3-5-0-6-4-7-0-0-1-1-0-2-2-3-0 264547768 1.32507 1.32215 1e-06 0
3-5-0-6-4-7-0-0-1-1-0-4-3-5-0 264545622 1.33448 1.33089 2e-06 0
3-5-0-6-4-7-0-0-1-1-0-6-4-7-0 264547773 1.35669 1.34377 1e-06 0
3-5-0-6-4-7-0-2-2-3-0-0-1-1-0 264547773 1.34102 1.33069 0 0
3-5-0-6-4-7-0-2-2-3-0-2-2-3-0 258664239 0.893442 0.890285 1e-06 0
3-5-0-6-4-7-0-2-2-3-0-4-3-5-0 264488100 1.6021 1.56124 1e-06 0
3-5-0-6-4-7-0-2-2-3-0-6-4-7-0 264547773 1.41522 1.39756 2e-06 0
3-5-0-6-4-7-0-4-3-5-0-0-1-1-0 264547773 1.43501 1.42486 3e-06 0
3-5-0-6-4-7-0-4-3-5-0-2-2-3-0 264545259 1.31916 1.31386 1e-06 0
3-5-0-6-4-7-0-4-3-5-0-4-3-5-0 263135171 1.35673 1.35009 1e-06 0
3-5-0-6-4-7-0-4-3-5-0-6-4-7-0 264547770 1.32687 1.32156 1e-06 0
3-5-0-6-4-7-0-6-4-7-0-0-1-1-0 264547773 1.4824 1.47911 1e-06 0
3-5-0-6-4-7-0-6-4-7-0-2-2-3-0 264547767 1.42448 1.42189 2e-06 0
3-5-0-6-4-7-0-6-4-7-0-4-3-5-0 264547650 1.53015 1.52588 1e-06 0
3-5-0-6-4-7-0-6-4-7-0-6-4-7-0 264547773 1.50072 1.49816 1e-06 0
4-7-0-0-1-1-0-0-1-1-0-0-1-1-0 15626706 0.01655 0.01379 1e-06 0
4-7-0-0-1-1-0-0-1-1-0-2-2-3-0 15794087 0.014001 0.01196 0 0
4-7-0-0-1-1-0-0-1-1-0-4-3-5-0 15740985 0.03499 0.032156 1e-06 0
4-7-0-0-1-1-0-0-1-1-0-6-4-7-0 15794415 0.247924 0.244432 0 0
4-7-0-0-1-1-0-2-2-3-0-0-1-1-0 15794415 0.014674 0.012035 1e-06 0
4-7-0-0-1-1-0-2-2-3-0-2-2-3-0 15794087 0.015432 0.012809 1e-06 0
4-7-0-0-1-1-0-2-2-3-0-4-3-5-0 15794415 0.316265 0.309887 1e-06 0
4-7-0-0-1-1-0-2-2-3-0-6-4-7-0 15794415 0.178197 0.174654 1e-06 0
4-7-0-0-1-1-0-4-3-5-0-0-1-1-0 15794415 0.036536 0.033148 1e-06 0
4-7-0-0-1-1-0-4-3-5-0-2-2-3-0 15794372 0.058757 0.054061 0 0
4-7-0-0-1-1-0-4-3-5-0-4-3-5-0 15792180 0.059599 0.055696 1e-06 0
4-7-0-0-1-1-0-4-3-5-0-6-4-7-0 15794415 0.217951 0.212576 1e-06 0
4-7-0-0-1-1-0-6-4-7-0-0-1-1-0 15794415 0.189156 0.186524 1e-06 0
4-7-0-0-1-1-0-6-4-7-0-2-2-3-0 15794415 0.129755 0.126997 1e-06 0
4-7-0-0-1-1-0-6-4-7-0-4-3-5-0 15794415 0.175631 0.170879 1e-06 0
4-7-0-0-1-1-0-6-4-7-0-6-4-7-0 15794415 0.200792 0.198112 1e-06 0
4-7-0-2-2-3-0-0-1-1-0-0-1-1-0 15794415 0.015055 0.012384 1e-06 0
4-7-0-2-2-3-0-0-1-1-0-2-2-3-0 15794415 0.012589 0.010482 1e-06 0
4-7-0-2-2-3-0-0-1-1-0-4-3-5-0 15794415 0.033895 0.031036 1e-06 0
4-7-0-2-2-3-0-0-1-1-0-6-4-7-0 15794415 0.028815 0.026076 0 0
4-7-0-2-2-3-0-2-2-3-0-0-1-1-0 15794415 0.0105 0.00841 1e-06 0
4-7-0-2-2-3-0-2-2-3-0-2-2-3-0 10219172 0.010216 0.007907 0 0
4-7-0-2-2-3-0-2-2-3-0-4-3-5-0 15662521 0.030027 0.027444 1e-06 0
4-7-0-2-2-3-0-2-2-3-0-6-4-7-0 15792946 0.14096 0.137661 1e-06 0
4-7-0-2-2-3-0-4-3-5-0-0-1-1-0 15794415 0.410498 0.390463 0 0
4-7-0-2-2-3-0-4-3-5-0-2-2-3-0 15794338 0.057595 0.045672 1e-06 0
4-7-0-2-2-3-0-4-3-5-0-4-3-5-0 15743848 0.430711 0.413325 1e-06 0
4-7-0-2-2-3-0-4-3-5-0-6-4-7-0 15794415 0.172695 0.160533 0 0
4-7-0-2-2-3-0-6-4-7-0-0-1-1-0 15794415 0.186067 0.183723 1e-06 0
4-7-0-2-2-3-0-6-4-7-0-2-2-3-0 15794414 0.127035 0.123971 1e-06 0
4-7-0-2-2-3-0-6-4-7-0-4-3-5-0 15794371 0.173405 0.167766 2e-06 0
4-7-0-2-2-3-0-6-4-7-0-6-4-7-0 15794415 0.1994 0.196363 2e-06 0
4-7-0-4-3-5-0-0-1-1-0-0-1-1-0 15758734 0.027004 0.022495 1e-06 0
4-7-0-4-3-5-0-0-1-1-0-2-2-3-0 15794374 0.025105 0.021045 1e-06 0
4-7-0-4-3-5-0-0-1-1-0-4-3-5-0 15784512 0.045398 0.040866 0 0
4-7-0-4-3-5-0-0-1-1-0-6-4-7-0 15794415 0.041116 0.036695 1e-06 0
4-7-0-4-3-5-0-2-2-3-0-0-1-1-0 15794415 0.018686 0.013934 1e-06 0
4-7-0-4-3-5-0-2-2-3-0-2-2-3-0 15752999 0.019511 0.014642 1e-06 0
4-7-0-4-3-5-0-2-2-3-0-4-3-5-0 15793767 0.306629 0.298862 1e-06 0
4-7-0-4-3-5-0-2-2-3-0-6-4-7-0 15794415 0.029141 0.024087 1e-06 0
4-7-0-4-3-5-0-4-3-5-0-0-1-1-0 15794415 0.047148 0.042514 1e-06 0
4-7-0-4-3-5-0-4-3-5-0-2-2-3-0 15794351 0.047508 0.040494 1e-06 0
4-7-0-4-3-5-0-4-3-5-0-4-3-5-0 15614461 0.072746 0.066968 1e-06 0
4-7-0-4-3-5-0-4-3-5-0-6-4-7-0 15794415 0.034048 0.027774 0 0
4-7-0-4-3-5-0-6-4-7-0-0-1-1-0 15794415 0.186489 0.182361 1e-06 0
4-7-0-4-3-5-0-6-4-7-0-2-2-3-0 15794415 0.128149 0.122954 1e-06 0
4-7-0-4-3-5-0-6-4-7-0-4-3-5-0 15794412 0.173502 0.166279 1e-06 0
4-7-0-4-3-5-0-6-4-7-0-6-4-7-0 15794415 0.196934 0.192472 3e-06 0
4-7-0-6-4-7-0-0-1-1-0-0-1-1-0 15794415 0.178206 0.174613 3e-06 0
4-7-0-6-4-7-0-0-1-1-0-2-2-3-0 15794415 0.179588 0.176624 2e-06 0
4-7-0-6-4-7-0-0-1-1-0-4-3-5-0 15794415 0.199312 0.195093 1e-06 0
4-7-0-6-4-7-0-0-1-1-0-6-4-7-0 15794415 0.195083 0.191739 1e-06 0
4-7-0-6-4-7-0-2-2-3-0-0-1-1-0 15794415 0.177114 0.174097 1e-06 0
4-7-0-6-4-7-0-2-2-3-0-2-2-3-0 15792398 0.115899 0.113176 2e-06 0
4-7-0-6-4-7-0-2-2-3-0-4-3-5-0 15794397 2.75867 2.58898 1e-06 0
4-7-0-6-4-7-0-2-2-3-0-6-4-7-0 15794415 0.210052 0.206802 2e-06 0
4-7-0-6-4-7-0-4-3-5-0-0-1-1-0 15794415 0.240843 0.203388 1e-06 0
4-7-0-6-4-7-0-4-3-5-0-2-2-3-0 15794413 0.208917 0.194196 1e-06 0
4-7-0-6-4-7-0-4-3-5-0-4-3-5-0 15792097 0.225997 0.219417 1e-06 0
4-7-0-6-4-7-0-4-3-5-0-6-4-7-0 15794415 0.20715 0.201876 1e-06 0
4-7-0-6-4-7-0-6-4-7-0-0-1-1-0 15794415 0.372015 0.369506 3e-06 0
4-7-0-6-4-7-0-6-4-7-0-2-2-3-0 15794415 0.2978 0.294432 3e-06 0
4-7-0-6-4-7-0-6-4-7-0-4-3-5-0 15794415 0.357726 0.353117 2e-06 0
4-7-0-6-4-7-0-6-4-7-0-6-4-7-0 15794415 0.377938 0.374891 2e-06 0
