0-0-1-1-0 197321793 0.557934 0.556336 0 0
0-2-2-3-0 13786567 0.00443 0.002629 0 0
0-4-3-5-0 4316287 0.004322 0.003513 0 0
0-6-4-7-0 44408829 0.012593 0.011895 0 0
1-1-0-0-1 8 0.000701 0.0002 0 0
1-1-0-2-2 2501 0.000789 0.000319 1e-06 0
1-1-0-4-3 12415 0.001233 0.000714 0 0
1-1-0-6-4 3588 0.001159 0.00064 0 0
2-3-0-0-1 2501 0.000726 0.000145 0 0
2-3-0-2-2 402 0.000805 0.000137 0 0
2-3-0-4-3 58197 0.000976 0.000342 0 0
2-3-0-6-4 49523 0.00093 0.000255 1e-06 0
3-5-0-0-1 12415 0.001107 0.000289 0 0
3-5-0-2-2 58197 0.001009 0.000312 0 0
3-5-0-4-3 3669643 0.002945 0.002219 1e-06 0
3-5-0-6-4 1623543 0.002751 0.001923 0 0
4-7-0-0-1 3588 0.000714 0.000159 1e-06 0
4-7-0-2-2 49523 0.000701 0.000179 0 0
4-7-0-4-3 1623543 0.001957 0.001401 1e-06 0
4-7-0-6-4 200839 0.001473 0.000937 0 0
