0-0-1-1-0-0-1-1-0 197321793 1.7201 1.71586 1e-06 0
0-0-1-1-0-2-2-3-0 1180774212 2.834 2.82995 1e-06 0
0-0-1-1-0-4-3-5-0 612621062 0.222356 0.11263 0 0
0-0-1-1-0-6-4-7-0 1204757174 1.17477 1.16969 1e-06 0
0-2-2-3-0-0-1-1-0 1180774212 1.15852 1.15604 1e-06 0
0-2-2-3-0-2-2-3-0 13786567 0.022085 0.017582 0 0
0-2-2-3-0-4-3-5-0 449954072 0.341552 0.313899 1e-06 0
0-2-2-3-0-6-4-7-0 983207857 0.618906 0.608599 1e-06 0
0-4-3-5-0-0-1-1-0 612621062 0.852451 0.824643 0 0
0-4-3-5-0-2-2-3-0 449954072 0.200714 0.118694 1e-06 0
0-4-3-5-0-4-3-5-0 547588523 0.266073 0.250092 0 0
0-4-3-5-0-6-4-7-0 1111476579 0.972916 0.943605 1e-06 0
0-6-4-7-0-0-1-1-0 1204757174 1.29139 1.28791 1e-06 0
0-6-4-7-0-2-2-3-0 983207857 0.566124 0.559516 0 0
0-6-4-7-0-4-3-5-0 1111476579 1.18109 1.16836 1e-06 0
0-6-4-7-0-6-4-7-0 1204754523 0.846394 0.842966 0 0
1-1-0-0-1-1-0-0-1 8 0.002407 0.001022 1e-06 0
1-1-0-0-1-1-0-2-2 2501 0.019122 0.016359 0 0
1-1-0-0-1-1-0-4-3 12415 0.200397 0.184618 1e-06 0
1-1-0-0-1-1-0-6-4 3588 0.023933 0.018728 1e-06 0
1-1-0-2-2-3-0-0-1 64 0.002455 0.00074 0 0
1-1-0-2-2-3-0-2-2 2501 0.004634 0.002457 1e-06 0
1-1-0-2-2-3-0-4-3 60416 0.114371 0.040887 0 0
1-1-0-2-2-3-0-6-4 3640 0.029464 0.01429 1e-06 0
1-1-0-4-3-5-0-0-1 64 0.05238 0.009747 1e-06 0
1-1-0-4-3-5-0-2-2 3046 0.036527 0.011236 0 0
1-1-0-4-3-5-0-4-3 55228 0.031349 0.011956 1e-06 0
1-1-0-4-3-5-0-6-4 3629 0.049012 0.026179 0 0
1-1-0-6-4-7-0-0-1 64 0.002641 0.00108 1e-06 0
1-1-0-6-4-7-0-2-2 3216 0.024903 0.00971 0 0
1-1-0-6-4-7-0-4-3 60964 0.053382 0.04925 1e-06 0
1-1-0-6-4-7-0-6-4 3640 0.024532 0.020482 1e-06 0
2-3-0-0-1-1-0-0-1 2501 0.008182 0.005969 1e-06 0
2-3-0-0-1-1-0-2-2 158938 0.008325 0.006026 1e-06 0
2-3-0-0-1-1-0-4-3 2652152 0.003443 0.002006 1e-06 0
2-3-0-0-1-1-0-6-4 182777 0.010123 0.007175 0 0
2-3-0-2-2-3-0-0-1 2501 0.002966 0.000724 0 0
2-3-0-2-2-3-0-2-2 402 0.00604 0.003786 0 0
2-3-0-2-2-3-0-4-3 58197 0.002827 0.001087 0 0
2-3-0-2-2-3-0-6-4 49523 0.017656 0.006186 1e-06 0
2-3-0-4-3-5-0-0-1 3046 0.007053 0.003282 1e-06 0
2-3-0-4-3-5-0-2-2 104040 0.02226 0.007606 0 0
2-3-0-4-3-5-0-4-3 2000819 0.012315 0.009472 1e-06 0
2-3-0-4-3-5-0-6-4 180031 0.013691 0.00918 0 0
2-3-0-6-4-7-0-0-1 3216 0.009563 0.006547 0 0
2-3-0-6-4-7-0-2-2 142912 0.008512 0.005892 1e-06 0
2-3-0-6-4-7-0-4-3 2742607 0.016028 0.013367 1e-06 0
2-3-0-6-4-7-0-6-4 182627 0.012251 0.009134 0 0
3-5-0-0-1-1-0-0-1 12415 0.103719 0.093048 1e-06 0
3-5-0-0-1-1-0-2-2 2652152 0.004077 0.001805 0 0
3-5-0-0-1-1-0-4-3 21692253 0.041017 0.036483 1e-06 0
3-5-0-0-1-1-0-6-4 3441023 0.01264 0.009868 1e-06 0
3-5-0-2-2-3-0-0-1 60416 0.009425 0.005775 1e-06 0
3-5-0-2-2-3-0-2-2 58197 0.003744 0.000836 0 0
3-5-0-2-2-3-0-4-3 19843901 0.043861 0.029154 0 0
3-5-0-2-2-3-0-6-4 3124458 0.011519 0.007757 0 0
3-5-0-4-3-5-0-0-1 55228 0.042694 0.038204 0 0
3-5-0-4-3-5-0-2-2 2000819 0.017176 0.008589 1e-06 0
3-5-0-4-3-5-0-4-3 39593037 0.049488 0.044392 0 0
3-5-0-4-3-5-0-6-4 3251114 0.01829 0.012973 0 0
3-5-0-6-4-7-0-0-1 60964 0.027317 0.023097 1e-06 0
3-5-0-6-4-7-0-2-2 2742607 0.013529 0.010226 1e-06 0
3-5-0-6-4-7-0-4-3 52976979 0.238679 0.229952 0 0
3-5-0-6-4-7-0-6-4 3462094 0.020168 0.011889 0 0
4-7-0-0-1-1-0-0-1 3588 0.010919 0.007808 0 0
4-7-0-0-1-1-0-2-2 182777 0.009114 0.006842 1e-06 0
4-7-0-0-1-1-0-4-3 3441023 0.017363 0.014695 0 0
4-7-0-0-1-1-0-6-4 207025 0.015853 0.013612 0 0
4-7-0-2-2-3-0-0-1 3640 0.007503 0.004913 1e-06 0
4-7-0-2-2-3-0-2-2 49523 0.006802 0.004251 1e-06 0
4-7-0-2-2-3-0-4-3 3124458 0.013644 0.011363 0 0
4-7-0-2-2-3-0-6-4 206833 0.013777 0.011105 1e-06 0
4-7-0-4-3-5-0-0-1 3629 0.020491 0.01568 0 0
4-7-0-4-3-5-0-2-2 180031 0.02058 0.007923 0 0
4-7-0-4-3-5-0-4-3 3251114 0.030849 0.025306 0 0
4-7-0-4-3-5-0-6-4 206991 0.013945 0.009768 0 0
4-7-0-6-4-7-0-0-1 3640 0.016763 0.013831 1e-06 0
4-7-0-6-4-7-0-2-2 182627 0.016205 0.013701 1e-06 0
4-7-0-6-4-7-0-4-3 3462094 0.027126 0.02465 0 0
4-7-0-6-4-7-0-6-4 207023 0.012866 0.01002 1e-06 0
