0-0-1-1-0-0-1-1-0-0-1 34713 1.57976 1.572 1e-06 0
0-0-1-1-0-0-1-1-0-2-2 11426723 0.017701 0.012603 1e-06 0
0-0-1-1-0-0-1-1-0-4-3 66667832 0.150283 0.146492 1e-06 0
0-0-1-1-0-0-1-1-0-6-4 15626706 0.018588 0.014051 1e-06 0
0-0-1-1-0-2-2-3-0-0-1 277704 0.793478 0.696945 1e-06 0
0-0-1-1-0-2-2-3-0-2-2 11426723 0.036572 0.033628 2e-06 0
0-0-1-1-0-2-2-3-0-4-3 262992233 1.08638 1.07929 1e-06 0
0-0-1-1-0-2-2-3-0-6-4 15794415 0.037361 0.020476 1e-06 0
0-0-1-1-0-4-3-5-0-0-1 277704 0.014707 0.008747 1e-06 0
0-0-1-1-0-4-3-5-0-2-2 13373259 0.053312 0.013106 1e-06 0
0-0-1-1-0-4-3-5-0-4-3 242448037 0.060913 0.040492 1e-06 0
0-0-1-1-0-4-3-5-0-6-4 15758734 0.019486 0.014067 0 0
0-0-1-1-0-6-4-7-0-0-1 277704 1.03545 0.813114 1e-06 0
0-0-1-1-0-6-4-7-0-2-2 13954626 0.052549 0.048124 0 0
0-0-1-1-0-6-4-7-0-4-3 264536355 1.72014 1.70587 1e-06 0
0-0-1-1-0-6-4-7-0-6-4 15794415 0.031975 0.02591 1e-06 0
0-2-2-3-0-0-1-1-0-0-1 269979 0.50482 0.432357 1e-06 0
0-2-2-3-0-0-1-1-0-2-2 13942082 0.051202 0.026098 1e-06 0
0-2-2-3-0-0-1-1-0-4-3 261068775 0.031969 0.02984 1e-06 0
0-2-2-3-0-0-1-1-0-6-4 15794087 0.009333 0.007178 1e-06 0
0-2-2-3-0-2-2-3-0-0-1 269979 0.022525 0.004481 0 0
0-2-2-3-0-2-2-3-0-2-2 34713 0.004806 0.002042 1e-06 0
0-2-2-3-0-2-2-3-0-4-3 18178411 0.028568 0.016602 1e-06 0
0-2-2-3-0-2-2-3-0-6-4 10219172 0.034874 0.00661 1e-06 0
0-2-2-3-0-4-3-5-0-0-1 277212 0.044259 0.027455 0 0
0-2-2-3-0-4-3-5-0-2-2 12401496 0.021205 0.008591 1e-06 0
0-2-2-3-0-4-3-5-0-4-3 223199128 0.459763 0.455335 1e-06 0
0-2-2-3-0-4-3-5-0-6-4 15752999 0.011992 0.008588 0 0
0-2-2-3-0-6-4-7-0-0-1 277704 0.654599 0.619492 0 0
0-2-2-3-0-6-4-7-0-2-2 13689497 0.09315 0.037331 1e-06 0
0-2-2-3-0-6-4-7-0-4-3 258664239 1.35483 1.34766 0 0
0-2-2-3-0-6-4-7-0-6-4 15792398 0.037948 0.017713 1e-06 0
0-4-3-5-0-0-1-1-0-0-1 125547 0.920082 0.89854 0 0
0-4-3-5-0-0-1-1-0-2-2 13103489 0.10659 0.047956 1e-06 0
0-4-3-5-0-0-1-1-0-4-3 159103520 0.054034 0.04862 1e-06 0
0-4-3-5-0-0-1-1-0-6-4 15740985 0.023322 0.012264 1e-06 0
0-4-3-5-0-2-2-3-0-0-1 277597 0.133812 0.121782 1e-06 0
0-4-3-5-0-2-2-3-0-2-2 1807215 0.023115 0.007575 0 0
0-4-3-5-0-2-2-3-0-4-3 186718068 0.442137 0.428205 1e-06 0
0-4-3-5-0-2-2-3-0-6-4 15662521 0.031849 0.010803 1e-06 0
0-4-3-5-0-4-3-5-0-0-1 273654 0.034517 0.031049 1e-06 0
0-4-3-5-0-4-3-5-0-2-2 12620533 0.043604 0.02742 1e-06 0
0-4-3-5-0-4-3-5-0-4-3 228319167 0.078238 0.073942 1e-06 0
0-4-3-5-0-4-3-5-0-6-4 15556071 0.018609 0.014104 1e-06 0
0-4-3-5-0-6-4-7-0-0-1 277700 0.760844 0.698474 1e-06 0
0-4-3-5-0-6-4-7-0-2-2 13721768 0.122978 0.049373 0 0
0-4-3-5-0-6-4-7-0-4-3 260634304 1.41514 1.39763 1e-06 0
0-4-3-5-0-6-4-7-0-6-4 15790892 0.060139 0.013829 1e-06 0
0-6-4-7-0-0-1-1-0-0-1 277619 0.542407 0.456956 0 0
0-6-4-7-0-0-1-1-0-2-2 13954551 0.045182 0.036208 1e-06 0
0-6-4-7-0-0-1-1-0-4-3 264520476 0.062078 0.05577 1e-06 0
0-6-4-7-0-0-1-1-0-6-4 15794415 0.015594 0.013727 0 0
0-6-4-7-0-2-2-3-0-0-1 277704 0.347727 0.316098 0 0
0-6-4-7-0-2-2-3-0-2-2 6345795 0.015682 0.011519 0 0
0-6-4-7-0-2-2-3-0-4-3 254483838 0.909808 0.903343 1e-06 0
0-6-4-7-0-2-2-3-0-6-4 15792946 0.019393 0.015863 2e-06 0
0-6-4-7-0-4-3-5-0-0-1 277701 0.047174 0.014391 1e-06 0
0-6-4-7-0-4-3-5-0-2-2 13891951 0.906854 0.855874 1e-06 0
0-6-4-7-0-4-3-5-0-4-3 251652169 0.104263 0.071721 1e-06 0
0-6-4-7-0-4-3-5-0-6-4 15794346 0.024664 0.011882 1e-06 0
0-6-4-7-0-6-4-7-0-0-1 277704 0.704519 0.523981 0 0
0-6-4-7-0-6-4-7-0-2-2 13954431 0.0353 0.025153 1e-06 0
0-6-4-7-0-6-4-7-0-4-3 264542228 1.3142 1.30117 0 0
0-6-4-7-0-6-4-7-0-6-4 15794414 0.019919 0.016134 0 0
1-1-0-0-1-1-0-0-1-1-0 34713 0.298692 0.290273 0 0
1-1-0-0-1-1-0-2-2-3-0 269979 0.881402 0.717306 1e-06 0
1-1-0-0-1-1-0-4-3-5-0 125547 0.587385 0.529849 1e-06 0
1-1-0-0-1-1-0-6-4-7-0 277619 1.09868 0.911699 0 0
1-1-0-2-2-3-0-0-1-1-0 277704 0.796194 0.655319 1e-06 0
1-1-0-2-2-3-0-2-2-3-0 269979 0.053156 0.016543 2e-06 0
1-1-0-2-2-3-0-4-3-5-0 277597 0.431518 0.390092 1e-06 0
1-1-0-2-2-3-0-6-4-7-0 277704 0.756445 0.68991 1e-06 0
1-1-0-4-3-5-0-0-1-1-0 277704 1.09159 1.05079 0 0
1-1-0-4-3-5-0-2-2-3-0 277212 0.274833 0.21903 1e-06 0
1-1-0-4-3-5-0-4-3-5-0 273654 0.334008 0.31322 0 0
1-1-0-4-3-5-0-6-4-7-0 277701 1.17839 1.04219 1e-06 0
1-1-0-6-4-7-0-0-1-1-0 277704 1.01068 0.788163 1e-06 0
1-1-0-6-4-7-0-2-2-3-0 277704 0.609609 0.537835 2e-06 0
1-1-0-6-4-7-0-4-3-5-0 277700 1.26552 1.05418 0 0
1-1-0-6-4-7-0-6-4-7-0 277704 0.946085 0.735401 2e-06 0
2-3-0-0-1-1-0-0-1-1-0 11426723 0.021207 0.010792 1e-06 0
2-3-0-0-1-1-0-2-2-3-0 13942082 0.009464 0.007056 1e-06 0
2-3-0-0-1-1-0-4-3-5-0 13103489 0.012442 0.010406 1e-06 0
2-3-0-0-1-1-0-6-4-7-0 13954551 0.015498 0.012919 1e-06 0
2-3-0-2-2-3-0-0-1-1-0 11426723 0.004307 0.002923 1e-06 0
2-3-0-2-2-3-0-2-2-3-0 34713 0.002348 0.000906 1e-06 0
2-3-0-2-2-3-0-4-3-5-0 1807215 0.00468 0.00204 1e-06 0
2-3-0-2-2-3-0-6-4-7-0 6345795 0.035438 0.008465 0 0
2-3-0-4-3-5-0-0-1-1-0 13373259 0.006426 0.003674 1e-06 0
2-3-0-4-3-5-0-2-2-3-0 12401496 0.042043 0.00726 1e-06 0
2-3-0-4-3-5-0-4-3-5-0 12620533 0.057809 0.023297 0 0
2-3-0-4-3-5-0-6-4-7-0 13891951 0.019705 0.016293 1e-06 0
2-3-0-6-4-7-0-0-1-1-0 13954626 0.052838 0.051525 0 0
2-3-0-6-4-7-0-2-2-3-0 13689497 0.035079 0.032933 1e-06 0
2-3-0-6-4-7-0-4-3-5-0 13721768 0.058662 0.049624 1e-06 0
2-3-0-6-4-7-0-6-4-7-0 13954431 0.053282 0.0513 1e-06 0
3-5-0-0-1-1-0-0-1-1-0 66667832 0.151867 0.147408 1e-06 0
3-5-0-0-1-1-0-2-2-3-0 261068775 0.033037 0.031437 1e-06 0
3-5-0-0-1-1-0-4-3-5-0 159103520 0.034403 0.027573 1e-06 0
3-5-0-0-1-1-0-6-4-7-0 264520476 0.133939 0.131085 1e-06 0
3-5-0-2-2-3-0-0-1-1-0 262992233 0.473367 0.469751 1e-06 0
3-5-0-2-2-3-0-2-2-3-0 18178411 0.034154 0.017971 1e-06 0
3-5-0-2-2-3-0-4-3-5-0 186718068 0.140037 0.12767 1e-06 0
3-5-0-2-2-3-0-6-4-7-0 254483838 0.140364 0.128026 1e-06 0
3-5-0-4-3-5-0-0-1-1-0 242448037 0.913719 0.909259 1e-06 0
3-5-0-4-3-5-0-2-2-3-0 223199128 0.217648 0.194738 2e-06 0
3-5-0-4-3-5-0-4-3-5-0 228319167 0.964698 0.95762 1e-06 0
3-5-0-4-3-5-0-6-4-7-0 251652169 0.138275 0.126697 1e-06 0
3-5-0-6-4-7-0-0-1-1-0 264536355 1.10521 1.1026 1e-06 0
3-5-0-6-4-7-0-2-2-3-0 258664239 0.653069 0.650091 0 0
3-5-0-6-4-7-0-4-3-5-0 260634304 0.804698 0.791819 1e-06 0
3-5-0-6-4-7-0-6-4-7-0 264542228 0.948056 0.938835 0 0
4-7-0-0-1-1-0-0-1-1-0 15626706 0.014111 0.005287 1e-06 0
4-7-0-0-1-1-0-2-2-3-0 15794087 0.005845 0.004729 1e-06 0
4-7-0-0-1-1-0-4-3-5-0 15740985 0.01988 0.017526 0 0
4-7-0-0-1-1-0-6-4-7-0 15794415 0.017569 0.015772 0 0
4-7-0-2-2-3-0-0-1-1-0 15794415 0.005198 0.003749 1e-06 0
4-7-0-2-2-3-0-2-2-3-0 10219172 0.004522 0.003216 1e-06 0
4-7-0-2-2-3-0-4-3-5-0 15662521 0.269901 0.257105 1e-06 0
4-7-0-2-2-3-0-6-4-7-0 15792946 0.025378 0.018796 1e-06 0
4-7-0-4-3-5-0-0-1-1-0 15758734 0.016985 0.011453 1e-06 0
4-7-0-4-3-5-0-2-2-3-0 15752999 0.014739 0.006625 1e-06 0
4-7-0-4-3-5-0-4-3-5-0 15556071 0.030284 0.025653 1e-06 0
4-7-0-4-3-5-0-6-4-7-0 15794346 0.016457 0.013463 0 0
4-7-0-6-4-7-0-0-1-1-0 15794415 0.11649 0.115201 1e-06 0
4-7-0-6-4-7-0-2-2-3-0 15792398 0.077906 0.076567 1e-06 0
4-7-0-6-4-7-0-4-3-5-0 15790892 0.104793 0.102094 0 0
4-7-0-6-4-7-0-6-4-7-0 15794414 0.117776 0.116297 1e-06 0
