0-0-1-1-0-0-1-1-0-0-1 34713 0.011198 0.000684 1e-06 0.004389
0-0-1-1-0-0-1-1-0-2-2 11426723 0.084415 0.051587 0 0.003673
0-0-1-1-0-0-1-1-0-4-3 66667832 0.383615 0.223319 1e-06 0.002539
0-0-1-1-0-0-1-1-0-6-4 15626706 0.03702 0.003084 1e-06 0.001848
0-0-1-1-0-2-2-3-0-0-1 277704 0.006434 0.000478 1e-06 0.001184
0-0-1-1-0-2-2-3-0-2-2 11426723 0.027545 0.002134 1e-06 0.001052
0-0-1-1-0-2-2-3-0-4-3 262992233 0.901111 0.4505 1e-06 0.001445
0-0-1-1-0-2-2-3-0-6-4 15794415 0.038562 0.00315 0 0.00382
0-0-1-1-0-4-3-5-0-0-1 277704 0.007029 0.000816 1e-06 0.001342
0-0-1-1-0-4-3-5-0-2-2 13373259 0.031735 0.003074 1e-06 0.00113
0-0-1-1-0-4-3-5-0-4-3 242448037 0.472894 0.064454 1e-06 0.001443
0-0-1-1-0-4-3-5-0-6-4 15758734 0.038383 0.005179 1e-06 0.001226
0-0-1-1-0-6-4-7-0-0-1 277704 0.006621 0.000738 1e-06 0.001239
0-0-1-1-0-6-4-7-0-2-2 13954626 0.032834 0.003197 0 0.001125
0-0-1-1-0-6-4-7-0-4-3 264536355 0.798028 0.077279 1e-06 0.001356
0-0-1-1-0-6-4-7-0-6-4 15794415 0.038741 0.005041 1e-06 0.001461
0-2-2-3-0-0-1-1-0-0-1 269979 0.005529 0.000475 1e-06 0.001511
0-2-2-3-0-0-1-1-0-2-2 13942082 0.030838 0.002616 1e-06 0.001126
0-2-2-3-0-0-1-1-0-4-3 261068775 0.522569 0.073886 1e-06 0.001342
0-2-2-3-0-0-1-1-0-6-4 15794087 0.03846 0.003475 1e-06 0.001466
0-2-2-3-0-2-2-3-0-0-1 269979 0.005895 0.000469 1e-06 0.001399
0-2-2-3-0-2-2-3-0-2-2 34713 0.005293 0.000393 0 0.001169
0-2-2-3-0-2-2-3-0-4-3 18178411 0.039758 0.00283 1e-06 0.001122
0-2-2-3-0-2-2-3-0-6-4 10219172 0.027123 0.002241 1e-06 0.001429
0-2-2-3-0-4-3-5-0-0-1 277212 0.008936 0.000808 1e-06 0.001764
0-2-2-3-0-4-3-5-0-2-2 12401496 0.03109 0.00267 0 0.001243
0-2-2-3-0-4-3-5-0-4-3 223199128 0.428621 0.047135 0 0.0015
0-2-2-3-0-4-3-5-0-6-4 15752999 0.05027 0.005624 1e-06 0.001624
0-2-2-3-0-6-4-7-0-0-1 277704 0.007042 0.000684 1e-06 0.001332
0-2-2-3-0-6-4-7-0-2-2 13689497 0.032662 0.002831 1e-06 0.001268
0-2-2-3-0-6-4-7-0-4-3 258664239 0.481105 0.057191 1e-06 0.001466
0-2-2-3-0-6-4-7-0-6-4 15792398 0.041051 0.00465 0 0.001396
0-4-3-5-0-0-1-1-0-0-1 125547 0.008802 0.000576 1e-06 0.001554
0-4-3-5-0-0-1-1-0-2-2 13103489 0.034981 0.003525 0 0.001216
0-4-3-5-0-0-1-1-0-4-3 159103520 0.283589 0.026618 1e-06 0.001281
0-4-3-5-0-0-1-1-0-6-4 15740985 0.041651 0.004186 0 0.001432
0-4-3-5-0-2-2-3-0-0-1 277597 0.009066 0.000617 0 0.001349
0-4-3-5-0-2-2-3-0-2-2 1807215 0.015759 0.001178 2e-06 0.001248
0-4-3-5-0-2-2-3-0-4-3 186718068 0.361678 0.059273 1e-06 0.001282
0-4-3-5-0-2-2-3-0-6-4 15662521 0.058346 0.005079 1e-06 0.001626
0-4-3-5-0-4-3-5-0-0-1 273654 0.015291 0.000848 0 0.004193
0-4-3-5-0-4-3-5-0-2-2 12620533 0.049386 0.005451 0 0.001235
0-4-3-5-0-4-3-5-0-4-3 228319167 0.64999 0.163663 2e-06 0.001582
0-4-3-5-0-4-3-5-0-6-4 15556071 0.099653 0.044847 1e-06 0.001454
0-4-3-5-0-6-4-7-0-0-1 277700 0.008996 0.000852 0 0.001398
0-4-3-5-0-6-4-7-0-2-2 13721768 0.045878 0.01105 0 0.001301
0-4-3-5-0-6-4-7-0-4-3 260634304 1.8765 1.24713 0 0.001367
0-4-3-5-0-6-4-7-0-6-4 15790892 0.067327 0.025901 0 0.001818
0-6-4-7-0-0-1-1-0-0-1 277619 0.006608 0.000518 0 0.001629
0-6-4-7-0-0-1-1-0-2-2 13954551 0.033645 0.003826 1e-06 0.001554
0-6-4-7-0-0-1-1-0-4-3 264520476 0.461584 0.053476 0 0.001365
0-6-4-7-0-0-1-1-0-6-4 15794415 0.040235 0.005063 1e-06 0.001948
0-6-4-7-0-2-2-3-0-0-1 277704 0.00738 0.000705 0 0.001367
0-6-4-7-0-2-2-3-0-2-2 6345795 0.021123 0.002445 0 0.001297
0-6-4-7-0-2-2-3-0-4-3 254483838 0.44745 0.049291 1e-06 0.001321
0-6-4-7-0-2-2-3-0-6-4 15792946 0.04078 0.004708 1e-06 0.001705
0-6-4-7-0-4-3-5-0-0-1 277701 0.00973 0.000883 0 0.001352
0-6-4-7-0-4-3-5-0-2-2 13891951 0.040537 0.005804 1e-06 0.001318
0-6-4-7-0-4-3-5-0-4-3 251652169 0.487987 0.083627 1e-06 0.001479
0-6-4-7-0-4-3-5-0-6-4 15794346 0.062434 0.022149 0 0.001656
0-6-4-7-0-6-4-7-0-0-1 277704 0.008704 0.001269 1e-06 0.001347
0-6-4-7-0-6-4-7-0-2-2 13954431 0.03732 0.004913 1e-06 0.00129
0-6-4-7-0-6-4-7-0-4-3 264542228 0.484917 0.073005 0 0.001384
0-6-4-7-0-6-4-7-0-6-4 15794414 0.044807 0.007667 0 0.001488
1-1-0-0-1-1-0-0-1-1-0 34713 0.00598 0.00045 1e-06 0.002439
1-1-0-0-1-1-0-2-2-3-0 269979 0.005403 0.000782 1e-06 0.001621
1-1-0-0-1-1-0-4-3-5-0 125547 0.006967 0.001498 1e-06 0.001531
1-1-0-0-1-1-0-6-4-7-0 277619 0.007164 0.001695 0 0.001534
1-1-0-2-2-3-0-0-1-1-0 277704 0.004943 0.000722 0 0.000914
1-1-0-2-2-3-0-2-2-3-0 269979 0.005635 0.000867 1e-06 0.000947
1-1-0-2-2-3-0-4-3-5-0 277597 0.007741 0.002019 1e-06 0.000961
1-1-0-2-2-3-0-6-4-7-0 277704 0.006933 0.001667 0 0.000975
1-1-0-4-3-5-0-0-1-1-0 277704 0.006689 0.00096 0 0.000977
1-1-0-4-3-5-0-2-2-3-0 277212 0.00757 0.001211 0 0.001034
1-1-0-4-3-5-0-4-3-5-0 273654 0.01047 0.003459 1e-06 0.001021
1-1-0-4-3-5-0-6-4-7-0 277701 0.008808 0.003059 1e-06 0.000996
1-1-0-6-4-7-0-0-1-1-0 277704 0.006339 0.000861 0 0.00102
1-1-0-6-4-7-0-2-2-3-0 277704 0.007346 0.001435 1e-06 0.001014
1-1-0-6-4-7-0-4-3-5-0 277700 0.011124 0.004414 0 0.001072
1-1-0-6-4-7-0-6-4-7-0 277704 0.008387 0.002596 1e-06 0.001057
2-3-0-0-1-1-0-0-1-1-0 11426723 0.027053 0.001377 1e-06 0.00163
2-3-0-0-1-1-0-2-2-3-0 13942082 0.031323 0.002 2e-06 0.0015
2-3-0-0-1-1-0-4-3-5-0 13103489 0.032368 0.003657 0 0.001194
2-3-0-0-1-1-0-6-4-7-0 13954551 0.036861 0.006752 0 0.001588
2-3-0-2-2-3-0-0-1-1-0 11426723 0.026043 0.00138 1e-06 0.001232
2-3-0-2-2-3-0-2-2-3-0 34713 0.00603 0.00047 0 0.001748
2-3-0-2-2-3-0-4-3-5-0 1807215 0.011484 0.001533 0 0.001233
2-3-0-2-2-3-0-6-4-7-0 6345795 0.019176 0.003089 1e-06 0.001143
2-3-0-4-3-5-0-0-1-1-0 13373259 0.031306 0.002038 1e-06 0.001247
2-3-0-4-3-5-0-2-2-3-0 12401496 0.029438 0.00188 1e-06 0.001298
2-3-0-4-3-5-0-4-3-5-0 12620533 0.041103 0.009379 2e-06 0.001653
2-3-0-4-3-5-0-6-4-7-0 13891951 0.041453 0.008864 0 0.001771
2-3-0-6-4-7-0-0-1-1-0 13954626 0.030819 0.001707 2e-06 0.001255
2-3-0-6-4-7-0-2-2-3-0 13689497 0.031434 0.00197 1e-06 0.001306
2-3-0-6-4-7-0-4-3-5-0 13721768 0.05306 0.014153 0 0.001291
2-3-0-6-4-7-0-6-4-7-0 13954431 0.037186 0.007268 1e-06 0.001258
3-5-0-0-1-1-0-0-1-1-0 66667832 0.117175 0.005977 0 0.001958
3-5-0-0-1-1-0-2-2-3-0 261068775 0.428498 0.029946 0 0.001266
3-5-0-0-1-1-0-4-3-5-0 159103520 0.266708 0.018283 1e-06 0.001379
3-5-0-0-1-1-0-6-4-7-0 264520476 0.451689 0.029238 1e-06 0.001479
3-5-0-2-2-3-0-0-1-1-0 262992233 0.426817 0.023388 2e-06 0.001539
3-5-0-2-2-3-0-2-2-3-0 18178411 0.041657 0.00227 1e-06 0.001556
3-5-0-2-2-3-0-4-3-5-0 186718068 0.332374 0.036226 0 0.003474
3-5-0-2-2-3-0-6-4-7-0 254483838 0.5016 0.103825 1e-06 0.001444
3-5-0-4-3-5-0-0-1-1-0 242448037 0.397049 0.022459 1e-06 0.001505
3-5-0-4-3-5-0-2-2-3-0 223199128 0.376486 0.022476 1e-06 0.00155
3-5-0-4-3-5-0-4-3-5-0 228319167 0.670805 0.231684 1e-06 0.001515
3-5-0-4-3-5-0-6-4-7-0 251652169 0.548007 0.145211 1e-06 0.001525
3-5-0-6-4-7-0-0-1-1-0 264536355 0.439951 0.023347 0 0.001343
3-5-0-6-4-7-0-2-2-3-0 258664239 0.448442 0.033583 1e-06 0.001482
3-5-0-6-4-7-0-4-3-5-0 260634304 1.88293 1.31779 0 0.001541
3-5-0-6-4-7-0-6-4-7-0 264542228 0.540382 0.132463 1e-06 0.001415
4-7-0-0-1-1-0-0-1-1-0 15626706 0.033681 0.002251 0 0.00215
4-7-0-0-1-1-0-2-2-3-0 15794087 0.032219 0.002133 0 0.001235
4-7-0-0-1-1-0-4-3-5-0 15740985 0.035084 0.00445 1e-06 0.001231
4-7-0-0-1-1-0-6-4-7-0 15794415 0.038336 0.007383 1e-06 0.001273
4-7-0-2-2-3-0-0-1-1-0 15794415 0.032598 0.00179 2e-06 0.001269
4-7-0-2-2-3-0-2-2-3-0 10219172 0.023314 0.001653 0 0.001345
4-7-0-2-2-3-0-4-3-5-0 15662521 0.047606 0.00968 0 0.001703
4-7-0-2-2-3-0-6-4-7-0 15792946 0.039262 0.007367 1e-06 0.00157
4-7-0-4-3-5-0-0-1-1-0 15758734 0.034046 0.002001 0 0.001314
4-7-0-4-3-5-0-2-2-3-0 15752999 0.03804 0.004107 1e-06 0.001342
4-7-0-4-3-5-0-4-3-5-0 15556071 0.096338 0.048304 1e-06 0.001368
4-7-0-4-3-5-0-6-4-7-0 15794346 0.058959 0.024095 1e-06 0.001564
4-7-0-6-4-7-0-0-1-1-0 15794415 0.032745 0.002306 1e-06 0.001293
4-7-0-6-4-7-0-2-2-3-0 15792398 0.033378 0.003084 0 0.001315
4-7-0-6-4-7-0-4-3-5-0 15790892 0.06324 0.028366 0 0.001355
4-7-0-6-4-7-0-6-4-7-0 15794414 0.041628 0.010347 1e-06 0.001346
