0-0-1-1-0-0-1-1-0-0-1-1-0-0-1 34713 0.016979 0.000561 1e-06 0.00914
0-0-1-1-0-0-1-1-0-0-1-1-0-2-2 11426723 0.084897 0.049161 1e-06 0.005811
0-0-1-1-0-0-1-1-0-0-1-1-0-4-3 66667832 0.349208 0.154591 0 0.004757
0-0-1-1-0-0-1-1-0-0-1-1-0-6-4 15626706 0.06241 0.005867 1e-06 0.004916
0-0-1-1-0-0-1-1-0-2-2-3-0-0-1 277704 0.012471 0.000911 1e-06 0.0034
0-0-1-1-0-0-1-1-0-2-2-3-0-2-2 11426723 0.04464 0.004725 1e-06 0.002846
0-0-1-1-0-0-1-1-0-2-2-3-0-4-3 262992233 1.0038 0.247371 1e-06 0.00278
0-0-1-1-0-0-1-1-0-2-2-3-0-6-4 15794415 0.051455 0.005274 1e-06 0.003171
0-0-1-1-0-0-1-1-0-4-3-5-0-0-1 277704 0.010786 0.001069 1e-06 0.002368
0-0-1-1-0-0-1-1-0-4-3-5-0-2-2 13373259 0.044261 0.005248 2e-06 0.002155
0-0-1-1-0-0-1-1-0-4-3-5-0-4-3 242448037 0.638516 0.080948 1e-06 0.006084
0-0-1-1-0-0-1-1-0-4-3-5-0-6-4 15758734 0.05201 0.0067 1e-06 0.002768
0-0-1-1-0-0-1-1-0-6-4-7-0-0-1 277704 0.009802 0.001088 1e-06 0.002433
0-0-1-1-0-0-1-1-0-6-4-7-0-2-2 13954626 0.043966 0.004791 0 0.002316
0-0-1-1-0-0-1-1-0-6-4-7-0-4-3 264536355 0.818118 0.089144 0 0.002604
0-0-1-1-0-0-1-1-0-6-4-7-0-6-4 15794415 0.042696 0.006298 1e-06 0.002887
0-0-1-1-0-2-2-3-0-0-1-1-0-0-1 277704 0.00808 0.00077 1e-06 0.00197
0-0-1-1-0-2-2-3-0-0-1-1-0-2-2 13954626 0.034794 0.004487 0 0.001424
0-0-1-1-0-2-2-3-0-0-1-1-0-4-3 264547773 0.553388 0.074459 1e-06 0.001842
0-0-1-1-0-2-2-3-0-0-1-1-0-6-4 15794415 0.040559 0.005645 1e-06 0.001887
0-0-1-1-0-2-2-3-0-2-2-3-0-0-1 277704 0.007348 0.000783 1e-06 0.001677
0-0-1-1-0-2-2-3-0-2-2-3-0-2-2 11426723 0.030109 0.004074 1e-06 0.001514
0-0-1-1-0-2-2-3-0-2-2-3-0-4-3 262992233 0.527032 0.088249 1e-06 0.001954
0-0-1-1-0-2-2-3-0-2-2-3-0-6-4 15794415 0.039635 0.005935 0 0.001825
0-0-1-1-0-2-2-3-0-4-3-5-0-0-1 277704 0.009346 0.001263 1e-06 0.001778
0-0-1-1-0-2-2-3-0-4-3-5-0-2-2 13954626 0.037284 0.005774 1e-06 0.001619
0-0-1-1-0-2-2-3-0-4-3-5-0-4-3 264272027 0.62993 0.07984 1e-06 0.001779
0-0-1-1-0-2-2-3-0-4-3-5-0-6-4 15794415 0.044509 0.007943 1e-06 0.001855
0-0-1-1-0-2-2-3-0-6-4-7-0-0-1 277704 0.008587 0.001046 1e-06 0.001747
0-0-1-1-0-2-2-3-0-6-4-7-0-2-2 13954626 0.038135 0.00508 0 0.001663
0-0-1-1-0-2-2-3-0-6-4-7-0-4-3 264547773 0.544354 0.084441 1e-06 0.00194
0-0-1-1-0-2-2-3-0-6-4-7-0-6-4 15794415 0.042954 0.007457 1e-06 0.001905
0-0-1-1-0-4-3-5-0-0-1-1-0-0-1 277704 0.009249 0.001185 0 0.00193
0-0-1-1-0-4-3-5-0-0-1-1-0-2-2 13954626 0.037178 0.005052 1e-06 0.001637
0-0-1-1-0-4-3-5-0-0-1-1-0-4-3 264547773 0.514809 0.074599 1e-06 0.001865
0-0-1-1-0-4-3-5-0-0-1-1-0-6-4 15794415 0.042013 0.005706 1e-06 0.00215
0-0-1-1-0-4-3-5-0-2-2-3-0-0-1 277704 0.009657 0.001398 1e-06 0.001785
0-0-1-1-0-4-3-5-0-2-2-3-0-2-2 13373259 0.035835 0.004963 1e-06 0.001634
0-0-1-1-0-4-3-5-0-2-2-3-0-4-3 264534436 0.513921 0.07351 0 0.001911
0-0-1-1-0-4-3-5-0-2-2-3-0-6-4 15794415 0.042804 0.006071 1e-06 0.00211
0-0-1-1-0-4-3-5-0-4-3-5-0-0-1 277704 0.012228 0.001871 0 0.001878
0-0-1-1-0-4-3-5-0-4-3-5-0-2-2 13954626 0.04759 0.007132 1e-06 0.001738
0-0-1-1-0-4-3-5-0-4-3-5-0-4-3 254851812 0.667089 0.069767 2e-06 0.001982
0-0-1-1-0-4-3-5-0-4-3-5-0-6-4 15794415 0.046385 0.009791 1e-06 0.002106
0-0-1-1-0-4-3-5-0-6-4-7-0-0-1 277704 0.011763 0.00263 1e-06 0.001827
0-0-1-1-0-4-3-5-0-6-4-7-0-2-2 13954626 0.03999 0.00689 1e-06 0.001689
0-0-1-1-0-4-3-5-0-6-4-7-0-4-3 264547773 0.515315 0.080584 1e-06 0.002132
0-0-1-1-0-4-3-5-0-6-4-7-0-6-4 15794415 0.045277 0.008112 0 0.001952
0-0-1-1-0-6-4-7-0-0-1-1-0-0-1 277704 0.00872 0.001039 1e-06 0.002009
0-0-1-1-0-6-4-7-0-0-1-1-0-2-2 13954626 0.037329 0.004951 1e-06 0.001626
0-0-1-1-0-6-4-7-0-0-1-1-0-4-3 264547773 0.808958 0.075881 0 0.00187
0-0-1-1-0-6-4-7-0-0-1-1-0-6-4 15794415 0.055732 0.005992 1e-06 0.004918
0-0-1-1-0-6-4-7-0-2-2-3-0-0-1 277704 0.011691 0.001635 1e-06 0.002252
0-0-1-1-0-6-4-7-0-2-2-3-0-2-2 13954626 0.048701 0.005323 1e-06 0.001988
0-0-1-1-0-6-4-7-0-2-2-3-0-4-3 264547773 0.792986 0.073053 1e-06 0.002208
0-0-1-1-0-6-4-7-0-2-2-3-0-6-4 15794415 0.068704 0.007828 1e-06 0.003752
0-0-1-1-0-6-4-7-0-4-3-5-0-0-1 277704 0.019452 0.002144 1e-06 0.003686
0-0-1-1-0-6-4-7-0-4-3-5-0-2-2 13954626 0.058607 0.008768 1e-06 0.002772
0-0-1-1-0-6-4-7-0-4-3-5-0-4-3 264536355 0.625341 0.076922 1e-06 0.002551
0-0-1-1-0-6-4-7-0-4-3-5-0-6-4 15794415 0.049294 0.009897 1e-06 0.0039
0-0-1-1-0-6-4-7-0-6-4-7-0-0-1 277704 0.012367 0.002416 1e-06 0.002009
0-0-1-1-0-6-4-7-0-6-4-7-0-2-2 13954626 0.038956 0.006333 1e-06 0.001745
0-0-1-1-0-6-4-7-0-6-4-7-0-4-3 264547773 0.503546 0.069484 1e-06 0.002093
0-0-1-1-0-6-4-7-0-6-4-7-0-6-4 15794415 0.045584 0.008355 0 0.001937
0-2-2-3-0-0-1-1-0-0-1-1-0-0-1 269979 0.008919 0.000642 1e-06 0.002704
0-2-2-3-0-0-1-1-0-0-1-1-0-2-2 13942082 0.036958 0.004898 0 0.002335
0-2-2-3-0-0-1-1-0-0-1-1-0-4-3 261068775 0.546849 0.11061 1e-06 0.002443
0-2-2-3-0-0-1-1-0-0-1-1-0-6-4 15794087 0.042082 0.00526 1e-06 0.002508
0-2-2-3-0-0-1-1-0-2-2-3-0-0-1 277704 0.008121 0.000784 1e-06 0.001666
0-2-2-3-0-0-1-1-0-2-2-3-0-2-2 13942082 0.036446 0.004618 0 0.00161
0-2-2-3-0-0-1-1-0-2-2-3-0-4-3 264546361 0.611725 0.145334 1e-06 0.002028
0-2-2-3-0-0-1-1-0-2-2-3-0-6-4 15794415 0.055328 0.005598 2e-06 0.002061
0-2-2-3-0-0-1-1-0-4-3-5-0-0-1 277704 0.013487 0.001208 1e-06 0.001947
0-2-2-3-0-0-1-1-0-4-3-5-0-2-2 13950086 0.050248 0.00556 1e-06 0.001836
0-2-2-3-0-0-1-1-0-4-3-5-0-4-3 264223483 0.735398 0.158321 1e-06 0.001904
0-2-2-3-0-0-1-1-0-4-3-5-0-6-4 15794374 0.04356 0.006916 0 0.001839
0-2-2-3-0-0-1-1-0-6-4-7-0-0-1 277704 0.009384 0.001038 1e-06 0.001794
0-2-2-3-0-0-1-1-0-6-4-7-0-2-2 13954626 0.037937 0.005291 1e-06 0.001747
0-2-2-3-0-0-1-1-0-6-4-7-0-4-3 264547768 0.686882 0.152325 1e-06 0.002312
0-2-2-3-0-0-1-1-0-6-4-7-0-6-4 15794415 0.043196 0.007237 1e-06 0.00197
0-2-2-3-0-2-2-3-0-0-1-1-0-0-1 269979 0.008498 0.000814 1e-06 0.002097
0-2-2-3-0-2-2-3-0-0-1-1-0-2-2 13942082 0.036441 0.004663 1e-06 0.001664
0-2-2-3-0-2-2-3-0-0-1-1-0-4-3 261068775 0.552815 0.113105 1e-06 0.001968
0-2-2-3-0-2-2-3-0-0-1-1-0-6-4 15794087 0.041174 0.00535 1e-06 0.001926
0-2-2-3-0-2-2-3-0-2-2-3-0-0-1 269979 0.008364 0.000631 0 0.001807
0-2-2-3-0-2-2-3-0-2-2-3-0-2-2 34713 0.008266 0.000514 1e-06 0.001707
0-2-2-3-0-2-2-3-0-2-2-3-0-4-3 18178411 0.047205 0.005023 0 0.00157
0-2-2-3-0-2-2-3-0-2-2-3-0-6-4 10219172 0.030513 0.003847 1e-06 0.001966
0-2-2-3-0-2-2-3-0-4-3-5-0-0-1 277212 0.012177 0.00121 1e-06 0.002172
0-2-2-3-0-2-2-3-0-4-3-5-0-2-2 12401496 0.037278 0.004664 0 0.0018
0-2-2-3-0-2-2-3-0-4-3-5-0-4-3 223199128 0.440658 0.061669 1e-06 0.00203
0-2-2-3-0-2-2-3-0-4-3-5-0-6-4 15752999 0.053664 0.008649 1e-06 0.001948
0-2-2-3-0-2-2-3-0-6-4-7-0-0-1 277704 0.009055 0.000981 1e-06 0.001852
0-2-2-3-0-2-2-3-0-6-4-7-0-2-2 13689497 0.037602 0.005077 0 0.001926
0-2-2-3-0-2-2-3-0-6-4-7-0-4-3 258664239 0.50863 0.076746 1e-06 0.00204
0-2-2-3-0-2-2-3-0-6-4-7-0-6-4 15792398 0.043341 0.007354 0 0.001873
0-2-2-3-0-4-3-5-0-0-1-1-0-0-1 277212 0.010637 0.001177 1e-06 0.002019
0-2-2-3-0-4-3-5-0-0-1-1-0-2-2 13953539 0.038432 0.004794 1e-06 0.001798
0-2-2-3-0-4-3-5-0-0-1-1-0-4-3 264335304 0.560632 0.120932 1e-06 0.002009
0-2-2-3-0-4-3-5-0-0-1-1-0-6-4 15794372 0.044825 0.005537 1e-06 0.0044
0-2-2-3-0-4-3-5-0-2-2-3-0-0-1 277704 0.011295 0.001351 1e-06 0.001892
0-2-2-3-0-4-3-5-0-2-2-3-0-2-2 12401496 0.035813 0.004666 0 0.001827
0-2-2-3-0-4-3-5-0-2-2-3-0-4-3 263938876 0.529009 0.078566 1e-06 0.002071
0-2-2-3-0-4-3-5-0-2-2-3-0-6-4 15794338 0.045776 0.006562 0 0.002571
0-2-2-3-0-4-3-5-0-4-3-5-0-0-1 277704 0.013848 0.001775 1e-06 0.002005
0-2-2-3-0-4-3-5-0-4-3-5-0-2-2 13942369 0.053881 0.009836 1e-06 0.001862
0-2-2-3-0-4-3-5-0-4-3-5-0-4-3 252870735 0.569607 0.139349 0 0.002104
0-2-2-3-0-4-3-5-0-4-3-5-0-6-4 15794351 0.081853 0.040772 1e-06 0.001927
0-2-2-3-0-4-3-5-0-6-4-7-0-0-1 277704 0.011844 0.001719 0 0.001906
0-2-2-3-0-4-3-5-0-6-4-7-0-2-2 13954500 0.04469 0.00951 1e-06 0.0019
0-2-2-3-0-4-3-5-0-6-4-7-0-4-3 264545259 0.582891 0.132237 1e-06 0.00194
0-2-2-3-0-4-3-5-0-6-4-7-0-6-4 15794413 0.053118 0.014272 1e-06 0.002038
0-2-2-3-0-6-4-7-0-0-1-1-0-0-1 277704 0.009116 0.000999 0 0.002128
0-2-2-3-0-6-4-7-0-0-1-1-0-2-2 13954626 0.03626 0.004622 1e-06 0.001782
0-2-2-3-0-6-4-7-0-0-1-1-0-4-3 264547773 0.550073 0.113436 1e-06 0.002131
0-2-2-3-0-6-4-7-0-0-1-1-0-6-4 15794415 0.041971 0.005271 2e-06 0.001983
0-2-2-3-0-6-4-7-0-2-2-3-0-0-1 277704 0.010012 0.00102 1e-06 0.001859
0-2-2-3-0-6-4-7-0-2-2-3-0-2-2 13689497 0.037295 0.00494 0 0.001805
0-2-2-3-0-6-4-7-0-2-2-3-0-4-3 264526605 0.499081 0.06004 1e-06 0.002024
0-2-2-3-0-6-4-7-0-2-2-3-0-6-4 15794414 0.042124 0.006661 1e-06 0.001858
0-2-2-3-0-6-4-7-0-4-3-5-0-0-1 277704 0.012199 0.001605 0 0.00202
0-2-2-3-0-6-4-7-0-4-3-5-0-2-2 13953921 0.046809 0.01001 1e-06 0.001829
0-2-2-3-0-6-4-7-0-4-3-5-0-4-3 261395656 0.6201 0.160082 0 0.002058
0-2-2-3-0-6-4-7-0-4-3-5-0-6-4 15794415 0.084 0.039469 0 0.001936
0-2-2-3-0-6-4-7-0-6-4-7-0-0-1 277704 0.011304 0.002257 1e-06 0.001908
0-2-2-3-0-6-4-7-0-6-4-7-0-2-2 13954626 0.041435 0.008296 0 0.001896
0-2-2-3-0-6-4-7-0-6-4-7-0-4-3 264547767 0.540833 0.094654 1e-06 0.002378
0-2-2-3-0-6-4-7-0-6-4-7-0-6-4 15794415 0.04962 0.012837 1e-06 0.002065
0-4-3-5-0-0-1-1-0-0-1-1-0-0-1 125547 0.010453 0.000867 1e-06 0.002987
0-4-3-5-0-0-1-1-0-0-1-1-0-2-2 13103489 0.039589 0.006903 0 0.002574
0-4-3-5-0-0-1-1-0-0-1-1-0-4-3 159103520 0.311846 0.054738 1e-06 0.004077
0-4-3-5-0-0-1-1-0-0-1-1-0-6-4 15740985 0.045664 0.007639 1e-06 0.003616
0-4-3-5-0-0-1-1-0-2-2-3-0-0-1 277704 0.010288 0.001174 0 0.001884
0-4-3-5-0-0-1-1-0-2-2-3-0-2-2 13103489 0.037784 0.006872 1e-06 0.001811
0-4-3-5-0-0-1-1-0-2-2-3-0-4-3 264299335 0.515596 0.084047 0 0.002433
0-4-3-5-0-0-1-1-0-2-2-3-0-6-4 15794415 0.04541 0.007579 1e-06 0.001925
0-4-3-5-0-0-1-1-0-4-3-5-0-0-1 277704 0.012156 0.001535 1e-06 0.001915
0-4-3-5-0-0-1-1-0-4-3-5-0-2-2 13749399 0.043811 0.007446 1e-06 0.00192
0-4-3-5-0-0-1-1-0-4-3-5-0-4-3 254223236 0.510015 0.090863 0 0.002053
0-4-3-5-0-0-1-1-0-4-3-5-0-6-4 15784512 0.049955 0.009177 1e-06 0.001992
0-4-3-5-0-0-1-1-0-6-4-7-0-0-1 277704 0.012737 0.00148 2e-06 0.002044
0-4-3-5-0-0-1-1-0-6-4-7-0-2-2 13954626 0.046752 0.007735 0 0.002005
0-4-3-5-0-0-1-1-0-6-4-7-0-4-3 264545622 0.525798 0.088848 1e-06 0.002105
0-4-3-5-0-0-1-1-0-6-4-7-0-6-4 15794415 0.048032 0.008949 1e-06 0.002059
0-4-3-5-0-2-2-3-0-0-1-1-0-0-1 277597 0.012406 0.001031 1e-06 0.002249
0-4-3-5-0-2-2-3-0-0-1-1-0-2-2 13954538 0.046958 0.008973 1e-06 0.001838
0-4-3-5-0-2-2-3-0-0-1-1-0-4-3 264505054 0.552704 0.114515 1e-06 0.002036
0-4-3-5-0-2-2-3-0-0-1-1-0-6-4 15794415 0.049669 0.010895 0 0.001943
0-4-3-5-0-2-2-3-0-2-2-3-0-0-1 277597 0.011046 0.001019 1e-06 0.001911
0-4-3-5-0-2-2-3-0-2-2-3-0-2-2 1807215 0.016735 0.002017 1e-06 0.001891
0-4-3-5-0-2-2-3-0-2-2-3-0-4-3 186718068 0.429612 0.125482 1e-06 0.001857
0-4-3-5-0-2-2-3-0-2-2-3-0-6-4 15662521 0.054779 0.009833 1e-06 0.002357
0-4-3-5-0-2-2-3-0-4-3-5-0-0-1 277704 0.015244 0.001572 1e-06 0.002107
0-4-3-5-0-2-2-3-0-4-3-5-0-2-2 13920727 0.062552 0.00981 1e-06 0.002067
0-4-3-5-0-2-2-3-0-4-3-5-0-4-3 256552028 1.3209 0.609827 1e-06 0.002171
0-4-3-5-0-2-2-3-0-4-3-5-0-6-4 15793767 0.086259 0.016026 1e-06 0.003923
0-4-3-5-0-2-2-3-0-6-4-7-0-0-1 277704 0.019313 0.001873 3e-06 0.003455
0-4-3-5-0-2-2-3-0-6-4-7-0-2-2 13952209 0.061138 0.01084 2e-06 0.003107
0-4-3-5-0-2-2-3-0-6-4-7-0-4-3 264488100 1.14536 0.697734 1e-06 0.00219
0-4-3-5-0-2-2-3-0-6-4-7-0-6-4 15794397 0.05215 0.011917 1e-06 0.002039
0-4-3-5-0-4-3-5-0-0-1-1-0-0-1 273654 0.012651 0.001504 1e-06 0.002254
0-4-3-5-0-4-3-5-0-0-1-1-0-2-2 13920168 0.044977 0.009441 0 0.002018
0-4-3-5-0-4-3-5-0-0-1-1-0-4-3 261568906 0.549273 0.114257 0 0.002216
0-4-3-5-0-4-3-5-0-0-1-1-0-6-4 15792180 0.054969 0.01117 1e-06 0.002285
0-4-3-5-0-4-3-5-0-2-2-3-0-0-1 277611 0.013717 0.001633 1e-06 0.00205
0-4-3-5-0-4-3-5-0-2-2-3-0-2-2 12620533 0.058265 0.010376 1e-06 0.002036
0-4-3-5-0-4-3-5-0-2-2-3-0-4-3 260987845 0.702396 0.234557 0 0.002142
0-4-3-5-0-4-3-5-0-2-2-3-0-6-4 15743848 0.080457 0.026893 1e-06 0.002073
0-4-3-5-0-4-3-5-0-4-3-5-0-0-1 274950 0.015026 0.002076 1e-06 0.002107
0-4-3-5-0-4-3-5-0-4-3-5-0-2-2 13780903 0.135168 0.078497 1e-06 0.002061
0-4-3-5-0-4-3-5-0-4-3-5-0-4-3 249802666 2.09632 1.50186 1e-06 0.002181
0-4-3-5-0-4-3-5-0-4-3-5-0-6-4 15614461 0.227167 0.165248 1e-06 0.002195
0-4-3-5-0-4-3-5-0-6-4-7-0-0-1 277700 0.015224 0.001991 1e-06 0.00206
0-4-3-5-0-4-3-5-0-6-4-7-0-2-2 13850279 0.152833 0.094288 0 0.002078
0-4-3-5-0-4-3-5-0-6-4-7-0-4-3 263135171 2.77339 2.29262 0 0.002055
0-4-3-5-0-4-3-5-0-6-4-7-0-6-4 15792097 0.172501 0.119418 1e-06 0.001897
0-4-3-5-0-6-4-7-0-0-1-1-0-0-1 277700 0.011502 0.001153 1e-06 0.002135
0-4-3-5-0-6-4-7-0-0-1-1-0-2-2 13954622 0.041857 0.007188 1e-06 0.001813
0-4-3-5-0-6-4-7-0-0-1-1-0-4-3 264547070 0.51998 0.085388 0 0.001878
0-4-3-5-0-6-4-7-0-0-1-1-0-6-4 15794415 0.047531 0.00867 1e-06 0.001968
0-4-3-5-0-6-4-7-0-2-2-3-0-0-1 277704 0.012051 0.001301 0 0.001852
0-4-3-5-0-6-4-7-0-2-2-3-0-2-2 13721768 0.056254 0.015339 0 0.001878
0-4-3-5-0-6-4-7-0-2-2-3-0-4-3 264348044 0.647632 0.185769 1e-06 0.002507
0-4-3-5-0-6-4-7-0-2-2-3-0-6-4 15794371 0.080562 0.034362 1e-06 0.005858
0-4-3-5-0-6-4-7-0-4-3-5-0-0-1 277704 0.013524 0.001591 1e-06 0.002623
0-4-3-5-0-6-4-7-0-4-3-5-0-2-2 13953164 0.073461 0.032798 1e-06 0.001881
0-4-3-5-0-6-4-7-0-4-3-5-0-4-3 263215652 4.18829 3.54666 0 0.00212
0-4-3-5-0-6-4-7-0-4-3-5-0-6-4 15794412 0.113866 0.061216 1e-06 0.003756
0-4-3-5-0-6-4-7-0-6-4-7-0-0-1 277704 0.012048 0.002145 1e-06 0.001981
0-4-3-5-0-6-4-7-0-6-4-7-0-2-2 13954620 0.071756 0.032473 0 0.001886
0-4-3-5-0-6-4-7-0-6-4-7-0-4-3 264547650 3.9051 3.43728 1e-06 0.002184
0-4-3-5-0-6-4-7-0-6-4-7-0-6-4 15794415 0.079235 0.037031 1e-06 0.001921
0-6-4-7-0-0-1-1-0-0-1-1-0-0-1 277619 0.008002 0.000616 1e-06 0.002437
0-6-4-7-0-0-1-1-0-0-1-1-0-2-2 13954551 0.037151 0.005525 1e-06 0.002076
0-6-4-7-0-0-1-1-0-0-1-1-0-4-3 264520476 0.506385 0.08037 1e-06 0.003098
0-6-4-7-0-0-1-1-0-0-1-1-0-6-4 15794415 0.041802 0.006246 1e-06 0.003122
0-6-4-7-0-0-1-1-0-2-2-3-0-0-1 277704 0.007808 0.000786 1e-06 0.001761
0-6-4-7-0-0-1-1-0-2-2-3-0-2-2 13954551 0.036838 0.005532 0 0.001657
0-6-4-7-0-0-1-1-0-2-2-3-0-4-3 264547769 0.535299 0.09969 0 0.001965
0-6-4-7-0-0-1-1-0-2-2-3-0-6-4 15794415 0.042003 0.006298 1e-06 0.00183
0-6-4-7-0-0-1-1-0-4-3-5-0-0-1 277704 0.009965 0.001093 1e-06 0.001831
0-6-4-7-0-0-1-1-0-4-3-5-0-2-2 13954585 0.03878 0.005996 1e-06 0.001728
0-6-4-7-0-0-1-1-0-4-3-5-0-4-3 264544959 0.534709 0.103074 1e-06 0.001873
0-6-4-7-0-0-1-1-0-4-3-5-0-6-4 15794415 0.044227 0.007318 1e-06 0.001883
0-6-4-7-0-0-1-1-0-6-4-7-0-0-1 277704 0.0095 0.001011 1e-06 0.001771
0-6-4-7-0-0-1-1-0-6-4-7-0-2-2 13954626 0.038277 0.006065 1e-06 0.00168
0-6-4-7-0-0-1-1-0-6-4-7-0-4-3 264547773 0.535712 0.10429 1e-06 0.001878
0-6-4-7-0-0-1-1-0-6-4-7-0-6-4 15794415 0.044281 0.007614 1e-06 0.001814
0-6-4-7-0-2-2-3-0-0-1-1-0-0-1 277704 0.010152 0.000852 0 0.002035
0-6-4-7-0-2-2-3-0-0-1-1-0-2-2 13954626 0.041174 0.006422 0 0.001813
0-6-4-7-0-2-2-3-0-0-1-1-0-4-3 264547773 0.51749 0.087111 1e-06 0.001958
0-6-4-7-0-2-2-3-0-0-1-1-0-6-4 15794415 0.041568 0.006581 1e-06 0.001796
0-6-4-7-0-2-2-3-0-2-2-3-0-0-1 277704 0.009725 0.000875 1e-06 0.001825
0-6-4-7-0-2-2-3-0-2-2-3-0-2-2 6345795 0.026566 0.003262 1e-06 0.001704
0-6-4-7-0-2-2-3-0-2-2-3-0-4-3 254483838 0.479348 0.079217 1e-06 0.00198
0-6-4-7-0-2-2-3-0-2-2-3-0-6-4 15792946 0.046867 0.007675 0 0.003919
0-6-4-7-0-2-2-3-0-4-3-5-0-0-1 277704 0.011769 0.001367 1e-06 0.002022
0-6-4-7-0-2-2-3-0-4-3-5-0-2-2 13954585 0.040805 0.006922 1e-06 0.001887
0-6-4-7-0-2-2-3-0-4-3-5-0-4-3 262665496 0.511956 0.089122 1e-06 0.002148
0-6-4-7-0-2-2-3-0-4-3-5-0-6-4 15794415 0.049081 0.009927 1e-06 0.00248
0-6-4-7-0-2-2-3-0-6-4-7-0-0-1 277704 0.010843 0.001338 0 0.001887
0-6-4-7-0-2-2-3-0-6-4-7-0-2-2 13954626 0.044775 0.012499 1e-06 0.001817
0-6-4-7-0-2-2-3-0-6-4-7-0-4-3 264547773 0.524849 0.105104 1e-06 0.002225
0-6-4-7-0-2-2-3-0-6-4-7-0-6-4 15794415 0.047303 0.008872 1e-06 0.003627
0-6-4-7-0-4-3-5-0-0-1-1-0-0-1 277701 0.011062 0.001126 1e-06 0.002097
0-6-4-7-0-4-3-5-0-0-1-1-0-2-2 13954618 0.039797 0.006305 1e-06 0.001877
0-6-4-7-0-4-3-5-0-0-1-1-0-4-3 264546039 0.491776 0.07776 1e-06 0.002134
0-6-4-7-0-4-3-5-0-0-1-1-0-6-4 15794415 0.045275 0.006734 1e-06 0.002297
0-6-4-7-0-4-3-5-0-2-2-3-0-0-1 277704 0.013689 0.00134 1e-06 0.00199
0-6-4-7-0-4-3-5-0-2-2-3-0-2-2 13891951 0.044364 0.008567 1e-06 0.001875
0-6-4-7-0-4-3-5-0-2-2-3-0-4-3 264545893 0.488844 0.071946 1e-06 0.002072
0-6-4-7-0-4-3-5-0-2-2-3-0-6-4 15794415 0.050565 0.010188 0 0.002507
0-6-4-7-0-4-3-5-0-4-3-5-0-0-1 277704 0.016768 0.001972 1e-06 0.003166
0-6-4-7-0-4-3-5-0-4-3-5-0-2-2 13954598 0.123036 0.075558 0 0.00186
0-6-4-7-0-4-3-5-0-4-3-5-0-4-3 253260419 0.686282 0.262998 1e-06 0.001946
0-6-4-7-0-4-3-5-0-4-3-5-0-6-4 15794415 0.142156 0.096736 1e-06 0.002391
0-6-4-7-0-4-3-5-0-6-4-7-0-0-1 277704 0.01284 0.00172 1e-06 0.001958
0-6-4-7-0-4-3-5-0-6-4-7-0-2-2 13954626 0.07389 0.036107 0 0.001986
0-6-4-7-0-4-3-5-0-6-4-7-0-4-3 264547770 0.569251 0.148276 1e-06 0.002146
0-6-4-7-0-4-3-5-0-6-4-7-0-6-4 15794415 0.07522 0.03623 1e-06 0.002411
0-6-4-7-0-6-4-7-0-0-1-1-0-0-1 277704 0.010204 0.001795 0 0.002207
0-6-4-7-0-6-4-7-0-0-1-1-0-2-2 13954626 0.037424 0.006667 1e-06 0.001779
0-6-4-7-0-6-4-7-0-0-1-1-0-4-3 264547773 0.490149 0.081951 1e-06 0.002051
0-6-4-7-0-6-4-7-0-0-1-1-0-6-4 15794415 0.042619 0.007645 1e-06 0.002065
0-6-4-7-0-6-4-7-0-2-2-3-0-0-1 277704 0.01049 0.001892 1e-06 0.001864
0-6-4-7-0-6-4-7-0-2-2-3-0-2-2 13954431 0.039245 0.007522 0 0.001809
0-6-4-7-0-6-4-7-0-2-2-3-0-4-3 264547772 0.485241 0.074278 1e-06 0.002039
0-6-4-7-0-6-4-7-0-2-2-3-0-6-4 15794415 0.049043 0.009393 1e-06 0.002337
0-6-4-7-0-6-4-7-0-4-3-5-0-0-1 277704 0.011835 0.002265 1e-06 0.001903
0-6-4-7-0-6-4-7-0-4-3-5-0-2-2 13954626 0.047977 0.01287 1e-06 0.001813
0-6-4-7-0-6-4-7-0-4-3-5-0-4-3 264542880 0.614899 0.192649 1e-06 0.002099
0-6-4-7-0-6-4-7-0-4-3-5-0-6-4 15794415 0.076514 0.037145 1e-06 0.002265
0-6-4-7-0-6-4-7-0-6-4-7-0-0-1 277704 0.011903 0.002833 0 0.002151
0-6-4-7-0-6-4-7-0-6-4-7-0-2-2 13954626 0.043499 0.011869 1e-06 0.001841
0-6-4-7-0-6-4-7-0-6-4-7-0-4-3 264547773 0.526687 0.114543 1e-06 0.002019
0-6-4-7-0-6-4-7-0-6-4-7-0-6-4 15794415 0.051444 0.016192 1e-06 0.002402
1-1-0-0-1-1-0-0-1-1-0-0-1-1-0 34713 0.010133 0.000584 1e-06 0.003568
1-1-0-0-1-1-0-0-1-1-0-2-2-3-0 269979 0.007294 0.001074 0 0.00261
1-1-0-0-1-1-0-0-1-1-0-4-3-5-0 125547 0.008211 0.001647 1e-06 0.002358
1-1-0-0-1-1-0-0-1-1-0-6-4-7-0 277619 0.009712 0.002026 0 0.00253
1-1-0-0-1-1-0-2-2-3-0-0-1-1-0 277704 0.006724 0.000762 1e-06 0.001862
1-1-0-0-1-1-0-2-2-3-0-2-2-3-0 269979 0.007016 0.001086 1e-06 0.001796
1-1-0-0-1-1-0-2-2-3-0-4-3-5-0 277597 0.009466 0.002221 1e-06 0.001839
1-1-0-0-1-1-0-2-2-3-0-6-4-7-0 277704 0.009012 0.001754 1e-06 0.001998
1-1-0-0-1-1-0-4-3-5-0-0-1-1-0 277704 0.008467 0.001197 1e-06 0.00195
1-1-0-0-1-1-0-4-3-5-0-2-2-3-0 277212 0.009452 0.001472 0 0.002125
1-1-0-0-1-1-0-4-3-5-0-4-3-5-0 273654 0.011729 0.003619 1e-06 0.002172
1-1-0-0-1-1-0-4-3-5-0-6-4-7-0 277701 0.011359 0.003319 0 0.002059
1-1-0-0-1-1-0-6-4-7-0-0-1-1-0 277704 0.00756 0.000928 1e-06 0.001928
1-1-0-0-1-1-0-6-4-7-0-2-2-3-0 277704 0.009157 0.001524 1e-06 0.002079
1-1-0-0-1-1-0-6-4-7-0-4-3-5-0 277700 0.01223 0.004466 1e-06 0.002152
1-1-0-0-1-1-0-6-4-7-0-6-4-7-0 277704 0.010853 0.002951 1e-06 0.002103
1-1-0-2-2-3-0-0-1-1-0-0-1-1-0 277704 0.00687 0.001032 1e-06 0.001862
1-1-0-2-2-3-0-0-1-1-0-2-2-3-0 277704 0.006449 0.000918 0 0.001343
1-1-0-2-2-3-0-0-1-1-0-4-3-5-0 277704 0.009018 0.002253 1e-06 0.001407
1-1-0-2-2-3-0-0-1-1-0-6-4-7-0 277704 0.008432 0.00194 0 0.001431
1-1-0-2-2-3-0-2-2-3-0-0-1-1-0 277704 0.006378 0.00078 1e-06 0.001347
1-1-0-2-2-3-0-2-2-3-0-2-2-3-0 269979 0.006499 0.000965 1e-06 0.001464
1-1-0-2-2-3-0-2-2-3-0-4-3-5-0 277597 0.009006 0.002282 0 0.001397
1-1-0-2-2-3-0-2-2-3-0-6-4-7-0 277704 0.008125 0.001808 1e-06 0.001409
1-1-0-2-2-3-0-4-3-5-0-0-1-1-0 277704 0.008014 0.001116 1e-06 0.001399
1-1-0-2-2-3-0-4-3-5-0-2-2-3-0 277704 0.008347 0.001524 0 0.001462
1-1-0-2-2-3-0-4-3-5-0-4-3-5-0 277611 0.012269 0.004306 1e-06 0.00145
1-1-0-2-2-3-0-4-3-5-0-6-4-7-0 277704 0.011626 0.003987 0 0.001497
1-1-0-2-2-3-0-6-4-7-0-0-1-1-0 277704 0.007212 0.000911 1e-06 0.001495
1-1-0-2-2-3-0-6-4-7-0-2-2-3-0 277704 0.007246 0.001115 1e-06 0.001475
1-1-0-2-2-3-0-6-4-7-0-4-3-5-0 277704 0.011516 0.003898 1e-06 0.001466
1-1-0-2-2-3-0-6-4-7-0-6-4-7-0 277704 0.010473 0.002944 1e-06 0.001504
1-1-0-4-3-5-0-0-1-1-0-0-1-1-0 277704 0.008305 0.00121 0 0.002088
1-1-0-4-3-5-0-0-1-1-0-2-2-3-0 277704 0.007958 0.001407 1e-06 0.001439
1-1-0-4-3-5-0-0-1-1-0-4-3-5-0 277704 0.01057 0.002759 1e-06 0.001473
1-1-0-4-3-5-0-0-1-1-0-6-4-7-0 277704 0.009969 0.002389 1e-06 0.001492
1-1-0-4-3-5-0-2-2-3-0-0-1-1-0 277704 0.008848 0.001461 0 0.001457
1-1-0-4-3-5-0-2-2-3-0-2-2-3-0 277212 0.008369 0.00156 1e-06 0.001486
1-1-0-4-3-5-0-2-2-3-0-4-3-5-0 277704 0.010994 0.002634 1e-06 0.001557
1-1-0-4-3-5-0-2-2-3-0-6-4-7-0 277704 0.010474 0.002298 0 0.001549
1-1-0-4-3-5-0-4-3-5-0-0-1-1-0 277704 0.01124 0.00176 1e-06 0.001568
1-1-0-4-3-5-0-4-3-5-0-2-2-3-0 277704 0.011513 0.002972 0 0.001681
1-1-0-4-3-5-0-4-3-5-0-4-3-5-0 274950 0.015119 0.005642 1e-06 0.00166
1-1-0-4-3-5-0-4-3-5-0-6-4-7-0 277704 0.013896 0.005415 1e-06 0.001676
1-1-0-4-3-5-0-6-4-7-0-0-1-1-0 277704 0.01008 0.002378 1e-06 0.001686
1-1-0-4-3-5-0-6-4-7-0-2-2-3-0 277704 0.010417 0.00292 0 0.001632
1-1-0-4-3-5-0-6-4-7-0-4-3-5-0 277704 0.014356 0.005442 0 0.001616
1-1-0-4-3-5-0-6-4-7-0-6-4-7-0 277704 0.012637 0.004458 0 0.00166
1-1-0-6-4-7-0-0-1-1-0-0-1-1-0 277704 0.00746 0.000929 1e-06 0.002035
1-1-0-6-4-7-0-0-1-1-0-2-2-3-0 277704 0.007328 0.001267 1e-06 0.001482
1-1-0-6-4-7-0-0-1-1-0-4-3-5-0 277704 0.009833 0.002438 1e-06 0.001534
1-1-0-6-4-7-0-0-1-1-0-6-4-7-0 277704 0.009557 0.002372 1e-06 0.001553
1-1-0-6-4-7-0-2-2-3-0-0-1-1-0 277704 0.00842 0.001295 1e-06 0.001535
1-1-0-6-4-7-0-2-2-3-0-2-2-3-0 277704 0.008034 0.001486 0 0.001536
1-1-0-6-4-7-0-2-2-3-0-4-3-5-0 277704 0.010376 0.002668 1e-06 0.001577
1-1-0-6-4-7-0-2-2-3-0-6-4-7-0 277704 0.010042 0.002206 1e-06 0.001607
1-1-0-6-4-7-0-4-3-5-0-0-1-1-0 277704 0.009928 0.00144 1e-06 0.001626
1-1-0-6-4-7-0-4-3-5-0-2-2-3-0 277704 0.011677 0.003665 0 0.001642
1-1-0-6-4-7-0-4-3-5-0-4-3-5-0 277700 0.014994 0.006573 1e-06 0.001669
1-1-0-6-4-7-0-4-3-5-0-6-4-7-0 277704 0.014376 0.00599 0 0.001675
1-1-0-6-4-7-0-6-4-7-0-0-1-1-0 277704 0.008905 0.001897 2e-06 0.001635
1-1-0-6-4-7-0-6-4-7-0-2-2-3-0 277704 0.009233 0.0023 0 0.00163
1-1-0-6-4-7-0-6-4-7-0-4-3-5-0 277704 0.013178 0.005073 0 0.001676
1-1-0-6-4-7-0-6-4-7-0-6-4-7-0 277704 0.011962 0.004242 1e-06 0.001623
2-3-0-0-1-1-0-0-1-1-0-0-1-1-0 11426723 0.02582 0.001956 1e-06 0.002732
2-3-0-0-1-1-0-0-1-1-0-2-2-3-0 13942082 0.032342 0.002883 1e-06 0.003096
2-3-0-0-1-1-0-0-1-1-0-4-3-5-0 13103489 0.033565 0.004902 1e-06 0.003279
2-3-0-0-1-1-0-0-1-1-0-6-4-7-0 13954551 0.040439 0.010011 1e-06 0.003914
2-3-0-0-1-1-0-2-2-3-0-0-1-1-0 13954626 0.030462 0.002639 1e-06 0.001798
2-3-0-0-1-1-0-2-2-3-0-2-2-3-0 13942082 0.03042 0.00292 1e-06 0.001869
2-3-0-0-1-1-0-2-2-3-0-4-3-5-0 13954538 0.035604 0.007032 1e-06 0.001938
2-3-0-0-1-1-0-2-2-3-0-6-4-7-0 13954626 0.038068 0.00974 1e-06 0.001792
2-3-0-0-1-1-0-4-3-5-0-0-1-1-0 13954626 0.030973 0.002753 1e-06 0.00185
2-3-0-0-1-1-0-4-3-5-0-2-2-3-0 13953539 0.031927 0.003194 1e-06 0.00197
2-3-0-0-1-1-0-4-3-5-0-4-3-5-0 13920168 0.037219 0.007875 0 0.00187
2-3-0-0-1-1-0-4-3-5-0-6-4-7-0 13954618 0.039743 0.01098 1e-06 0.001794
2-3-0-0-1-1-0-6-4-7-0-0-1-1-0 13954626 0.029713 0.002573 1e-06 0.001785
2-3-0-0-1-1-0-6-4-7-0-2-2-3-0 13954626 0.031432 0.003093 1e-06 0.001886
2-3-0-0-1-1-0-6-4-7-0-4-3-5-0 13954622 0.038028 0.009017 1e-06 0.001812
2-3-0-0-1-1-0-6-4-7-0-6-4-7-0 13954626 0.04081 0.011035 1e-06 0.002011
2-3-0-2-2-3-0-0-1-1-0-0-1-1-0 11426723 0.026659 0.001856 0 0.002691
2-3-0-2-2-3-0-0-1-1-0-2-2-3-0 13942082 0.030727 0.002591 1e-06 0.00202
2-3-0-2-2-3-0-0-1-1-0-4-3-5-0 13103489 0.034216 0.005213 1e-06 0.00198
2-3-0-2-2-3-0-0-1-1-0-6-4-7-0 13954551 0.041735 0.011009 1e-06 0.001906
2-3-0-2-2-3-0-2-2-3-0-0-1-1-0 11426723 0.026309 0.002145 1e-06 0.00184
2-3-0-2-2-3-0-2-2-3-0-2-2-3-0 34713 0.007685 0.000558 1e-06 0.002036
2-3-0-2-2-3-0-2-2-3-0-4-3-5-0 1807215 0.012657 0.001924 1e-06 0.001753
2-3-0-2-2-3-0-2-2-3-0-6-4-7-0 6345795 0.020836 0.004611 0 0.001652
2-3-0-2-2-3-0-4-3-5-0-0-1-1-0 13373259 0.030127 0.00286 1e-06 0.001795
2-3-0-2-2-3-0-4-3-5-0-2-2-3-0 12401496 0.029437 0.002803 1e-06 0.002197
2-3-0-2-2-3-0-4-3-5-0-4-3-5-0 12620533 0.048687 0.014696 0 0.002317
2-3-0-2-2-3-0-4-3-5-0-6-4-7-0 13891951 0.044229 0.01347 0 0.002244
2-3-0-2-2-3-0-6-4-7-0-0-1-1-0 13954626 0.029491 0.002705 1e-06 0.001832
2-3-0-2-2-3-0-6-4-7-0-2-2-3-0 13689497 0.030882 0.003098 1e-06 0.002
2-3-0-2-2-3-0-6-4-7-0-4-3-5-0 13721768 0.057122 0.022726 1e-06 0.002057
2-3-0-2-2-3-0-6-4-7-0-6-4-7-0 13954431 0.041752 0.013178 1e-06 0.001957
2-3-0-4-3-5-0-0-1-1-0-0-1-1-0 13373259 0.030649 0.002552 0 0.002815
2-3-0-4-3-5-0-0-1-1-0-2-2-3-0 13950086 0.032577 0.00308 0 0.002497
2-3-0-4-3-5-0-0-1-1-0-4-3-5-0 13749399 0.035217 0.006101 1e-06 0.002112
2-3-0-4-3-5-0-0-1-1-0-6-4-7-0 13954585 0.039456 0.010029 0 0.001915
2-3-0-4-3-5-0-2-2-3-0-0-1-1-0 13954626 0.032415 0.002914 1e-06 0.002021
2-3-0-4-3-5-0-2-2-3-0-2-2-3-0 12401496 0.030249 0.0027 0 0.002146
2-3-0-4-3-5-0-2-2-3-0-4-3-5-0 13920727 0.050823 0.014364 0 0.002529
2-3-0-4-3-5-0-2-2-3-0-6-4-7-0 13954585 0.039494 0.010605 1e-06 0.00202
2-3-0-4-3-5-0-4-3-5-0-0-1-1-0 13954626 0.033336 0.003068 0 0.00203
2-3-0-4-3-5-0-4-3-5-0-2-2-3-0 13942369 0.047585 0.007014 1e-06 0.001964
2-3-0-4-3-5-0-4-3-5-0-4-3-5-0 13780903 0.121081 0.075588 1e-06 0.002106
2-3-0-4-3-5-0-4-3-5-0-6-4-7-0 13954598 0.071676 0.037997 1e-06 0.00198
2-3-0-4-3-5-0-6-4-7-0-0-1-1-0 13954626 0.032951 0.003116 1e-06 0.002003
2-3-0-4-3-5-0-6-4-7-0-2-2-3-0 13953921 0.036806 0.006565 1e-06 0.00196
2-3-0-4-3-5-0-6-4-7-0-4-3-5-0 13953164 0.08237 0.048206 1e-06 0.001995
2-3-0-4-3-5-0-6-4-7-0-6-4-7-0 13954626 0.050652 0.018947 1e-06 0.002016
2-3-0-6-4-7-0-0-1-1-0-0-1-1-0 13954626 0.030647 0.002545 1e-06 0.002475
2-3-0-6-4-7-0-0-1-1-0-2-2-3-0 13954626 0.030699 0.002762 1e-06 0.001934
2-3-0-6-4-7-0-0-1-1-0-4-3-5-0 13954626 0.033737 0.005673 0 0.002054
2-3-0-6-4-7-0-0-1-1-0-6-4-7-0 13954626 0.040018 0.011299 1e-06 0.00194
2-3-0-6-4-7-0-2-2-3-0-0-1-1-0 13954626 0.03089 0.002593 1e-06 0.001972
2-3-0-6-4-7-0-2-2-3-0-2-2-3-0 13689497 0.031157 0.002892 0 0.002014
2-3-0-6-4-7-0-2-2-3-0-4-3-5-0 13952209 0.05218 0.015932 1e-06 0.002252
2-3-0-6-4-7-0-2-2-3-0-6-4-7-0 13954626 0.042819 0.012891 1e-06 0.001956
2-3-0-6-4-7-0-4-3-5-0-0-1-1-0 13954626 0.033295 0.003168 1e-06 0.002051
2-3-0-6-4-7-0-4-3-5-0-2-2-3-0 13954500 0.039936 0.007578 1e-06 0.001994
2-3-0-6-4-7-0-4-3-5-0-4-3-5-0 13850279 0.141785 0.094448 1e-06 0.002003
2-3-0-6-4-7-0-4-3-5-0-6-4-7-0 13954626 0.070503 0.038052 1e-06 0.002039
2-3-0-6-4-7-0-6-4-7-0-0-1-1-0 13954626 0.032456 0.004152 1e-06 0.002203
2-3-0-6-4-7-0-6-4-7-0-2-2-3-0 13954626 0.034561 0.005988 1e-06 0.002003
2-3-0-6-4-7-0-6-4-7-0-4-3-5-0 13954620 0.079029 0.046551 1e-06 0.002076
2-3-0-6-4-7-0-6-4-7-0-6-4-7-0 13954626 0.048334 0.018072 1e-06 0.001913
3-5-0-0-1-1-0-0-1-1-0-0-1-1-0 66667832 0.11844 0.01024 0 0.003421
3-5-0-0-1-1-0-0-1-1-0-2-2-3-0 261068775 0.445957 0.045556 1e-06 0.00259
3-5-0-0-1-1-0-0-1-1-0-4-3-5-0 159103520 0.272114 0.027656 1e-06 0.002976
3-5-0-0-1-1-0-0-1-1-0-6-4-7-0 264520476 0.448567 0.047234 1e-06 0.003021
3-5-0-0-1-1-0-2-2-3-0-0-1-1-0 264547773 0.433426 0.035002 0 0.001891
3-5-0-0-1-1-0-2-2-3-0-2-2-3-0 261068775 0.435494 0.042059 1e-06 0.001809
3-5-0-0-1-1-0-2-2-3-0-4-3-5-0 264505054 0.454488 0.04271 1e-06 0.001952
3-5-0-0-1-1-0-2-2-3-0-6-4-7-0 264547773 0.447029 0.046971 1e-06 0.002045
3-5-0-0-1-1-0-4-3-5-0-0-1-1-0 264547773 0.435862 0.036479 0 0.00201
3-5-0-0-1-1-0-4-3-5-0-2-2-3-0 264335304 0.443035 0.043363 1e-06 0.001885
3-5-0-0-1-1-0-4-3-5-0-4-3-5-0 261568906 0.439478 0.045168 1e-06 0.001855
3-5-0-0-1-1-0-4-3-5-0-6-4-7-0 264546039 0.445315 0.044877 0 0.002018
3-5-0-0-1-1-0-6-4-7-0-0-1-1-0 264547773 0.434981 0.036706 1e-06 0.002026
3-5-0-0-1-1-0-6-4-7-0-2-2-3-0 264547773 0.442398 0.043104 1e-06 0.001921
3-5-0-0-1-1-0-6-4-7-0-4-3-5-0 264547070 0.446267 0.046865 1e-06 0.002118
3-5-0-0-1-1-0-6-4-7-0-6-4-7-0 264547773 0.444954 0.045627 1e-06 0.002077
3-5-0-2-2-3-0-0-1-1-0-0-1-1-0 262992233 0.431468 0.035833 1e-06 0.002708
3-5-0-2-2-3-0-0-1-1-0-2-2-3-0 264546361 0.519018 0.112589 1e-06 0.001854
3-5-0-2-2-3-0-0-1-1-0-4-3-5-0 264299335 0.484495 0.083154 1e-06 0.001858
3-5-0-2-2-3-0-0-1-1-0-6-4-7-0 264547769 0.516325 0.113583 0 0.001894
3-5-0-2-2-3-0-2-2-3-0-0-1-1-0 262992233 0.429635 0.035269 0 0.001864
3-5-0-2-2-3-0-2-2-3-0-2-2-3-0 18178411 0.04066 0.003393 1e-06 0.001929
3-5-0-2-2-3-0-2-2-3-0-4-3-5-0 186718068 0.355003 0.062184 1e-06 0.001846
3-5-0-2-2-3-0-2-2-3-0-6-4-7-0 254483838 0.574715 0.180463 0 0.001948
3-5-0-2-2-3-0-4-3-5-0-0-1-1-0 264534436 0.435214 0.036126 1e-06 0.001969
3-5-0-2-2-3-0-4-3-5-0-2-2-3-0 263938876 0.443481 0.04097 1e-06 0.002077
3-5-0-2-2-3-0-4-3-5-0-4-3-5-0 260987845 0.540162 0.119388 1e-06 0.002045
3-5-0-2-2-3-0-4-3-5-0-6-4-7-0 264545893 0.603108 0.180632 1e-06 0.002103
3-5-0-2-2-3-0-6-4-7-0-0-1-1-0 264547773 0.433503 0.036139 1e-06 0.001921
3-5-0-2-2-3-0-6-4-7-0-2-2-3-0 264526605 0.441709 0.041462 1e-06 0.002114
3-5-0-2-2-3-0-6-4-7-0-4-3-5-0 264348044 0.562325 0.133151 1e-06 0.002054
3-5-0-2-2-3-0-6-4-7-0-6-4-7-0 264547772 0.594961 0.189629 0 0.002056
3-5-0-4-3-5-0-0-1-1-0-0-1-1-0 242448037 0.401589 0.033762 1e-06 0.00243
3-5-0-4-3-5-0-0-1-1-0-2-2-3-0 264223483 0.503674 0.104154 1e-06 0.002548
3-5-0-4-3-5-0-0-1-1-0-4-3-5-0 254223236 0.468679 0.082332 1e-06 0.002005
3-5-0-4-3-5-0-0-1-1-0-6-4-7-0 264544959 0.510527 0.106881 1e-06 0.003582
3-5-0-4-3-5-0-2-2-3-0-0-1-1-0 264272027 0.435697 0.03646 0 0.002097
3-5-0-4-3-5-0-2-2-3-0-2-2-3-0 223199128 0.39833 0.040014 1e-06 0.002158
3-5-0-4-3-5-0-2-2-3-0-4-3-5-0 256552028 0.955752 0.524951 1e-06 0.002725
3-5-0-4-3-5-0-2-2-3-0-6-4-7-0 262665496 0.600563 0.186822 2e-06 0.00282
3-5-0-4-3-5-0-4-3-5-0-0-1-1-0 254851812 0.421305 0.035255 1e-06 0.002032
3-5-0-4-3-5-0-4-3-5-0-2-2-3-0 252870735 0.507129 0.100728 0 0.002237
3-5-0-4-3-5-0-4-3-5-0-4-3-5-0 249802666 1.85221 1.29894 1e-06 0.002297
3-5-0-4-3-5-0-4-3-5-0-6-4-7-0 253260419 0.690542 0.288044 1e-06 0.002059
3-5-0-4-3-5-0-6-4-7-0-0-1-1-0 264536355 0.433159 0.0326 1e-06 0.002199
3-5-0-4-3-5-0-6-4-7-0-2-2-3-0 261395656 0.510158 0.107548 1e-06 0.002117
3-5-0-4-3-5-0-6-4-7-0-4-3-5-0 263215652 3.78623 3.32201 1e-06 0.001969
3-5-0-4-3-5-0-6-4-7-0-6-4-7-0 264542880 0.659168 0.25272 1e-06 0.002157
3-5-0-6-4-7-0-0-1-1-0-0-1-1-0 264536355 0.426924 0.0312 1e-06 0.002659
3-5-0-6-4-7-0-0-1-1-0-2-2-3-0 264547768 0.497216 0.091514 1e-06 0.002272
3-5-0-6-4-7-0-0-1-1-0-4-3-5-0 264545622 0.465702 0.069752 1e-06 0.001992
3-5-0-6-4-7-0-0-1-1-0-6-4-7-0 264547773 0.486743 0.089193 1e-06 0.002289
3-5-0-6-4-7-0-2-2-3-0-0-1-1-0 264547773 0.430853 0.031515 1e-06 0.00225
3-5-0-6-4-7-0-2-2-3-0-2-2-3-0 258664239 0.437817 0.043748 1e-06 0.002078
3-5-0-6-4-7-0-2-2-3-0-4-3-5-0 264488100 0.890792 0.478692 1e-06 0.002193
3-5-0-6-4-7-0-2-2-3-0-6-4-7-0 264547773 0.570403 0.170084 1e-06 0.001908
3-5-0-6-4-7-0-4-3-5-0-0-1-1-0 264547773 0.428219 0.030813 0 0.002091
3-5-0-6-4-7-0-4-3-5-0-2-2-3-0 264545259 0.459679 0.057571 1e-06 0.002189
3-5-0-6-4-7-0-4-3-5-0-4-3-5-0 263135171 2.3576 1.91228 1e-06 0.001947
3-5-0-6-4-7-0-4-3-5-0-6-4-7-0 264547770 0.59706 0.191294 1e-06 0.00196
3-5-0-6-4-7-0-6-4-7-0-0-1-1-0 264547773 0.436313 0.029786 1e-06 0.002119
3-5-0-6-4-7-0-6-4-7-0-2-2-3-0 264547767 0.455743 0.056594 1e-06 0.002023
3-5-0-6-4-7-0-6-4-7-0-4-3-5-0 264547650 3.76805 3.33159 1e-06 0.002333
3-5-0-6-4-7-0-6-4-7-0-6-4-7-0 264547773 0.59492 0.175929 0 0.004701
4-7-0-0-1-1-0-0-1-1-0-0-1-1-0 15626706 0.032423 0.002678 1e-06 0.002727
4-7-0-0-1-1-0-0-1-1-0-2-2-3-0 15794087 0.031538 0.002736 1e-06 0.002199
4-7-0-0-1-1-0-0-1-1-0-4-3-5-0 15740985 0.035486 0.005429 1e-06 0.002248
4-7-0-0-1-1-0-0-1-1-0-6-4-7-0 15794415 0.040019 0.010108 0 0.00228
4-7-0-0-1-1-0-2-2-3-0-0-1-1-0 15794415 0.031512 0.002448 1e-06 0.001724
4-7-0-0-1-1-0-2-2-3-0-2-2-3-0 15794087 0.032761 0.00287 1e-06 0.001723
4-7-0-0-1-1-0-2-2-3-0-4-3-5-0 15794415 0.037636 0.007328 1e-06 0.001726
4-7-0-0-1-1-0-2-2-3-0-6-4-7-0 15794415 0.039994 0.009759 1e-06 0.001684
4-7-0-0-1-1-0-4-3-5-0-0-1-1-0 15794415 0.032523 0.002606 1e-06 0.001695
4-7-0-0-1-1-0-4-3-5-0-2-2-3-0 15794372 0.034061 0.003153 0 0.001705
4-7-0-0-1-1-0-4-3-5-0-4-3-5-0 15792180 0.04053 0.008683 1e-06 0.001735
4-7-0-0-1-1-0-4-3-5-0-6-4-7-0 15794415 0.042153 0.010783 1e-06 0.00175
4-7-0-0-1-1-0-6-4-7-0-0-1-1-0 15794415 0.032624 0.002604 0 0.001811
4-7-0-0-1-1-0-6-4-7-0-2-2-3-0 15794415 0.033734 0.003053 0 0.001839
4-7-0-0-1-1-0-6-4-7-0-4-3-5-0 15794415 0.040454 0.00884 1e-06 0.001814
4-7-0-0-1-1-0-6-4-7-0-6-4-7-0 15794415 0.041994 0.010729 1e-06 0.001791
4-7-0-2-2-3-0-0-1-1-0-0-1-1-0 15794415 0.032714 0.00229 0 0.002201
4-7-0-2-2-3-0-0-1-1-0-2-2-3-0 15794415 0.032191 0.002771 0 0.001731
4-7-0-2-2-3-0-0-1-1-0-4-3-5-0 15794415 0.037924 0.005444 1e-06 0.001765
4-7-0-2-2-3-0-0-1-1-0-6-4-7-0 15794415 0.041287 0.009634 1e-06 0.00182
4-7-0-2-2-3-0-2-2-3-0-0-1-1-0 15794415 0.031755 0.00234 1e-06 0.001755
4-7-0-2-2-3-0-2-2-3-0-2-2-3-0 10219172 0.023183 0.001798 1e-06 0.001806
4-7-0-2-2-3-0-2-2-3-0-4-3-5-0 15662521 0.050556 0.013427 1e-06 0.002082
4-7-0-2-2-3-0-2-2-3-0-6-4-7-0 15792946 0.040307 0.010076 1e-06 0.001837
4-7-0-2-2-3-0-4-3-5-0-0-1-1-0 15794415 0.032831 0.002661 0 0.001872
4-7-0-2-2-3-0-4-3-5-0-2-2-3-0 15794338 0.035461 0.003731 0 0.001979
4-7-0-2-2-3-0-4-3-5-0-4-3-5-0 15743848 0.070163 0.026908 1e-06 0.001904
4-7-0-2-2-3-0-4-3-5-0-6-4-7-0 15794415 0.045424 0.013252 1e-06 0.001833
4-7-0-2-2-3-0-6-4-7-0-0-1-1-0 15794415 0.031785 0.00258 1e-06 0.001785
4-7-0-2-2-3-0-6-4-7-0-2-2-3-0 15794414 0.033919 0.003707 0 0.00189
4-7-0-2-2-3-0-6-4-7-0-4-3-5-0 15794371 0.077693 0.03992 1e-06 0.001848
4-7-0-2-2-3-0-6-4-7-0-6-4-7-0 15794415 0.043257 0.012215 1e-06 0.001867
4-7-0-4-3-5-0-0-1-1-0-0-1-1-0 15758734 0.033427 0.002624 1e-06 0.002502
4-7-0-4-3-5-0-0-1-1-0-2-2-3-0 15794374 0.033813 0.003072 1e-06 0.001853
4-7-0-4-3-5-0-0-1-1-0-4-3-5-0 15784512 0.037789 0.006017 1e-06 0.001848
4-7-0-4-3-5-0-0-1-1-0-6-4-7-0 15794415 0.044109 0.011249 1e-06 0.001928
4-7-0-4-3-5-0-2-2-3-0-0-1-1-0 15794415 0.035329 0.002933 1e-06 0.001821
4-7-0-4-3-5-0-2-2-3-0-2-2-3-0 15752999 0.038505 0.005487 1e-06 0.001852
4-7-0-4-3-5-0-2-2-3-0-4-3-5-0 15793767 0.053231 0.016504 1e-06 0.001889
4-7-0-4-3-5-0-2-2-3-0-6-4-7-0 15794415 0.045028 0.013262 1e-06 0.001841
4-7-0-4-3-5-0-4-3-5-0-0-1-1-0 15794415 0.03708 0.003589 1e-06 0.001928
4-7-0-4-3-5-0-4-3-5-0-2-2-3-0 15794351 0.071707 0.028416 1e-06 0.001954
4-7-0-4-3-5-0-4-3-5-0-4-3-5-0 15614461 0.181023 0.130952 1e-06 0.001948
4-7-0-4-3-5-0-4-3-5-0-6-4-7-0 15794415 0.131679 0.091541 2e-06 0.001924
4-7-0-4-3-5-0-6-4-7-0-0-1-1-0 15794415 0.037183 0.003368 1e-06 0.003021
4-7-0-4-3-5-0-6-4-7-0-2-2-3-0 15794415 0.062141 0.028305 0 0.001998
4-7-0-4-3-5-0-6-4-7-0-4-3-5-0 15794412 0.099315 0.062293 1e-06 0.001957
4-7-0-4-3-5-0-6-4-7-0-6-4-7-0 15794415 0.071009 0.037075 1e-06 0.001954
4-7-0-6-4-7-0-0-1-1-0-0-1-1-0 15794415 0.032932 0.003435 0 0.002326
4-7-0-6-4-7-0-0-1-1-0-2-2-3-0 15794415 0.032558 0.003419 0 0.001798
4-7-0-6-4-7-0-0-1-1-0-4-3-5-0 15794415 0.037965 0.007002 1e-06 0.00195
4-7-0-6-4-7-0-0-1-1-0-6-4-7-0 15794415 0.042073 0.011741 2e-06 0.001826
4-7-0-6-4-7-0-2-2-3-0-0-1-1-0 15794415 0.034027 0.003457 1e-06 0.001842
4-7-0-6-4-7-0-2-2-3-0-2-2-3-0 15792398 0.035157 0.004626 1e-06 0.001842
4-7-0-6-4-7-0-2-2-3-0-4-3-5-0 15794397 0.053192 0.016456 0 0.001851
4-7-0-6-4-7-0-2-2-3-0-6-4-7-0 15794415 0.044314 0.01332 1e-06 0.001893
4-7-0-6-4-7-0-4-3-5-0-0-1-1-0 15794415 0.034784 0.003782 1e-06 0.001907
4-7-0-6-4-7-0-4-3-5-0-2-2-3-0 15794413 0.043598 0.009552 0 0.002008
4-7-0-6-4-7-0-4-3-5-0-4-3-5-0 15792097 0.179074 0.131308 1e-06 0.001926
4-7-0-6-4-7-0-4-3-5-0-6-4-7-0 15794415 0.073059 0.038654 1e-06 0.001879
4-7-0-6-4-7-0-6-4-7-0-0-1-1-0 15794415 0.034406 0.004256 1e-06 0.001866
4-7-0-6-4-7-0-6-4-7-0-2-2-3-0 15794415 0.03971 0.008543 1e-06 0.0019
4-7-0-6-4-7-0-6-4-7-0-4-3-5-0 15794415 0.082256 0.045578 1e-06 0.001988
4-7-0-6-4-7-0-6-4-7-0-6-4-7-0 15794415 0.0554 0.019539 1e-06 0.001871
