0-0-1-1-0-0-1 34713 0.008189 0.000988 0 0.0018
0-0-1-1-0-2-2 11426723 0.102127 0.074111 1e-06 0.001169
0-0-1-1-0-4-3 66667832 0.74862 0.612332 1e-06 0.00062
0-0-1-1-0-6-4 15626706 0.034655 0.003809 0 0.000701
0-2-2-3-0-0-1 269979 0.003969 0.000362 0 0.00062
0-2-2-3-0-2-2 34713 0.003895 0.000295 0 0.000604
0-2-2-3-0-4-3 18178411 0.038215 0.002784 0 0.000578
0-2-2-3-0-6-4 10219172 0.02495 0.002331 0 0.000616
0-4-3-5-0-0-1 125547 0.006653 0.000447 0 0.000789
0-4-3-5-0-2-2 1807215 0.010899 0.001167 1e-06 0.000581
0-4-3-5-0-4-3 45844609 0.105554 0.012891 1e-06 0.000571
0-4-3-5-0-6-4 13230219 0.058577 0.005115 0 0.000669
0-6-4-7-0-0-1 277619 0.008092 0.00059 1e-06 0.002336
0-6-4-7-0-2-2 6345795 0.020592 0.002563 1e-06 0.000568
0-6-4-7-0-4-3 161137646 1.45218 0.986911 0 0.000608
0-6-4-7-0-6-4 15647846 0.065013 0.007169 1e-06 0.001359
1-1-0-0-1-1-0 34713 0.004965 0.000537 1e-06 0.001872
1-1-0-2-2-3-0 269979 0.005768 0.001908 0 0.000794
1-1-0-4-3-5-0 125547 0.006752 0.001579 1e-06 0.001099
1-1-0-6-4-7-0 277619 0.007287 0.001988 1e-06 0.000865
2-3-0-0-1-1-0 11426723 0.042315 0.003927 1e-06 0.000904
2-3-0-2-2-3-0 34713 0.004962 0.000667 0 0.001174
2-3-0-4-3-5-0 1807215 0.013036 0.00168 1e-06 0.001009
2-3-0-6-4-7-0 6345795 0.025651 0.003667 0 0.001055
3-5-0-0-1-1-0 66667832 0.212077 0.011332 0 0.001124
3-5-0-2-2-3-0 18178411 0.065954 0.00393 1e-06 0.0014
3-5-0-4-3-5-0 45844609 0.172016 0.024958 0 0.001265
3-5-0-6-4-7-0 161137646 0.640859 0.178695 0 0.001481
4-7-0-0-1-1-0 15626706 0.055305 0.002331 1e-06 0.001854
4-7-0-2-2-3-0 10219172 0.035957 0.001714 1e-06 0.001222
4-7-0-4-3-5-0 13230219 0.055284 0.008921 0 0.001141
4-7-0-6-4-7-0 15647846 0.059288 0.008481 1e-06 0.001177
