0-0-1-1-0-0-1-1-0-0-1-1-0-0-1 34713 0.022183 0.000887 1e-06 0.009997
0-0-1-1-0-0-1-1-0-0-1-1-0-2-2 11426723 0.0975 0.048532 1e-06 0.007851
0-0-1-1-0-0-1-1-0-0-1-1-0-4-3 66667832 0.262405 0.103434 1e-06 0.003715
0-0-1-1-0-0-1-1-0-0-1-1-0-6-4 15626706 0.057093 0.008603 1e-06 0.003525
0-0-1-1-0-0-1-1-0-2-2-3-0-0-1 277704 0.010551 0.001099 1e-06 0.002465
0-0-1-1-0-0-1-1-0-2-2-3-0-2-2 11426723 0.041099 0.007251 1e-06 0.002267
0-0-1-1-0-0-1-1-0-2-2-3-0-4-3 262992233 0.840786 0.22324 1e-06 0.002182
0-0-1-1-0-0-1-1-0-2-2-3-0-6-4 15794415 0.069841 0.010279 2e-06 0.007487
0-0-1-1-0-0-1-1-0-4-3-5-0-0-1 277704 0.01472 0.001786 1e-06 0.00333
0-0-1-1-0-0-1-1-0-4-3-5-0-2-2 13373259 0.050162 0.009359 1e-06 0.002789
0-0-1-1-0-0-1-1-0-4-3-5-0-4-3 242448037 0.505064 0.103216 1e-06 0.00251
0-0-1-1-0-0-1-1-0-4-3-5-0-6-4 15758734 0.047399 0.009408 0 0.002332
0-0-1-1-0-0-1-1-0-6-4-7-0-0-1 277704 0.01216 0.001107 1e-06 0.002107
0-0-1-1-0-0-1-1-0-6-4-7-0-2-2 13954626 0.040619 0.007629 0 0.001996
0-0-1-1-0-0-1-1-0-6-4-7-0-4-3 264536355 0.576133 0.115429 1e-06 0.002249
0-0-1-1-0-0-1-1-0-6-4-7-0-6-4 15794415 0.048232 0.011024 1e-06 0.002234
0-0-1-1-0-2-2-3-0-0-1-1-0-0-1 277704 0.008785 0.001062 1e-06 0.001689
0-0-1-1-0-2-2-3-0-0-1-1-0-2-2 13954626 0.045067 0.007881 1e-06 0.00129
0-0-1-1-0-2-2-3-0-0-1-1-0-4-3 264547773 0.542571 0.11224 1e-06 0.001476
0-0-1-1-0-2-2-3-0-0-1-1-0-6-4 15794415 0.043483 0.008583 1e-06 0.001596
0-0-1-1-0-2-2-3-0-2-2-3-0-0-1 277704 0.008586 0.001067 1e-06 0.001482
0-0-1-1-0-2-2-3-0-2-2-3-0-2-2 11426723 0.032753 0.006538 1e-06 0.001318
0-0-1-1-0-2-2-3-0-2-2-3-0-4-3 262992233 0.778731 0.111692 1e-06 0.001804
0-0-1-1-0-2-2-3-0-2-2-3-0-6-4 15794415 0.072835 0.011714 2e-06 0.003247
0-0-1-1-0-2-2-3-0-4-3-5-0-0-1 277704 0.029333 0.002595 2e-06 0.003057
0-0-1-1-0-2-2-3-0-4-3-5-0-2-2 13954626 0.06621 0.012664 1e-06 0.002608
0-0-1-1-0-2-2-3-0-4-3-5-0-4-3 264272027 0.932273 0.145594 1e-06 0.005362
0-0-1-1-0-2-2-3-0-4-3-5-0-6-4 15794415 0.078622 0.014879 2e-06 0.003374
0-0-1-1-0-2-2-3-0-6-4-7-0-0-1 277704 0.015487 0.001934 2e-06 0.003024
0-0-1-1-0-2-2-3-0-6-4-7-0-2-2 13954626 0.059487 0.010781 1e-06 0.002567
0-0-1-1-0-2-2-3-0-6-4-7-0-4-3 264547773 0.870801 0.133421 1e-06 0.002701
0-0-1-1-0-2-2-3-0-6-4-7-0-6-4 15794415 0.066754 0.012761 1e-06 0.002157
0-0-1-1-0-4-3-5-0-0-1-1-0-0-1 277704 0.012598 0.001745 2e-06 0.002279
0-0-1-1-0-4-3-5-0-0-1-1-0-2-2 13954626 0.052221 0.01021 1e-06 0.001861
0-0-1-1-0-4-3-5-0-0-1-1-0-4-3 264547773 0.74137 0.127451 1e-06 0.002089
0-0-1-1-0-4-3-5-0-0-1-1-0-6-4 15794415 0.046712 0.010375 0 0.001807
0-0-1-1-0-4-3-5-0-2-2-3-0-0-1 277704 0.012566 0.002145 1e-06 0.001776
0-0-1-1-0-4-3-5-0-2-2-3-0-2-2 13373259 0.043315 0.008875 0 0.001663
0-0-1-1-0-4-3-5-0-2-2-3-0-4-3 264534436 0.55437 0.118832 2e-06 0.001754
0-0-1-1-0-4-3-5-0-2-2-3-0-6-4 15794415 0.04978 0.009257 1e-06 0.001879
0-0-1-1-0-4-3-5-0-4-3-5-0-0-1 277704 0.015295 0.002564 0 0.001844
0-0-1-1-0-4-3-5-0-4-3-5-0-2-2 13954626 0.043484 0.010171 1e-06 0.001752
0-0-1-1-0-4-3-5-0-4-3-5-0-4-3 254851812 0.5411 0.110733 0 0.001874
0-0-1-1-0-4-3-5-0-4-3-5-0-6-4 15794415 0.054856 0.01336 0 0.002152
0-0-1-1-0-4-3-5-0-6-4-7-0-0-1 277704 0.01478 0.003417 0 0.003776
0-0-1-1-0-4-3-5-0-6-4-7-0-2-2 13954626 0.043895 0.00973 0 0.00167
0-0-1-1-0-4-3-5-0-6-4-7-0-4-3 264547773 0.836946 0.123673 1e-06 0.001917
0-0-1-1-0-4-3-5-0-6-4-7-0-6-4 15794415 0.071625 0.016421 1e-06 0.004227
0-0-1-1-0-6-4-7-0-0-1-1-0-0-1 277704 0.01186 0.001462 1e-06 0.002415
0-0-1-1-0-6-4-7-0-0-1-1-0-2-2 13954626 0.042565 0.009181 1e-06 0.00182
0-0-1-1-0-6-4-7-0-0-1-1-0-4-3 264547773 0.537684 0.107375 1e-06 0.001871
0-0-1-1-0-6-4-7-0-0-1-1-0-6-4 15794415 0.046309 0.009482 0 0.001844
0-0-1-1-0-6-4-7-0-2-2-3-0-0-1 277704 0.010747 0.001746 0 0.001709
0-0-1-1-0-6-4-7-0-2-2-3-0-2-2 13954626 0.04278 0.008104 1e-06 0.001641
0-0-1-1-0-6-4-7-0-2-2-3-0-4-3 264547773 0.543298 0.108691 1e-06 0.001903
0-0-1-1-0-6-4-7-0-2-2-3-0-6-4 15794415 0.053539 0.010464 1e-06 0.001803
0-0-1-1-0-6-4-7-0-4-3-5-0-0-1 277704 0.012964 0.002342 1e-06 0.001817
0-0-1-1-0-6-4-7-0-4-3-5-0-2-2 13954626 0.0459 0.011305 0 0.001706
0-0-1-1-0-6-4-7-0-4-3-5-0-4-3 264536355 0.565525 0.118509 1e-06 0.001981
0-0-1-1-0-6-4-7-0-4-3-5-0-6-4 15794415 0.054642 0.015888 1e-06 0.002194
0-0-1-1-0-6-4-7-0-6-4-7-0-0-1 277704 0.017353 0.003914 1e-06 0.001901
0-0-1-1-0-6-4-7-0-6-4-7-0-2-2 13954626 0.051558 0.010879 0 0.001698
0-0-1-1-0-6-4-7-0-6-4-7-0-4-3 264547773 0.553309 0.116357 1e-06 0.002096
0-0-1-1-0-6-4-7-0-6-4-7-0-6-4 15794415 0.053684 0.014551 1e-06 0.002132
0-2-2-3-0-0-1-1-0-0-1-1-0-0-1 269979 0.009601 0.000883 1e-06 0.002487
0-2-2-3-0-0-1-1-0-0-1-1-0-2-2 13942082 0.041901 0.008765 1e-06 0.002012
0-2-2-3-0-0-1-1-0-0-1-1-0-4-3 261068775 0.626086 0.193145 0 0.002513
0-2-2-3-0-0-1-1-0-0-1-1-0-6-4 15794087 0.048902 0.010198 2e-06 0.002526
0-2-2-3-0-0-1-1-0-2-2-3-0-0-1 277704 0.008893 0.001136 0 0.001492
0-2-2-3-0-0-1-1-0-2-2-3-0-2-2 13942082 0.03773 0.00763 0 0.001334
0-2-2-3-0-0-1-1-0-2-2-3-0-4-3 264546361 0.690578 0.257518 1e-06 0.001748
0-2-2-3-0-0-1-1-0-2-2-3-0-6-4 15794415 0.049403 0.008907 1e-06 0.00157
0-2-2-3-0-0-1-1-0-4-3-5-0-0-1 277704 0.010327 0.001667 1e-06 0.00167
0-2-2-3-0-0-1-1-0-4-3-5-0-2-2 13950086 0.053798 0.009412 1e-06 0.001528
0-2-2-3-0-0-1-1-0-4-3-5-0-4-3 264223483 0.679542 0.244007 1e-06 0.001589
0-2-2-3-0-0-1-1-0-4-3-5-0-6-4 15794374 0.048196 0.010482 1e-06 0.00187
0-2-2-3-0-0-1-1-0-6-4-7-0-0-1 277704 0.009451 0.001435 1e-06 0.001669
0-2-2-3-0-0-1-1-0-6-4-7-0-2-2 13954626 0.049847 0.009426 1e-06 0.001586
0-2-2-3-0-0-1-1-0-6-4-7-0-4-3 264547768 0.711831 0.284624 0 0.001795
0-2-2-3-0-0-1-1-0-6-4-7-0-6-4 15794415 0.048192 0.011935 1e-06 0.001727
0-2-2-3-0-2-2-3-0-0-1-1-0-0-1 269979 0.009149 0.000882 1e-06 0.001817
0-2-2-3-0-2-2-3-0-0-1-1-0-2-2 13942082 0.037271 0.007735 1e-06 0.001399
0-2-2-3-0-2-2-3-0-0-1-1-0-4-3 261068775 0.639807 0.201819 0 0.001855
0-2-2-3-0-2-2-3-0-0-1-1-0-6-4 15794087 0.060595 0.013468 1e-06 0.002564
0-2-2-3-0-2-2-3-0-2-2-3-0-0-1 269979 0.010316 0.000921 1e-06 0.001758
0-2-2-3-0-2-2-3-0-2-2-3-0-2-2 34713 0.009323 0.000632 1e-06 0.00157
0-2-2-3-0-2-2-3-0-2-2-3-0-4-3 18178411 0.076729 0.008925 1e-06 0.001473
0-2-2-3-0-2-2-3-0-2-2-3-0-6-4 10219172 0.048903 0.00666 1e-06 0.001975
0-2-2-3-0-2-2-3-0-4-3-5-0-0-1 277212 0.016329 0.001635 1e-06 0.001907
0-2-2-3-0-2-2-3-0-4-3-5-0-2-2 12401496 0.050013 0.008139 1e-06 0.001707
0-2-2-3-0-2-2-3-0-4-3-5-0-4-3 223199128 0.709056 0.113643 1e-06 0.001908
0-2-2-3-0-2-2-3-0-4-3-5-0-6-4 15752999 0.101994 0.017759 2e-06 0.003329
0-2-2-3-0-2-2-3-0-6-4-7-0-0-1 277704 0.015066 0.001885 1e-06 0.002881
0-2-2-3-0-2-2-3-0-6-4-7-0-2-2 13689497 0.061119 0.010684 1e-06 0.002617
0-2-2-3-0-2-2-3-0-6-4-7-0-4-3 258664239 0.872165 0.150072 2e-06 0.00272
0-2-2-3-0-2-2-3-0-6-4-7-0-6-4 15792398 0.055027 0.012781 0 0.00395
0-2-2-3-0-4-3-5-0-0-1-1-0-0-1 277212 0.011672 0.001635 1e-06 0.002061
0-2-2-3-0-4-3-5-0-0-1-1-0-2-2 13953539 0.04296 0.008243 1e-06 0.001665
0-2-2-3-0-4-3-5-0-0-1-1-0-4-3 264335304 0.65808 0.218986 1e-06 0.001948
0-2-2-3-0-4-3-5-0-0-1-1-0-6-4 15794372 0.04915 0.009958 0 0.002475
0-2-2-3-0-4-3-5-0-2-2-3-0-0-1 277704 0.013322 0.001915 0 0.001792
0-2-2-3-0-4-3-5-0-2-2-3-0-2-2 12401496 0.040321 0.008251 1e-06 0.001738
0-2-2-3-0-4-3-5-0-2-2-3-0-4-3 263938876 0.559799 0.118498 1e-06 0.001993
0-2-2-3-0-4-3-5-0-2-2-3-0-6-4 15794338 0.050013 0.011362 1e-06 0.001871
0-2-2-3-0-4-3-5-0-4-3-5-0-0-1 277704 0.015244 0.002878 1e-06 0.001915
0-2-2-3-0-4-3-5-0-4-3-5-0-2-2 13942369 0.073982 0.016974 1e-06 0.001848
0-2-2-3-0-4-3-5-0-4-3-5-0-4-3 252870735 0.689653 0.255389 1e-06 0.001907
0-2-2-3-0-4-3-5-0-4-3-5-0-6-4 15794351 0.119547 0.07555 1e-06 0.002203
0-2-2-3-0-4-3-5-0-6-4-7-0-0-1 277704 0.014306 0.002496 1e-06 0.001859
0-2-2-3-0-4-3-5-0-6-4-7-0-2-2 13954500 0.05173 0.015727 0 0.001831
0-2-2-3-0-4-3-5-0-6-4-7-0-4-3 264545259 0.654242 0.19068 1e-06 0.001964
0-2-2-3-0-4-3-5-0-6-4-7-0-6-4 15794413 0.072246 0.024734 0 0.002069
0-2-2-3-0-6-4-7-0-0-1-1-0-0-1 277704 0.015417 0.001379 0 0.002073
0-2-2-3-0-6-4-7-0-0-1-1-0-2-2 13954626 0.0421 0.008434 1e-06 0.001784
0-2-2-3-0-6-4-7-0-0-1-1-0-4-3 264547773 0.657804 0.216257 1e-06 0.001872
0-2-2-3-0-6-4-7-0-0-1-1-0-6-4 15794415 0.059934 0.010101 2e-06 0.002122
0-2-2-3-0-6-4-7-0-2-2-3-0-0-1 277704 0.013492 0.001683 1e-06 0.002079
0-2-2-3-0-6-4-7-0-2-2-3-0-2-2 13689497 0.052176 0.009571 1e-06 0.001926
0-2-2-3-0-6-4-7-0-2-2-3-0-4-3 264526605 0.857419 0.128089 3e-06 0.002785
0-2-2-3-0-6-4-7-0-2-2-3-0-6-4 15794414 0.059849 0.013237 1e-06 0.002757
0-2-2-3-0-6-4-7-0-4-3-5-0-0-1 277704 0.015008 0.002685 1e-06 0.001953
0-2-2-3-0-6-4-7-0-4-3-5-0-2-2 13953921 0.056936 0.018611 1e-06 0.001791
0-2-2-3-0-6-4-7-0-4-3-5-0-4-3 261395656 0.740767 0.29655 1e-06 0.002075
0-2-2-3-0-6-4-7-0-4-3-5-0-6-4 15794415 0.132485 0.072766 1e-06 0.002425
0-2-2-3-0-6-4-7-0-6-4-7-0-0-1 277704 0.015215 0.003916 1e-06 0.002014
0-2-2-3-0-6-4-7-0-6-4-7-0-2-2 13954626 0.059405 0.015193 0 0.001891
0-2-2-3-0-6-4-7-0-6-4-7-0-4-3 264547767 0.810609 0.185081 1e-06 0.00201
0-2-2-3-0-6-4-7-0-6-4-7-0-6-4 15794415 0.072983 0.025493 1e-06 0.001979
0-4-3-5-0-0-1-1-0-0-1-1-0-0-1 125547 0.012651 0.001298 1e-06 0.003017
0-4-3-5-0-0-1-1-0-0-1-1-0-2-2 13103489 0.049558 0.012669 1e-06 0.002642
0-4-3-5-0-0-1-1-0-0-1-1-0-4-3 159103520 0.370841 0.11476 0 0.002708
0-4-3-5-0-0-1-1-0-0-1-1-0-6-4 15740985 0.067193 0.013792 1e-06 0.003485
0-4-3-5-0-0-1-1-0-2-2-3-0-0-1 277704 0.015159 0.001718 1e-06 0.001914
0-4-3-5-0-0-1-1-0-2-2-3-0-2-2 13103489 0.048225 0.012416 1e-06 0.001791
0-4-3-5-0-0-1-1-0-2-2-3-0-4-3 264299335 0.615928 0.179943 1e-06 0.001952
0-4-3-5-0-0-1-1-0-2-2-3-0-6-4 15794415 0.053887 0.01422 1e-06 0.002692
0-4-3-5-0-0-1-1-0-4-3-5-0-0-1 277704 0.014816 0.002246 1e-06 0.001965
0-4-3-5-0-0-1-1-0-4-3-5-0-2-2 13749399 0.050672 0.013467 1e-06 0.001892
0-4-3-5-0-0-1-1-0-4-3-5-0-4-3 254223236 0.583456 0.170696 1e-06 0.002184
0-4-3-5-0-0-1-1-0-4-3-5-0-6-4 15784512 0.05694 0.016228 0 0.002074
0-4-3-5-0-0-1-1-0-6-4-7-0-0-1 277704 0.013942 0.002002 1e-06 0.001975
0-4-3-5-0-0-1-1-0-6-4-7-0-2-2 13954626 0.05369 0.013819 1e-06 0.001908
0-4-3-5-0-0-1-1-0-6-4-7-0-4-3 264545622 0.625776 0.180822 0 0.002315
0-4-3-5-0-0-1-1-0-6-4-7-0-6-4 15794415 0.063441 0.016534 1e-06 0.002267
0-4-3-5-0-2-2-3-0-0-1-1-0-0-1 277597 0.015407 0.001585 1e-06 0.002404
0-4-3-5-0-2-2-3-0-0-1-1-0-2-2 13954538 0.053374 0.016689 1e-06 0.001812
0-4-3-5-0-2-2-3-0-0-1-1-0-4-3 264505054 0.649681 0.21976 1e-06 0.002182
0-4-3-5-0-2-2-3-0-0-1-1-0-6-4 15794415 0.065483 0.01994 1e-06 0.001965
0-4-3-5-0-2-2-3-0-2-2-3-0-0-1 277597 0.014097 0.001581 1e-06 0.003924
0-4-3-5-0-2-2-3-0-2-2-3-0-2-2 1807215 0.019286 0.003265 0 0.001831
0-4-3-5-0-2-2-3-0-2-2-3-0-4-3 186718068 0.586637 0.253879 1e-06 0.001768
0-4-3-5-0-2-2-3-0-2-2-3-0-6-4 15662521 0.098802 0.020964 1e-06 0.002612
0-4-3-5-0-2-2-3-0-4-3-5-0-0-1 277704 0.015525 0.002331 1e-06 0.002009
0-4-3-5-0-2-2-3-0-4-3-5-0-2-2 13920727 0.05973 0.017114 0 0.001954
0-4-3-5-0-2-2-3-0-4-3-5-0-4-3 256552028 1.62757 1.16963 1e-06 0.002273
0-4-3-5-0-2-2-3-0-4-3-5-0-6-4 15793767 0.067897 0.023669 1e-06 0.00224
0-4-3-5-0-2-2-3-0-6-4-7-0-0-1 277704 0.012919 0.002069 1e-06 0.001972
0-4-3-5-0-2-2-3-0-6-4-7-0-2-2 13952209 0.057097 0.017176 1e-06 0.001918
0-4-3-5-0-2-2-3-0-6-4-7-0-4-3 264488100 1.76456 1.30009 1e-06 0.00199
0-4-3-5-0-2-2-3-0-6-4-7-0-6-4 15794397 0.064581 0.021453 1e-06 0.002238
0-4-3-5-0-4-3-5-0-0-1-1-0-0-1 273654 0.016598 0.00242 1e-06 0.002302
0-4-3-5-0-4-3-5-0-0-1-1-0-2-2 13920168 0.057435 0.017313 1e-06 0.002086
0-4-3-5-0-4-3-5-0-0-1-1-0-4-3 261568906 0.628568 0.200093 1e-06 0.002159
0-4-3-5-0-4-3-5-0-0-1-1-0-6-4 15792180 0.068623 0.01957 1e-06 0.002419
0-4-3-5-0-4-3-5-0-2-2-3-0-0-1 277611 0.018023 0.002677 1e-06 0.002252
0-4-3-5-0-4-3-5-0-2-2-3-0-2-2 12620533 0.080252 0.018745 0 0.002092
0-4-3-5-0-4-3-5-0-2-2-3-0-4-3 260987845 0.93979 0.442676 1e-06 0.002249
0-4-3-5-0-4-3-5-0-2-2-3-0-6-4 15743848 0.117568 0.053076 1e-06 0.002385
0-4-3-5-0-4-3-5-0-4-3-5-0-0-1 274950 0.021454 0.003576 0 0.002306
0-4-3-5-0-4-3-5-0-4-3-5-0-2-2 13780903 0.214421 0.155471 0 0.002266
0-4-3-5-0-4-3-5-0-4-3-5-0-4-3 249802666 3.22203 2.61483 1e-06 0.002343
0-4-3-5-0-4-3-5-0-4-3-5-0-6-4 15614461 0.292394 0.228457 1e-06 0.003754
0-4-3-5-0-4-3-5-0-6-4-7-0-0-1 277700 0.016567 0.002785 1e-06 0.002423
0-4-3-5-0-4-3-5-0-6-4-7-0-2-2 13850279 0.196296 0.138314 1e-06 0.001945
0-4-3-5-0-4-3-5-0-6-4-7-0-4-3 263135171 4.30643 3.82722 1e-06 0.001978
0-4-3-5-0-4-3-5-0-6-4-7-0-6-4 15792097 0.263238 0.205493 1e-06 0.003744
0-4-3-5-0-6-4-7-0-0-1-1-0-0-1 277700 0.014527 0.002153 1e-06 0.002243
0-4-3-5-0-6-4-7-0-0-1-1-0-2-2 13954622 0.047952 0.012612 1e-06 0.001811
0-4-3-5-0-6-4-7-0-0-1-1-0-4-3 264547070 0.623825 0.16112 1e-06 0.001988
0-4-3-5-0-6-4-7-0-0-1-1-0-6-4 15794415 0.073355 0.016743 1e-06 0.00221
0-4-3-5-0-6-4-7-0-2-2-3-0-0-1 277704 0.014827 0.002146 1e-06 0.001955
0-4-3-5-0-6-4-7-0-2-2-3-0-2-2 13721768 0.069865 0.028944 1e-06 0.00186
0-4-3-5-0-6-4-7-0-2-2-3-0-4-3 264348044 0.899779 0.375113 1e-06 0.002183
0-4-3-5-0-6-4-7-0-2-2-3-0-6-4 15794371 0.1368 0.071939 1e-06 0.002043
0-4-3-5-0-6-4-7-0-4-3-5-0-0-1 277704 0.016038 0.002681 1e-06 0.002102
0-4-3-5-0-6-4-7-0-4-3-5-0-2-2 13953164 0.112947 0.066113 1e-06 0.001947
0-4-3-5-0-6-4-7-0-4-3-5-0-4-3 263215652 6.99864 6.50858 1e-06 0.002119
0-4-3-5-0-6-4-7-0-4-3-5-0-6-4 15794412 0.194732 0.109396 1e-06 0.002269
0-4-3-5-0-6-4-7-0-6-4-7-0-0-1 277704 0.015618 0.003714 1e-06 0.002075
0-4-3-5-0-6-4-7-0-6-4-7-0-2-2 13954620 0.101119 0.060397 1e-06 0.001924
0-4-3-5-0-6-4-7-0-6-4-7-0-4-3 264547650 7.08842 6.59274 1e-06 0.00222
0-4-3-5-0-6-4-7-0-6-4-7-0-6-4 15794415 0.152292 0.084393 1e-06 0.002486
0-6-4-7-0-0-1-1-0-0-1-1-0-0-1 277619 0.00912 0.0009 0 0.002409
0-6-4-7-0-0-1-1-0-0-1-1-0-2-2 13954551 0.042238 0.010914 1e-06 0.002083
0-6-4-7-0-0-1-1-0-0-1-1-0-4-3 264520476 0.632102 0.182122 1e-06 0.002928
0-6-4-7-0-0-1-1-0-0-1-1-0-6-4 15794415 0.056845 0.012198 1e-06 0.003113
0-6-4-7-0-0-1-1-0-2-2-3-0-0-1 277704 0.01009 0.001212 1e-06 0.001912
0-6-4-7-0-0-1-1-0-2-2-3-0-2-2 13954551 0.043042 0.010699 1e-06 0.001634
0-6-4-7-0-0-1-1-0-2-2-3-0-4-3 264547769 0.677077 0.217372 1e-06 0.001977
0-6-4-7-0-0-1-1-0-2-2-3-0-6-4 15794415 0.050069 0.012294 1e-06 0.00203
0-6-4-7-0-0-1-1-0-4-3-5-0-0-1 277704 0.012004 0.001708 1e-06 0.001802
0-6-4-7-0-0-1-1-0-4-3-5-0-2-2 13954585 0.051588 0.012038 1e-06 0.001733
0-6-4-7-0-0-1-1-0-4-3-5-0-4-3 264544959 0.670793 0.216678 1e-06 0.001912
0-6-4-7-0-0-1-1-0-4-3-5-0-6-4 15794415 0.065445 0.017075 1e-06 0.002451
0-6-4-7-0-0-1-1-0-6-4-7-0-0-1 277704 0.013074 0.001425 1e-06 0.001978
0-6-4-7-0-0-1-1-0-6-4-7-0-2-2 13954626 0.053702 0.010934 1e-06 0.001868
0-6-4-7-0-0-1-1-0-6-4-7-0-4-3 264547773 0.930634 0.222286 1e-06 0.002125
0-6-4-7-0-0-1-1-0-6-4-7-0-6-4 15794415 0.073579 0.014607 1e-06 0.002471
0-6-4-7-0-2-2-3-0-0-1-1-0-0-1 277704 0.013893 0.001309 1e-06 0.002228
0-6-4-7-0-2-2-3-0-0-1-1-0-2-2 13954626 0.055295 0.011447 1e-06 0.001789
0-6-4-7-0-2-2-3-0-0-1-1-0-4-3 264547773 0.807266 0.182018 1e-06 0.002024
0-6-4-7-0-2-2-3-0-0-1-1-0-6-4 15794415 0.065121 0.014154 1e-06 0.002174
0-6-4-7-0-2-2-3-0-2-2-3-0-0-1 277704 0.012205 0.001311 0 0.001808
0-6-4-7-0-2-2-3-0-2-2-3-0-2-2 6345795 0.033657 0.006479 1e-06 0.001683
0-6-4-7-0-2-2-3-0-2-2-3-0-4-3 254483838 0.608961 0.178525 1e-06 0.001928
0-6-4-7-0-2-2-3-0-2-2-3-0-6-4 15792946 0.054353 0.013977 1e-06 0.002267
0-6-4-7-0-2-2-3-0-4-3-5-0-0-1 277704 0.022465 0.002308 1e-06 0.001967
0-6-4-7-0-2-2-3-0-4-3-5-0-2-2 13954585 0.051957 0.013477 1e-06 0.002155
0-6-4-7-0-2-2-3-0-4-3-5-0-4-3 262665496 0.650064 0.201535 1e-06 0.002221
0-6-4-7-0-2-2-3-0-4-3-5-0-6-4 15794415 0.063599 0.020774 0 0.002175
0-6-4-7-0-2-2-3-0-6-4-7-0-0-1 277704 0.012694 0.001644 1e-06 0.001998
0-6-4-7-0-2-2-3-0-6-4-7-0-2-2 13954626 0.064081 0.015597 0 0.001849
0-6-4-7-0-2-2-3-0-6-4-7-0-4-3 264547773 0.708413 0.259782 1e-06 0.00222
0-6-4-7-0-2-2-3-0-6-4-7-0-6-4 15794415 0.063801 0.02018 0 0.002514
0-6-4-7-0-4-3-5-0-0-1-1-0-0-1 277701 0.014954 0.002116 1e-06 0.00225
0-6-4-7-0-4-3-5-0-0-1-1-0-2-2 13954618 0.049553 0.013553 1e-06 0.002141
0-6-4-7-0-4-3-5-0-0-1-1-0-4-3 264546039 0.657549 0.208506 1e-06 0.002057
0-6-4-7-0-4-3-5-0-0-1-1-0-6-4 15794415 0.057542 0.015196 0 0.003905
0-6-4-7-0-4-3-5-0-2-2-3-0-0-1 277704 0.017222 0.002423 1e-06 0.00211
0-6-4-7-0-4-3-5-0-2-2-3-0-2-2 13891951 0.074304 0.022762 1e-06 0.001977
0-6-4-7-0-4-3-5-0-2-2-3-0-4-3 264545893 0.652386 0.205496 1e-06 0.002384
0-6-4-7-0-4-3-5-0-2-2-3-0-6-4 15794415 0.066075 0.021704 1e-06 0.002193
0-6-4-7-0-4-3-5-0-4-3-5-0-0-1 277704 0.017178 0.003062 1e-06 0.00217
0-6-4-7-0-4-3-5-0-4-3-5-0-2-2 13954598 0.125822 0.069389 1e-06 0.002036
0-6-4-7-0-4-3-5-0-4-3-5-0-4-3 253260419 0.898984 0.456391 1e-06 0.00231
0-6-4-7-0-4-3-5-0-4-3-5-0-6-4 15794415 0.25803 0.201148 1e-06 0.002532
0-6-4-7-0-4-3-5-0-6-4-7-0-0-1 277704 0.016233 0.002886 1e-06 0.00204
0-6-4-7-0-4-3-5-0-6-4-7-0-2-2 13954626 0.105803 0.06867 0 0.00202
0-6-4-7-0-4-3-5-0-6-4-7-0-4-3 264547770 0.745361 0.301115 1e-06 0.002262
0-6-4-7-0-4-3-5-0-6-4-7-0-6-4 15794415 0.133496 0.084778 1e-06 0.0025
0-6-4-7-0-6-4-7-0-0-1-1-0-0-1 277704 0.013083 0.003456 1e-06 0.002287
0-6-4-7-0-6-4-7-0-0-1-1-0-2-2 13954626 0.047567 0.014292 0 0.001915
0-6-4-7-0-6-4-7-0-0-1-1-0-4-3 264547773 0.649311 0.204794 1e-06 0.002395
0-6-4-7-0-6-4-7-0-0-1-1-0-6-4 15794415 0.053882 0.015347 0 0.002388
0-6-4-7-0-6-4-7-0-2-2-3-0-0-1 277704 0.014035 0.003631 1e-06 0.002109
0-6-4-7-0-6-4-7-0-2-2-3-0-2-2 13954431 0.049983 0.016224 0 0.001928
0-6-4-7-0-6-4-7-0-2-2-3-0-4-3 264547772 0.638076 0.19683 1e-06 0.002296
0-6-4-7-0-6-4-7-0-2-2-3-0-6-4 15794415 0.063933 0.020387 1e-06 0.002161
0-6-4-7-0-6-4-7-0-4-3-5-0-0-1 277704 0.016842 0.004402 1e-06 0.00205
0-6-4-7-0-6-4-7-0-4-3-5-0-2-2 13954626 0.063564 0.027092 1e-06 0.00199
0-6-4-7-0-6-4-7-0-4-3-5-0-4-3 264542880 0.900335 0.442754 1e-06 0.002519
0-6-4-7-0-6-4-7-0-4-3-5-0-6-4 15794415 0.138224 0.085509 0 0.002401
0-6-4-7-0-6-4-7-0-6-4-7-0-0-1 277704 0.016621 0.005765 1e-06 0.002239
0-6-4-7-0-6-4-7-0-6-4-7-0-2-2 13954626 0.060351 0.025936 1e-06 0.002041
0-6-4-7-0-6-4-7-0-6-4-7-0-4-3 264547773 0.74308 0.296708 0 0.002257
0-6-4-7-0-6-4-7-0-6-4-7-0-6-4 15794415 0.091242 0.040474 0 0.002554
1-1-0-0-1-1-0-0-1-1-0-0-1-1-0 34713 0.009071 0.000544 0 0.00372
1-1-0-0-1-1-0-0-1-1-0-2-2-3-0 269979 0.008928 0.00109 1e-06 0.002534
1-1-0-0-1-1-0-0-1-1-0-4-3-5-0 125547 0.009992 0.001573 1e-06 0.002616
1-1-0-0-1-1-0-0-1-1-0-6-4-7-0 277619 0.010857 0.002198 1e-06 0.002598
1-1-0-0-1-1-0-2-2-3-0-0-1-1-0 277704 0.008746 0.000922 1e-06 0.001968
1-1-0-0-1-1-0-2-2-3-0-2-2-3-0 269979 0.008908 0.000936 1e-06 0.001682
1-1-0-0-1-1-0-2-2-3-0-4-3-5-0 277597 0.011907 0.003308 0 0.002035
1-1-0-0-1-1-0-2-2-3-0-6-4-7-0 277704 0.010437 0.00232 1e-06 0.001864
1-1-0-0-1-1-0-4-3-5-0-0-1-1-0 277704 0.011119 0.001454 1e-06 0.002141
1-1-0-0-1-1-0-4-3-5-0-2-2-3-0 277212 0.012974 0.001921 0 0.002248
1-1-0-0-1-1-0-4-3-5-0-4-3-5-0 273654 0.014054 0.004011 0 0.002213
1-1-0-0-1-1-0-4-3-5-0-6-4-7-0 277701 0.013702 0.004017 0 0.002003
1-1-0-0-1-1-0-6-4-7-0-0-1-1-0 277704 0.008518 0.001169 1e-06 0.001824
1-1-0-0-1-1-0-6-4-7-0-2-2-3-0 277704 0.009973 0.001477 1e-06 0.002105
1-1-0-0-1-1-0-6-4-7-0-4-3-5-0 277700 0.013445 0.004278 1e-06 0.002019
1-1-0-0-1-1-0-6-4-7-0-6-4-7-0 277704 0.012844 0.00404 0 0.002023
1-1-0-2-2-3-0-0-1-1-0-0-1-1-0 277704 0.007829 0.000989 1e-06 0.001992
1-1-0-2-2-3-0-0-1-1-0-2-2-3-0 277704 0.007816 0.001416 1e-06 0.001222
1-1-0-2-2-3-0-0-1-1-0-4-3-5-0 277704 0.010254 0.002489 0 0.001294
1-1-0-2-2-3-0-0-1-1-0-6-4-7-0 277704 0.009851 0.002306 1e-06 0.001311
1-1-0-2-2-3-0-2-2-3-0-0-1-1-0 277704 0.007226 0.000942 0 0.001236
1-1-0-2-2-3-0-2-2-3-0-2-2-3-0 269979 0.007259 0.000963 1e-06 0.001264
1-1-0-2-2-3-0-2-2-3-0-4-3-5-0 277597 0.010179 0.002818 1e-06 0.00134
1-1-0-2-2-3-0-2-2-3-0-6-4-7-0 277704 0.009756 0.002153 1e-06 0.001344
1-1-0-2-2-3-0-4-3-5-0-0-1-1-0 277704 0.009952 0.001585 0 0.001428
1-1-0-2-2-3-0-4-3-5-0-2-2-3-0 277704 0.010486 0.002024 1e-06 0.001443
1-1-0-2-2-3-0-4-3-5-0-4-3-5-0 277611 0.013792 0.004878 0 0.001531
1-1-0-2-2-3-0-4-3-5-0-6-4-7-0 277704 0.013144 0.004286 0 0.001515
1-1-0-2-2-3-0-6-4-7-0-0-1-1-0 277704 0.009027 0.001405 0 0.001404
1-1-0-2-2-3-0-6-4-7-0-2-2-3-0 277704 0.009161 0.001519 0 0.001435
1-1-0-2-2-3-0-6-4-7-0-4-3-5-0 277704 0.012846 0.004459 1e-06 0.001449
1-1-0-2-2-3-0-6-4-7-0-6-4-7-0 277704 0.01345 0.004323 1e-06 0.001486
1-1-0-4-3-5-0-0-1-1-0-0-1-1-0 277704 0.009946 0.001427 1e-06 0.002195
1-1-0-4-3-5-0-0-1-1-0-2-2-3-0 277704 0.009365 0.001721 1e-06 0.001517
1-1-0-4-3-5-0-0-1-1-0-4-3-5-0 277704 0.011971 0.002982 1e-06 0.001535
1-1-0-4-3-5-0-0-1-1-0-6-4-7-0 277704 0.012268 0.002152 1e-06 0.001565
1-1-0-4-3-5-0-2-2-3-0-0-1-1-0 277704 0.010515 0.001902 1e-06 0.001506
1-1-0-4-3-5-0-2-2-3-0-2-2-3-0 277212 0.010644 0.00198 1e-06 0.001568
1-1-0-4-3-5-0-2-2-3-0-4-3-5-0 277704 0.01291 0.003456 1e-06 0.001633
1-1-0-4-3-5-0-2-2-3-0-6-4-7-0 277704 0.012529 0.002881 1e-06 0.001615
1-1-0-4-3-5-0-4-3-5-0-0-1-1-0 277704 0.013743 0.00261 0 0.001697
1-1-0-4-3-5-0-4-3-5-0-2-2-3-0 277704 0.014121 0.003708 1e-06 0.001766
1-1-0-4-3-5-0-4-3-5-0-4-3-5-0 274950 0.015881 0.006062 1e-06 0.001793
1-1-0-4-3-5-0-4-3-5-0-6-4-7-0 277704 0.017183 0.006165 0 0.00182
1-1-0-4-3-5-0-6-4-7-0-0-1-1-0 277704 0.011438 0.002601 1e-06 0.001717
1-1-0-4-3-5-0-6-4-7-0-2-2-3-0 277704 0.012804 0.002907 0 0.001718
1-1-0-4-3-5-0-6-4-7-0-4-3-5-0 277704 0.015895 0.006162 1e-06 0.00177
1-1-0-4-3-5-0-6-4-7-0-6-4-7-0 277704 0.016042 0.005716 1e-06 0.001772
1-1-0-6-4-7-0-0-1-1-0-0-1-1-0 277704 0.008382 0.001008 1e-06 0.002217
1-1-0-6-4-7-0-0-1-1-0-2-2-3-0 277704 0.008608 0.001542 0 0.001547
1-1-0-6-4-7-0-0-1-1-0-4-3-5-0 277704 0.0111 0.002805 1e-06 0.001571
1-1-0-6-4-7-0-0-1-1-0-6-4-7-0 277704 0.010281 0.00227 0 0.001618
1-1-0-6-4-7-0-2-2-3-0-0-1-1-0 277704 0.008917 0.001353 1e-06 0.001543
1-1-0-6-4-7-0-2-2-3-0-2-2-3-0 277704 0.00911 0.001512 0 0.001582
1-1-0-6-4-7-0-2-2-3-0-4-3-5-0 277704 0.0116 0.003284 0 0.001579
1-1-0-6-4-7-0-2-2-3-0-6-4-7-0 277704 0.011686 0.002768 1e-06 0.001587
1-1-0-6-4-7-0-4-3-5-0-0-1-1-0 277704 0.012909 0.002423 1e-06 0.001707
1-1-0-6-4-7-0-4-3-5-0-2-2-3-0 277704 0.013436 0.003831 0 0.001753
1-1-0-6-4-7-0-4-3-5-0-4-3-5-0 277700 0.016912 0.007225 0 0.001839
1-1-0-6-4-7-0-4-3-5-0-6-4-7-0 277704 0.016035 0.006074 1e-06 0.001803
1-1-0-6-4-7-0-6-4-7-0-0-1-1-0 277704 0.012185 0.003272 1e-06 0.001755
1-1-0-6-4-7-0-6-4-7-0-2-2-3-0 277704 0.012843 0.003802 0 0.001746
1-1-0-6-4-7-0-6-4-7-0-4-3-5-0 277704 0.01572 0.00661 1e-06 0.00176
1-1-0-6-4-7-0-6-4-7-0-6-4-7-0 277704 0.015929 0.006554 1e-06 0.00181
2-3-0-0-1-1-0-0-1-1-0-0-1-1-0 11426723 0.027463 0.003703 0 0.002709
2-3-0-0-1-1-0-0-1-1-0-2-2-3-0 13942082 0.035268 0.005774 1e-06 0.002687
2-3-0-0-1-1-0-0-1-1-0-4-3-5-0 13103489 0.037982 0.009634 1e-06 0.002472
2-3-0-0-1-1-0-0-1-1-0-6-4-7-0 13954551 0.053155 0.022268 1e-06 0.003714
2-3-0-0-1-1-0-2-2-3-0-0-1-1-0 13954626 0.033144 0.00478 1e-06 0.001726
2-3-0-0-1-1-0-2-2-3-0-2-2-3-0 13942082 0.034113 0.005486 1e-06 0.001687
2-3-0-0-1-1-0-2-2-3-0-4-3-5-0 13954538 0.043099 0.012604 1e-06 0.001759
2-3-0-0-1-1-0-2-2-3-0-6-4-7-0 13954626 0.053308 0.022224 1e-06 0.001932
2-3-0-0-1-1-0-4-3-5-0-0-1-1-0 13954626 0.036128 0.004984 1e-06 0.002009
2-3-0-0-1-1-0-4-3-5-0-2-2-3-0 13953539 0.037791 0.006262 1e-06 0.002233
2-3-0-0-1-1-0-4-3-5-0-4-3-5-0 13920168 0.045122 0.014083 1e-06 0.001931
2-3-0-0-1-1-0-4-3-5-0-6-4-7-0 13954618 0.054186 0.023859 0 0.001962
2-3-0-0-1-1-0-6-4-7-0-0-1-1-0 13954626 0.035403 0.004813 0 0.001882
2-3-0-0-1-1-0-6-4-7-0-2-2-3-0 13954626 0.035111 0.005944 0 0.001828
2-3-0-0-1-1-0-6-4-7-0-4-3-5-0 13954622 0.045667 0.014794 1e-06 0.001929
2-3-0-0-1-1-0-6-4-7-0-6-4-7-0 13954626 0.055492 0.024392 1e-06 0.00209
2-3-0-2-2-3-0-0-1-1-0-0-1-1-0 11426723 0.028887 0.003911 0 0.002638
2-3-0-2-2-3-0-0-1-1-0-2-2-3-0 13942082 0.035321 0.005301 1e-06 0.002067
2-3-0-2-2-3-0-0-1-1-0-4-3-5-0 13103489 0.037341 0.009882 1e-06 0.001749
2-3-0-2-2-3-0-0-1-1-0-6-4-7-0 13954551 0.053079 0.023381 0 0.00181
2-3-0-2-2-3-0-2-2-3-0-0-1-1-0 11426723 0.02928 0.003751 1e-06 0.001818
2-3-0-2-2-3-0-2-2-3-0-2-2-3-0 34713 0.009876 0.000652 0 0.001826
2-3-0-2-2-3-0-2-2-3-0-4-3-5-0 1807215 0.014026 0.003439 1e-06 0.001525
2-3-0-2-2-3-0-2-2-3-0-6-4-7-0 6345795 0.024415 0.008829 1e-06 0.001451
2-3-0-2-2-3-0-4-3-5-0-0-1-1-0 13373259 0.032932 0.005227 0 0.001695
2-3-0-2-2-3-0-4-3-5-0-2-2-3-0 12401496 0.032719 0.005316 0 0.002028
2-3-0-2-2-3-0-4-3-5-0-4-3-5-0 12620533 0.066921 0.032514 1e-06 0.002004
2-3-0-2-2-3-0-4-3-5-0-6-4-7-0 13891951 0.059943 0.027826 1e-06 0.002051
2-3-0-2-2-3-0-6-4-7-0-0-1-1-0 13954626 0.035487 0.004858 1e-06 0.002036
2-3-0-2-2-3-0-6-4-7-0-2-2-3-0 13689497 0.034751 0.005923 0 0.001911
2-3-0-2-2-3-0-6-4-7-0-4-3-5-0 13721768 0.084436 0.047685 1e-06 0.002144
2-3-0-2-2-3-0-6-4-7-0-6-4-7-0 13954431 0.05823 0.025962 1e-06 0.00217
2-3-0-4-3-5-0-0-1-1-0-0-1-1-0 13373259 0.034926 0.004802 1e-06 0.002906
2-3-0-4-3-5-0-0-1-1-0-2-2-3-0 13950086 0.035193 0.006073 1e-06 0.002017
2-3-0-4-3-5-0-0-1-1-0-4-3-5-0 13749399 0.041872 0.011491 1e-06 0.00207
2-3-0-4-3-5-0-0-1-1-0-6-4-7-0 13954585 0.054975 0.022566 1e-06 0.002803
2-3-0-4-3-5-0-2-2-3-0-0-1-1-0 13954626 0.035911 0.005203 0 0.002044
2-3-0-4-3-5-0-2-2-3-0-2-2-3-0 12401496 0.032902 0.005245 1e-06 0.001989
2-3-0-4-3-5-0-2-2-3-0-4-3-5-0 13920727 0.067995 0.031919 1e-06 0.0022
2-3-0-4-3-5-0-2-2-3-0-6-4-7-0 13954585 0.056392 0.024347 1e-06 0.002287
2-3-0-4-3-5-0-4-3-5-0-0-1-1-0 13954626 0.03798 0.006162 1e-06 0.002199
2-3-0-4-3-5-0-4-3-5-0-2-2-3-0 13942369 0.055625 0.013413 1e-06 0.002679
2-3-0-4-3-5-0-4-3-5-0-4-3-5-0 13780903 0.215213 0.16884 1e-06 0.002465
2-3-0-4-3-5-0-4-3-5-0-6-4-7-0 13954598 0.12456 0.088463 0 0.002408
2-3-0-4-3-5-0-6-4-7-0-0-1-1-0 13954626 0.038188 0.006135 1e-06 0.002576
2-3-0-4-3-5-0-6-4-7-0-2-2-3-0 13953921 0.046266 0.013139 1e-06 0.002617
2-3-0-4-3-5-0-6-4-7-0-4-3-5-0 13953164 0.133096 0.096886 1e-06 0.00265
2-3-0-4-3-5-0-6-4-7-0-6-4-7-0 13954626 0.072443 0.037431 0 0.002825
2-3-0-6-4-7-0-0-1-1-0-0-1-1-0 13954626 0.034718 0.004981 1e-06 0.002655
2-3-0-6-4-7-0-0-1-1-0-2-2-3-0 13954626 0.035324 0.00545 1e-06 0.002154
2-3-0-6-4-7-0-0-1-1-0-4-3-5-0 13954626 0.0406 0.011436 1e-06 0.002017
2-3-0-6-4-7-0-0-1-1-0-6-4-7-0 13954626 0.055412 0.02227 1e-06 0.002483
2-3-0-6-4-7-0-2-2-3-0-0-1-1-0 13954626 0.034912 0.005139 1e-06 0.002124
2-3-0-6-4-7-0-2-2-3-0-2-2-3-0 13689497 0.034529 0.006012 1e-06 0.001951
2-3-0-6-4-7-0-2-2-3-0-4-3-5-0 13952209 0.067692 0.032475 1e-06 0.002114
2-3-0-6-4-7-0-2-2-3-0-6-4-7-0 13954626 0.055577 0.024866 1e-06 0.002384
2-3-0-6-4-7-0-4-3-5-0-0-1-1-0 13954626 0.03852 0.006141 0 0.002287
2-3-0-6-4-7-0-4-3-5-0-2-2-3-0 13954500 0.049731 0.01483 1e-06 0.002373
2-3-0-6-4-7-0-4-3-5-0-4-3-5-0 13850279 0.252977 0.197075 1e-06 0.00244
2-3-0-6-4-7-0-4-3-5-0-6-4-7-0 13954626 0.125709 0.090417 1e-06 0.002639
2-3-0-6-4-7-0-6-4-7-0-0-1-1-0 13954626 0.036807 0.007266 1e-06 0.002315
2-3-0-6-4-7-0-6-4-7-0-2-2-3-0 13954626 0.042339 0.01178 1e-06 0.002208
2-3-0-6-4-7-0-6-4-7-0-4-3-5-0 13954620 0.133112 0.098735 1e-06 0.002295
2-3-0-6-4-7-0-6-4-7-0-6-4-7-0 13954626 0.069197 0.035881 1e-06 0.002582
3-5-0-0-1-1-0-0-1-1-0-0-1-1-0 66667832 0.137462 0.026054 1e-06 0.004563
3-5-0-0-1-1-0-0-1-1-0-2-2-3-0 261068775 0.555417 0.121917 1e-06 0.002491
3-5-0-0-1-1-0-0-1-1-0-4-3-5-0 159103520 0.328747 0.080456 1e-06 0.002828
3-5-0-0-1-1-0-0-1-1-0-6-4-7-0 264520476 0.565716 0.117988 1e-06 0.002396
3-5-0-0-1-1-0-2-2-3-0-0-1-1-0 264547773 0.549079 0.114599 1e-06 0.001872
3-5-0-0-1-1-0-2-2-3-0-2-2-3-0 261068775 0.579064 0.123999 2e-06 0.00194
3-5-0-0-1-1-0-2-2-3-0-4-3-5-0 264505054 0.585068 0.126277 0 0.002036
3-5-0-0-1-1-0-2-2-3-0-6-4-7-0 264547773 0.563932 0.129742 1e-06 0.001881
3-5-0-0-1-1-0-4-3-5-0-0-1-1-0 264547773 0.570232 0.113923 0 0.002093
3-5-0-0-1-1-0-4-3-5-0-2-2-3-0 264335304 0.544213 0.115469 1e-06 0.001881
3-5-0-0-1-1-0-4-3-5-0-4-3-5-0 261568906 0.554237 0.125932 1e-06 0.001887
3-5-0-0-1-1-0-4-3-5-0-6-4-7-0 264546039 0.53924 0.119614 0 0.00224
3-5-0-0-1-1-0-6-4-7-0-0-1-1-0 264547773 0.519265 0.094697 1e-06 0.002377
3-5-0-0-1-1-0-6-4-7-0-2-2-3-0 264547773 0.560329 0.115347 1e-06 0.001893
3-5-0-0-1-1-0-6-4-7-0-4-3-5-0 264547070 0.571907 0.120628 1e-06 0.002082
3-5-0-0-1-1-0-6-4-7-0-6-4-7-0 264547773 0.571809 0.127049 1e-06 0.002123
3-5-0-2-2-3-0-0-1-1-0-0-1-1-0 262992233 0.532849 0.105615 1e-06 0.0026
3-5-0-2-2-3-0-0-1-1-0-2-2-3-0 264546361 0.729177 0.283099 1e-06 0.001888
3-5-0-2-2-3-0-0-1-1-0-4-3-5-0 264299335 0.649102 0.204195 1e-06 0.001927
3-5-0-2-2-3-0-0-1-1-0-6-4-7-0 264547769 0.69785 0.261801 1e-06 0.001851
3-5-0-2-2-3-0-2-2-3-0-0-1-1-0 262992233 0.537386 0.104403 1e-06 0.001838
3-5-0-2-2-3-0-2-2-3-0-2-2-3-0 18178411 0.063127 0.008082 1e-06 0.001865
3-5-0-2-2-3-0-2-2-3-0-4-3-5-0 186718068 0.44281 0.150553 0 0.001984
3-5-0-2-2-3-0-2-2-3-0-6-4-7-0 254483838 0.846154 0.414173 1e-06 0.001829
3-5-0-2-2-3-0-4-3-5-0-0-1-1-0 264534436 0.5751 0.119747 1e-06 0.002077
3-5-0-2-2-3-0-4-3-5-0-2-2-3-0 263938876 0.598958 0.127688 1e-06 0.001975
3-5-0-2-2-3-0-4-3-5-0-4-3-5-0 260987845 0.753492 0.299674 1e-06 0.002114
3-5-0-2-2-3-0-4-3-5-0-6-4-7-0 264545893 0.91741 0.463958 1e-06 0.002231
3-5-0-2-2-3-0-6-4-7-0-0-1-1-0 264547773 0.537458 0.111527 2e-06 0.001955
3-5-0-2-2-3-0-6-4-7-0-2-2-3-0 264526605 0.57407 0.118533 1e-06 0.001978
3-5-0-2-2-3-0-6-4-7-0-4-3-5-0 264348044 0.795219 0.317941 1e-06 0.002131
3-5-0-2-2-3-0-6-4-7-0-6-4-7-0 264547772 0.872564 0.431856 1e-06 0.002022
3-5-0-4-3-5-0-0-1-1-0-0-1-1-0 242448037 0.483506 0.099904 1e-06 0.003792
3-5-0-4-3-5-0-0-1-1-0-2-2-3-0 264223483 0.661487 0.237266 1e-06 0.002069
3-5-0-4-3-5-0-0-1-1-0-4-3-5-0 254223236 0.604747 0.195122 1e-06 0.002012
3-5-0-4-3-5-0-0-1-1-0-6-4-7-0 264544959 0.71723 0.250529 1e-06 0.002015
3-5-0-4-3-5-0-2-2-3-0-0-1-1-0 264272027 0.529744 0.104283 0 0.002098
3-5-0-4-3-5-0-2-2-3-0-2-2-3-0 223199128 0.459514 0.095605 1e-06 0.00203
3-5-0-4-3-5-0-2-2-3-0-4-3-5-0 256552028 1.68558 1.19149 1e-06 0.002043
3-5-0-4-3-5-0-2-2-3-0-6-4-7-0 262665496 0.92296 0.434857 0 0.003918
3-5-0-4-3-5-0-4-3-5-0-0-1-1-0 254851812 0.531157 0.109725 1e-06 0.002487
3-5-0-4-3-5-0-4-3-5-0-2-2-3-0 252870735 0.695045 0.248608 1e-06 0.002447
3-5-0-4-3-5-0-4-3-5-0-4-3-5-0 249802666 3.45748 2.88235 1e-06 0.002587
3-5-0-4-3-5-0-4-3-5-0-6-4-7-0 253260419 0.9658 0.510031 1e-06 0.002411
3-5-0-4-3-5-0-6-4-7-0-0-1-1-0 264536355 0.529023 0.085153 0 0.002096
3-5-0-4-3-5-0-6-4-7-0-2-2-3-0 261395656 0.669505 0.213608 1e-06 0.003187
3-5-0-4-3-5-0-6-4-7-0-4-3-5-0 263215652 6.91395 6.42568 1e-06 0.002594
3-5-0-4-3-5-0-6-4-7-0-6-4-7-0 264542880 0.958281 0.499029 1e-06 0.002853
3-5-0-6-4-7-0-0-1-1-0-0-1-1-0 264536355 0.52311 0.090734 1e-06 0.002314
3-5-0-6-4-7-0-0-1-1-0-2-2-3-0 264547768 0.656213 0.216565 1e-06 0.002137
3-5-0-6-4-7-0-0-1-1-0-4-3-5-0 264545622 0.588098 0.158688 1e-06 0.002223
3-5-0-6-4-7-0-0-1-1-0-6-4-7-0 264547773 0.646634 0.209503 1e-06 0.001958
3-5-0-6-4-7-0-2-2-3-0-0-1-1-0 264547773 0.5254 0.079798 1e-06 0.001857
3-5-0-6-4-7-0-2-2-3-0-2-2-3-0 258664239 0.558705 0.113831 1e-06 0.002232
3-5-0-6-4-7-0-2-2-3-0-4-3-5-0 264488100 1.56776 1.09705 0 0.001994
3-5-0-6-4-7-0-2-2-3-0-6-4-7-0 264547773 0.817607 0.383026 1e-06 0.002363
3-5-0-6-4-7-0-4-3-5-0-0-1-1-0 264547773 0.545381 0.084558 1e-06 0.002355
3-5-0-6-4-7-0-4-3-5-0-2-2-3-0 264545259 0.64376 0.173414 2e-06 0.002662
3-5-0-6-4-7-0-4-3-5-0-4-3-5-0 263135171 4.59118 4.10553 1e-06 0.002671
3-5-0-6-4-7-0-4-3-5-0-6-4-7-0 264547770 1.06754 0.502598 1e-06 0.003365
3-5-0-6-4-7-0-6-4-7-0-0-1-1-0 264547773 0.560135 0.092214 1e-06 0.002995
3-5-0-6-4-7-0-6-4-7-0-2-2-3-0 264547767 0.641329 0.157576 1e-06 0.002288
3-5-0-6-4-7-0-6-4-7-0-4-3-5-0 264547650 7.49356 6.96866 1e-06 0.002313
3-5-0-6-4-7-0-6-4-7-0-6-4-7-0 264547773 0.804819 0.353931 1e-06 0.002305
4-7-0-0-1-1-0-0-1-1-0-0-1-1-0 15626706 0.04111 0.008626 1e-06 0.003047
4-7-0-0-1-1-0-0-1-1-0-2-2-3-0 15794087 0.034788 0.004882 1e-06 0.002172
4-7-0-0-1-1-0-0-1-1-0-4-3-5-0 15740985 0.039891 0.00914 1e-06 0.002046
4-7-0-0-1-1-0-0-1-1-0-6-4-7-0 15794415 0.049496 0.018662 1e-06 0.002114
4-7-0-0-1-1-0-2-2-3-0-0-1-1-0 15794415 0.033489 0.004171 1e-06 0.001517
4-7-0-0-1-1-0-2-2-3-0-2-2-3-0 15794087 0.03461 0.004775 0 0.001535
4-7-0-0-1-1-0-2-2-3-0-4-3-5-0 15794415 0.043757 0.012307 1e-06 0.001637
4-7-0-0-1-1-0-2-2-3-0-6-4-7-0 15794415 0.049529 0.018555 0 0.001564
4-7-0-0-1-1-0-4-3-5-0-0-1-1-0 15794415 0.035779 0.004328 0 0.001607
4-7-0-0-1-1-0-4-3-5-0-2-2-3-0 15794372 0.037128 0.005213 0 0.001629
4-7-0-0-1-1-0-4-3-5-0-4-3-5-0 15792180 0.045587 0.01288 0 0.001786
4-7-0-0-1-1-0-4-3-5-0-6-4-7-0 15794415 0.051685 0.019822 0 0.001702
4-7-0-0-1-1-0-6-4-7-0-0-1-1-0 15794415 0.03469 0.004133 1e-06 0.001687
4-7-0-0-1-1-0-6-4-7-0-2-2-3-0 15794415 0.035977 0.005021 1e-06 0.001631
4-7-0-0-1-1-0-6-4-7-0-4-3-5-0 15794415 0.04616 0.014073 1e-06 0.001684
4-7-0-0-1-1-0-6-4-7-0-6-4-7-0 15794415 0.051894 0.020118 1e-06 0.001694
4-7-0-2-2-3-0-0-1-1-0-0-1-1-0 15794415 0.034336 0.003927 2e-06 0.002028
4-7-0-2-2-3-0-0-1-1-0-2-2-3-0 15794415 0.040136 0.005619 1e-06 0.001769
4-7-0-2-2-3-0-0-1-1-0-4-3-5-0 15794415 0.043811 0.010347 2e-06 0.001687
4-7-0-2-2-3-0-0-1-1-0-6-4-7-0 15794415 0.05647 0.019737 1e-06 0.001673
4-7-0-2-2-3-0-2-2-3-0-0-1-1-0 15794415 0.034742 0.004067 0 0.001587
4-7-0-2-2-3-0-2-2-3-0-2-2-3-0 10219172 0.025553 0.003042 1e-06 0.001634
4-7-0-2-2-3-0-2-2-3-0-4-3-5-0 15662521 0.063333 0.025709 1e-06 0.002233
4-7-0-2-2-3-0-2-2-3-0-6-4-7-0 15792946 0.049475 0.019355 0 0.00163
4-7-0-2-2-3-0-4-3-5-0-0-1-1-0 15794415 0.035566 0.00443 1e-06 0.001705
4-7-0-2-2-3-0-4-3-5-0-2-2-3-0 15794338 0.038371 0.006285 1e-06 0.001685
4-7-0-2-2-3-0-4-3-5-0-4-3-5-0 15743848 0.092854 0.04971 1e-06 0.001744
4-7-0-2-2-3-0-4-3-5-0-6-4-7-0 15794415 0.064647 0.025157 0 0.00179
4-7-0-2-2-3-0-6-4-7-0-0-1-1-0 15794415 0.035349 0.004449 1e-06 0.001696
4-7-0-2-2-3-0-6-4-7-0-2-2-3-0 15794414 0.037616 0.006664 1e-06 0.001691
4-7-0-2-2-3-0-6-4-7-0-4-3-5-0 15794371 0.121325 0.079269 1e-06 0.001898
4-7-0-2-2-3-0-6-4-7-0-6-4-7-0 15794415 0.054793 0.023027 1e-06 0.001727
4-7-0-4-3-5-0-0-1-1-0-0-1-1-0 15758734 0.036208 0.004646 1e-06 0.002243
4-7-0-4-3-5-0-0-1-1-0-2-2-3-0 15794374 0.037203 0.005484 0 0.00179
4-7-0-4-3-5-0-0-1-1-0-4-3-5-0 15784512 0.042868 0.010575 0 0.001776
4-7-0-4-3-5-0-0-1-1-0-6-4-7-0 15794415 0.053198 0.019524 1e-06 0.001886
4-7-0-4-3-5-0-2-2-3-0-0-1-1-0 15794415 0.03889 0.005036 1e-06 0.001754
4-7-0-4-3-5-0-2-2-3-0-2-2-3-0 15752999 0.043918 0.010074 1e-06 0.001819
4-7-0-4-3-5-0-2-2-3-0-4-3-5-0 15793767 0.07088 0.03274 1e-06 0.001842
4-7-0-4-3-5-0-2-2-3-0-6-4-7-0 15794415 0.059647 0.026069 1e-06 0.001818
4-7-0-4-3-5-0-4-3-5-0-0-1-1-0 15794415 0.040377 0.006 0 0.001881
4-7-0-4-3-5-0-4-3-5-0-2-2-3-0 15794351 0.09678 0.052368 1e-06 0.00193
4-7-0-4-3-5-0-4-3-5-0-4-3-5-0 15614461 0.313642 0.252982 1e-06 0.002114
4-7-0-4-3-5-0-4-3-5-0-6-4-7-0 15794415 0.222534 0.181433 1e-06 0.001939
4-7-0-4-3-5-0-6-4-7-0-0-1-1-0 15794415 0.039302 0.005601 1e-06 0.001865
4-7-0-4-3-5-0-6-4-7-0-2-2-3-0 15794415 0.086071 0.051516 1e-06 0.002171
4-7-0-4-3-5-0-6-4-7-0-4-3-5-0 15794412 0.160687 0.122295 1e-06 0.001997
4-7-0-4-3-5-0-6-4-7-0-6-4-7-0 15794415 0.106009 0.070975 1e-06 0.002056
4-7-0-6-4-7-0-0-1-1-0-0-1-1-0 15794415 0.03619 0.005832 1e-06 0.002238
4-7-0-6-4-7-0-0-1-1-0-2-2-3-0 15794415 0.035877 0.006107 1e-06 0.001705
4-7-0-6-4-7-0-0-1-1-0-4-3-5-0 15794415 0.042191 0.011065 1e-06 0.001866
4-7-0-6-4-7-0-0-1-1-0-6-4-7-0 15794415 0.051728 0.020217 1e-06 0.001823
4-7-0-6-4-7-0-2-2-3-0-0-1-1-0 15794415 0.036702 0.005945 0 0.001772
4-7-0-6-4-7-0-2-2-3-0-2-2-3-0 15792398 0.038859 0.007786 1e-06 0.001814
4-7-0-6-4-7-0-2-2-3-0-4-3-5-0 15794397 0.067721 0.030676 1e-06 0.001836
4-7-0-6-4-7-0-2-2-3-0-6-4-7-0 15794415 0.054267 0.023431 1e-06 0.001822
4-7-0-6-4-7-0-4-3-5-0-0-1-1-0 15794415 0.038786 0.006481 1e-06 0.0019
4-7-0-6-4-7-0-4-3-5-0-2-2-3-0 15794413 0.05218 0.017256 1e-06 0.002027
4-7-0-6-4-7-0-4-3-5-0-4-3-5-0 15792097 0.287765 0.235343 1e-06 0.001929
4-7-0-6-4-7-0-4-3-5-0-6-4-7-0 15794415 0.10711 0.072071 1e-06 0.001958
4-7-0-6-4-7-0-6-4-7-0-0-1-1-0 15794415 0.039154 0.007798 1e-06 0.002029
4-7-0-6-4-7-0-6-4-7-0-2-2-3-0 15794415 0.045467 0.01513 1e-06 0.001907
4-7-0-6-4-7-0-6-4-7-0-4-3-5-0 15794415 0.122732 0.085666 0 0.002012
4-7-0-6-4-7-0-6-4-7-0-6-4-7-0 15794415 0.068401 0.035676 1e-06 0.002104
