0-0-1-1-0-0-1-1-0-0-1-1-0 197321793 1.02506 0.566679 1e-06 0.006361
0-0-1-1-0-0-1-1-0-2-2-3-0 1180774212 3.55091 0.618485 1e-06 0.002603
0-0-1-1-0-0-1-1-0-4-3-5-0 612621062 1.91483 0.104131 2e-06 0.006662
0-0-1-1-0-0-1-1-0-6-4-7-0 1204757174 3.4099 0.291208 0 0.002963
0-0-1-1-0-2-2-3-0-0-1-1-0 1204992369 2.15928 0.260928 1e-06 0.004497
0-0-1-1-0-2-2-3-0-2-2-3-0 1180774212 3.04167 0.206588 0 0.002126
0-0-1-1-0-2-2-3-0-4-3-5-0 1204673267 3.09784 0.240438 1e-06 0.002216
0-0-1-1-0-2-2-3-0-6-4-7-0 1204992369 2.44261 0.235931 1e-06 0.002188
0-0-1-1-0-4-3-5-0-0-1-1-0 1204992369 2.57494 0.338003 1e-06 0.005128
0-0-1-1-0-4-3-5-0-2-2-3-0 1203474062 2.8604 0.333625 2e-06 0.002238
0-0-1-1-0-4-3-5-0-4-3-5-0 1188779139 2.4543 0.317848 1e-06 0.0024
0-0-1-1-0-4-3-5-0-6-4-7-0 1204981110 2.98215 0.322238 2e-06 0.00646
0-0-1-1-0-6-4-7-0-0-1-1-0 1204992369 2.58489 0.294529 1e-06 0.002263
0-0-1-1-0-6-4-7-0-2-2-3-0 1204992369 2.08419 0.200104 1e-06 0.002302
0-0-1-1-0-6-4-7-0-4-3-5-0 1204980951 2.71491 0.193837 0 0.004786
0-0-1-1-0-6-4-7-0-6-4-7-0 1204992369 2.77239 0.18945 1e-06 0.002347
0-2-2-3-0-0-1-1-0-0-1-1-0 1180774212 2.00025 0.167011 1e-06 0.003784
0-2-2-3-0-0-1-1-0-2-2-3-0 1204961287 2.45361 0.386772 1e-06 0.00226
0-2-2-3-0-0-1-1-0-4-3-5-0 1199591762 2.36956 0.328258 0 0.002341
0-2-2-3-0-0-1-1-0-6-4-7-0 1204992254 2.54136 0.398994 1e-06 0.003783
0-2-2-3-0-2-2-3-0-0-1-1-0 1180774212 2.10183 0.149904 0 0.002355
0-2-2-3-0-2-2-3-0-2-2-3-0 13786567 0.086374 0.007674 0 0.002406
0-2-2-3-0-2-2-3-0-4-3-5-0 449954072 0.77464 0.054145 1e-06 0.001884
0-2-2-3-0-2-2-3-0-6-4-7-0 983207857 1.69665 0.132399 1e-06 0.002008
0-2-2-3-0-4-3-5-0-0-1-1-0 1203474062 2.03066 0.149559 1e-06 0.004503
0-2-2-3-0-4-3-5-0-2-2-3-0 1188978725 2.14939 0.138898 1e-06 0.002254
0-2-2-3-0-4-3-5-0-4-3-5-0 1175109253 2.06581 0.155575 0 0.00216
0-2-2-3-0-4-3-5-0-6-4-7-0 1204910770 2.10043 0.174418 1e-06 0.002181
0-2-2-3-0-6-4-7-0-0-1-1-0 1204992369 2.0701 0.153893 1e-06 0.002362
0-2-2-3-0-6-4-7-0-2-2-3-0 1203886581 2.07628 0.148245 1e-06 0.002078
0-2-2-3-0-6-4-7-0-4-3-5-0 1200535872 2.10354 0.156029 1e-06 0.002195
0-2-2-3-0-6-4-7-0-6-4-7-0 1204992090 2.04521 0.141646 1e-06 0.005045
0-4-3-5-0-0-1-1-0-0-1-1-0 612621062 1.0205 0.06215 1e-06 0.003692
0-4-3-5-0-0-1-1-0-2-2-3-0 1199591762 2.26509 0.2229 1e-06 0.00229
0-4-3-5-0-0-1-1-0-4-3-5-0 949804367 1.65056 0.154661 1e-06 0.002346
0-4-3-5-0-0-1-1-0-6-4-7-0 1204952695 2.245 0.243852 1e-06 0.001982
0-4-3-5-0-2-2-3-0-0-1-1-0 1204673267 2.22857 0.17456 1e-06 0.002239
0-4-3-5-0-2-2-3-0-2-2-3-0 449954072 0.91866 0.06169 1e-06 0.002156
0-4-3-5-0-2-2-3-0-4-3-5-0 1162370235 3.75808 0.761862 0 0.002246
0-4-3-5-0-2-2-3-0-6-4-7-0 1202640776 3.43736 1.38159 1e-06 0.002122
0-4-3-5-0-4-3-5-0-0-1-1-0 1188779139 2.01348 0.138638 1e-06 0.002896
0-4-3-5-0-4-3-5-0-2-2-3-0 1175109253 2.10599 0.158687 0 0.002466
0-4-3-5-0-4-3-5-0-4-3-5-0 1160779883 2.82775 0.483582 1e-06 0.002595
0-4-3-5-0-4-3-5-0-6-4-7-0 1190875501 2.63115 0.58326 1e-06 0.004018
0-4-3-5-0-6-4-7-0-0-1-1-0 1204980951 2.26792 0.165236 0 0.002875
0-4-3-5-0-6-4-7-0-2-2-3-0 1200535872 2.3338 0.18638 0 0.002512
0-4-3-5-0-6-4-7-0-4-3-5-0 1201668973 10.9798 8.54983 1e-06 0.002413
0-4-3-5-0-6-4-7-0-6-4-7-0 1204987114 2.63107 0.479108 1e-06 0.002662
0-6-4-7-0-0-1-1-0-0-1-1-0 1204757174 2.04305 0.147798 1e-06 0.003028
0-6-4-7-0-0-1-1-0-2-2-3-0 1204992254 2.2456 0.298483 0 0.002298
0-6-4-7-0-0-1-1-0-4-3-5-0 1204952695 2.13618 0.243335 1e-06 0.002406
0-6-4-7-0-0-1-1-0-6-4-7-0 1204992369 2.21533 0.312166 1e-06 0.002651
0-6-4-7-0-2-2-3-0-0-1-1-0 1204992369 1.98217 0.115232 1e-06 0.002391
0-6-4-7-0-2-2-3-0-2-2-3-0 983207857 2.25822 0.113775 1e-06 0.00229
0-6-4-7-0-2-2-3-0-4-3-5-0 1202640776 4.08764 1.39099 1e-06 0.002347
0-6-4-7-0-2-2-3-0-6-4-7-0 1204992347 2.27027 0.311037 0 0.002309
0-6-4-7-0-4-3-5-0-0-1-1-0 1204981110 2.11416 0.197122 1e-06 0.00238
0-6-4-7-0-4-3-5-0-2-2-3-0 1204910770 2.12201 0.186774 1e-06 0.002377
0-6-4-7-0-4-3-5-0-4-3-5-0 1190875501 2.29949 0.340028 1e-06 0.002417
0-6-4-7-0-4-3-5-0-6-4-7-0 1204992279 2.25851 0.301942 2e-06 0.002313
0-6-4-7-0-6-4-7-0-0-1-1-0 1204992369 2.05899 0.157232 1e-06 0.003498
0-6-4-7-0-6-4-7-0-2-2-3-0 1204992090 2.68431 0.159385 1e-06 0.002527
0-6-4-7-0-6-4-7-0-4-3-5-0 1204987114 2.26812 0.298591 0 0.002382
0-6-4-7-0-6-4-7-0-6-4-7-0 1204992369 2.25161 0.294246 0 0.002101
1-1-0-0-1-1-0-0-1-1-0-0-1 8 0.009322 0.000434 1e-06 0.004517
1-1-0-0-1-1-0-0-1-1-0-2-2 2501 0.007134 0.000663 1e-06 0.00286
1-1-0-0-1-1-0-0-1-1-0-4-3 12415 0.007631 0.000859 1e-06 0.002747
1-1-0-0-1-1-0-0-1-1-0-6-4 3588 0.007956 0.000886 1e-06 0.002745
1-1-0-0-1-1-0-2-2-3-0-0-1 64 0.006254 0.000518 1e-06 0.002077
1-1-0-0-1-1-0-2-2-3-0-2-2 2501 0.006694 0.000879 1e-06 0.002104
1-1-0-0-1-1-0-2-2-3-0-4-3 60416 0.007284 0.001172 1e-06 0.002086
1-1-0-0-1-1-0-2-2-3-0-6-4 3640 0.007301 0.001068 1e-06 0.00203
1-1-0-0-1-1-0-4-3-5-0-0-1 64 0.007505 0.000816 1e-06 0.002119
1-1-0-0-1-1-0-4-3-5-0-2-2 3046 0.008532 0.001341 0 0.002015
1-1-0-0-1-1-0-4-3-5-0-4-3 55228 0.009503 0.002554 1e-06 0.002118
1-1-0-0-1-1-0-4-3-5-0-6-4 3629 0.00969 0.002562 1e-06 0.002065
1-1-0-0-1-1-0-6-4-7-0-0-1 64 0.006912 0.000604 1e-06 0.002165
1-1-0-0-1-1-0-6-4-7-0-2-2 3216 0.008277 0.001389 0 0.002166
1-1-0-0-1-1-0-6-4-7-0-4-3 60964 0.010617 0.003611 0 0.002213
1-1-0-0-1-1-0-6-4-7-0-6-4 3640 0.008936 0.002104 1e-06 0.002022
1-1-0-2-2-3-0-0-1-1-0-0-1 64 0.005632 0.000498 1e-06 0.001638
1-1-0-2-2-3-0-0-1-1-0-2-2 3216 0.005989 0.00096 0 0.001364
1-1-0-2-2-3-0-0-1-1-0-4-3 60968 0.006546 0.001 0 0.001343
1-1-0-2-2-3-0-0-1-1-0-6-4 3640 0.006948 0.001218 0 0.001358
1-1-0-2-2-3-0-2-2-3-0-0-1 64 0.006176 0.000557 0 0.001418
1-1-0-2-2-3-0-2-2-3-0-2-2 2501 0.006452 0.000893 0 0.001423
1-1-0-2-2-3-0-2-2-3-0-4-3 60416 0.007512 0.001229 1e-06 0.001414
1-1-0-2-2-3-0-2-2-3-0-6-4 3640 0.00692 0.000934 1e-06 0.001407
1-1-0-2-2-3-0-4-3-5-0-0-1 64 0.018478 0.001017 1e-06 0.001493
1-1-0-2-2-3-0-4-3-5-0-2-2 3216 0.029316 0.001424 1e-06 0.001566
1-1-0-2-2-3-0-4-3-5-0-4-3 60877 0.015261 0.003754 2e-06 0.002531
1-1-0-2-2-3-0-4-3-5-0-6-4 3640 0.010561 0.003226 1e-06 0.001536
1-1-0-2-2-3-0-6-4-7-0-0-1 64 0.018033 0.000942 0 0.001494
1-1-0-2-2-3-0-6-4-7-0-2-2 3216 0.024632 0.001172 2e-06 0.002126
1-1-0-2-2-3-0-6-4-7-0-4-3 60968 0.012759 0.003102 2e-06 0.002069
1-1-0-2-2-3-0-6-4-7-0-6-4 3640 0.00897 0.001851 1e-06 0.001463
1-1-0-4-3-5-0-0-1-1-0-0-1 64 0.007068 0.000766 0 0.001746
1-1-0-4-3-5-0-0-1-1-0-2-2 3216 0.007425 0.001065 0 0.001465
1-1-0-4-3-5-0-0-1-1-0-4-3 60968 0.008721 0.00168 0 0.001459
1-1-0-4-3-5-0-0-1-1-0-6-4 3640 0.008709 0.001321 1e-06 0.0014
1-1-0-4-3-5-0-2-2-3-0-0-1 64 0.007901 0.001145 0 0.001487
1-1-0-4-3-5-0-2-2-3-0-2-2 3046 0.007999 0.001262 1e-06 0.001492
1-1-0-4-3-5-0-2-2-3-0-4-3 60963 0.01166 0.001837 1e-06 0.001462
1-1-0-4-3-5-0-2-2-3-0-6-4 3640 0.011956 0.001337 1e-06 0.002122
1-1-0-4-3-5-0-4-3-5-0-0-1 64 0.010919 0.001168 1e-06 0.001597
1-1-0-4-3-5-0-4-3-5-0-2-2 3216 0.011363 0.00314 0 0.00154
1-1-0-4-3-5-0-4-3-5-0-4-3 58641 0.013885 0.005195 0 0.001537
1-1-0-4-3-5-0-4-3-5-0-6-4 3640 0.01301 0.005047 0 0.001553
1-1-0-4-3-5-0-6-4-7-0-0-1 64 0.009131 0.002432 1e-06 0.001541
1-1-0-4-3-5-0-6-4-7-0-2-2 3216 0.012142 0.003522 1e-06 0.001543
1-1-0-4-3-5-0-6-4-7-0-4-3 60968 0.01402 0.005104 1e-06 0.00192
1-1-0-4-3-5-0-6-4-7-0-6-4 3640 0.011316 0.00358 0 0.001537
1-1-0-6-4-7-0-0-1-1-0-0-1 64 0.006912 0.000682 0 0.001782
1-1-0-6-4-7-0-0-1-1-0-2-2 3216 0.006913 0.001036 1e-06 0.00147
1-1-0-6-4-7-0-0-1-1-0-4-3 60968 0.007962 0.001424 0 0.001438
1-1-0-6-4-7-0-0-1-1-0-6-4 3640 0.007967 0.00112 0 0.001439
1-1-0-6-4-7-0-2-2-3-0-0-1 64 0.007437 0.001176 0 0.001533
1-1-0-6-4-7-0-2-2-3-0-2-2 3216 0.007687 0.001404 0 0.001554
1-1-0-6-4-7-0-2-2-3-0-4-3 60968 0.009629 0.001648 0 0.001573
1-1-0-6-4-7-0-2-2-3-0-6-4 3640 0.008339 0.001511 1e-06 0.001549
1-1-0-6-4-7-0-4-3-5-0-0-1 64 0.00934 0.000896 0 0.001562
1-1-0-6-4-7-0-4-3-5-0-2-2 3216 0.011791 0.003929 0 0.001593
1-1-0-6-4-7-0-4-3-5-0-4-3 60964 0.013845 0.005577 0 0.001572
1-1-0-6-4-7-0-4-3-5-0-6-4 3640 0.013686 0.00579 1e-06 0.001624
1-1-0-6-4-7-0-6-4-7-0-0-1 64 0.008162 0.001437 1e-06 0.001575
1-1-0-6-4-7-0-6-4-7-0-2-2 3216 0.008392 0.001882 0 0.001577
1-1-0-6-4-7-0-6-4-7-0-4-3 60968 0.011947 0.003869 0 0.001584
1-1-0-6-4-7-0-6-4-7-0-6-4 3640 0.010239 0.002531 1e-06 0.001511
2-3-0-0-1-1-0-0-1-1-0-0-1 2501 0.006435 0.000358 1e-06 0.002494
2-3-0-0-1-1-0-0-1-1-0-2-2 158938 0.007231 0.000863 0 0.002246
2-3-0-0-1-1-0-0-1-1-0-4-3 2652152 0.012874 0.0013 0 0.002109
2-3-0-0-1-1-0-0-1-1-0-6-4 182777 0.007123 0.000919 1e-06 0.002211
2-3-0-0-1-1-0-2-2-3-0-0-1 3216 0.005567 0.000553 0 0.001499
2-3-0-0-1-1-0-2-2-3-0-2-2 158938 0.006672 0.000771 1e-06 0.001484
2-3-0-0-1-1-0-2-2-3-0-4-3 3063204 0.013443 0.001595 1e-06 0.001481
2-3-0-0-1-1-0-2-2-3-0-6-4 182910 0.009531 0.001042 0 0.001532
2-3-0-0-1-1-0-4-3-5-0-0-1 3216 0.006795 0.000784 0 0.001516
2-3-0-0-1-1-0-4-3-5-0-2-2 160926 0.008081 0.00138 0 0.001549
2-3-0-0-1-1-0-4-3-5-0-4-3 3024726 0.016466 0.003161 0 0.001499
2-3-0-0-1-1-0-4-3-5-0-6-4 182887 0.009513 0.002964 1e-06 0.001573
2-3-0-0-1-1-0-6-4-7-0-0-1 3216 0.00662 0.000716 1e-06 0.001593
2-3-0-0-1-1-0-6-4-7-0-2-2 161604 0.023728 0.001674 1e-06 0.001591
2-3-0-0-1-1-0-6-4-7-0-4-3 3063638 0.017996 0.00401 1e-06 0.002523
2-3-0-0-1-1-0-6-4-7-0-6-4 182910 0.00892 0.001797 0 0.001644
2-3-0-2-2-3-0-0-1-1-0-0-1 2501 0.005851 0.000393 1e-06 0.001804
2-3-0-2-2-3-0-0-1-1-0-2-2 158938 0.006049 0.000737 1e-06 0.001555
2-3-0-2-2-3-0-0-1-1-0-4-3 2652152 0.012509 0.001341 1e-06 0.00159
2-3-0-2-2-3-0-0-1-1-0-6-4 182777 0.006946 0.000964 1e-06 0.001532
2-3-0-2-2-3-0-2-2-3-0-0-1 2501 0.005719 0.000373 1e-06 0.001604
2-3-0-2-2-3-0-2-2-3-0-2-2 402 0.005828 0.000375 0 0.001593
2-3-0-2-2-3-0-2-2-3-0-4-3 58197 0.007411 0.000646 0 0.001605
2-3-0-2-2-3-0-2-2-3-0-6-4 49523 0.010568 0.00081 1e-06 0.00156
2-3-0-2-2-3-0-4-3-5-0-0-1 3046 0.007932 0.000677 1e-06 0.001622
2-3-0-2-2-3-0-4-3-5-0-2-2 104040 0.018976 0.001011 1e-06 0.001646
2-3-0-2-2-3-0-4-3-5-0-4-3 2000819 0.023949 0.003559 1e-06 0.001802
2-3-0-2-2-3-0-4-3-5-0-6-4 180031 0.011976 0.003198 1e-06 0.001734
2-3-0-2-2-3-0-6-4-7-0-0-1 3216 0.006759 0.000613 1e-06 0.00171
2-3-0-2-2-3-0-6-4-7-0-2-2 142912 0.007189 0.000915 0 0.001661
2-3-0-2-2-3-0-6-4-7-0-4-3 2742607 0.028286 0.00777 0 0.001621
2-3-0-2-2-3-0-6-4-7-0-6-4 182627 0.016299 0.002081 0 0.001742
2-3-0-4-3-5-0-0-1-1-0-0-1 3046 0.01199 0.000737 1e-06 0.001921
2-3-0-4-3-5-0-0-1-1-0-2-2 160926 0.00784 0.000899 0 0.001672
2-3-0-4-3-5-0-0-1-1-0-4-3 2973549 0.013822 0.001584 1e-06 0.001636
2-3-0-4-3-5-0-0-1-1-0-6-4 182870 0.007956 0.001118 0 0.001667
2-3-0-4-3-5-0-2-2-3-0-0-1 3216 0.007668 0.000737 0 0.001711
2-3-0-4-3-5-0-2-2-3-0-2-2 104040 0.008007 0.00085 1e-06 0.001682
2-3-0-4-3-5-0-2-2-3-0-4-3 2963165 0.025041 0.002351 0 0.0017
2-3-0-4-3-5-0-2-2-3-0-6-4 182861 0.009001 0.001314 0 0.001756
2-3-0-4-3-5-0-4-3-5-0-0-1 3216 0.010071 0.001 0 0.001764
2-3-0-4-3-5-0-4-3-5-0-2-2 160308 0.021862 0.004026 1e-06 0.001741
2-3-0-4-3-5-0-4-3-5-0-4-3 2901292 0.065032 0.039564 1e-06 0.001817
2-3-0-4-3-5-0-4-3-5-0-6-4 182871 0.033955 0.02167 1e-06 0.001913
2-3-0-4-3-5-0-6-4-7-0-0-1 3216 0.009246 0.000943 1e-06 0.001881
2-3-0-4-3-5-0-6-4-7-0-2-2 161480 0.014147 0.004796 0 0.001851
2-3-0-4-3-5-0-6-4-7-0-4-3 3061380 0.03721 0.02448 1e-06 0.00179
2-3-0-4-3-5-0-6-4-7-0-6-4 182908 0.016222 0.006467 0 0.001807
2-3-0-6-4-7-0-0-1-1-0-0-1 3216 0.006934 0.000621 0 0.002049
2-3-0-6-4-7-0-0-1-1-0-2-2 161604 0.006751 0.00079 1e-06 0.00165
2-3-0-6-4-7-0-0-1-1-0-4-3 3063642 0.012071 0.001584 0 0.001589
2-3-0-6-4-7-0-0-1-1-0-6-4 182910 0.007896 0.000981 1e-06 0.001615
2-3-0-6-4-7-0-2-2-3-0-0-1 3216 0.006683 0.000627 1e-06 0.001654
2-3-0-6-4-7-0-2-2-3-0-2-2 142912 0.007131 0.000791 1e-06 0.001661
2-3-0-6-4-7-0-2-2-3-0-4-3 3054372 0.015641 0.002317 1e-06 0.001675
2-3-0-6-4-7-0-2-2-3-0-6-4 182909 0.008781 0.001508 0 0.001687
2-3-0-6-4-7-0-4-3-5-0-0-1 3216 0.009186 0.000936 1e-06 0.001735
2-3-0-6-4-7-0-4-3-5-0-2-2 161480 0.013879 0.003312 1e-06 0.001712
2-3-0-6-4-7-0-4-3-5-0-4-3 2972666 0.087582 0.054028 1e-06 0.0017
2-3-0-6-4-7-0-4-3-5-0-6-4 182910 0.035655 0.018403 1e-06 0.001853
2-3-0-6-4-7-0-6-4-7-0-0-1 3216 0.008757 0.001215 1e-06 0.001834
2-3-0-6-4-7-0-6-4-7-0-2-2 161604 0.009627 0.002554 1e-06 0.001779
2-3-0-6-4-7-0-6-4-7-0-4-3 3063636 0.029861 0.019357 1e-06 0.001726
2-3-0-6-4-7-0-6-4-7-0-6-4 182910 0.012225 0.00433 0 0.001753
3-5-0-0-1-1-0-0-1-1-0-0-1 12415 0.007164 0.000414 1e-06 0.002649
3-5-0-0-1-1-0-0-1-1-0-2-2 2652152 0.009237 0.001148 1e-06 0.002279
3-5-0-0-1-1-0-0-1-1-0-4-3 21692253 0.047084 0.003758 1e-06 0.002316
3-5-0-0-1-1-0-0-1-1-0-6-4 3441023 0.013057 0.001534 2e-06 0.002353
3-5-0-0-1-1-0-2-2-3-0-0-1 60968 0.006431 0.000578 1e-06 0.001756
3-5-0-0-1-1-0-2-2-3-0-2-2 2652152 0.010362 0.001219 1e-06 0.001638
3-5-0-0-1-1-0-2-2-3-0-4-3 57885025 0.116756 0.007283 0 0.00163
3-5-0-0-1-1-0-2-2-3-0-6-4 3467555 0.014756 0.001453 1e-06 0.001891
3-5-0-0-1-1-0-4-3-5-0-0-1 60968 0.00861 0.000897 1e-06 0.001802
3-5-0-0-1-1-0-4-3-5-0-2-2 2973549 0.013099 0.001759 0 0.001706
3-5-0-0-1-1-0-4-3-5-0-4-3 54281919 0.103378 0.008233 1e-06 0.00169
3-5-0-0-1-1-0-4-3-5-0-6-4 3461526 0.020046 0.003154 0 0.001818
3-5-0-0-1-1-0-6-4-7-0-0-1 60968 0.007488 0.000872 0 0.001786
3-5-0-0-1-1-0-6-4-7-0-2-2 3063642 0.01333 0.001686 0 0.001699
3-5-0-0-1-1-0-6-4-7-0-4-3 58078938 0.1098 0.008735 1e-06 0.001657
3-5-0-0-1-1-0-6-4-7-0-6-4 3467555 0.015522 0.002702 0 0.001869
3-5-0-2-2-3-0-0-1-1-0-0-1 60416 0.007195 0.00052 1e-06 0.001977
3-5-0-2-2-3-0-0-1-1-0-2-2 3063204 0.011985 0.001582 1e-06 0.001648
3-5-0-2-2-3-0-0-1-1-0-4-3 57885025 0.116659 0.011127 1e-06 0.001645
3-5-0-2-2-3-0-0-1-1-0-6-4 3467549 0.015104 0.001942 3e-06 0.001992
3-5-0-2-2-3-0-2-2-3-0-0-1 60416 0.007243 0.000492 0 0.001836
3-5-0-2-2-3-0-2-2-3-0-2-2 58197 0.007303 0.000473 1e-06 0.001755
3-5-0-2-2-3-0-2-2-3-0-4-3 19843901 0.053584 0.004795 1e-06 0.001677
3-5-0-2-2-3-0-2-2-3-0-6-4 3124458 0.014928 0.001567 1e-06 0.001916
3-5-0-2-2-3-0-4-3-5-0-0-1 60963 0.008788 0.000785 0 0.001837
3-5-0-2-2-3-0-4-3-5-0-2-2 2963165 0.014069 0.001783 2e-06 0.001752
3-5-0-2-2-3-0-4-3-5-0-4-3 53813541 0.114245 0.015309 1e-06 0.001742
3-5-0-2-2-3-0-4-3-5-0-6-4 3463475 0.036408 0.01131 0 0.00192
3-5-0-2-2-3-0-6-4-7-0-0-1 60968 0.008557 0.000713 1e-06 0.001907
3-5-0-2-2-3-0-6-4-7-0-2-2 3054372 0.014418 0.001835 0 0.001748
3-5-0-2-2-3-0-6-4-7-0-4-3 57842363 0.129997 0.021766 1e-06 0.001729
3-5-0-2-2-3-0-6-4-7-0-6-4 3467504 0.015219 0.003165 1e-06 0.001941
3-5-0-4-3-5-0-0-1-1-0-0-1 55228 0.010344 0.000758 0 0.002187
3-5-0-4-3-5-0-0-1-1-0-2-2 3024726 0.015533 0.001793 1e-06 0.001711
3-5-0-4-3-5-0-0-1-1-0-4-3 54281919 0.109085 0.011021 1e-06 0.001745
3-5-0-4-3-5-0-0-1-1-0-6-4 3465007 0.018604 0.002024 0 0.001915
3-5-0-4-3-5-0-2-2-3-0-0-1 60877 0.010249 0.000792 1e-06 0.001893
3-5-0-4-3-5-0-2-2-3-0-2-2 2000819 0.025186 0.002924 1e-06 0.001786
3-5-0-4-3-5-0-2-2-3-0-4-3 53813541 0.125514 0.02332 0 0.001813
3-5-0-4-3-5-0-2-2-3-0-6-4 3418541 0.052284 0.012251 1e-06 0.001889
3-5-0-4-3-5-0-4-3-5-0-0-1 58641 0.012769 0.001011 0 0.001933
3-5-0-4-3-5-0-4-3-5-0-2-2 2901292 0.067772 0.039243 1e-06 0.001925
3-5-0-4-3-5-0-4-3-5-0-4-3 52582147 0.963499 0.737962 1e-06 0.001887
3-5-0-4-3-5-0-4-3-5-0-6-4 3316743 0.121204 0.084329 1e-06 0.002825
3-5-0-4-3-5-0-6-4-7-0-0-1 60964 0.011893 0.001091 1e-06 0.001973
3-5-0-4-3-5-0-6-4-7-0-2-2 2972666 0.072111 0.045779 1e-06 0.001994
3-5-0-4-3-5-0-6-4-7-0-4-3 56836191 0.480232 0.333024 0 0.001998
3-5-0-4-3-5-0-6-4-7-0-6-4 3465492 0.095093 0.07434 1e-06 0.002442
3-5-0-6-4-7-0-0-1-1-0-0-1 60964 0.008948 0.000676 1e-06 0.00213
3-5-0-6-4-7-0-0-1-1-0-2-2 3063638 0.01162 0.001749 1e-06 0.001797
3-5-0-6-4-7-0-0-1-1-0-4-3 58078938 0.113859 0.01167 1e-06 0.001754
3-5-0-6-4-7-0-0-1-1-0-6-4 3467555 0.012879 0.002204 1e-06 0.001878
3-5-0-6-4-7-0-2-2-3-0-0-1 60968 0.008962 0.000898 1e-06 0.001876
3-5-0-6-4-7-0-2-2-3-0-2-2 2742607 0.019743 0.007896 0 0.001777
3-5-0-6-4-7-0-2-2-3-0-4-3 57842363 0.137428 0.030328 1e-06 0.001784
3-5-0-6-4-7-0-2-2-3-0-6-4 3467514 0.033715 0.020819 0 0.001892
3-5-0-6-4-7-0-4-3-5-0-0-1 60968 0.010866 0.000936 0 0.001885
3-5-0-6-4-7-0-4-3-5-0-2-2 3061380 0.035202 0.019803 1e-06 0.001831
3-5-0-6-4-7-0-4-3-5-0-4-3 56836191 0.453296 0.334249 0 0.00185
3-5-0-6-4-7-0-4-3-5-0-6-4 3467552 0.050775 0.035433 1e-06 0.002838
3-5-0-6-4-7-0-6-4-7-0-0-1 60968 0.009918 0.00154 1e-06 0.001908
3-5-0-6-4-7-0-6-4-7-0-2-2 3063636 0.029355 0.018428 1e-06 0.001866
3-5-0-6-4-7-0-6-4-7-0-4-3 58079519 0.42278 0.314382 1e-06 0.001868
3-5-0-6-4-7-0-6-4-7-0-6-4 3467555 0.039166 0.022826 0 0.006089
4-7-0-0-1-1-0-0-1-1-0-0-1 3588 0.006413 0.000372 1e-06 0.002658
4-7-0-0-1-1-0-0-1-1-0-2-2 182777 0.006501 0.000746 1e-06 0.002384
4-7-0-0-1-1-0-0-1-1-0-4-3 3441023 0.010476 0.001469 0 0.002228
4-7-0-0-1-1-0-0-1-1-0-6-4 207025 0.007032 0.000948 0 0.002314
4-7-0-0-1-1-0-2-2-3-0-0-1 3640 0.005398 0.000476 1e-06 0.001528
4-7-0-0-1-1-0-2-2-3-0-2-2 182777 0.005926 0.000788 0 0.001532
4-7-0-0-1-1-0-2-2-3-0-4-3 3467549 0.013727 0.001664 2e-06 0.001547
4-7-0-0-1-1-0-2-2-3-0-6-4 207025 0.006422 0.000868 2e-06 0.001585
4-7-0-0-1-1-0-4-3-5-0-0-1 3640 0.006932 0.000772 0 0.001598
4-7-0-0-1-1-0-4-3-5-0-2-2 182870 0.007784 0.00109 1e-06 0.001557
4-7-0-0-1-1-0-4-3-5-0-4-3 3465007 0.017288 0.003452 1e-06 0.001607
4-7-0-0-1-1-0-4-3-5-0-6-4 207025 0.009397 0.002264 1e-06 0.001639
4-7-0-0-1-1-0-6-4-7-0-0-1 3640 0.006444 0.000702 0 0.001612
4-7-0-0-1-1-0-6-4-7-0-2-2 182910 0.008325 0.001162 1e-06 0.001596
4-7-0-0-1-1-0-6-4-7-0-4-3 3467555 0.017513 0.004058 1e-06 0.001612
4-7-0-0-1-1-0-6-4-7-0-6-4 207025 0.009254 0.002008 1e-06 0.001758
4-7-0-2-2-3-0-0-1-1-0-0-1 3640 0.0062 0.000483 1e-06 0.001994
4-7-0-2-2-3-0-0-1-1-0-2-2 182910 0.006895 0.00081 1e-06 0.001701
4-7-0-2-2-3-0-0-1-1-0-4-3 3467555 0.014806 0.001855 1e-06 0.001715
4-7-0-2-2-3-0-0-1-1-0-6-4 207025 0.007775 0.001363 0 0.0017
4-7-0-2-2-3-0-2-2-3-0-0-1 3640 0.006565 0.00051 0 0.001691
4-7-0-2-2-3-0-2-2-3-0-2-2 49523 0.006709 0.000506 1e-06 0.001694
4-7-0-2-2-3-0-2-2-3-0-4-3 3124458 0.014826 0.002042 0 0.001632
4-7-0-2-2-3-0-2-2-3-0-6-4 206833 0.007752 0.001165 1e-06 0.001698
4-7-0-2-2-3-0-4-3-5-0-0-1 3640 0.00794 0.000829 1e-06 0.001675
4-7-0-2-2-3-0-4-3-5-0-2-2 182861 0.009479 0.001369 0 0.001675
4-7-0-2-2-3-0-4-3-5-0-4-3 3418541 0.032997 0.011256 0 0.001658
4-7-0-2-2-3-0-4-3-5-0-6-4 207025 0.013373 0.003718 0 0.001792
4-7-0-2-2-3-0-6-4-7-0-0-1 3640 0.006928 0.000701 0 0.001789
4-7-0-2-2-3-0-6-4-7-0-2-2 182909 0.00784 0.001397 1e-06 0.001709
4-7-0-2-2-3-0-6-4-7-0-4-3 3467514 0.032778 0.019722 0 0.001666
4-7-0-2-2-3-0-6-4-7-0-6-4 207025 0.01037 0.002626 1e-06 0.001782
4-7-0-4-3-5-0-0-1-1-0-0-1 3629 0.008432 0.000646 1e-06 0.001973
4-7-0-4-3-5-0-0-1-1-0-2-2 182887 0.008614 0.001107 0 0.001663
4-7-0-4-3-5-0-0-1-1-0-4-3 3461526 0.014919 0.001644 0 0.001688
4-7-0-4-3-5-0-0-1-1-0-6-4 207025 0.00868 0.001137 1e-06 0.00167
4-7-0-4-3-5-0-2-2-3-0-0-1 3640 0.008152 0.000759 1e-06 0.00173
4-7-0-4-3-5-0-2-2-3-0-2-2 180031 0.011779 0.002492 1e-06 0.001738
4-7-0-4-3-5-0-2-2-3-0-4-3 3463475 0.019133 0.004072 0 0.001709
4-7-0-4-3-5-0-2-2-3-0-6-4 207025 0.011766 0.003263 1e-06 0.001769
4-7-0-4-3-5-0-4-3-5-0-0-1 3640 0.010277 0.000925 1e-06 0.001804
4-7-0-4-3-5-0-4-3-5-0-2-2 182871 0.037631 0.017435 0 0.001745
4-7-0-4-3-5-0-4-3-5-0-4-3 3316743 0.105853 0.076564 0 0.001816
4-7-0-4-3-5-0-4-3-5-0-6-4 207025 0.070083 0.054087 1e-06 0.001917
4-7-0-4-3-5-0-6-4-7-0-0-1 3640 0.010636 0.000897 0 0.002457
4-7-0-4-3-5-0-6-4-7-0-2-2 182910 0.028749 0.018112 1e-06 0.001902
4-7-0-4-3-5-0-6-4-7-0-4-3 3467552 0.047518 0.033755 1e-06 0.001862
4-7-0-4-3-5-0-6-4-7-0-6-4 207025 0.02874 0.018117 1e-06 0.001874
4-7-0-6-4-7-0-0-1-1-0-0-1 3640 0.007553 0.001026 1e-06 0.002088
4-7-0-6-4-7-0-0-1-1-0-2-2 182910 0.007024 0.001081 1e-06 0.001671
4-7-0-6-4-7-0-0-1-1-0-4-3 3467555 0.011624 0.001858 1e-06 0.001683
4-7-0-6-4-7-0-0-1-1-0-6-4 207025 0.008372 0.001286 0 0.00167
4-7-0-6-4-7-0-2-2-3-0-0-1 3640 0.006936 0.001053 1e-06 0.001674
4-7-0-6-4-7-0-2-2-3-0-2-2 182627 0.007575 0.00155 1e-06 0.001656
4-7-0-6-4-7-0-2-2-3-0-4-3 3467504 0.016848 0.00323 1e-06 0.001662
4-7-0-6-4-7-0-2-2-3-0-6-4 207025 0.008955 0.00205 1e-06 0.001721
4-7-0-6-4-7-0-4-3-5-0-0-1 3640 0.009573 0.001268 0 0.001722
4-7-0-6-4-7-0-4-3-5-0-2-2 182908 0.016181 0.004745 3e-06 0.001725
4-7-0-6-4-7-0-4-3-5-0-4-3 3465492 0.089672 0.063472 2e-06 0.001729
4-7-0-6-4-7-0-4-3-5-0-6-4 207025 0.027987 0.017396 1e-06 0.001842
4-7-0-6-4-7-0-6-4-7-0-0-1 3640 0.008525 0.001513 0 0.001875
4-7-0-6-4-7-0-6-4-7-0-2-2 182910 0.011443 0.0037 0 0.001789
4-7-0-6-4-7-0-6-4-7-0-4-3 3467555 0.036542 0.023528 1e-06 0.001711
4-7-0-6-4-7-0-6-4-7-0-6-4 207025 0.01389 0.005807 0 0.001789
