0-0-1-1-0 197321793 1.09566 0.737508 1e-06 0.001021
0-2-2-3-0 13786567 0.032872 0.003182 0 0.00102
0-4-3-5-0 4316287 0.019119 0.003127 0 0.00045
0-6-4-7-0 44408829 0.099658 0.011302 0 0.000307
1-1-0-0-1 8 0.001734 0.000107 0 0.000537
1-1-0-2-2 2501 0.001555 0.000199 0 0.000252
1-1-0-4-3 12415 0.00249 0.000521 0 0.000206
1-1-0-6-4 3588 0.002693 0.000382 0 0.000253
2-3-0-0-1 2501 0.001732 0.00011 0 0.000295
2-3-0-2-2 402 0.001768 9.9e-05 0 0.000288
2-3-0-4-3 58197 0.002642 0.000248 0 0.000276
2-3-0-6-4 49523 0.002723 0.000225 0 0.000302
3-5-0-0-1 12415 0.002275 0.000141 1e-06 0.000324
3-5-0-2-2 58197 0.002956 0.000172 0 0.000304
3-5-0-4-3 3669643 0.012434 0.001958 0 0.000308
3-5-0-6-4 1623543 0.005183 0.00134 0 0.000311
4-7-0-0-1 3588 0.001578 0.000113 0 0.000293
4-7-0-2-2 49523 0.001997 0.000125 0 0.00031
4-7-0-4-3 1623543 0.004265 0.001227 0 0.000294
4-7-0-6-4 200839 0.003189 0.000841 1e-06 0.000291
