0-0-1-1-0-0-1-1-0-0-1-1-0-0-1 34713 0.018278 0.000701 0 0.006421
0-0-1-1-0-0-1-1-0-0-1-1-0-2-2 11426723 0.050236 0.017429 0 0.005272
0-0-1-1-0-0-1-1-0-0-1-1-0-4-3 66667832 0.201744 0.080932 0 0.003428
0-0-1-1-0-0-1-1-0-0-1-1-0-6-4 15626706 0.057698 0.015077 1e-06 0.003162
0-0-1-1-0-0-1-1-0-2-2-3-0-0-1 277704 0.012448 0.001651 0 0.002102
0-0-1-1-0-0-1-1-0-2-2-3-0-2-2 11426723 0.041939 0.012293 0 0.00204
0-0-1-1-0-0-1-1-0-2-2-3-0-4-3 262992233 0.945195 0.256209 0 0.002428
0-0-1-1-0-0-1-1-0-2-2-3-0-6-4 15794415 0.069011 0.018798 1e-06 0.006815
0-0-1-1-0-0-1-1-0-4-3-5-0-0-1 277704 0.021337 0.002339 1e-06 0.002872
0-0-1-1-0-0-1-1-0-4-3-5-0-2-2 13373259 0.038573 0.014617 1e-06 0.002645
0-0-1-1-0-0-1-1-0-4-3-5-0-4-3 242448037 1.00989 0.236403 1e-06 0.00317
0-0-1-1-0-0-1-1-0-4-3-5-0-6-4 15758734 0.044464 0.020315 1e-06 0.003129
0-0-1-1-0-0-1-1-0-6-4-7-0-0-1 277704 0.01874 0.002873 0 0.002957
0-0-1-1-0-0-1-1-0-6-4-7-0-2-2 13954626 0.037386 0.016246 0 0.002874
0-0-1-1-0-0-1-1-0-6-4-7-0-4-3 264536355 0.722248 0.273773 1e-06 0.002578
0-0-1-1-0-0-1-1-0-6-4-7-0-6-4 15794415 0.048772 0.019638 0 0.003759
0-0-1-1-0-2-2-3-0-0-1-1-0-0-1 277704 0.012584 0.001714 1e-06 0.001838
0-0-1-1-0-2-2-3-0-0-1-1-0-2-2 13954626 0.033325 0.013348 1e-06 0.001486
0-0-1-1-0-2-2-3-0-0-1-1-0-4-3 264547773 0.66265 0.217969 0 0.001549
0-0-1-1-0-2-2-3-0-0-1-1-0-6-4 15794415 0.051784 0.018747 1e-06 0.004372
0-0-1-1-0-2-2-3-0-2-2-3-0-0-1 277704 0.015053 0.002175 1e-06 0.001921
0-0-1-1-0-2-2-3-0-2-2-3-0-2-2 11426723 0.031626 0.012603 1e-06 0.001608
0-0-1-1-0-2-2-3-0-2-2-3-0-4-3 262992233 0.721153 0.251188 1e-06 0.001612
0-0-1-1-0-2-2-3-0-2-2-3-0-6-4 15794415 0.041767 0.016223 1e-06 0.001979
0-0-1-1-0-2-2-3-0-4-3-5-0-0-1 277704 0.01579 0.002668 1e-06 0.001871
0-0-1-1-0-2-2-3-0-4-3-5-0-2-2 13954626 0.037946 0.01568 1e-06 0.001752
0-0-1-1-0-2-2-3-0-4-3-5-0-4-3 264272027 0.757665 0.228506 1e-06 0.001798
0-0-1-1-0-2-2-3-0-4-3-5-0-6-4 15794415 0.047725 0.017943 1e-06 0.002235
0-0-1-1-0-2-2-3-0-6-4-7-0-0-1 277704 0.014717 0.002227 1e-06 0.001825
0-0-1-1-0-2-2-3-0-6-4-7-0-2-2 13954626 0.039601 0.015064 0 0.00171
0-0-1-1-0-2-2-3-0-6-4-7-0-4-3 264547773 0.69524 0.237054 1e-06 0.001959
0-0-1-1-0-2-2-3-0-6-4-7-0-6-4 15794415 0.06098 0.021755 0 0.002153
0-0-1-1-0-4-3-5-0-0-1-1-0-0-1 277704 0.015401 0.002195 1e-06 0.002484
0-0-1-1-0-4-3-5-0-0-1-1-0-2-2 13954626 0.035323 0.014878 1e-06 0.001839
0-0-1-1-0-4-3-5-0-0-1-1-0-4-3 264547773 0.649886 0.215545 1e-06 0.001988
0-0-1-1-0-4-3-5-0-0-1-1-0-6-4 15794415 0.045264 0.017964 1e-06 0.002598
0-0-1-1-0-4-3-5-0-2-2-3-0-0-1 277704 0.025646 0.002756 2e-06 0.00241
0-0-1-1-0-4-3-5-0-2-2-3-0-2-2 13373259 0.038483 0.015599 1e-06 0.002157
0-0-1-1-0-4-3-5-0-2-2-3-0-4-3 264534436 0.958359 0.236003 1e-06 0.002196
0-0-1-1-0-4-3-5-0-2-2-3-0-6-4 15794415 0.075905 0.019353 1e-06 0.005381
0-0-1-1-0-4-3-5-0-4-3-5-0-0-1 277704 0.022504 0.00492 1e-06 0.002589
0-0-1-1-0-4-3-5-0-4-3-5-0-2-2 13954626 0.043401 0.017557 1e-06 0.002348
0-0-1-1-0-4-3-5-0-4-3-5-0-4-3 254851812 0.943283 0.215892 1e-06 0.002418
0-0-1-1-0-4-3-5-0-4-3-5-0-6-4 15794415 0.097743 0.027389 1e-06 0.006136
0-0-1-1-0-4-3-5-0-6-4-7-0-0-1 277704 0.0246 0.005249 1e-06 0.003947
0-0-1-1-0-4-3-5-0-6-4-7-0-2-2 13954626 0.085259 0.022786 1e-06 0.003913
0-0-1-1-0-4-3-5-0-6-4-7-0-4-3 264547773 0.68509 0.229081 1e-06 0.003094
0-0-1-1-0-4-3-5-0-6-4-7-0-6-4 15794415 0.064018 0.020897 1e-06 0.002452
0-0-1-1-0-6-4-7-0-0-1-1-0-0-1 277704 0.014202 0.002014 0 0.002327
0-0-1-1-0-6-4-7-0-0-1-1-0-2-2 13954626 0.05425 0.014748 0 0.001874
0-0-1-1-0-6-4-7-0-0-1-1-0-4-3 264547773 0.641274 0.212254 1e-06 0.002027
0-0-1-1-0-6-4-7-0-0-1-1-0-6-4 15794415 0.067173 0.016135 1e-06 0.002399
0-0-1-1-0-6-4-7-0-2-2-3-0-0-1 277704 0.021992 0.002343 2e-06 0.002292
0-0-1-1-0-6-4-7-0-2-2-3-0-2-2 13954626 0.052282 0.014041 1e-06 0.002094
0-0-1-1-0-6-4-7-0-2-2-3-0-4-3 264547773 0.645565 0.213041 1e-06 0.002212
0-0-1-1-0-6-4-7-0-2-2-3-0-6-4 15794415 0.070817 0.017992 1e-06 0.002109
0-0-1-1-0-6-4-7-0-4-3-5-0-0-1 277704 0.020342 0.004216 1e-06 0.00221
0-0-1-1-0-6-4-7-0-4-3-5-0-2-2 13954626 0.054831 0.017074 0 0.00212
0-0-1-1-0-6-4-7-0-4-3-5-0-4-3 264536355 0.678897 0.224788 1e-06 0.002187
0-0-1-1-0-6-4-7-0-4-3-5-0-6-4 15794415 0.0627 0.019927 1e-06 0.002897
0-0-1-1-0-6-4-7-0-6-4-7-0-0-1 277704 0.019433 0.006402 0 0.002211
0-0-1-1-0-6-4-7-0-6-4-7-0-2-2 13954626 0.062496 0.019085 1e-06 0.002113
0-0-1-1-0-6-4-7-0-6-4-7-0-4-3 264547773 0.666427 0.21935 1e-06 0.002211
0-0-1-1-0-6-4-7-0-6-4-7-0-6-4 15794415 0.066739 0.024024 0 0.002435
0-2-2-3-0-0-1-1-0-0-1-1-0-0-1 269979 0.013022 0.001374 1e-06 0.002751
0-2-2-3-0-0-1-1-0-0-1-1-0-2-2 13942082 0.051219 0.013803 1e-06 0.002307
0-2-2-3-0-0-1-1-0-0-1-1-0-4-3 261068775 0.798289 0.36694 0 0.002517
0-2-2-3-0-0-1-1-0-0-1-1-0-6-4 15794087 0.0668 0.021602 1e-06 0.002843
0-2-2-3-0-0-1-1-0-2-2-3-0-0-1 277704 0.014101 0.001865 1e-06 0.001677
0-2-2-3-0-0-1-1-0-2-2-3-0-2-2 13942082 0.053393 0.0149 1e-06 0.001618
0-2-2-3-0-0-1-1-0-2-2-3-0-4-3 264546361 1.09115 0.515793 0 0.003822
0-2-2-3-0-0-1-1-0-2-2-3-0-6-4 15794415 0.05598 0.017647 0 0.001879
0-2-2-3-0-0-1-1-0-4-3-5-0-0-1 277704 0.015631 0.002336 1e-06 0.001861
0-2-2-3-0-0-1-1-0-4-3-5-0-2-2 13950086 0.057307 0.015309 1e-06 0.001771
0-2-2-3-0-0-1-1-0-4-3-5-0-4-3 264223483 0.933542 0.479526 1e-06 0.001831
0-2-2-3-0-0-1-1-0-4-3-5-0-6-4 15794374 0.057478 0.017692 1e-06 0.002067
0-2-2-3-0-0-1-1-0-6-4-7-0-0-1 277704 0.014342 0.00217 1e-06 0.001888
0-2-2-3-0-0-1-1-0-6-4-7-0-2-2 13954626 0.054132 0.015469 0 0.001799
0-2-2-3-0-0-1-1-0-6-4-7-0-4-3 264547768 0.940349 0.500722 0 0.001948
0-2-2-3-0-0-1-1-0-6-4-7-0-6-4 15794415 0.090152 0.024706 1e-06 0.002631
0-2-2-3-0-2-2-3-0-0-1-1-0-0-1 269979 0.016224 0.001669 1e-06 0.002494
0-2-2-3-0-2-2-3-0-0-1-1-0-2-2 13942082 0.073976 0.018718 1e-06 0.002263
0-2-2-3-0-2-2-3-0-0-1-1-0-4-3 261068775 1.05068 0.437016 1e-06 0.008015
0-2-2-3-0-2-2-3-0-0-1-1-0-6-4 15794087 0.06632 0.015818 1e-06 0.003254
0-2-2-3-0-2-2-3-0-2-2-3-0-0-1 269979 0.012202 0.001371 0 0.00164
0-2-2-3-0-2-2-3-0-2-2-3-0-2-2 34713 0.011756 0.000881 1e-06 0.001534
0-2-2-3-0-2-2-3-0-2-2-3-0-4-3 18178411 0.073183 0.015366 1e-06 0.001426
0-2-2-3-0-2-2-3-0-2-2-3-0-6-4 10219172 0.063517 0.011067 1e-06 0.001941
0-2-2-3-0-2-2-3-0-4-3-5-0-0-1 277212 0.018654 0.003128 0 0.00191
0-2-2-3-0-2-2-3-0-4-3-5-0-2-2 12401496 0.051188 0.014165 1e-06 0.001836
0-2-2-3-0-2-2-3-0-4-3-5-0-4-3 223199128 0.980888 0.237853 0 0.001877
0-2-2-3-0-2-2-3-0-4-3-5-0-6-4 15752999 0.146642 0.034422 1e-06 0.003525
0-2-2-3-0-2-2-3-0-6-4-7-0-0-1 277704 0.020377 0.002652 1e-06 0.003157
0-2-2-3-0-2-2-3-0-6-4-7-0-2-2 13689497 0.05198 0.020986 1e-06 0.002851
0-2-2-3-0-2-2-3-0-6-4-7-0-4-3 258664239 1.00127 0.293763 1e-06 0.002144
0-2-2-3-0-2-2-3-0-6-4-7-0-6-4 15792398 0.117252 0.027842 2e-06 0.00373
0-2-2-3-0-4-3-5-0-0-1-1-0-0-1 277212 0.019609 0.002982 1e-06 0.003765
0-2-2-3-0-4-3-5-0-0-1-1-0-2-2 13953539 0.071479 0.01745 1e-06 0.003169
0-2-2-3-0-4-3-5-0-0-1-1-0-4-3 264335304 0.93489 0.454725 1e-06 0.002623
0-2-2-3-0-4-3-5-0-0-1-1-0-6-4 15794372 0.067184 0.017033 1e-06 0.002729
0-2-2-3-0-4-3-5-0-2-2-3-0-0-1 277704 0.023022 0.003031 1e-06 0.002069
0-2-2-3-0-4-3-5-0-2-2-3-0-2-2 12401496 0.050316 0.013629 1e-06 0.002113
0-2-2-3-0-4-3-5-0-2-2-3-0-4-3 263938876 0.705245 0.256471 1e-06 0.002064
0-2-2-3-0-4-3-5-0-2-2-3-0-6-4 15794338 0.069081 0.021707 1e-06 0.002303
0-2-2-3-0-4-3-5-0-4-3-5-0-0-1 277704 0.02128 0.004903 0 0.002343
0-2-2-3-0-4-3-5-0-4-3-5-0-2-2 13942369 0.060875 0.029649 0 0.002313
0-2-2-3-0-4-3-5-0-4-3-5-0-4-3 252870735 0.958305 0.518563 1e-06 0.002355
0-2-2-3-0-4-3-5-0-4-3-5-0-6-4 15794351 0.209137 0.152661 0 0.002719
0-2-2-3-0-4-3-5-0-6-4-7-0-0-1 277704 0.021285 0.00449 0 0.002452
0-2-2-3-0-4-3-5-0-6-4-7-0-2-2 13954500 0.055622 0.030006 1e-06 0.002319
0-2-2-3-0-4-3-5-0-6-4-7-0-4-3 264545259 0.833376 0.381941 0 0.002328
0-2-2-3-0-4-3-5-0-6-4-7-0-6-4 15794413 0.101151 0.045258 0 0.002786
0-2-2-3-0-6-4-7-0-0-1-1-0-0-1 277704 0.015046 0.002107 1e-06 0.002399
0-2-2-3-0-6-4-7-0-0-1-1-0-2-2 13954626 0.035258 0.014352 1e-06 0.001945
0-2-2-3-0-6-4-7-0-0-1-1-0-4-3 264547773 0.853349 0.404363 1e-06 0.002054
0-2-2-3-0-6-4-7-0-0-1-1-0-6-4 15794415 0.059779 0.016822 1e-06 0.00238
0-2-2-3-0-6-4-7-0-2-2-3-0-0-1 277704 0.019797 0.002492 1e-06 0.002109
0-2-2-3-0-6-4-7-0-2-2-3-0-2-2 13689497 0.054399 0.01685 1e-06 0.002119
0-2-2-3-0-6-4-7-0-2-2-3-0-4-3 264526605 0.973931 0.2513 1e-06 0.002145
0-2-2-3-0-6-4-7-0-2-2-3-0-6-4 15794414 0.078065 0.025371 1e-06 0.005348
0-2-2-3-0-6-4-7-0-4-3-5-0-0-1 277704 0.021844 0.004462 0 0.003515
0-2-2-3-0-6-4-7-0-4-3-5-0-2-2 13953921 0.073448 0.032462 1e-06 0.002298
0-2-2-3-0-6-4-7-0-4-3-5-0-4-3 261395656 0.993409 0.557581 0 0.002288
0-2-2-3-0-6-4-7-0-4-3-5-0-6-4 15794415 0.181845 0.128739 0 0.002514
0-2-2-3-0-6-4-7-0-6-4-7-0-0-1 277704 0.019435 0.006172 1e-06 0.002202
0-2-2-3-0-6-4-7-0-6-4-7-0-2-2 13954626 0.068224 0.025108 0 0.002147
0-2-2-3-0-6-4-7-0-6-4-7-0-4-3 264547767 0.781496 0.325681 1e-06 0.002198
0-2-2-3-0-6-4-7-0-6-4-7-0-6-4 15794415 0.08444 0.042734 2e-06 0.00253
0-4-3-5-0-0-1-1-0-0-1-1-0-0-1 125547 0.016523 0.001939 0 0.003216
0-4-3-5-0-0-1-1-0-0-1-1-0-2-2 13103489 0.060614 0.021014 1e-06 0.002781
0-4-3-5-0-0-1-1-0-0-1-1-0-4-3 159103520 0.459636 0.192671 1e-06 0.003009
0-4-3-5-0-0-1-1-0-0-1-1-0-6-4 15740985 0.078662 0.026308 1e-06 0.00331
0-4-3-5-0-0-1-1-0-2-2-3-0-0-1 277704 0.014518 0.002647 1e-06 0.002299
0-4-3-5-0-0-1-1-0-2-2-3-0-2-2 13103489 0.057793 0.020641 1e-06 0.002196
0-4-3-5-0-0-1-1-0-2-2-3-0-4-3 264299335 0.760833 0.316704 1e-06 0.002276
0-4-3-5-0-0-1-1-0-2-2-3-0-6-4 15794415 0.067576 0.023801 1e-06 0.002741
0-4-3-5-0-0-1-1-0-4-3-5-0-0-1 277704 0.017031 0.003178 0 0.002445
0-4-3-5-0-0-1-1-0-4-3-5-0-2-2 13749399 0.066376 0.02246 1e-06 0.00235
0-4-3-5-0-0-1-1-0-4-3-5-0-4-3 254223236 0.717696 0.285431 1e-06 0.002407
0-4-3-5-0-0-1-1-0-4-3-5-0-6-4 15784512 0.069192 0.025739 1e-06 0.002874
0-4-3-5-0-0-1-1-0-6-4-7-0-0-1 277704 0.018519 0.002843 1e-06 0.003329
0-4-3-5-0-0-1-1-0-6-4-7-0-2-2 13954626 0.068302 0.020702 1e-06 0.002346
0-4-3-5-0-0-1-1-0-6-4-7-0-4-3 264545622 1.0766 0.319655 1e-06 0.002476
0-4-3-5-0-0-1-1-0-6-4-7-0-6-4 15794415 0.07644 0.031211 0 0.003163
0-4-3-5-0-2-2-3-0-0-1-1-0-0-1 277597 0.016608 0.002495 0 0.002581
0-4-3-5-0-2-2-3-0-0-1-1-0-2-2 13954538 0.073001 0.029958 1e-06 0.002329
0-4-3-5-0-2-2-3-0-0-1-1-0-4-3 264505054 0.813325 0.373763 1e-06 0.002362
0-4-3-5-0-2-2-3-0-0-1-1-0-6-4 15794415 0.081265 0.036438 1e-06 0.002626
0-4-3-5-0-2-2-3-0-2-2-3-0-0-1 277597 0.016191 0.002469 1e-06 0.002323
0-4-3-5-0-2-2-3-0-2-2-3-0-2-2 1807215 0.033402 0.005502 0 0.002232
0-4-3-5-0-2-2-3-0-2-2-3-0-4-3 186718068 0.76141 0.449752 1e-06 0.00236
0-4-3-5-0-2-2-3-0-2-2-3-0-6-4 15662521 0.10471 0.031953 0 0.00316
0-4-3-5-0-2-2-3-0-4-3-5-0-0-1 277704 0.019237 0.00342 1e-06 0.002463
0-4-3-5-0-2-2-3-0-4-3-5-0-2-2 13920727 0.074565 0.028716 1e-06 0.00238
0-4-3-5-0-2-2-3-0-4-3-5-0-4-3 256552028 2.32143 1.86741 0 0.002543
0-4-3-5-0-2-2-3-0-4-3-5-0-6-4 15793767 0.084143 0.036978 1e-06 0.002563
0-4-3-5-0-2-2-3-0-6-4-7-0-0-1 277704 0.020854 0.003169 1e-06 0.0027
0-4-3-5-0-2-2-3-0-6-4-7-0-2-2 13952209 0.079897 0.029461 1e-06 0.002445
0-4-3-5-0-2-2-3-0-6-4-7-0-4-3 264488100 2.39752 1.94703 1e-06 0.002537
0-4-3-5-0-2-2-3-0-6-4-7-0-6-4 15794397 0.081553 0.032483 1e-06 0.002756
0-4-3-5-0-4-3-5-0-0-1-1-0-0-1 273654 0.016484 0.003171 1e-06 0.0025
0-4-3-5-0-4-3-5-0-0-1-1-0-2-2 13920168 0.063498 0.023197 0 0.002275
0-4-3-5-0-4-3-5-0-0-1-1-0-4-3 261568906 0.73085 0.300749 1e-06 0.002384
0-4-3-5-0-4-3-5-0-0-1-1-0-6-4 15792180 0.07342 0.03009 0 0.002824
0-4-3-5-0-4-3-5-0-2-2-3-0-0-1 277611 0.019271 0.003654 0 0.002403
0-4-3-5-0-4-3-5-0-2-2-3-0-2-2 12620533 0.097537 0.031398 1e-06 0.00238
0-4-3-5-0-4-3-5-0-2-2-3-0-4-3 260987845 1.21107 0.718584 1e-06 0.002418
0-4-3-5-0-4-3-5-0-2-2-3-0-6-4 15743848 0.145418 0.081834 1e-06 0.003448
0-4-3-5-0-4-3-5-0-4-3-5-0-0-1 274950 0.023327 0.005292 0 0.002702
0-4-3-5-0-4-3-5-0-4-3-5-0-2-2 13780903 0.300646 0.238877 1e-06 0.002648
0-4-3-5-0-4-3-5-0-4-3-5-0-4-3 249802666 4.98924 4.35957 1e-06 0.002677
0-4-3-5-0-4-3-5-0-4-3-5-0-6-4 15614461 0.571483 0.498942 1e-06 0.003141
0-4-3-5-0-4-3-5-0-6-4-7-0-0-1 277700 0.022438 0.005168 1e-06 0.002706
0-4-3-5-0-4-3-5-0-6-4-7-0-2-2 13850279 0.347844 0.289382 1e-06 0.002575
0-4-3-5-0-4-3-5-0-6-4-7-0-4-3 263135171 7.93945 7.43869 1e-06 0.002665
0-4-3-5-0-4-3-5-0-6-4-7-0-6-4 15792097 0.504385 0.426251 1e-06 0.00338
0-4-3-5-0-6-4-7-0-0-1-1-0-0-1 277700 0.015586 0.003035 1e-06 0.002515
0-4-3-5-0-6-4-7-0-0-1-1-0-2-2 13954622 0.062509 0.024648 0 0.002256
0-4-3-5-0-6-4-7-0-0-1-1-0-4-3 264547070 0.987365 0.333883 0 0.002507
0-4-3-5-0-6-4-7-0-0-1-1-0-6-4 15794415 0.102004 0.037084 2e-06 0.003706
0-4-3-5-0-6-4-7-0-2-2-3-0-0-1 277704 0.025269 0.003857 1e-06 0.002855
0-4-3-5-0-6-4-7-0-2-2-3-0-2-2 13721768 0.12669 0.067716 1e-06 0.00269
0-4-3-5-0-6-4-7-0-2-2-3-0-4-3 264348044 1.34295 0.853745 1e-06 0.002787
0-4-3-5-0-6-4-7-0-2-2-3-0-6-4 15794371 0.241718 0.179008 1e-06 0.003349
0-4-3-5-0-6-4-7-0-4-3-5-0-0-1 277704 0.026526 0.0061 1e-06 0.002986
0-4-3-5-0-6-4-7-0-4-3-5-0-2-2 13953164 0.227696 0.171056 0 0.002948
0-4-3-5-0-6-4-7-0-4-3-5-0-4-3 263215652 13.285 12.7249 1e-06 0.002959
0-4-3-5-0-6-4-7-0-4-3-5-0-6-4 15794412 0.277221 0.205045 1e-06 0.004802
0-4-3-5-0-6-4-7-0-6-4-7-0-0-1 277704 0.019963 0.006137 1e-06 0.00256
0-4-3-5-0-6-4-7-0-6-4-7-0-2-2 13954620 0.161777 0.113782 1e-06 0.002388
0-4-3-5-0-6-4-7-0-6-4-7-0-4-3 264547650 12.9555 12.2828 1e-06 0.002425
0-4-3-5-0-6-4-7-0-6-4-7-0-6-4 15794415 0.219811 0.145401 1e-06 0.006518
0-6-4-7-0-0-1-1-0-0-1-1-0-0-1 277619 0.013985 0.001408 1e-06 0.002885
0-6-4-7-0-0-1-1-0-0-1-1-0-2-2 13954551 0.062182 0.018824 1e-06 0.002484
0-6-4-7-0-0-1-1-0-0-1-1-0-4-3 264520476 1.02426 0.352343 1e-06 0.002682
0-6-4-7-0-0-1-1-0-0-1-1-0-6-4 15794415 0.099332 0.028197 1e-06 0.005237
0-6-4-7-0-0-1-1-0-2-2-3-0-0-1 277704 0.015031 0.00226 1e-06 0.002482
0-6-4-7-0-0-1-1-0-2-2-3-0-2-2 13954551 0.058831 0.021195 1e-06 0.002154
0-6-4-7-0-0-1-1-0-2-2-3-0-4-3 264547769 0.922263 0.478101 1e-06 0.002282
0-6-4-7-0-0-1-1-0-2-2-3-0-6-4 15794415 0.076727 0.026712 1e-06 0.002792
0-6-4-7-0-0-1-1-0-4-3-5-0-0-1 277704 0.014892 0.002672 0 0.002416
0-6-4-7-0-0-1-1-0-4-3-5-0-2-2 13954585 0.066826 0.023035 1e-06 0.002287
0-6-4-7-0-0-1-1-0-4-3-5-0-4-3 264544959 0.94015 0.482634 1e-06 0.002424
0-6-4-7-0-0-1-1-0-4-3-5-0-6-4 15794415 0.081817 0.036861 1e-06 0.003204
0-6-4-7-0-0-1-1-0-6-4-7-0-0-1 277704 0.013821 0.002387 1e-06 0.002249
0-6-4-7-0-0-1-1-0-6-4-7-0-2-2 13954626 0.057363 0.020787 1e-06 0.002176
0-6-4-7-0-0-1-1-0-6-4-7-0-4-3 264547773 0.881648 0.443354 0 0.002531
0-6-4-7-0-0-1-1-0-6-4-7-0-6-4 15794415 0.080545 0.025335 0 0.002958
0-6-4-7-0-2-2-3-0-0-1-1-0-0-1 277704 0.015636 0.001633 1e-06 0.002488
0-6-4-7-0-2-2-3-0-0-1-1-0-2-2 13954626 0.057418 0.018418 1e-06 0.001937
0-6-4-7-0-2-2-3-0-0-1-1-0-4-3 264547773 0.767657 0.321625 0 0.002367
0-6-4-7-0-2-2-3-0-0-1-1-0-6-4 15794415 0.080738 0.02707 0 0.002527
0-6-4-7-0-2-2-3-0-2-2-3-0-0-1 277704 0.016048 0.001934 1e-06 0.002241
0-6-4-7-0-2-2-3-0-2-2-3-0-2-2 6345795 0.046933 0.011833 0 0.00212
0-6-4-7-0-2-2-3-0-2-2-3-0-4-3 254483838 0.799716 0.361856 1e-06 0.002349
0-6-4-7-0-2-2-3-0-2-2-3-0-6-4 15792946 0.086459 0.029167 1e-06 0.0027
0-6-4-7-0-2-2-3-0-4-3-5-0-0-1 277704 0.023477 0.002866 1e-06 0.002322
0-6-4-7-0-2-2-3-0-4-3-5-0-2-2 13954585 0.06262 0.023354 0 0.002302
0-6-4-7-0-2-2-3-0-4-3-5-0-4-3 262665496 1.12192 0.39258 0 0.002261
0-6-4-7-0-2-2-3-0-4-3-5-0-6-4 15794415 0.124995 0.042316 1e-06 0.0034
0-6-4-7-0-2-2-3-0-6-4-7-0-0-1 277704 0.018278 0.002693 1e-06 0.002519
0-6-4-7-0-2-2-3-0-6-4-7-0-2-2 13954626 0.076543 0.028318 1e-06 0.002425
0-6-4-7-0-2-2-3-0-6-4-7-0-4-3 264547773 1.19865 0.506038 1e-06 0.002501
0-6-4-7-0-2-2-3-0-6-4-7-0-6-4 15794415 0.081384 0.036675 1e-06 0.002745
0-6-4-7-0-4-3-5-0-0-1-1-0-0-1 277701 0.018971 0.003568 1e-06 0.00277
0-6-4-7-0-4-3-5-0-0-1-1-0-2-2 13954618 0.065877 0.024184 1e-06 0.002524
0-6-4-7-0-4-3-5-0-0-1-1-0-4-3 264546039 0.853133 0.402112 1e-06 0.002612
0-6-4-7-0-4-3-5-0-0-1-1-0-6-4 15794415 0.070436 0.026278 1e-06 0.003186
0-6-4-7-0-4-3-5-0-2-2-3-0-0-1 277704 0.021237 0.003834 1e-06 0.002522
0-6-4-7-0-4-3-5-0-2-2-3-0-2-2 13891951 0.076202 0.034242 1e-06 0.002467
0-6-4-7-0-4-3-5-0-2-2-3-0-4-3 264545893 0.851856 0.381622 0 0.002551
0-6-4-7-0-4-3-5-0-2-2-3-0-6-4 15794415 0.094612 0.04761 1e-06 0.003239
0-6-4-7-0-4-3-5-0-4-3-5-0-0-1 277704 0.025963 0.006217 0 0.003031
0-6-4-7-0-4-3-5-0-4-3-5-0-2-2 13954598 0.203307 0.153406 0 0.00295
0-6-4-7-0-4-3-5-0-4-3-5-0-4-3 253260419 1.42926 0.956384 0 0.003027
0-6-4-7-0-4-3-5-0-4-3-5-0-6-4 15794415 0.468226 0.41331 1e-06 0.003342
0-6-4-7-0-4-3-5-0-6-4-7-0-0-1 277704 0.023966 0.00538 1e-06 0.00275
0-6-4-7-0-4-3-5-0-6-4-7-0-2-2 13954626 0.185139 0.137453 0 0.002696
0-6-4-7-0-4-3-5-0-6-4-7-0-4-3 264547770 1.09292 0.635441 1e-06 0.003023
0-6-4-7-0-4-3-5-0-6-4-7-0-6-4 15794415 0.228964 0.178787 1e-06 0.00345
0-6-4-7-0-6-4-7-0-0-1-1-0-0-1 277704 0.020387 0.006861 1e-06 0.003026
0-6-4-7-0-6-4-7-0-0-1-1-0-2-2 13954626 0.071352 0.029399 1e-06 0.00265
0-6-4-7-0-6-4-7-0-0-1-1-0-4-3 264547773 0.841535 0.403159 1e-06 0.00274
0-6-4-7-0-6-4-7-0-0-1-1-0-6-4 15794415 0.082317 0.031347 0 0.002713
0-6-4-7-0-6-4-7-0-2-2-3-0-0-1 277704 0.020566 0.006664 0 0.002661
0-6-4-7-0-6-4-7-0-2-2-3-0-2-2 13954431 0.073927 0.032216 1e-06 0.002592
0-6-4-7-0-6-4-7-0-2-2-3-0-4-3 264547772 0.834432 0.388897 1e-06 0.002662
0-6-4-7-0-6-4-7-0-2-2-3-0-6-4 15794415 0.090101 0.038741 1e-06 0.003172
0-6-4-7-0-6-4-7-0-4-3-5-0-0-1 277704 0.024051 0.008102 1e-06 0.002797
0-6-4-7-0-6-4-7-0-4-3-5-0-2-2 13954626 0.094984 0.052588 1e-06 0.002678
0-6-4-7-0-6-4-7-0-4-3-5-0-4-3 264542880 1.37786 0.879921 1e-06 0.002815
0-6-4-7-0-6-4-7-0-4-3-5-0-6-4 15794415 0.221397 0.171921 1e-06 0.003171
0-6-4-7-0-6-4-7-0-6-4-7-0-0-1 277704 0.02714 0.011636 1e-06 0.003025
0-6-4-7-0-6-4-7-0-6-4-7-0-2-2 13954626 0.100064 0.053877 1e-06 0.002956
0-6-4-7-0-6-4-7-0-6-4-7-0-4-3 264547773 1.26148 0.5739 1e-06 0.003034
0-6-4-7-0-6-4-7-0-6-4-7-0-6-4 15794415 0.120499 0.074887 1e-06 0.003619
1-1-0-0-1-1-0-0-1-1-0-0-1-1-0 34713 0.0111 0.000703 1e-06 0.004
1-1-0-0-1-1-0-0-1-1-0-2-2-3-0 269979 0.012098 0.001046 1e-06 0.003066
1-1-0-0-1-1-0-0-1-1-0-4-3-5-0 125547 0.01312 0.001639 0 0.003058
1-1-0-0-1-1-0-0-1-1-0-6-4-7-0 277619 0.012978 0.001737 1e-06 0.00309
1-1-0-0-1-1-0-2-2-3-0-0-1-1-0 277704 0.010535 0.000938 1e-06 0.002182
1-1-0-0-1-1-0-2-2-3-0-2-2-3-0 269979 0.010467 0.001194 0 0.002191
1-1-0-0-1-1-0-2-2-3-0-4-3-5-0 277597 0.012006 0.002404 1e-06 0.0023
1-1-0-0-1-1-0-2-2-3-0-6-4-7-0 277704 0.013628 0.002027 0 0.002303
1-1-0-0-1-1-0-4-3-5-0-0-1-1-0 277704 0.013174 0.001638 1e-06 0.002496
1-1-0-0-1-1-0-4-3-5-0-2-2-3-0 277212 0.012 0.001974 1e-06 0.002522
1-1-0-0-1-1-0-4-3-5-0-4-3-5-0 273654 0.01622 0.00386 0 0.002609
1-1-0-0-1-1-0-4-3-5-0-6-4-7-0 277701 0.015839 0.003304 1e-06 0.002612
1-1-0-0-1-1-0-6-4-7-0-0-1-1-0 277704 0.012479 0.001158 1e-06 0.002564
1-1-0-0-1-1-0-6-4-7-0-2-2-3-0 277704 0.012763 0.001561 0 0.002545
1-1-0-0-1-1-0-6-4-7-0-4-3-5-0 277700 0.016861 0.004298 0 0.00263
1-1-0-0-1-1-0-6-4-7-0-6-4-7-0 277704 0.021311 0.006459 1e-06 0.002665
1-1-0-2-2-3-0-0-1-1-0-0-1-1-0 277704 0.011575 0.000939 0 0.002249
1-1-0-2-2-3-0-0-1-1-0-2-2-3-0 277704 0.011254 0.000956 1e-06 0.001455
1-1-0-2-2-3-0-0-1-1-0-4-3-5-0 277704 0.013224 0.002422 0 0.001548
1-1-0-2-2-3-0-0-1-1-0-6-4-7-0 277704 0.013803 0.001979 0 0.001597
1-1-0-2-2-3-0-2-2-3-0-0-1-1-0 277704 0.011182 0.000997 1e-06 0.001476
1-1-0-2-2-3-0-2-2-3-0-2-2-3-0 269979 0.010979 0.000974 0 0.001491
1-1-0-2-2-3-0-2-2-3-0-4-3-5-0 277597 0.01416 0.002451 0 0.00157
1-1-0-2-2-3-0-2-2-3-0-6-4-7-0 277704 0.014403 0.002055 1e-06 0.00156
1-1-0-2-2-3-0-4-3-5-0-0-1-1-0 277704 0.013991 0.001844 1e-06 0.001805
1-1-0-2-2-3-0-4-3-5-0-2-2-3-0 277704 0.013701 0.002337 1e-06 0.001808
1-1-0-2-2-3-0-4-3-5-0-4-3-5-0 277611 0.017453 0.004819 1e-06 0.00191
1-1-0-2-2-3-0-4-3-5-0-6-4-7-0 277704 0.018447 0.004383 0 0.001909
1-1-0-2-2-3-0-6-4-7-0-0-1-1-0 277704 0.012462 0.001389 1e-06 0.001802
1-1-0-2-2-3-0-6-4-7-0-2-2-3-0 277704 0.011758 0.001711 1e-06 0.001798
1-1-0-2-2-3-0-6-4-7-0-4-3-5-0 277704 0.016192 0.004328 0 0.00187
1-1-0-2-2-3-0-6-4-7-0-6-4-7-0 277704 0.020269 0.006767 1e-06 0.001899
1-1-0-4-3-5-0-0-1-1-0-0-1-1-0 277704 0.01416 0.001625 1e-06 0.002815
1-1-0-4-3-5-0-0-1-1-0-2-2-3-0 277704 0.012736 0.001676 1e-06 0.002037
1-1-0-4-3-5-0-0-1-1-0-4-3-5-0 277704 0.01536 0.003391 0 0.002098
1-1-0-4-3-5-0-0-1-1-0-6-4-7-0 277704 0.016872 0.002483 0 0.002132
1-1-0-4-3-5-0-2-2-3-0-0-1-1-0 277704 0.013609 0.001983 0 0.002462
1-1-0-4-3-5-0-2-2-3-0-2-2-3-0 277212 0.012149 0.001935 1e-06 0.002049
1-1-0-4-3-5-0-2-2-3-0-4-3-5-0 277704 0.015902 0.003282 1e-06 0.002127
1-1-0-4-3-5-0-2-2-3-0-6-4-7-0 277704 0.01664 0.00252 1e-06 0.002128
1-1-0-4-3-5-0-4-3-5-0-0-1-1-0 277704 0.019343 0.004128 1e-06 0.00236
1-1-0-4-3-5-0-4-3-5-0-2-2-3-0 277704 0.016055 0.003742 1e-06 0.002367
1-1-0-4-3-5-0-4-3-5-0-4-3-5-0 274950 0.019372 0.006166 1e-06 0.002827
1-1-0-4-3-5-0-4-3-5-0-6-4-7-0 277704 0.020855 0.005523 1e-06 0.002476
1-1-0-4-3-5-0-6-4-7-0-0-1-1-0 277704 0.01497 0.002739 0 0.002378
1-1-0-4-3-5-0-6-4-7-0-2-2-3-0 277704 0.014742 0.003029 0 0.002339
1-1-0-4-3-5-0-6-4-7-0-4-3-5-0 277704 0.020255 0.005574 1e-06 0.002379
1-1-0-4-3-5-0-6-4-7-0-6-4-7-0 277704 0.022838 0.0078 1e-06 0.003218
1-1-0-6-4-7-0-0-1-1-0-0-1-1-0 277704 0.011489 0.00125 1e-06 0.002753
1-1-0-6-4-7-0-0-1-1-0-2-2-3-0 277704 0.010291 0.00121 1e-06 0.001932
1-1-0-6-4-7-0-0-1-1-0-4-3-5-0 277704 0.013817 0.00253 1e-06 0.002056
1-1-0-6-4-7-0-0-1-1-0-6-4-7-0 277704 0.014338 0.002219 1e-06 0.002069
1-1-0-6-4-7-0-2-2-3-0-0-1-1-0 277704 0.015219 0.005595 1e-06 0.001976
1-1-0-6-4-7-0-2-2-3-0-2-2-3-0 277704 0.011919 0.001394 0 0.003089
1-1-0-6-4-7-0-2-2-3-0-4-3-5-0 277704 0.01371 0.00307 1e-06 0.002082
1-1-0-6-4-7-0-2-2-3-0-6-4-7-0 277704 0.015445 0.002627 0 0.002057
1-1-0-6-4-7-0-4-3-5-0-0-1-1-0 277704 0.017439 0.003408 1e-06 0.002297
1-1-0-6-4-7-0-4-3-5-0-2-2-3-0 277704 0.015462 0.004069 0 0.002281
1-1-0-6-4-7-0-4-3-5-0-4-3-5-0 277700 0.018944 0.006429 1e-06 0.002392
1-1-0-6-4-7-0-4-3-5-0-6-4-7-0 277704 0.024185 0.005544 1e-06 0.002383
1-1-0-6-4-7-0-6-4-7-0-0-1-1-0 277704 0.017289 0.005734 1e-06 0.002384
1-1-0-6-4-7-0-6-4-7-0-2-2-3-0 277704 0.01754 0.006074 1e-06 0.00229
1-1-0-6-4-7-0-6-4-7-0-4-3-5-0 277704 0.020795 0.008529 1e-06 0.002388
1-1-0-6-4-7-0-6-4-7-0-6-4-7-0 277704 0.025048 0.010442 0 0.002405
2-3-0-0-1-1-0-0-1-1-0-0-1-1-0 11426723 0.036678 0.007246 1e-06 0.004796
2-3-0-0-1-1-0-0-1-1-0-2-2-3-0 13942082 0.043793 0.010357 1e-06 0.002806
2-3-0-0-1-1-0-0-1-1-0-4-3-5-0 13103489 0.049291 0.017169 1e-06 0.003104
2-3-0-0-1-1-0-0-1-1-0-6-4-7-0 13954551 0.079226 0.044578 1e-06 0.003014
2-3-0-0-1-1-0-2-2-3-0-0-1-1-0 13954626 0.042312 0.009018 1e-06 0.002195
2-3-0-0-1-1-0-2-2-3-0-2-2-3-0 13942082 0.043316 0.0108 1e-06 0.00198
2-3-0-0-1-1-0-2-2-3-0-4-3-5-0 13954538 0.055938 0.023071 1e-06 0.00241
2-3-0-0-1-1-0-2-2-3-0-6-4-7-0 13954626 0.07833 0.043962 1e-06 0.002062
2-3-0-0-1-1-0-4-3-5-0-0-1-1-0 13954626 0.041967 0.009669 1e-06 0.002124
2-3-0-0-1-1-0-4-3-5-0-2-2-3-0 13953539 0.043304 0.010881 0 0.002667
2-3-0-0-1-1-0-4-3-5-0-4-3-5-0 13920168 0.056215 0.023391 1e-06 0.002197
2-3-0-0-1-1-0-4-3-5-0-6-4-7-0 13954618 0.079245 0.045612 1e-06 0.002363
2-3-0-0-1-1-0-6-4-7-0-0-1-1-0 13954626 0.043084 0.00898 1e-06 0.002404
2-3-0-0-1-1-0-6-4-7-0-2-2-3-0 13954626 0.043649 0.010564 0 0.002722
2-3-0-0-1-1-0-6-4-7-0-4-3-5-0 13954622 0.057473 0.02458 1e-06 0.002256
2-3-0-0-1-1-0-6-4-7-0-6-4-7-0 13954626 0.082683 0.04798 0 0.002649
2-3-0-2-2-3-0-0-1-1-0-0-1-1-0 11426723 0.034409 0.00703 1e-06 0.002755
2-3-0-2-2-3-0-0-1-1-0-2-2-3-0 13942082 0.040306 0.009833 0 0.001843
2-3-0-2-2-3-0-0-1-1-0-4-3-5-0 13103489 0.049463 0.017331 1e-06 0.002288
2-3-0-2-2-3-0-0-1-1-0-6-4-7-0 13954551 0.079777 0.043858 0 0.002338
2-3-0-2-2-3-0-2-2-3-0-0-1-1-0 11426723 0.034059 0.006804 1e-06 0.001914
2-3-0-2-2-3-0-2-2-3-0-2-2-3-0 34713 0.011357 0.000907 0 0.002093
2-3-0-2-2-3-0-2-2-3-0-4-3-5-0 1807215 0.018282 0.005981 1e-06 0.001751
2-3-0-2-2-3-0-2-2-3-0-6-4-7-0 6345795 0.035033 0.017033 1e-06 0.001723
2-3-0-2-2-3-0-4-3-5-0-0-1-1-0 13373259 0.038065 0.009173 1e-06 0.001949
2-3-0-2-2-3-0-4-3-5-0-2-2-3-0 12401496 0.041929 0.01009 1e-06 0.002753
2-3-0-2-2-3-0-4-3-5-0-4-3-5-0 12620533 0.099971 0.063655 1e-06 0.002368
2-3-0-2-2-3-0-4-3-5-0-6-4-7-0 13891951 0.095245 0.054654 0 0.002585
2-3-0-2-2-3-0-6-4-7-0-0-1-1-0 13954626 0.041455 0.008763 0 0.002289
2-3-0-2-2-3-0-6-4-7-0-2-2-3-0 13689497 0.045595 0.011387 1e-06 0.002788
2-3-0-2-2-3-0-6-4-7-0-4-3-5-0 13721768 0.135143 0.09537 1e-06 0.002462
2-3-0-2-2-3-0-6-4-7-0-6-4-7-0 13954431 0.085792 0.051781 1e-06 0.002458
2-3-0-4-3-5-0-0-1-1-0-0-1-1-0 13373259 0.042603 0.009016 1e-06 0.003235
2-3-0-4-3-5-0-0-1-1-0-2-2-3-0 13950086 0.048307 0.010849 1e-06 0.002546
2-3-0-4-3-5-0-0-1-1-0-4-3-5-0 13749399 0.055965 0.021306 0 0.002381
2-3-0-4-3-5-0-0-1-1-0-6-4-7-0 13954585 0.080617 0.044832 1e-06 0.002659
2-3-0-4-3-5-0-2-2-3-0-0-1-1-0 13954626 0.042982 0.00982 1e-06 0.002619
2-3-0-4-3-5-0-2-2-3-0-2-2-3-0 12401496 0.040231 0.009757 1e-06 0.002392
2-3-0-4-3-5-0-2-2-3-0-4-3-5-0 13920727 0.104293 0.064542 1e-06 0.002642
2-3-0-4-3-5-0-2-2-3-0-6-4-7-0 13954585 0.084412 0.048559 1e-06 0.002542
2-3-0-4-3-5-0-4-3-5-0-0-1-1-0 13954626 0.048688 0.011827 1e-06 0.002892
2-3-0-4-3-5-0-4-3-5-0-2-2-3-0 13942369 0.08056 0.026466 1e-06 0.002821
2-3-0-4-3-5-0-4-3-5-0-4-3-5-0 13780903 0.380165 0.32386 1e-06 0.002616
2-3-0-4-3-5-0-4-3-5-0-6-4-7-0 13954598 0.210357 0.171595 0 0.002915
2-3-0-4-3-5-0-6-4-7-0-0-1-1-0 13954626 0.047116 0.011103 1e-06 0.003089
2-3-0-4-3-5-0-6-4-7-0-2-2-3-0 13953921 0.060816 0.025005 1e-06 0.00353
2-3-0-4-3-5-0-6-4-7-0-4-3-5-0 13953164 0.238738 0.19748 0 0.003234
2-3-0-4-3-5-0-6-4-7-0-6-4-7-0 13954626 0.112955 0.073196 1e-06 0.00324
2-3-0-6-4-7-0-0-1-1-0-0-1-1-0 13954626 0.041371 0.008911 1e-06 0.003491
2-3-0-6-4-7-0-0-1-1-0-2-2-3-0 13954626 0.042397 0.010322 1e-06 0.002791
2-3-0-6-4-7-0-0-1-1-0-4-3-5-0 13954626 0.054501 0.021634 0 0.003106
2-3-0-6-4-7-0-0-1-1-0-6-4-7-0 13954626 0.079629 0.044662 1e-06 0.002731
2-3-0-6-4-7-0-2-2-3-0-0-1-1-0 13954626 0.042062 0.009373 1e-06 0.002907
2-3-0-6-4-7-0-2-2-3-0-2-2-3-0 13689497 0.043596 0.011482 1e-06 0.002784
2-3-0-6-4-7-0-2-2-3-0-4-3-5-0 13952209 0.1039 0.065169 1e-06 0.002589
2-3-0-6-4-7-0-2-2-3-0-6-4-7-0 13954626 0.084629 0.049797 1e-06 0.002809
2-3-0-6-4-7-0-4-3-5-0-0-1-1-0 13954626 0.047338 0.011253 0 0.003231
2-3-0-6-4-7-0-4-3-5-0-2-2-3-0 13954500 0.066109 0.028103 1e-06 0.003425
2-3-0-6-4-7-0-4-3-5-0-4-3-5-0 13850279 0.441942 0.38968 1e-06 0.002564
2-3-0-6-4-7-0-4-3-5-0-6-4-7-0 13954626 0.201435 0.162938 1e-06 0.003039
2-3-0-6-4-7-0-6-4-7-0-0-1-1-0 13954626 0.047706 0.013287 1e-06 0.002943
2-3-0-6-4-7-0-6-4-7-0-2-2-3-0 13954626 0.056414 0.022556 1e-06 0.003141
2-3-0-6-4-7-0-6-4-7-0-4-3-5-0 13954620 0.230462 0.192755 1e-06 0.003122
2-3-0-6-4-7-0-6-4-7-0-6-4-7-0 13954626 0.10702 0.071152 1e-06 0.003069
3-5-0-0-1-1-0-0-1-1-0-0-1-1-0 66667832 0.161824 0.049116 1e-06 0.005351
3-5-0-0-1-1-0-0-1-1-0-2-2-3-0 261068775 0.703664 0.238561 1e-06 0.00268
3-5-0-0-1-1-0-0-1-1-0-4-3-5-0 159103520 0.429839 0.149566 1e-06 0.003575
3-5-0-0-1-1-0-0-1-1-0-6-4-7-0 264520476 1.07537 0.299782 1e-06 0.003211
3-5-0-0-1-1-0-2-2-3-0-0-1-1-0 264547773 0.887978 0.207266 1e-06 0.002581
3-5-0-0-1-1-0-2-2-3-0-2-2-3-0 261068775 0.63579 0.208708 2e-06 0.003725
3-5-0-0-1-1-0-2-2-3-0-4-3-5-0 264505054 0.639991 0.196299 1e-06 0.002324
3-5-0-0-1-1-0-2-2-3-0-6-4-7-0 264547773 0.64356 0.200847 1e-06 0.002617
3-5-0-0-1-1-0-4-3-5-0-0-1-1-0 264547773 0.601764 0.172228 1e-06 0.002301
3-5-0-0-1-1-0-4-3-5-0-2-2-3-0 264335304 0.667503 0.210541 0 0.002383
3-5-0-0-1-1-0-4-3-5-0-4-3-5-0 261568906 0.626524 0.199566 1e-06 0.002769
3-5-0-0-1-1-0-4-3-5-0-6-4-7-0 264546039 0.643022 0.193664 1e-06 0.002457
3-5-0-0-1-1-0-6-4-7-0-0-1-1-0 264547773 0.607741 0.172756 1e-06 0.00233
3-5-0-0-1-1-0-6-4-7-0-2-2-3-0 264547773 0.660933 0.20032 1e-06 0.002337
3-5-0-0-1-1-0-6-4-7-0-4-3-5-0 264547070 0.653154 0.205305 1e-06 0.002643
3-5-0-0-1-1-0-6-4-7-0-6-4-7-0 264547773 0.676831 0.227992 1e-06 0.00287
3-5-0-2-2-3-0-0-1-1-0-0-1-1-0 262992233 0.620425 0.187234 1e-06 0.002846
3-5-0-2-2-3-0-0-1-1-0-2-2-3-0 264546361 0.95276 0.507949 1e-06 0.002001
3-5-0-2-2-3-0-0-1-1-0-4-3-5-0 264299335 0.83078 0.384762 0 0.002269
3-5-0-2-2-3-0-0-1-1-0-6-4-7-0 264547769 0.952464 0.517062 1e-06 0.002814
3-5-0-2-2-3-0-2-2-3-0-0-1-1-0 262992233 0.58717 0.179071 1e-06 0.003082
3-5-0-2-2-3-0-2-2-3-0-2-2-3-0 18178411 0.072548 0.014721 1e-06 0.002222
3-5-0-2-2-3-0-2-2-3-0-4-3-5-0 186718068 0.597224 0.280684 1e-06 0.002322
3-5-0-2-2-3-0-2-2-3-0-6-4-7-0 254483838 1.33219 0.779376 1e-06 0.002233
3-5-0-2-2-3-0-4-3-5-0-0-1-1-0 264534436 0.650393 0.197233 0 0.002552
3-5-0-2-2-3-0-4-3-5-0-2-2-3-0 263938876 0.656845 0.215199 1e-06 0.002552
3-5-0-2-2-3-0-4-3-5-0-4-3-5-0 260987845 1.03605 0.568787 1e-06 0.00265
3-5-0-2-2-3-0-4-3-5-0-6-4-7-0 264545893 1.42562 0.928874 1e-06 0.003021
3-5-0-2-2-3-0-6-4-7-0-0-1-1-0 264547773 0.656813 0.200911 1e-06 0.002435
3-5-0-2-2-3-0-6-4-7-0-2-2-3-0 264526605 0.724608 0.232783 1e-06 0.002619
3-5-0-2-2-3-0-6-4-7-0-4-3-5-0 264348044 1.1332 0.623045 0 0.002738
3-5-0-2-2-3-0-6-4-7-0-6-4-7-0 264547772 1.38628 0.924247 1e-06 0.003231
3-5-0-4-3-5-0-0-1-1-0-0-1-1-0 242448037 0.607056 0.193643 1e-06 0.006401
3-5-0-4-3-5-0-0-1-1-0-2-2-3-0 264223483 0.994612 0.511176 1e-06 0.002631
3-5-0-4-3-5-0-0-1-1-0-4-3-5-0 254223236 0.83062 0.409086 1e-06 0.003165
3-5-0-4-3-5-0-0-1-1-0-6-4-7-0 264544959 0.9507 0.502316 0 0.002733
3-5-0-4-3-5-0-2-2-3-0-0-1-1-0 264272027 0.674691 0.202007 1e-06 0.003086
3-5-0-4-3-5-0-2-2-3-0-2-2-3-0 223199128 0.810486 0.204397 0 0.002715
3-5-0-4-3-5-0-2-2-3-0-4-3-5-0 256552028 2.75971 2.25086 1e-06 0.004994
3-5-0-4-3-5-0-2-2-3-0-6-4-7-0 262665496 1.31894 0.739154 0 0.003244
3-5-0-4-3-5-0-4-3-5-0-0-1-1-0 254851812 0.622514 0.173014 1e-06 0.003814
3-5-0-4-3-5-0-4-3-5-0-2-2-3-0 252870735 0.973961 0.49766 1e-06 0.003281
3-5-0-4-3-5-0-4-3-5-0-4-3-5-0 249802666 5.64895 5.02431 1e-06 0.003299
3-5-0-4-3-5-0-4-3-5-0-6-4-7-0 253260419 1.47654 1.00735 0 0.002744
3-5-0-4-3-5-0-6-4-7-0-0-1-1-0 264536355 0.626412 0.177245 1e-06 0.003419
3-5-0-4-3-5-0-6-4-7-0-2-2-3-0 261395656 0.980917 0.485336 1e-06 0.003299
3-5-0-4-3-5-0-6-4-7-0-4-3-5-0 263215652 13.1191 12.5612 1e-06 0.003307
3-5-0-4-3-5-0-6-4-7-0-6-4-7-0 264542880 1.56752 1.07812 1e-06 0.005099
3-5-0-6-4-7-0-0-1-1-0-0-1-1-0 264536355 0.611202 0.157615 1e-06 0.002835
3-5-0-6-4-7-0-0-1-1-0-2-2-3-0 264547768 0.83996 0.416638 0 0.002545
3-5-0-6-4-7-0-0-1-1-0-4-3-5-0 264545622 0.748981 0.323676 1e-06 0.002774
3-5-0-6-4-7-0-0-1-1-0-6-4-7-0 264547773 0.842825 0.416084 1e-06 0.002329
3-5-0-6-4-7-0-2-2-3-0-0-1-1-0 264547773 0.581905 0.148709 1e-06 0.00232
3-5-0-6-4-7-0-2-2-3-0-2-2-3-0 258664239 0.680113 0.217394 1e-06 0.002374
3-5-0-6-4-7-0-2-2-3-0-4-3-5-0 264488100 2.6515 2.1513 1e-06 0.002771
3-5-0-6-4-7-0-2-2-3-0-6-4-7-0 264547773 1.13823 0.693481 1e-06 0.003031
3-5-0-6-4-7-0-4-3-5-0-0-1-1-0 264547773 0.578796 0.142111 0 0.003084
3-5-0-6-4-7-0-4-3-5-0-2-2-3-0 264545259 0.74569 0.291102 1e-06 0.00256
3-5-0-6-4-7-0-4-3-5-0-4-3-5-0 263135171 8.05574 7.51862 0 0.002579
3-5-0-6-4-7-0-4-3-5-0-6-4-7-0 264547770 1.27552 0.825596 1e-06 0.003613
3-5-0-6-4-7-0-6-4-7-0-0-1-1-0 264547773 0.580593 0.140858 0 0.002478
3-5-0-6-4-7-0-6-4-7-0-2-2-3-0 264547767 0.770773 0.288636 1e-06 0.002448
3-5-0-6-4-7-0-6-4-7-0-4-3-5-0 264547650 13.634 13.0337 1e-06 0.003405
3-5-0-6-4-7-0-6-4-7-0-6-4-7-0 264547773 1.14569 0.692493 1e-06 0.005295
4-7-0-0-1-1-0-0-1-1-0-0-1-1-0 15626706 0.046507 0.007965 1e-06 0.002817
4-7-0-0-1-1-0-0-1-1-0-2-2-3-0 15794087 0.039441 0.008267 1e-06 0.002163
4-7-0-0-1-1-0-0-1-1-0-4-3-5-0 15740985 0.049686 0.017032 0 0.002243
4-7-0-0-1-1-0-0-1-1-0-6-4-7-0 15794415 0.071592 0.036015 0 0.002418
4-7-0-0-1-1-0-2-2-3-0-0-1-1-0 15794415 0.03838 0.007304 0 0.001697
4-7-0-0-1-1-0-2-2-3-0-2-2-3-0 15794087 0.039758 0.008173 0 0.001751
4-7-0-0-1-1-0-2-2-3-0-4-3-5-0 15794415 0.058908 0.023245 1e-06 0.00181
4-7-0-0-1-1-0-2-2-3-0-6-4-7-0 15794415 0.068844 0.035946 1e-06 0.001777
4-7-0-0-1-1-0-4-3-5-0-0-1-1-0 15794415 0.040826 0.00781 1e-06 0.001933
4-7-0-0-1-1-0-4-3-5-0-2-2-3-0 15794372 0.053589 0.008933 0 0.001936
4-7-0-0-1-1-0-4-3-5-0-4-3-5-0 15792180 0.057837 0.023775 0 0.001985
4-7-0-0-1-1-0-4-3-5-0-6-4-7-0 15794415 0.072111 0.037045 1e-06 0.002007
4-7-0-0-1-1-0-6-4-7-0-0-1-1-0 15794415 0.041625 0.007688 1e-06 0.001906
4-7-0-0-1-1-0-6-4-7-0-2-2-3-0 15794415 0.061016 0.013576 1e-06 0.002013
4-7-0-0-1-1-0-6-4-7-0-4-3-5-0 15794415 0.058825 0.023969 1e-06 0.002111
4-7-0-0-1-1-0-6-4-7-0-6-4-7-0 15794415 0.072891 0.038628 1e-06 0.002049
4-7-0-2-2-3-0-0-1-1-0-0-1-1-0 15794415 0.039273 0.007477 1e-06 0.002196
4-7-0-2-2-3-0-0-1-1-0-2-2-3-0 15794415 0.064918 0.014824 1e-06 0.001755
4-7-0-2-2-3-0-0-1-1-0-4-3-5-0 15794415 0.049359 0.016875 1e-06 0.001791
4-7-0-2-2-3-0-0-1-1-0-6-4-7-0 15794415 0.068596 0.035789 1e-06 0.001833
4-7-0-2-2-3-0-2-2-3-0-0-1-1-0 15794415 0.039598 0.007384 1e-06 0.001913
4-7-0-2-2-3-0-2-2-3-0-2-2-3-0 10219172 0.029411 0.005491 1e-06 0.00176
4-7-0-2-2-3-0-2-2-3-0-4-3-5-0 15662521 0.0873 0.049139 1e-06 0.00229
4-7-0-2-2-3-0-2-2-3-0-6-4-7-0 15792946 0.070415 0.037495 1e-06 0.001865
4-7-0-2-2-3-0-4-3-5-0-0-1-1-0 15794415 0.039784 0.007933 1e-06 0.00198
4-7-0-2-2-3-0-4-3-5-0-2-2-3-0 15794338 0.044603 0.011389 1e-06 0.001981
4-7-0-2-2-3-0-4-3-5-0-4-3-5-0 15743848 0.145638 0.100639 1e-06 0.002109
4-7-0-2-2-3-0-4-3-5-0-6-4-7-0 15794415 0.096271 0.050259 0 0.00199
4-7-0-2-2-3-0-6-4-7-0-0-1-1-0 15794415 0.039579 0.00772 1e-06 0.001978
4-7-0-2-2-3-0-6-4-7-0-2-2-3-0 15794414 0.043659 0.012081 1e-06 0.00195
4-7-0-2-2-3-0-6-4-7-0-4-3-5-0 15794371 0.190215 0.151427 1e-06 0.002031
4-7-0-2-2-3-0-6-4-7-0-6-4-7-0 15794415 0.077099 0.044434 1e-06 0.002031
4-7-0-4-3-5-0-0-1-1-0-0-1-1-0 15758734 0.042455 0.008914 1e-06 0.002571
4-7-0-4-3-5-0-0-1-1-0-2-2-3-0 15794374 0.0426 0.009792 1e-06 0.002155
4-7-0-4-3-5-0-0-1-1-0-4-3-5-0 15784512 0.052608 0.018866 1e-06 0.002206
4-7-0-4-3-5-0-0-1-1-0-6-4-7-0 15794415 0.074181 0.037397 1e-06 0.002242
4-7-0-4-3-5-0-2-2-3-0-0-1-1-0 15794415 0.044267 0.009132 0 0.002092
4-7-0-4-3-5-0-2-2-3-0-2-2-3-0 15752999 0.053358 0.018395 0 0.002219
4-7-0-4-3-5-0-2-2-3-0-4-3-5-0 15793767 0.100639 0.061825 1e-06 0.002172
4-7-0-4-3-5-0-2-2-3-0-6-4-7-0 15794415 0.085183 0.050201 1e-06 0.002223
4-7-0-4-3-5-0-4-3-5-0-0-1-1-0 15794415 0.046687 0.010137 1e-06 0.002327
4-7-0-4-3-5-0-4-3-5-0-2-2-3-0 15794351 0.1456 0.095179 1e-06 0.002361
4-7-0-4-3-5-0-4-3-5-0-4-3-5-0 15614461 0.538535 0.47079 1e-06 0.002408
4-7-0-4-3-5-0-4-3-5-0-6-4-7-0 15794415 0.394232 0.340042 1e-06 0.002613
4-7-0-4-3-5-0-6-4-7-0-0-1-1-0 15794415 0.057089 0.01058 1e-06 0.002543
4-7-0-4-3-5-0-6-4-7-0-2-2-3-0 15794415 0.152308 0.105787 1e-06 0.002595
4-7-0-4-3-5-0-6-4-7-0-4-3-5-0 15794412 0.293389 0.24241 1e-06 0.002612
4-7-0-4-3-5-0-6-4-7-0-6-4-7-0 15794415 0.194605 0.145663 1e-06 0.002658
4-7-0-6-4-7-0-0-1-1-0-0-1-1-0 15794415 0.05354 0.010931 2e-06 0.00275
4-7-0-6-4-7-0-0-1-1-0-2-2-3-0 15794415 0.053841 0.011619 1e-06 0.002284
4-7-0-6-4-7-0-0-1-1-0-4-3-5-0 15794415 0.063594 0.021231 1e-06 0.002348
4-7-0-6-4-7-0-0-1-1-0-6-4-7-0 15794415 0.083322 0.039651 2e-06 0.002371
4-7-0-6-4-7-0-2-2-3-0-0-1-1-0 15794415 0.054024 0.011135 1e-06 0.002273
4-7-0-6-4-7-0-2-2-3-0-2-2-3-0 15792398 0.058364 0.015101 1e-06 0.002394
4-7-0-6-4-7-0-2-2-3-0-4-3-5-0 15794397 0.111622 0.060678 1e-06 0.002354
4-7-0-6-4-7-0-2-2-3-0-6-4-7-0 15794415 0.090213 0.046122 1e-06 0.002376
4-7-0-6-4-7-0-4-3-5-0-0-1-1-0 15794415 0.057721 0.012351 1e-06 0.002569
4-7-0-6-4-7-0-4-3-5-0-2-2-3-0 15794413 0.069554 0.032487 0 0.002532
4-7-0-6-4-7-0-4-3-5-0-4-3-5-0 15792097 0.471858 0.423172 0 0.00241
4-7-0-6-4-7-0-4-3-5-0-6-4-7-0 15794415 0.18308 0.145662 1e-06 0.002428
4-7-0-6-4-7-0-6-4-7-0-0-1-1-0 15794415 0.046907 0.014075 1e-06 0.002373
4-7-0-6-4-7-0-6-4-7-0-2-2-3-0 15794415 0.062173 0.029081 1e-06 0.002382
4-7-0-6-4-7-0-6-4-7-0-4-3-5-0 15794415 0.212646 0.171245 1e-06 0.002705
4-7-0-6-4-7-0-6-4-7-0-6-4-7-0 15794415 0.107741 0.071644 1e-06 0.002482
