0-0-1-1-0-0-1-1-0 197321793 0.905894 0.565028 1e-06 0.006201
0-0-1-1-0-2-2-3-0 1180774212 3.31283 0.63053 0 0.000898
0-0-1-1-0-4-3-5-0 612621062 2.08073 0.0976 0 0.004498
0-0-1-1-0-6-4-7-0 1204757174 2.71679 0.317527 0 0.00121
0-2-2-3-0-0-1-1-0 1180774212 2.12112 0.23248 0 0.003088
0-2-2-3-0-2-2-3-0 13786567 0.066109 0.012969 1e-06 0.001223
0-2-2-3-0-4-3-5-0 449954072 0.811811 0.057731 0 0.001096
0-2-2-3-0-6-4-7-0 983207857 2.29055 0.169207 0 0.000897
0-4-3-5-0-0-1-1-0 612621062 1.17976 0.123428 0 0.001038
0-4-3-5-0-2-2-3-0 449954072 1.23771 0.066108 0 0.001217
0-4-3-5-0-4-3-5-0 547588523 1.13896 0.187312 0 0.000979
0-4-3-5-0-6-4-7-0 1111476579 2.93293 0.534788 0 0.000994
0-6-4-7-0-0-1-1-0 1204757174 2.43766 0.300612 1e-06 0.001921
0-6-4-7-0-2-2-3-0 983207857 2.2218 0.23639 0 0.001891
0-6-4-7-0-4-3-5-0 1111476579 2.26908 0.351546 0 0.002633
0-6-4-7-0-6-4-7-0 1204754523 2.48594 0.38178 0 0.001105
1-1-0-0-1-1-0-0-1 8 0.005225 0.000242 0 0.001795
1-1-0-0-1-1-0-2-2 2501 0.007043 0.000467 0 0.001672
1-1-0-0-1-1-0-4-3 12415 0.005478 0.000669 1e-06 0.001261
1-1-0-0-1-1-0-6-4 3588 0.00523 0.000628 0 0.001234
1-1-0-2-2-3-0-0-1 64 0.004026 0.00036 1e-06 0.000624
1-1-0-2-2-3-0-2-2 2501 0.004264 0.000529 0 0.00064
1-1-0-2-2-3-0-4-3 60416 0.005104 0.000847 1e-06 0.000647
1-1-0-2-2-3-0-6-4 3640 0.004784 0.000693 0 0.000656
1-1-0-4-3-5-0-0-1 64 0.005195 0.000619 1e-06 0.000644
1-1-0-4-3-5-0-2-2 3046 0.006016 0.000797 1e-06 0.000696
1-1-0-4-3-5-0-4-3 55228 0.007467 0.002505 0 0.000649
1-1-0-4-3-5-0-6-4 3629 0.006877 0.002092 0 0.000629
1-1-0-6-4-7-0-0-1 64 0.004867 0.00053 0 0.000696
1-1-0-6-4-7-0-2-2 3216 0.005516 0.000996 0 0.000718
1-1-0-6-4-7-0-4-3 60964 0.008143 0.003345 1e-06 0.000732
1-1-0-6-4-7-0-6-4 3640 0.006607 0.001802 0 0.000699
2-3-0-0-1-1-0-0-1 2501 0.004333 0.00025 0 0.000966
2-3-0-0-1-1-0-2-2 158938 0.004481 0.000518 0 0.000706
2-3-0-0-1-1-0-4-3 2652152 0.006774 0.001435 0 0.000725
2-3-0-0-1-1-0-6-4 182777 0.00474 0.000696 0 0.000691
2-3-0-2-2-3-0-0-1 2501 0.003805 0.000217 0 0.000733
2-3-0-2-2-3-0-2-2 402 0.003684 0.000228 1e-06 0.000787
2-3-0-2-2-3-0-4-3 58197 0.004562 0.000656 1e-06 0.000769
2-3-0-2-2-3-0-6-4 49523 0.004717 0.00062 0 0.000747
2-3-0-4-3-5-0-0-1 3046 0.005121 0.000536 0 0.000807
2-3-0-4-3-5-0-2-2 104040 0.005838 0.000819 1e-06 0.000806
2-3-0-4-3-5-0-4-3 2000819 0.011177 0.003352 0 0.000786
2-3-0-4-3-5-0-6-4 180031 0.011743 0.005024 0 0.000805
2-3-0-6-4-7-0-0-1 3216 0.004584 0.000437 0 0.000805
2-3-0-6-4-7-0-2-2 142912 0.004733 0.000698 0 0.000792
2-3-0-6-4-7-0-4-3 2742607 0.018701 0.009203 0 0.000757
2-3-0-6-4-7-0-6-4 182627 0.00731 0.002044 0 0.000812
3-5-0-0-1-1-0-0-1 12415 0.004811 0.000283 0 0.00113
3-5-0-0-1-1-0-2-2 2652152 0.007128 0.000981 1e-06 0.000767
3-5-0-0-1-1-0-4-3 21692253 0.0468 0.003777 0 0.000771
3-5-0-0-1-1-0-6-4 3441023 0.009317 0.001384 0 0.000886
3-5-0-2-2-3-0-0-1 60416 0.005191 0.000365 0 0.000886
3-5-0-2-2-3-0-2-2 58197 0.013246 0.000459 1e-06 0.000814
3-5-0-2-2-3-0-4-3 19843901 0.044377 0.004912 0 0.00083
3-5-0-2-2-3-0-6-4 3124458 0.010595 0.001457 1e-06 0.000974
3-5-0-4-3-5-0-0-1 55228 0.006811 0.000595 1e-06 0.000939
3-5-0-4-3-5-0-2-2 2000819 0.029029 0.002774 1e-06 0.000885
3-5-0-4-3-5-0-4-3 39593037 0.233843 0.137954 0 0.000919
3-5-0-4-3-5-0-6-4 3251114 0.074851 0.04878 0 0.000932
3-5-0-6-4-7-0-0-1 60964 0.006108 0.00057 0 0.000915
3-5-0-6-4-7-0-2-2 2742607 0.033034 0.009103 0 0.000866
3-5-0-6-4-7-0-4-3 52976979 0.314235 0.210017 0 0.000897
3-5-0-6-4-7-0-6-4 3462094 0.035333 0.025437 0 0.000898
4-7-0-0-1-1-0-0-1 3588 0.003846 0.000243 0 0.001132
4-7-0-0-1-1-0-2-2 182777 0.003963 0.000498 0 0.000767
4-7-0-0-1-1-0-4-3 3441023 0.007536 0.001475 1e-06 0.000726
4-7-0-0-1-1-0-6-4 207025 0.004903 0.000686 1e-06 0.000758
4-7-0-2-2-3-0-0-1 3640 0.004101 0.000343 0 0.000836
4-7-0-2-2-3-0-2-2 49523 0.004655 0.000315 0 0.000808
4-7-0-2-2-3-0-4-3 3124458 0.009521 0.001814 0 0.000795
4-7-0-2-2-3-0-6-4 206833 0.00585 0.000921 1e-06 0.000787
4-7-0-4-3-5-0-0-1 3629 0.006282 0.000556 0 0.000812
4-7-0-4-3-5-0-2-2 180031 0.00985 0.002706 0 0.000832
4-7-0-4-3-5-0-4-3 3251114 0.074147 0.045899 0 0.000821
4-7-0-4-3-5-0-6-4 206991 0.034025 0.021704 0 0.001039
4-7-0-6-4-7-0-0-1 3640 0.005753 0.001058 0 0.000886
4-7-0-6-4-7-0-2-2 182627 0.006047 0.001814 0 0.00084
4-7-0-6-4-7-0-4-3 3462094 0.03878 0.025134 1e-06 0.000827
4-7-0-6-4-7-0-6-4 207023 0.010331 0.004549 1e-06 0.000825
