0-0-1-1-0-0-1-1-0-0-1-1-0-0-1 34713 0.014049 0.000527 1e-06 0.006867
0-0-1-1-0-0-1-1-0-0-1-1-0-2-2 11426723 0.082932 0.046531 1e-06 0.006287
0-0-1-1-0-0-1-1-0-0-1-1-0-4-3 66667832 0.359108 0.226929 1e-06 0.003507
0-0-1-1-0-0-1-1-0-0-1-1-0-6-4 15626706 0.038813 0.002872 1e-06 0.004383
0-0-1-1-0-0-1-1-0-2-2-3-0-0-1 277704 0.008741 0.000662 1e-06 0.002676
0-0-1-1-0-0-1-1-0-2-2-3-0-2-2 11426723 0.030345 0.002301 1e-06 0.002472
0-0-1-1-0-0-1-1-0-2-2-3-0-4-3 262992233 0.93768 0.454957 0 0.003186
0-0-1-1-0-0-1-1-0-2-2-3-0-6-4 15794415 0.046132 0.003429 1e-06 0.00863
0-0-1-1-0-0-1-1-0-4-3-5-0-0-1 277704 0.011339 0.000958 1e-06 0.002926
0-0-1-1-0-0-1-1-0-4-3-5-0-2-2 13373259 0.036597 0.003385 1e-06 0.002557
0-0-1-1-0-0-1-1-0-4-3-5-0-4-3 242448037 0.56716 0.059996 1e-06 0.002817
0-0-1-1-0-0-1-1-0-4-3-5-0-6-4 15758734 0.046096 0.004866 1e-06 0.003167
0-0-1-1-0-0-1-1-0-6-4-7-0-0-1 277704 0.010999 0.000807 1e-06 0.002707
0-0-1-1-0-0-1-1-0-6-4-7-0-2-2 13954626 0.037372 0.00347 1e-06 0.002654
0-0-1-1-0-0-1-1-0-6-4-7-0-4-3 264536355 0.515674 0.070992 1e-06 0.002809
0-0-1-1-0-0-1-1-0-6-4-7-0-6-4 15794415 0.041128 0.004115 1e-06 0.003196
0-0-1-1-0-2-2-3-0-0-1-1-0-0-1 277704 0.008605 0.000717 1e-06 0.002327
0-0-1-1-0-2-2-3-0-0-1-1-0-2-2 13954626 0.034579 0.002816 1e-06 0.001915
0-0-1-1-0-2-2-3-0-0-1-1-0-4-3 264547773 0.506064 0.056422 1e-06 0.002244
0-0-1-1-0-2-2-3-0-0-1-1-0-6-4 15794415 0.039045 0.003313 2e-06 0.002181
0-0-1-1-0-2-2-3-0-2-2-3-0-0-1 277704 0.008818 0.000699 1e-06 0.002131
0-0-1-1-0-2-2-3-0-2-2-3-0-2-2 11426723 0.030972 0.002652 1e-06 0.001979
0-0-1-1-0-2-2-3-0-2-2-3-0-4-3 262992233 0.674454 0.050664 1e-06 0.002768
0-0-1-1-0-2-2-3-0-2-2-3-0-6-4 15794415 0.047398 0.003505 1e-06 0.002475
0-0-1-1-0-2-2-3-0-4-3-5-0-0-1 277704 0.011416 0.000973 1e-06 0.002307
0-0-1-1-0-2-2-3-0-4-3-5-0-2-2 13954626 0.044286 0.003229 1e-06 0.002169
0-0-1-1-0-2-2-3-0-4-3-5-0-4-3 264272027 0.76892 0.055165 2e-06 0.002262
0-0-1-1-0-2-2-3-0-4-3-5-0-6-4 15794415 0.045744 0.005755 0 0.005111
0-0-1-1-0-2-2-3-0-6-4-7-0-0-1 277704 0.00974 0.000887 1e-06 0.002272
0-0-1-1-0-2-2-3-0-6-4-7-0-2-2 13954626 0.036236 0.003007 1e-06 0.002011
0-0-1-1-0-2-2-3-0-6-4-7-0-4-3 264547773 0.537412 0.053714 1e-06 0.002346
0-0-1-1-0-2-2-3-0-6-4-7-0-6-4 15794415 0.041076 0.004542 1e-06 0.002201
0-0-1-1-0-4-3-5-0-0-1-1-0-0-1 277704 0.010428 0.001092 1e-06 0.002413
0-0-1-1-0-4-3-5-0-0-1-1-0-2-2 13954626 0.035866 0.003399 1e-06 0.002053
0-0-1-1-0-4-3-5-0-0-1-1-0-4-3 264547773 0.495298 0.053276 1e-06 0.002357
0-0-1-1-0-4-3-5-0-0-1-1-0-6-4 15794415 0.039272 0.003924 1e-06 0.00222
0-0-1-1-0-4-3-5-0-2-2-3-0-0-1 277704 0.010934 0.001436 1e-06 0.002271
0-0-1-1-0-4-3-5-0-2-2-3-0-2-2 13373259 0.035011 0.003165 1e-06 0.002081
0-0-1-1-0-4-3-5-0-2-2-3-0-4-3 264534436 0.515363 0.055933 1e-06 0.002563
0-0-1-1-0-4-3-5-0-2-2-3-0-6-4 15794415 0.040887 0.003953 1e-06 0.002463
0-0-1-1-0-4-3-5-0-4-3-5-0-0-1 277704 0.013065 0.001474 1e-06 0.002274
0-0-1-1-0-4-3-5-0-4-3-5-0-2-2 13954626 0.039585 0.005129 1e-06 0.002175
0-0-1-1-0-4-3-5-0-4-3-5-0-4-3 254851812 0.478368 0.052331 1e-06 0.002327
0-0-1-1-0-4-3-5-0-4-3-5-0-6-4 15794415 0.045804 0.007396 1e-06 0.002464
0-0-1-1-0-4-3-5-0-6-4-7-0-0-1 277704 0.012606 0.002463 2e-06 0.002628
0-0-1-1-0-4-3-5-0-6-4-7-0-2-2 13954626 0.038525 0.004675 1e-06 0.002213
0-0-1-1-0-4-3-5-0-6-4-7-0-4-3 264547773 0.498177 0.059165 1e-06 0.002583
0-0-1-1-0-4-3-5-0-6-4-7-0-6-4 15794415 0.043247 0.005979 1e-06 0.002507
0-0-1-1-0-6-4-7-0-0-1-1-0-0-1 277704 0.009484 0.000898 0 0.002573
0-0-1-1-0-6-4-7-0-0-1-1-0-2-2 13954626 0.036147 0.003112 0 0.002091
0-0-1-1-0-6-4-7-0-0-1-1-0-4-3 264547773 0.49211 0.050404 2e-06 0.002758
0-0-1-1-0-6-4-7-0-0-1-1-0-6-4 15794415 0.041378 0.003541 1e-06 0.002427
0-0-1-1-0-6-4-7-0-2-2-3-0-0-1 277704 0.010998 0.001329 1e-06 0.00225
0-0-1-1-0-6-4-7-0-2-2-3-0-2-2 13954626 0.037529 0.003459 1e-06 0.002092
0-0-1-1-0-6-4-7-0-2-2-3-0-4-3 264547773 0.501771 0.053825 1e-06 0.002358
0-0-1-1-0-6-4-7-0-2-2-3-0-6-4 15794415 0.051013 0.003772 2e-06 0.002553
0-0-1-1-0-6-4-7-0-4-3-5-0-0-1 277704 0.014344 0.001341 1e-06 0.002527
0-0-1-1-0-6-4-7-0-4-3-5-0-2-2 13954626 0.05271 0.006328 1e-06 0.002316
0-0-1-1-0-6-4-7-0-4-3-5-0-4-3 264536355 0.698712 0.05826 2e-06 0.002413
0-0-1-1-0-6-4-7-0-4-3-5-0-6-4 15794415 0.05934 0.009014 1e-06 0.002845
0-0-1-1-0-6-4-7-0-6-4-7-0-0-1 277704 0.012933 0.00178 1e-06 0.002623
0-0-1-1-0-6-4-7-0-6-4-7-0-2-2 13954626 0.045915 0.004315 1e-06 0.002361
0-0-1-1-0-6-4-7-0-6-4-7-0-4-3 264547773 0.754812 0.054615 1e-06 0.002471
0-0-1-1-0-6-4-7-0-6-4-7-0-6-4 15794415 0.056387 0.005478 1e-06 0.004714
0-2-2-3-0-0-1-1-0-0-1-1-0-0-1 269979 0.010755 0.000659 2e-06 0.003592
0-2-2-3-0-0-1-1-0-0-1-1-0-2-2 13942082 0.043333 0.003192 0 0.003047
0-2-2-3-0-0-1-1-0-0-1-1-0-4-3 261068775 0.743498 0.064097 1e-06 0.003031
0-2-2-3-0-0-1-1-0-0-1-1-0-6-4 15794087 0.06553 0.004529 1e-06 0.005253
0-2-2-3-0-0-1-1-0-2-2-3-0-0-1 277704 0.014268 0.001175 1e-06 0.004418
0-2-2-3-0-0-1-1-0-2-2-3-0-2-2 13942082 0.051991 0.003696 2e-06 0.00365
0-2-2-3-0-0-1-1-0-2-2-3-0-4-3 264546361 0.66498 0.08277 1e-06 0.003622
0-2-2-3-0-0-1-1-0-2-2-3-0-6-4 15794415 0.040682 0.003847 1e-06 0.002581
0-2-2-3-0-0-1-1-0-4-3-5-0-0-1 277704 0.010838 0.001105 1e-06 0.002494
0-2-2-3-0-0-1-1-0-4-3-5-0-2-2 13950086 0.037756 0.003406 1e-06 0.002259
0-2-2-3-0-0-1-1-0-4-3-5-0-4-3 264223483 0.528019 0.083531 0 0.00257
0-2-2-3-0-0-1-1-0-4-3-5-0-6-4 15794374 0.041953 0.004826 1e-06 0.002455
0-2-2-3-0-0-1-1-0-6-4-7-0-0-1 277704 0.010445 0.001003 1e-06 0.00247
0-2-2-3-0-0-1-1-0-6-4-7-0-2-2 13954626 0.036875 0.00353 1e-06 0.002315
0-2-2-3-0-0-1-1-0-6-4-7-0-4-3 264547768 0.535864 0.086501 1e-06 0.002464
0-2-2-3-0-0-1-1-0-6-4-7-0-6-4 15794415 0.045934 0.004379 1e-06 0.006526
0-2-2-3-0-2-2-3-0-0-1-1-0-0-1 269979 0.008375 0.000614 1e-06 0.002613
0-2-2-3-0-2-2-3-0-0-1-1-0-2-2 13942082 0.040463 0.002865 1e-06 0.002257
0-2-2-3-0-2-2-3-0-0-1-1-0-4-3 261068775 0.507586 0.075451 1e-06 0.002355
0-2-2-3-0-2-2-3-0-0-1-1-0-6-4 15794087 0.040104 0.003836 1e-06 0.002374
0-2-2-3-0-2-2-3-0-2-2-3-0-0-1 269979 0.008768 0.000667 1e-06 0.002391
0-2-2-3-0-2-2-3-0-2-2-3-0-2-2 34713 0.008078 0.000538 0 0.00233
0-2-2-3-0-2-2-3-0-2-2-3-0-4-3 18178411 0.043858 0.003229 1e-06 0.002225
0-2-2-3-0-2-2-3-0-2-2-3-0-6-4 10219172 0.03023 0.002529 1e-06 0.002494
0-2-2-3-0-2-2-3-0-4-3-5-0-0-1 277212 0.011942 0.000993 1e-06 0.00267
0-2-2-3-0-2-2-3-0-4-3-5-0-2-2 12401496 0.03586 0.003018 1e-06 0.00238
0-2-2-3-0-2-2-3-0-4-3-5-0-4-3 223199128 0.424219 0.04449 1e-06 0.00254
0-2-2-3-0-2-2-3-0-4-3-5-0-6-4 15752999 0.051053 0.005975 2e-06 0.002701
0-2-2-3-0-2-2-3-0-6-4-7-0-0-1 277704 0.010299 0.000886 1e-06 0.002342
0-2-2-3-0-2-2-3-0-6-4-7-0-2-2 13689497 0.037776 0.003352 1e-06 0.002292
0-2-2-3-0-2-2-3-0-6-4-7-0-4-3 258664239 0.502366 0.062877 1e-06 0.002386
0-2-2-3-0-2-2-3-0-6-4-7-0-6-4 15792398 0.042277 0.004961 1e-06 0.002575
0-2-2-3-0-4-3-5-0-0-1-1-0-0-1 277212 0.010768 0.000985 2e-06 0.00267
0-2-2-3-0-4-3-5-0-0-1-1-0-2-2 13953539 0.038044 0.003035 1e-06 0.002311
0-2-2-3-0-4-3-5-0-0-1-1-0-4-3 264335304 0.524208 0.099727 1e-06 0.002323
0-2-2-3-0-4-3-5-0-0-1-1-0-6-4 15794372 0.041911 0.003511 1e-06 0.002536
0-2-2-3-0-4-3-5-0-2-2-3-0-0-1 277704 0.011652 0.001133 0 0.002532
0-2-2-3-0-4-3-5-0-2-2-3-0-2-2 12401496 0.035849 0.003307 1e-06 0.002371
0-2-2-3-0-4-3-5-0-2-2-3-0-4-3 263938876 0.488796 0.061262 0 0.002395
0-2-2-3-0-4-3-5-0-2-2-3-0-6-4 15794338 0.051866 0.004306 1e-06 0.002755
0-2-2-3-0-4-3-5-0-4-3-5-0-0-1 277704 0.019197 0.00151 1e-06 0.005916
0-2-2-3-0-4-3-5-0-4-3-5-0-2-2 13942369 0.060952 0.008341 1e-06 0.002372
0-2-2-3-0-4-3-5-0-4-3-5-0-4-3 252870735 0.783117 0.11105 1e-06 0.002487
0-2-2-3-0-4-3-5-0-4-3-5-0-6-4 15794351 0.086178 0.027497 1e-06 0.004829
0-2-2-3-0-4-3-5-0-6-4-7-0-0-1 277704 0.013161 0.001344 1e-06 0.002529
0-2-2-3-0-4-3-5-0-6-4-7-0-2-2 13954500 0.049845 0.007935 1e-06 0.002395
0-2-2-3-0-4-3-5-0-6-4-7-0-4-3 264545259 0.754415 0.067694 1e-06 0.002402
0-2-2-3-0-4-3-5-0-6-4-7-0-6-4 15794413 0.06659 0.011119 1e-06 0.004468
0-2-2-3-0-6-4-7-0-0-1-1-0-0-1 277704 0.011179 0.000986 2e-06 0.00309
0-2-2-3-0-6-4-7-0-0-1-1-0-2-2 13954626 0.042976 0.003179 1e-06 0.002531
0-2-2-3-0-6-4-7-0-0-1-1-0-4-3 264547773 0.816417 0.074003 1e-06 0.002649
0-2-2-3-0-6-4-7-0-0-1-1-0-6-4 15794415 0.061016 0.004586 4e-06 0.004219
0-2-2-3-0-6-4-7-0-2-2-3-0-0-1 277704 0.015965 0.001407 1e-06 0.004203
0-2-2-3-0-6-4-7-0-2-2-3-0-2-2 13689497 0.050398 0.004118 1e-06 0.003891
0-2-2-3-0-6-4-7-0-2-2-3-0-4-3 264526605 0.87016 0.096524 1e-06 0.00281
0-2-2-3-0-6-4-7-0-2-2-3-0-6-4 15794414 0.043328 0.004368 1e-06 0.002701
0-2-2-3-0-6-4-7-0-4-3-5-0-0-1 277704 0.012583 0.00119 1e-06 0.002313
0-2-2-3-0-6-4-7-0-4-3-5-0-2-2 13953921 0.045396 0.006169 1e-06 0.002318
0-2-2-3-0-6-4-7-0-4-3-5-0-4-3 261395656 0.823599 0.134009 1e-06 0.002445
0-2-2-3-0-6-4-7-0-4-3-5-0-6-4 15794415 0.092727 0.025123 1e-06 0.004222
0-2-2-3-0-6-4-7-0-6-4-7-0-0-1 277704 0.012907 0.001679 1e-06 0.002545
0-2-2-3-0-6-4-7-0-6-4-7-0-2-2 13954626 0.04848 0.004893 2e-06 0.002457
0-2-2-3-0-6-4-7-0-6-4-7-0-4-3 264547767 0.747685 0.054458 1e-06 0.002498
0-2-2-3-0-6-4-7-0-6-4-7-0-6-4 15794415 0.067708 0.00856 1e-06 0.0044
0-4-3-5-0-0-1-1-0-0-1-1-0-0-1 125547 0.015086 0.000946 1e-06 0.004593
0-4-3-5-0-0-1-1-0-0-1-1-0-2-2 13103489 0.04411 0.00463 1e-06 0.004018
0-4-3-5-0-0-1-1-0-0-1-1-0-4-3 159103520 0.285542 0.027255 1e-06 0.003163
0-4-3-5-0-0-1-1-0-0-1-1-0-6-4 15740985 0.045668 0.004816 3e-06 0.003342
0-4-3-5-0-0-1-1-0-2-2-3-0-0-1 277704 0.01148 0.00097 2e-06 0.002326
0-4-3-5-0-0-1-1-0-2-2-3-0-2-2 13103489 0.038751 0.004192 1e-06 0.002242
0-4-3-5-0-0-1-1-0-2-2-3-0-4-3 264299335 0.461354 0.043295 1e-06 0.002355
0-4-3-5-0-0-1-1-0-2-2-3-0-6-4 15794415 0.045089 0.00472 1e-06 0.002806
0-4-3-5-0-0-1-1-0-4-3-5-0-0-1 277704 0.013096 0.001115 2e-06 0.002308
0-4-3-5-0-0-1-1-0-4-3-5-0-2-2 13749399 0.041272 0.004739 1e-06 0.002239
0-4-3-5-0-0-1-1-0-4-3-5-0-4-3 254223236 0.448428 0.044955 1e-06 0.002382
0-4-3-5-0-0-1-1-0-4-3-5-0-6-4 15784512 0.047543 0.005867 1e-06 0.002945
0-4-3-5-0-0-1-1-0-6-4-7-0-0-1 277704 0.012416 0.00104 2e-06 0.00235
0-4-3-5-0-0-1-1-0-6-4-7-0-2-2 13954626 0.040854 0.004764 1e-06 0.002276
0-4-3-5-0-0-1-1-0-6-4-7-0-4-3 264545622 0.476575 0.050405 1e-06 0.002414
0-4-3-5-0-0-1-1-0-6-4-7-0-6-4 15794415 0.04594 0.005871 1e-06 0.00271
0-4-3-5-0-2-2-3-0-0-1-1-0-0-1 277597 0.011795 0.000808 1e-06 0.002581
0-4-3-5-0-2-2-3-0-0-1-1-0-2-2 13954538 0.042648 0.00563 1e-06 0.002377
0-4-3-5-0-2-2-3-0-0-1-1-0-4-3 264505054 0.676204 0.049944 2e-06 0.002433
0-4-3-5-0-2-2-3-0-0-1-1-0-6-4 15794415 0.059738 0.006954 2e-06 0.004137
0-4-3-5-0-2-2-3-0-2-2-3-0-0-1 277597 0.013856 0.000961 1e-06 0.003277
0-4-3-5-0-2-2-3-0-2-2-3-0-2-2 1807215 0.019072 0.001597 1e-06 0.002987
0-4-3-5-0-2-2-3-0-2-2-3-0-4-3 186718068 0.467311 0.063844 0 0.00271
0-4-3-5-0-2-2-3-0-2-2-3-0-6-4 15662521 0.049806 0.005711 1e-06 0.002803
0-4-3-5-0-2-2-3-0-4-3-5-0-0-1 277704 0.013083 0.001168 1e-06 0.002514
0-4-3-5-0-2-2-3-0-4-3-5-0-2-2 13920727 0.051032 0.005423 1e-06 0.002397
0-4-3-5-0-2-2-3-0-4-3-5-0-4-3 256552028 0.739849 0.329285 1e-06 0.002478
0-4-3-5-0-2-2-3-0-4-3-5-0-6-4 15793767 0.051716 0.008532 1e-06 0.003017
0-4-3-5-0-2-2-3-0-6-4-7-0-0-1 277704 0.012021 0.001042 1e-06 0.002421
0-4-3-5-0-2-2-3-0-6-4-7-0-2-2 13952209 0.044018 0.005565 1e-06 0.002405
0-4-3-5-0-2-2-3-0-6-4-7-0-4-3 264488100 0.811641 0.390289 1e-06 0.002557
0-4-3-5-0-2-2-3-0-6-4-7-0-6-4 15794397 0.048704 0.007207 3e-06 0.002907
0-4-3-5-0-4-3-5-0-0-1-1-0-0-1 273654 0.013661 0.00106 1e-06 0.002697
0-4-3-5-0-4-3-5-0-0-1-1-0-2-2 13920168 0.04215 0.005589 1e-06 0.002374
0-4-3-5-0-4-3-5-0-0-1-1-0-4-3 261568906 0.460088 0.053215 1e-06 0.002436
0-4-3-5-0-4-3-5-0-0-1-1-0-6-4 15792180 0.047958 0.006463 1e-06 0.002888
0-4-3-5-0-4-3-5-0-2-2-3-0-0-1 277611 0.014658 0.001162 1e-06 0.002554
0-4-3-5-0-4-3-5-0-2-2-3-0-2-2 12620533 0.05687 0.0068 1e-06 0.002375
0-4-3-5-0-4-3-5-0-2-2-3-0-4-3 260987845 0.575948 0.134304 2e-06 0.00285
0-4-3-5-0-4-3-5-0-2-2-3-0-6-4 15743848 0.069609 0.017036 2e-06 0.002806
0-4-3-5-0-4-3-5-0-4-3-5-0-0-1 274950 0.015983 0.001408 1e-06 0.002472
0-4-3-5-0-4-3-5-0-4-3-5-0-2-2 13780903 0.101908 0.045935 1e-06 0.002414
0-4-3-5-0-4-3-5-0-4-3-5-0-4-3 249802666 1.69898 0.848032 1e-06 0.002457
0-4-3-5-0-4-3-5-0-4-3-5-0-6-4 15614461 0.171908 0.094785 1e-06 0.003182
0-4-3-5-0-4-3-5-0-6-4-7-0-0-1 277700 0.016001 0.001438 1e-06 0.002642
0-4-3-5-0-4-3-5-0-6-4-7-0-2-2 13850279 0.124872 0.054677 1e-06 0.002578
0-4-3-5-0-4-3-5-0-6-4-7-0-4-3 263135171 2.04099 1.41725 1e-06 0.002661
0-4-3-5-0-4-3-5-0-6-4-7-0-6-4 15792097 0.136737 0.075417 2e-06 0.003072
0-4-3-5-0-6-4-7-0-0-1-1-0-0-1 277700 0.012351 0.000946 1e-06 0.002715
0-4-3-5-0-6-4-7-0-0-1-1-0-2-2 13954622 0.046473 0.004846 1e-06 0.002396
0-4-3-5-0-6-4-7-0-0-1-1-0-4-3 264547070 0.510976 0.044476 2e-06 0.002434
0-4-3-5-0-6-4-7-0-0-1-1-0-6-4 15794415 0.04349 0.005679 2e-06 0.002746
0-4-3-5-0-6-4-7-0-2-2-3-0-0-1 277704 0.012578 0.00113 1e-06 0.002433
0-4-3-5-0-6-4-7-0-2-2-3-0-2-2 13721768 0.050944 0.010162 1e-06 0.002351
0-4-3-5-0-6-4-7-0-2-2-3-0-4-3 264348044 0.563421 0.109095 2e-06 0.002724
0-4-3-5-0-6-4-7-0-2-2-3-0-6-4 15794371 0.066397 0.023539 1e-06 0.002811
0-4-3-5-0-6-4-7-0-4-3-5-0-0-1 277704 0.013551 0.001222 1e-06 0.002415
0-4-3-5-0-6-4-7-0-4-3-5-0-2-2 13953164 0.062462 0.02152 1e-06 0.002367
0-4-3-5-0-6-4-7-0-4-3-5-0-4-3 263215652 2.58112 2.12935 1e-06 0.002595
0-4-3-5-0-6-4-7-0-4-3-5-0-6-4 15794412 0.088203 0.036758 1e-06 0.002862
0-4-3-5-0-6-4-7-0-6-4-7-0-0-1 277704 0.012177 0.00154 1e-06 0.002429
0-4-3-5-0-6-4-7-0-6-4-7-0-2-2 13954620 0.060225 0.02114 0 0.002369
0-4-3-5-0-6-4-7-0-6-4-7-0-4-3 264547650 2.82859 2.18265 1e-06 0.002845
0-4-3-5-0-6-4-7-0-6-4-7-0-6-4 15794415 0.079101 0.025853 1e-06 0.006124
0-6-4-7-0-0-1-1-0-0-1-1-0-0-1 277619 0.009655 0.000608 1e-06 0.003114
0-6-4-7-0-0-1-1-0-0-1-1-0-2-2 13954551 0.038435 0.003934 1e-06 0.002688
0-6-4-7-0-0-1-1-0-0-1-1-0-4-3 264520476 0.474178 0.047263 2e-06 0.003503
0-6-4-7-0-0-1-1-0-0-1-1-0-6-4 15794415 0.04179 0.004228 1e-06 0.004666
0-6-4-7-0-0-1-1-0-2-2-3-0-0-1 277704 0.008894 0.000737 0 0.002228
0-6-4-7-0-0-1-1-0-2-2-3-0-2-2 13954551 0.035672 0.003835 1e-06 0.002102
0-6-4-7-0-0-1-1-0-2-2-3-0-4-3 264547769 0.472019 0.062742 2e-06 0.002656
0-6-4-7-0-0-1-1-0-2-2-3-0-6-4 15794415 0.041954 0.004707 1e-06 0.002797
0-6-4-7-0-0-1-1-0-4-3-5-0-0-1 277704 0.010554 0.001106 1e-06 0.002268
0-6-4-7-0-0-1-1-0-4-3-5-0-2-2 13954585 0.037996 0.004378 0 0.002136
0-6-4-7-0-0-1-1-0-4-3-5-0-4-3 264544959 0.467931 0.059185 2e-06 0.002241
0-6-4-7-0-0-1-1-0-4-3-5-0-6-4 15794415 0.043544 0.006045 0 0.002855
0-6-4-7-0-0-1-1-0-6-4-7-0-0-1 277704 0.009949 0.000904 1e-06 0.002276
0-6-4-7-0-0-1-1-0-6-4-7-0-2-2 13954626 0.037392 0.004465 0 0.002166
0-6-4-7-0-0-1-1-0-6-4-7-0-4-3 264547773 0.472572 0.061686 1e-06 0.002693
0-6-4-7-0-0-1-1-0-6-4-7-0-6-4 15794415 0.044144 0.004963 1e-06 0.004461
0-6-4-7-0-2-2-3-0-0-1-1-0-0-1 277704 0.009679 0.000731 1e-06 0.002486
0-6-4-7-0-2-2-3-0-0-1-1-0-2-2 13954626 0.038283 0.003826 1e-06 0.002212
0-6-4-7-0-2-2-3-0-0-1-1-0-4-3 264547773 0.450372 0.041954 1e-06 0.002356
0-6-4-7-0-2-2-3-0-0-1-1-0-6-4 15794415 0.041477 0.00429 1e-06 0.002903
0-6-4-7-0-2-2-3-0-2-2-3-0-0-1 277704 0.010479 0.000777 1e-06 0.002329
0-6-4-7-0-2-2-3-0-2-2-3-0-2-2 6345795 0.023493 0.002291 1e-06 0.002291
0-6-4-7-0-2-2-3-0-2-2-3-0-4-3 254483838 0.442318 0.043441 1e-06 0.002551
0-6-4-7-0-2-2-3-0-2-2-3-0-6-4 15792946 0.043435 0.004606 0 0.003029
0-6-4-7-0-2-2-3-0-4-3-5-0-0-1 277704 0.011259 0.001155 1e-06 0.002608
0-6-4-7-0-2-2-3-0-4-3-5-0-2-2 13954585 0.041294 0.004892 1e-06 0.002426
0-6-4-7-0-2-2-3-0-4-3-5-0-4-3 262665496 0.47522 0.054857 1e-06 0.002401
0-6-4-7-0-2-2-3-0-4-3-5-0-6-4 15794415 0.050572 0.007919 0 0.002363
0-6-4-7-0-2-2-3-0-6-4-7-0-0-1 277704 0.012484 0.001378 1e-06 0.002391
0-6-4-7-0-2-2-3-0-6-4-7-0-2-2 13954626 0.040724 0.004465 1e-06 0.002335
0-6-4-7-0-2-2-3-0-6-4-7-0-4-3 264547773 0.49003 0.071196 1e-06 0.002335
0-6-4-7-0-2-2-3-0-6-4-7-0-6-4 15794415 0.047147 0.006018 1e-06 0.002897
0-6-4-7-0-4-3-5-0-0-1-1-0-0-1 277701 0.012192 0.0009 1e-06 0.002553
0-6-4-7-0-4-3-5-0-0-1-1-0-2-2 13954618 0.039925 0.00419 1e-06 0.002241
0-6-4-7-0-4-3-5-0-0-1-1-0-4-3 264546039 0.455029 0.045508 1e-06 0.002298
0-6-4-7-0-4-3-5-0-0-1-1-0-6-4 15794415 0.046494 0.005074 1e-06 0.003044
0-6-4-7-0-4-3-5-0-2-2-3-0-0-1 277704 0.014308 0.000999 0 0.00242
0-6-4-7-0-4-3-5-0-2-2-3-0-2-2 13891951 0.048037 0.005736 0 0.002321
0-6-4-7-0-4-3-5-0-2-2-3-0-4-3 264545893 0.46246 0.049459 1e-06 0.002428
0-6-4-7-0-4-3-5-0-2-2-3-0-6-4 15794415 0.045616 0.006545 1e-06 0.002901
0-6-4-7-0-4-3-5-0-4-3-5-0-0-1 277704 0.013546 0.001317 1e-06 0.002402
0-6-4-7-0-4-3-5-0-4-3-5-0-2-2 13954598 0.067972 0.020101 1e-06 0.002372
0-6-4-7-0-4-3-5-0-4-3-5-0-4-3 253260419 0.53082 0.119157 1e-06 0.002611
0-6-4-7-0-4-3-5-0-4-3-5-0-6-4 15794415 0.103911 0.058872 1e-06 0.002901
0-6-4-7-0-4-3-5-0-6-4-7-0-0-1 277704 0.012524 0.001204 1e-06 0.002372
0-6-4-7-0-4-3-5-0-6-4-7-0-2-2 13954626 0.054977 0.018881 1e-06 0.002378
0-6-4-7-0-4-3-5-0-6-4-7-0-4-3 264547770 0.491534 0.080027 1e-06 0.002567
0-6-4-7-0-4-3-5-0-6-4-7-0-6-4 15794415 0.062023 0.021533 1e-06 0.002888
0-6-4-7-0-6-4-7-0-0-1-1-0-0-1 277704 0.009985 0.001321 1e-06 0.002544
0-6-4-7-0-6-4-7-0-0-1-1-0-2-2 13954626 0.03563 0.004053 0 0.002253
0-6-4-7-0-6-4-7-0-0-1-1-0-4-3 264547773 0.450395 0.044694 0 0.002513
0-6-4-7-0-6-4-7-0-0-1-1-0-6-4 15794415 0.040583 0.00443 1e-06 0.002781
0-6-4-7-0-6-4-7-0-2-2-3-0-0-1 277704 0.011024 0.001357 1e-06 0.002341
0-6-4-7-0-6-4-7-0-2-2-3-0-2-2 13954431 0.036852 0.004718 0 0.002275
0-6-4-7-0-6-4-7-0-2-2-3-0-4-3 264547772 0.465796 0.046771 1e-06 0.002757
0-6-4-7-0-6-4-7-0-2-2-3-0-6-4 15794415 0.046587 0.005652 1e-06 0.002934
0-6-4-7-0-6-4-7-0-4-3-5-0-0-1 277704 0.01308 0.001561 1e-06 0.00239
0-6-4-7-0-6-4-7-0-4-3-5-0-2-2 13954626 0.043622 0.0076 1e-06 0.002321
0-6-4-7-0-6-4-7-0-4-3-5-0-4-3 264542880 0.532443 0.10927 0 0.002487
0-6-4-7-0-6-4-7-0-4-3-5-0-6-4 15794415 0.06323 0.02353 1e-06 0.003136
0-6-4-7-0-6-4-7-0-6-4-7-0-0-1 277704 0.01135 0.001873 1e-06 0.002388
0-6-4-7-0-6-4-7-0-6-4-7-0-2-2 13954626 0.040177 0.006919 1e-06 0.002338
0-6-4-7-0-6-4-7-0-6-4-7-0-4-3 264547773 0.476053 0.064414 1e-06 0.002379
0-6-4-7-0-6-4-7-0-6-4-7-0-6-4 15794415 0.046207 0.009442 1e-06 0.003036
1-1-0-0-1-1-0-0-1-1-0-0-1-1-0 34713 0.00781 0.000628 1e-06 0.003864
1-1-0-0-1-1-0-0-1-1-0-2-2-3-0 269979 0.007597 0.001022 0 0.003031
1-1-0-0-1-1-0-0-1-1-0-4-3-5-0 125547 0.009088 0.001827 0 0.002896
1-1-0-0-1-1-0-0-1-1-0-6-4-7-0 277619 0.010217 0.001883 0 0.002913
1-1-0-0-1-1-0-2-2-3-0-0-1-1-0 277704 0.007418 0.000844 0 0.002361
1-1-0-0-1-1-0-2-2-3-0-2-2-3-0 269979 0.007729 0.001202 0 0.002296
1-1-0-0-1-1-0-2-2-3-0-4-3-5-0 277597 0.01038 0.002268 0 0.002334
1-1-0-0-1-1-0-2-2-3-0-6-4-7-0 277704 0.009343 0.001979 0 0.002306
1-1-0-0-1-1-0-4-3-5-0-0-1-1-0 277704 0.008768 0.001052 1e-06 0.002321
1-1-0-0-1-1-0-4-3-5-0-2-2-3-0 277212 0.01003 0.00152 0 0.002443
1-1-0-0-1-1-0-4-3-5-0-4-3-5-0 273654 0.012836 0.003638 0 0.002443
1-1-0-0-1-1-0-4-3-5-0-6-4-7-0 277701 0.01149 0.00309 1e-06 0.002404
1-1-0-0-1-1-0-6-4-7-0-0-1-1-0 277704 0.008118 0.00098 1e-06 0.002381
1-1-0-0-1-1-0-6-4-7-0-2-2-3-0 277704 0.010013 0.001624 1e-06 0.002606
1-1-0-0-1-1-0-6-4-7-0-4-3-5-0 277700 0.013726 0.004481 0 0.002593
1-1-0-0-1-1-0-6-4-7-0-6-4-7-0 277704 0.011007 0.002551 1e-06 0.002391
1-1-0-2-2-3-0-0-1-1-0-0-1-1-0 277704 0.008974 0.000838 2e-06 0.002952
1-1-0-2-2-3-0-0-1-1-0-2-2-3-0 277704 0.007076 0.0011 0 0.001702
1-1-0-2-2-3-0-0-1-1-0-4-3-5-0 277704 0.009304 0.002119 1e-06 0.001743
1-1-0-2-2-3-0-0-1-1-0-6-4-7-0 277704 0.009088 0.002051 1e-06 0.00178
1-1-0-2-2-3-0-2-2-3-0-0-1-1-0 277704 0.007381 0.000903 1e-06 0.001801
1-1-0-2-2-3-0-2-2-3-0-2-2-3-0 269979 0.007698 0.001219 1e-06 0.001897
1-1-0-2-2-3-0-2-2-3-0-4-3-5-0 277597 0.01161 0.003973 1e-06 0.001883
1-1-0-2-2-3-0-2-2-3-0-6-4-7-0 277704 0.013254 0.002104 1e-06 0.001813
1-1-0-2-2-3-0-4-3-5-0-0-1-1-0 277704 0.00887 0.001069 1e-06 0.001903
1-1-0-2-2-3-0-4-3-5-0-2-2-3-0 277704 0.009117 0.001601 1e-06 0.001881
1-1-0-2-2-3-0-4-3-5-0-4-3-5-0 277611 0.014549 0.005679 0 0.001889
1-1-0-2-2-3-0-4-3-5-0-6-4-7-0 277704 0.013203 0.004009 1e-06 0.001933
1-1-0-2-2-3-0-6-4-7-0-0-1-1-0 277704 0.008033 0.000945 1e-06 0.001885
1-1-0-2-2-3-0-6-4-7-0-2-2-3-0 277704 0.009342 0.001105 1e-06 0.001868
1-1-0-2-2-3-0-6-4-7-0-4-3-5-0 277704 0.013376 0.004313 1e-06 0.001885
1-1-0-2-2-3-0-6-4-7-0-6-4-7-0 277704 0.01168 0.002794 1e-06 0.001894
1-1-0-4-3-5-0-0-1-1-0-0-1-1-0 277704 0.009088 0.001084 1e-06 0.00249
1-1-0-4-3-5-0-0-1-1-0-2-2-3-0 277704 0.009775 0.001363 0 0.001833
1-1-0-4-3-5-0-0-1-1-0-4-3-5-0 277704 0.011841 0.002693 1e-06 0.001847
1-1-0-4-3-5-0-0-1-1-0-6-4-7-0 277704 0.010676 0.002023 1e-06 0.001887
1-1-0-4-3-5-0-2-2-3-0-0-1-1-0 277704 0.009954 0.001404 1e-06 0.001868
1-1-0-4-3-5-0-2-2-3-0-2-2-3-0 277212 0.010424 0.001658 1e-06 0.001953
1-1-0-4-3-5-0-2-2-3-0-4-3-5-0 277704 0.012627 0.002694 1e-06 0.001909
1-1-0-4-3-5-0-2-2-3-0-6-4-7-0 277704 0.011444 0.002257 1e-06 0.001922
1-1-0-4-3-5-0-4-3-5-0-0-1-1-0 277704 0.011954 0.001391 0 0.00197
1-1-0-4-3-5-0-4-3-5-0-2-2-3-0 277704 0.013522 0.003296 1e-06 0.00197
1-1-0-4-3-5-0-4-3-5-0-4-3-5-0 274950 0.015844 0.00573 0 0.001962
1-1-0-4-3-5-0-4-3-5-0-6-4-7-0 277704 0.015671 0.00559 1e-06 0.002091
1-1-0-4-3-5-0-6-4-7-0-0-1-1-0 277704 0.011654 0.002957 1e-06 0.002016
1-1-0-4-3-5-0-6-4-7-0-2-2-3-0 277704 0.011366 0.00291 1e-06 0.002122
1-1-0-4-3-5-0-6-4-7-0-4-3-5-0 277704 0.014571 0.005251 1e-06 0.00202
1-1-0-4-3-5-0-6-4-7-0-6-4-7-0 277704 0.013318 0.004239 1e-06 0.002072
1-1-0-6-4-7-0-0-1-1-0-0-1-1-0 277704 0.008264 0.001144 1e-06 0.002674
1-1-0-6-4-7-0-0-1-1-0-2-2-3-0 277704 0.008707 0.0014 1e-06 0.001957
1-1-0-6-4-7-0-0-1-1-0-4-3-5-0 277704 0.010098 0.002313 1e-06 0.001915
1-1-0-6-4-7-0-0-1-1-0-6-4-7-0 277704 0.009887 0.002061 1e-06 0.001948
1-1-0-6-4-7-0-2-2-3-0-0-1-1-0 277704 0.008773 0.001322 1e-06 0.001901
1-1-0-6-4-7-0-2-2-3-0-2-2-3-0 277704 0.009038 0.001501 1e-06 0.001992
1-1-0-6-4-7-0-2-2-3-0-4-3-5-0 277704 0.011459 0.002738 1e-06 0.002036
1-1-0-6-4-7-0-2-2-3-0-6-4-7-0 277704 0.010317 0.002367 1e-06 0.002017
1-1-0-6-4-7-0-4-3-5-0-0-1-1-0 277704 0.010556 0.001239 0 0.002012
1-1-0-6-4-7-0-4-3-5-0-2-2-3-0 277704 0.012673 0.003698 1e-06 0.002091
1-1-0-6-4-7-0-4-3-5-0-4-3-5-0 277700 0.0162 0.006703 1e-06 0.002083
1-1-0-6-4-7-0-4-3-5-0-6-4-7-0 277704 0.015246 0.006125 1e-06 0.002073
1-1-0-6-4-7-0-6-4-7-0-0-1-1-0 277704 0.009347 0.001645 1e-06 0.002076
1-1-0-6-4-7-0-6-4-7-0-2-2-3-0 277704 0.009835 0.00214 1e-06 0.002059
1-1-0-6-4-7-0-6-4-7-0-4-3-5-0 277704 0.013405 0.004606 1e-06 0.002058
1-1-0-6-4-7-0-6-4-7-0-6-4-7-0 277704 0.012507 0.003638 1e-06 0.002068
2-3-0-0-1-1-0-0-1-1-0-0-1-1-0 11426723 0.026554 0.001364 1e-06 0.003354
2-3-0-0-1-1-0-0-1-1-0-2-2-3-0 13942082 0.033137 0.002203 1e-06 0.003606
2-3-0-0-1-1-0-0-1-1-0-4-3-5-0 13103489 0.03316 0.003563 1e-06 0.003862
2-3-0-0-1-1-0-0-1-1-0-6-4-7-0 13954551 0.037554 0.006046 1e-06 0.003832
2-3-0-0-1-1-0-2-2-3-0-0-1-1-0 13954626 0.03047 0.001826 1e-06 0.002456
2-3-0-0-1-1-0-2-2-3-0-2-2-3-0 13942082 0.030455 0.001917 1e-06 0.002446
2-3-0-0-1-1-0-2-2-3-0-4-3-5-0 13954538 0.035392 0.005052 1e-06 0.002474
2-3-0-0-1-1-0-2-2-3-0-6-4-7-0 13954626 0.036134 0.006074 1e-06 0.002363
2-3-0-0-1-1-0-4-3-5-0-0-1-1-0 13954626 0.03178 0.001939 1e-06 0.002404
2-3-0-0-1-1-0-4-3-5-0-2-2-3-0 13953539 0.052121 0.002818 1e-06 0.002513
2-3-0-0-1-1-0-4-3-5-0-4-3-5-0 13920168 0.04636 0.006258 1e-06 0.00243
2-3-0-0-1-1-0-4-3-5-0-6-4-7-0 13954618 0.046385 0.00785 1e-06 0.002355
2-3-0-0-1-1-0-6-4-7-0-0-1-1-0 13954626 0.038163 0.00186 1e-06 0.002353
2-3-0-0-1-1-0-6-4-7-0-2-2-3-0 13954626 0.040134 0.002585 1e-06 0.002434
2-3-0-0-1-1-0-6-4-7-0-4-3-5-0 13954622 0.046544 0.007396 1e-06 0.002469
2-3-0-0-1-1-0-6-4-7-0-6-4-7-0 13954626 0.045286 0.00694 1e-06 0.002393
2-3-0-2-2-3-0-0-1-1-0-0-1-1-0 11426723 0.032973 0.001427 1e-06 0.003053
2-3-0-2-2-3-0-0-1-1-0-2-2-3-0 13942082 0.038577 0.001989 1e-06 0.00241
2-3-0-2-2-3-0-0-1-1-0-4-3-5-0 13103489 0.039268 0.00354 1e-06 0.002394
2-3-0-2-2-3-0-0-1-1-0-6-4-7-0 13954551 0.043069 0.006066 1e-06 0.002456
2-3-0-2-2-3-0-2-2-3-0-0-1-1-0 11426723 0.03218 0.001414 1e-06 0.002417
2-3-0-2-2-3-0-2-2-3-0-2-2-3-0 34713 0.008209 0.000608 1e-06 0.00253
2-3-0-2-2-3-0-2-2-3-0-4-3-5-0 1807215 0.014442 0.001554 1e-06 0.002336
2-3-0-2-2-3-0-2-2-3-0-6-4-7-0 6345795 0.022938 0.00303 1e-06 0.0023
2-3-0-2-2-3-0-4-3-5-0-0-1-1-0 13373259 0.038966 0.002153 1e-06 0.002559
2-3-0-2-2-3-0-4-3-5-0-2-2-3-0 12401496 0.036267 0.001979 1e-06 0.002483
2-3-0-2-2-3-0-4-3-5-0-4-3-5-0 12620533 0.053211 0.008844 1e-06 0.002495
2-3-0-2-2-3-0-4-3-5-0-6-4-7-0 13891951 0.04975 0.01007 1e-06 0.002466
2-3-0-2-2-3-0-6-4-7-0-0-1-1-0 13954626 0.038236 0.001856 1e-06 0.002458
2-3-0-2-2-3-0-6-4-7-0-2-2-3-0 13689497 0.038901 0.002143 1e-06 0.002491
2-3-0-2-2-3-0-6-4-7-0-4-3-5-0 13721768 0.058744 0.012577 2e-06 0.00251
2-3-0-2-2-3-0-6-4-7-0-6-4-7-0 13954431 0.044567 0.006868 1e-06 0.002445
2-3-0-4-3-5-0-0-1-1-0-0-1-1-0 13373259 0.038139 0.001784 1e-06 0.003131
2-3-0-4-3-5-0-0-1-1-0-2-2-3-0 13950086 0.03976 0.002079 1e-06 0.002441
2-3-0-4-3-5-0-0-1-1-0-4-3-5-0 13749399 0.042164 0.004166 1e-06 0.002404
2-3-0-4-3-5-0-0-1-1-0-6-4-7-0 13954585 0.045746 0.006474 1e-06 0.002476
2-3-0-4-3-5-0-2-2-3-0-0-1-1-0 13954626 0.040296 0.002197 1e-06 0.002542
2-3-0-4-3-5-0-2-2-3-0-2-2-3-0 12401496 0.036788 0.002029 1e-06 0.002528
2-3-0-4-3-5-0-2-2-3-0-4-3-5-0 13920727 0.05493 0.008253 1e-06 0.002532
2-3-0-4-3-5-0-2-2-3-0-6-4-7-0 13954585 0.046043 0.006853 1e-06 0.002532
2-3-0-4-3-5-0-4-3-5-0-0-1-1-0 13954626 0.041891 0.002204 1e-06 0.002514
2-3-0-4-3-5-0-4-3-5-0-2-2-3-0 13942369 0.057774 0.006186 1e-06 0.002585
2-3-0-4-3-5-0-4-3-5-0-4-3-5-0 13780903 0.109294 0.04488 1e-06 0.002518
2-3-0-4-3-5-0-4-3-5-0-6-4-7-0 13954598 0.069808 0.023985 1e-06 0.002557
2-3-0-4-3-5-0-6-4-7-0-0-1-1-0 13954626 0.044188 0.002087 1e-06 0.002546
2-3-0-4-3-5-0-6-4-7-0-2-2-3-0 13953921 0.047471 0.004581 2e-06 0.002527
2-3-0-4-3-5-0-6-4-7-0-4-3-5-0 13953164 0.07339 0.026465 1e-06 0.002521
2-3-0-4-3-5-0-6-4-7-0-6-4-7-0 13954626 0.055254 0.011626 1e-06 0.002514
2-3-0-6-4-7-0-0-1-1-0-0-1-1-0 13954626 0.041459 0.002056 2e-06 0.003045
2-3-0-6-4-7-0-0-1-1-0-2-2-3-0 13954626 0.040624 0.00189 2e-06 0.002504
2-3-0-6-4-7-0-0-1-1-0-4-3-5-0 13954626 0.043882 0.003943 3e-06 0.002467
2-3-0-6-4-7-0-0-1-1-0-6-4-7-0 13954626 0.046668 0.006039 1e-06 0.002546
2-3-0-6-4-7-0-2-2-3-0-0-1-1-0 13954626 0.047053 0.001777 1e-06 0.002454
2-3-0-6-4-7-0-2-2-3-0-2-2-3-0 13689497 0.037613 0.002135 2e-06 0.002494
2-3-0-6-4-7-0-2-2-3-0-4-3-5-0 13952209 0.047023 0.008096 1e-06 0.002336
2-3-0-6-4-7-0-2-2-3-0-6-4-7-0 13954626 0.037975 0.00663 1e-06 0.002487
2-3-0-6-4-7-0-4-3-5-0-0-1-1-0 13954626 0.035185 0.002034 1e-06 0.002569
2-3-0-6-4-7-0-4-3-5-0-2-2-3-0 13954500 0.040359 0.004395 1e-06 0.002554
2-3-0-6-4-7-0-4-3-5-0-4-3-5-0 13850279 0.105555 0.050339 1e-06 0.002571
2-3-0-6-4-7-0-4-3-5-0-6-4-7-0 13954626 0.057022 0.02214 1e-06 0.002443
2-3-0-6-4-7-0-6-4-7-0-0-1-1-0 13954626 0.033643 0.002228 1e-06 0.002427
2-3-0-6-4-7-0-6-4-7-0-2-2-3-0 13954626 0.035147 0.003524 1e-06 0.002435
2-3-0-6-4-7-0-6-4-7-0-4-3-5-0 13954620 0.064752 0.024171 1e-06 0.002475
2-3-0-6-4-7-0-6-4-7-0-6-4-7-0 13954626 0.040741 0.009504 1e-06 0.002437
3-5-0-0-1-1-0-0-1-1-0-0-1-1-0 66667832 0.116368 0.005405 1e-06 0.003772
3-5-0-0-1-1-0-0-1-1-0-2-2-3-0 261068775 0.429419 0.024546 0 0.003131
3-5-0-0-1-1-0-0-1-1-0-4-3-5-0 159103520 0.273501 0.016698 1e-06 0.003656
3-5-0-0-1-1-0-0-1-1-0-6-4-7-0 264520476 0.429797 0.026618 1e-06 0.002864
3-5-0-0-1-1-0-2-2-3-0-0-1-1-0 264547773 0.422231 0.021238 1e-06 0.002695
3-5-0-0-1-1-0-2-2-3-0-2-2-3-0 261068775 0.420575 0.02405 1e-06 0.002679
3-5-0-0-1-1-0-2-2-3-0-4-3-5-0 264505054 0.43196 0.026869 0 0.002763
3-5-0-0-1-1-0-2-2-3-0-6-4-7-0 264547773 0.430068 0.028372 1e-06 0.002619
3-5-0-0-1-1-0-4-3-5-0-0-1-1-0 264547773 0.425845 0.021688 1e-06 0.002698
3-5-0-0-1-1-0-4-3-5-0-2-2-3-0 264335304 0.428857 0.025013 1e-06 0.002546
3-5-0-0-1-1-0-4-3-5-0-4-3-5-0 261568906 0.43119 0.028422 1e-06 0.002813
3-5-0-0-1-1-0-4-3-5-0-6-4-7-0 264546039 0.430548 0.026795 1e-06 0.002512
3-5-0-0-1-1-0-6-4-7-0-0-1-1-0 264547773 0.423747 0.021424 1e-06 0.002855
3-5-0-0-1-1-0-6-4-7-0-2-2-3-0 264547773 0.565708 0.024722 0 0.002781
3-5-0-0-1-1-0-6-4-7-0-4-3-5-0 264547070 0.63558 0.029945 1e-06 0.002798
3-5-0-0-1-1-0-6-4-7-0-6-4-7-0 264547773 0.59248 0.026592 1e-06 0.003336
3-5-0-2-2-3-0-0-1-1-0-0-1-1-0 262992233 0.476435 0.022029 1e-06 0.003446
3-5-0-2-2-3-0-0-1-1-0-2-2-3-0 264546361 0.515864 0.064258 1e-06 0.00309
3-5-0-2-2-3-0-0-1-1-0-4-3-5-0 264299335 0.496376 0.047171 1e-06 0.002845
3-5-0-2-2-3-0-0-1-1-0-6-4-7-0 264547769 0.522033 0.071012 2e-06 0.003043
3-5-0-2-2-3-0-2-2-3-0-0-1-1-0 262992233 0.488941 0.021963 1e-06 0.003042
3-5-0-2-2-3-0-2-2-3-0-2-2-3-0 18178411 0.052086 0.002326 1e-06 0.002728
3-5-0-2-2-3-0-2-2-3-0-4-3-5-0 186718068 0.431079 0.03418 1e-06 0.002471
3-5-0-2-2-3-0-2-2-3-0-6-4-7-0 254483838 0.711217 0.096274 2e-06 0.002803
3-5-0-2-2-3-0-4-3-5-0-0-1-1-0 264534436 0.583768 0.022924 1e-06 0.00257
3-5-0-2-2-3-0-4-3-5-0-2-2-3-0 263938876 0.578314 0.025146 1e-06 0.002739
3-5-0-2-2-3-0-4-3-5-0-4-3-5-0 260987845 0.661282 0.078945 1e-06 0.002881
3-5-0-2-2-3-0-4-3-5-0-6-4-7-0 264545893 0.676381 0.108192 1e-06 0.002834
3-5-0-2-2-3-0-6-4-7-0-0-1-1-0 264547773 0.454553 0.022722 1e-06 0.002779
3-5-0-2-2-3-0-6-4-7-0-2-2-3-0 264526605 0.454289 0.025559 1e-06 0.002802
3-5-0-2-2-3-0-6-4-7-0-4-3-5-0 264348044 0.534031 0.079321 1e-06 0.002858
3-5-0-2-2-3-0-6-4-7-0-6-4-7-0 264547772 0.539151 0.108212 1e-06 0.003459
3-5-0-4-3-5-0-0-1-1-0-0-1-1-0 242448037 0.416474 0.020916 1e-06 0.003422
3-5-0-4-3-5-0-0-1-1-0-2-2-3-0 264223483 0.492972 0.06877 1e-06 0.004376
3-5-0-4-3-5-0-0-1-1-0-4-3-5-0 254223236 0.462014 0.052913 1e-06 0.002631
3-5-0-4-3-5-0-0-1-1-0-6-4-7-0 264544959 0.495008 0.068114 1e-06 0.003114
3-5-0-4-3-5-0-2-2-3-0-0-1-1-0 264272027 0.610701 0.026264 1e-06 0.002656
3-5-0-4-3-5-0-2-2-3-0-2-2-3-0 223199128 0.51969 0.024038 1e-06 0.002972
3-5-0-4-3-5-0-2-2-3-0-4-3-5-0 256552028 0.888304 0.321973 2e-06 0.002635
3-5-0-4-3-5-0-2-2-3-0-6-4-7-0 262665496 0.680836 0.116525 1e-06 0.002655
3-5-0-4-3-5-0-4-3-5-0-0-1-1-0 254851812 0.561755 0.029761 1e-06 0.003005
3-5-0-4-3-5-0-4-3-5-0-2-2-3-0 252870735 0.566387 0.069953 2e-06 0.00733
3-5-0-4-3-5-0-4-3-5-0-4-3-5-0 249802666 1.66435 0.937017 1e-06 0.002725
3-5-0-4-3-5-0-4-3-5-0-6-4-7-0 253260419 0.598866 0.190216 1e-06 0.002642
3-5-0-4-3-5-0-6-4-7-0-0-1-1-0 264536355 0.431454 0.022888 1e-06 0.002849
3-5-0-4-3-5-0-6-4-7-0-2-2-3-0 261395656 0.49 0.075244 1e-06 0.002821
3-5-0-4-3-5-0-6-4-7-0-4-3-5-0 263215652 2.88194 2.43271 1e-06 0.002836
3-5-0-4-3-5-0-6-4-7-0-6-4-7-0 264542880 0.591909 0.178564 0 0.002395
3-5-0-6-4-7-0-0-1-1-0-0-1-1-0 264536355 0.415606 0.022239 1e-06 0.003435
3-5-0-6-4-7-0-0-1-1-0-2-2-3-0 264547768 0.463436 0.066552 1e-06 0.002719
3-5-0-6-4-7-0-0-1-1-0-4-3-5-0 264545622 0.440875 0.049526 1e-06 0.002614
3-5-0-6-4-7-0-0-1-1-0-6-4-7-0 264547773 0.474862 0.076049 0 0.002757
3-5-0-6-4-7-0-2-2-3-0-0-1-1-0 264547773 0.420887 0.022995 1e-06 0.002697
3-5-0-6-4-7-0-2-2-3-0-2-2-3-0 258664239 0.427471 0.030768 1e-06 0.002891
3-5-0-6-4-7-0-2-2-3-0-4-3-5-0 264488100 0.795333 0.367101 1e-06 0.002684
3-5-0-6-4-7-0-2-2-3-0-6-4-7-0 264547773 0.532539 0.125099 1e-06 0.002531
3-5-0-6-4-7-0-4-3-5-0-0-1-1-0 264547773 0.434544 0.0216 1e-06 0.002371
3-5-0-6-4-7-0-4-3-5-0-2-2-3-0 264545259 0.45562 0.044107 1e-06 0.00256
3-5-0-6-4-7-0-4-3-5-0-4-3-5-0 263135171 1.84792 1.38843 1e-06 0.00272
3-5-0-6-4-7-0-4-3-5-0-6-4-7-0 264547770 0.546652 0.135484 1e-06 0.002497
3-5-0-6-4-7-0-6-4-7-0-0-1-1-0 264547773 0.415634 0.021224 1e-06 0.002706
3-5-0-6-4-7-0-6-4-7-0-2-2-3-0 264547767 0.43916 0.041835 1e-06 0.002808
3-5-0-6-4-7-0-6-4-7-0-4-3-5-0 264547650 2.95294 2.50864 1e-06 0.002816
3-5-0-6-4-7-0-6-4-7-0-6-4-7-0 264547773 0.548735 0.124137 1e-06 0.002452
4-7-0-0-1-1-0-0-1-1-0-0-1-1-0 15626706 0.036656 0.001765 1e-06 0.005151
4-7-0-0-1-1-0-0-1-1-0-2-2-3-0 15794087 0.034283 0.002267 0 0.002718
4-7-0-0-1-1-0-0-1-1-0-4-3-5-0 15740985 0.036743 0.004252 1e-06 0.002726
4-7-0-0-1-1-0-0-1-1-0-6-4-7-0 15794415 0.039378 0.00699 1e-06 0.002789
4-7-0-0-1-1-0-2-2-3-0-0-1-1-0 15794415 0.034589 0.001924 1e-06 0.002255
4-7-0-0-1-1-0-2-2-3-0-2-2-3-0 15794087 0.046094 0.002243 1e-06 0.002214
4-7-0-0-1-1-0-2-2-3-0-4-3-5-0 15794415 0.048728 0.006831 1e-06 0.002425
4-7-0-0-1-1-0-2-2-3-0-6-4-7-0 15794415 0.041834 0.007052 1e-06 0.002252
4-7-0-0-1-1-0-4-3-5-0-0-1-1-0 15794415 0.036846 0.002134 1e-06 0.002243
4-7-0-0-1-1-0-4-3-5-0-2-2-3-0 15794372 0.036159 0.002696 1e-06 0.002237
4-7-0-0-1-1-0-4-3-5-0-4-3-5-0 15792180 0.044016 0.007817 1e-06 0.00232
4-7-0-0-1-1-0-4-3-5-0-6-4-7-0 15794415 0.043663 0.009189 1e-06 0.002254
4-7-0-0-1-1-0-6-4-7-0-0-1-1-0 15794415 0.034617 0.002028 1e-06 0.002224
4-7-0-0-1-1-0-6-4-7-0-2-2-3-0 15794415 0.035437 0.002825 0 0.002279
4-7-0-0-1-1-0-6-4-7-0-4-3-5-0 15794415 0.043269 0.008366 0 0.002327
4-7-0-0-1-1-0-6-4-7-0-6-4-7-0 15794415 0.040703 0.007722 1e-06 0.00228
4-7-0-2-2-3-0-0-1-1-0-0-1-1-0 15794415 0.035253 0.001855 1e-06 0.002861
4-7-0-2-2-3-0-0-1-1-0-2-2-3-0 15794415 0.037937 0.002359 1e-06 0.002297
4-7-0-2-2-3-0-0-1-1-0-4-3-5-0 15794415 0.039023 0.004356 1e-06 0.002319
4-7-0-2-2-3-0-0-1-1-0-6-4-7-0 15794415 0.040272 0.006829 1e-06 0.002283
4-7-0-2-2-3-0-2-2-3-0-0-1-1-0 15794415 0.033504 0.001896 0 0.002296
4-7-0-2-2-3-0-2-2-3-0-2-2-3-0 10219172 0.026203 0.001511 1e-06 0.002352
4-7-0-2-2-3-0-2-2-3-0-4-3-5-0 15662521 0.0523 0.00893 1e-06 0.003821
4-7-0-2-2-3-0-2-2-3-0-6-4-7-0 15792946 0.040246 0.006792 1e-06 0.002401
4-7-0-2-2-3-0-4-3-5-0-0-1-1-0 15794415 0.035793 0.002192 1e-06 0.002339
4-7-0-2-2-3-0-4-3-5-0-2-2-3-0 15794338 0.039189 0.002933 1e-06 0.00233
4-7-0-2-2-3-0-4-3-5-0-4-3-5-0 15743848 0.069423 0.018805 1e-06 0.002502
4-7-0-2-2-3-0-4-3-5-0-6-4-7-0 15794415 0.046782 0.010092 1e-06 0.002358
4-7-0-2-2-3-0-6-4-7-0-0-1-1-0 15794415 0.04138 0.002463 0 0.002327
4-7-0-2-2-3-0-6-4-7-0-2-2-3-0 15794414 0.036774 0.002862 1e-06 0.002325
4-7-0-2-2-3-0-6-4-7-0-4-3-5-0 15794371 0.072399 0.029901 1e-06 0.002332
4-7-0-2-2-3-0-6-4-7-0-6-4-7-0 15794415 0.044614 0.008586 1e-06 0.002318
4-7-0-4-3-5-0-0-1-1-0-0-1-1-0 15758734 0.036377 0.00207 1e-06 0.00284
4-7-0-4-3-5-0-0-1-1-0-2-2-3-0 15794374 0.036329 0.002397 1e-06 0.002272
4-7-0-4-3-5-0-0-1-1-0-4-3-5-0 15784512 0.039919 0.004657 1e-06 0.002313
4-7-0-4-3-5-0-0-1-1-0-6-4-7-0 15794415 0.043131 0.007285 1e-06 0.0024
4-7-0-4-3-5-0-2-2-3-0-0-1-1-0 15794415 0.037235 0.002144 1e-06 0.0024
4-7-0-4-3-5-0-2-2-3-0-2-2-3-0 15752999 0.040335 0.003833 1e-06 0.002395
4-7-0-4-3-5-0-2-2-3-0-4-3-5-0 15793767 0.052742 0.010995 0 0.002383
4-7-0-4-3-5-0-2-2-3-0-6-4-7-0 15794415 0.046767 0.008882 1e-06 0.002524
4-7-0-4-3-5-0-4-3-5-0-0-1-1-0 15794415 0.038783 0.002444 1e-06 0.002385
4-7-0-4-3-5-0-4-3-5-0-2-2-3-0 15794351 0.068268 0.01982 1e-06 0.002402
4-7-0-4-3-5-0-4-3-5-0-4-3-5-0 15614461 0.149033 0.092649 1e-06 0.002398
4-7-0-4-3-5-0-4-3-5-0-6-4-7-0 15794415 0.109968 0.066718 1e-06 0.002417
4-7-0-4-3-5-0-6-4-7-0-0-1-1-0 15794415 0.038889 0.002384 1e-06 0.002398
4-7-0-4-3-5-0-6-4-7-0-2-2-3-0 15794415 0.067713 0.019537 1e-06 0.00234
4-7-0-4-3-5-0-6-4-7-0-4-3-5-0 15794412 0.093233 0.047679 1e-06 0.002353
4-7-0-4-3-5-0-6-4-7-0-6-4-7-0 15794415 0.069239 0.026416 1e-06 0.002282
4-7-0-6-4-7-0-0-1-1-0-0-1-1-0 15794415 0.043053 0.00288 1e-06 0.003335
4-7-0-6-4-7-0-0-1-1-0-2-2-3-0 15794415 0.041154 0.002849 1e-06 0.002684
4-7-0-6-4-7-0-0-1-1-0-4-3-5-0 15794415 0.043877 0.005196 1e-06 0.002555
4-7-0-6-4-7-0-0-1-1-0-6-4-7-0 15794415 0.047798 0.007597 0 0.00256
4-7-0-6-4-7-0-2-2-3-0-0-1-1-0 15794415 0.041149 0.002592 1e-06 0.002539
4-7-0-6-4-7-0-2-2-3-0-2-2-3-0 15792398 0.041689 0.003392 0 0.002599
4-7-0-6-4-7-0-2-2-3-0-4-3-5-0 15794397 0.055308 0.010657 1e-06 0.002553
4-7-0-6-4-7-0-2-2-3-0-6-4-7-0 15794415 0.043662 0.0085 1e-06 0.002404
4-7-0-6-4-7-0-4-3-5-0-0-1-1-0 15794415 0.037638 0.002748 1e-06 0.002286
4-7-0-6-4-7-0-4-3-5-0-2-2-3-0 15794413 0.044982 0.006708 1e-06 0.002372
4-7-0-6-4-7-0-4-3-5-0-4-3-5-0 15792097 0.138184 0.084563 1e-06 0.002378
4-7-0-6-4-7-0-4-3-5-0-6-4-7-0 15794415 0.065519 0.027007 1e-06 0.002399
4-7-0-6-4-7-0-6-4-7-0-0-1-1-0 15794415 0.036185 0.003088 1e-06 0.002355
4-7-0-6-4-7-0-6-4-7-0-2-2-3-0 15794415 0.039561 0.005979 1e-06 0.002426
4-7-0-6-4-7-0-6-4-7-0-4-3-5-0 15794415 0.072182 0.031837 1e-06 0.002356
4-7-0-6-4-7-0-6-4-7-0-6-4-7-0 15794415 0.047647 0.013544 0 0.0023
