0-0-1-1-0-0-1-1-0-0-1 34713 0.008046 0.001438 0 0.004572
0-0-1-1-0-0-1-1-0-2-2 11426723 0.101979 0.097172 0 0.003443
0-0-1-1-0-0-1-1-0-4-3 66667832 0.374597 0.370509 0 0.002718
0-0-1-1-0-0-1-1-0-6-4 15626706 0.007066 0.003391 2e-06 0.002547
0-0-1-1-0-2-2-3-0-0-1 277704 0.003825 0.001335 0 0.001405
0-0-1-1-0-2-2-3-0-2-2 11426723 0.005244 0.002731 0 0.001371
0-0-1-1-0-2-2-3-0-4-3 262992233 0.70597 0.703297 1e-06 0.001285
0-0-1-1-0-2-2-3-0-6-4 15794415 0.008304 0.004757 1e-06 0.001602
0-0-1-1-0-4-3-5-0-0-1 277704 0.004632 0.00172 1e-06 0.00131
0-0-1-1-0-4-3-5-0-2-2 13373259 0.007033 0.003573 1e-06 0.00121
0-0-1-1-0-4-3-5-0-4-3 242448037 0.083975 0.080989 0 0.001187
0-0-1-1-0-4-3-5-0-6-4 15758734 0.009515 0.006243 1e-06 0.001392
0-0-1-1-0-6-4-7-0-0-1 277704 0.004631 0.001515 0 0.001341
0-0-1-1-0-6-4-7-0-2-2 13954626 0.006098 0.003346 0 0.001259
0-0-1-1-0-6-4-7-0-4-3 264536355 0.085024 0.082192 0 0.001212
0-0-1-1-0-6-4-7-0-6-4 15794415 0.009075 0.00542 1e-06 0.001594
0-2-2-3-0-0-1-1-0-0-1 269979 0.003893 0.001217 0 0.001621
0-2-2-3-0-0-1-1-0-2-2 13942082 0.005329 0.002944 0 0.001196
0-2-2-3-0-0-1-1-0-4-3 261068775 0.079126 0.076372 0 0.001207
0-2-2-3-0-0-1-1-0-6-4 15794087 0.014203 0.005497 0 0.006248
0-2-2-3-0-2-2-3-0-0-1 269979 0.005172 0.001095 0 0.002863
0-2-2-3-0-2-2-3-0-2-2 34713 0.003653 0.00102 1e-06 0.00127
0-2-2-3-0-2-2-3-0-4-3 18178411 0.005957 0.003308 0 0.001209
0-2-2-3-0-2-2-3-0-6-4 10219172 0.004965 0.002508 1e-06 0.001302
0-2-2-3-0-4-3-5-0-0-1 277212 0.004503 0.001407 1e-06 0.001435
0-2-2-3-0-4-3-5-0-2-2 12401496 0.006272 0.003351 0 0.001278
0-2-2-3-0-4-3-5-0-4-3 223199128 0.056076 0.051643 1e-06 0.001258
0-2-2-3-0-4-3-5-0-6-4 15752999 0.011321 0.007545 1e-06 0.001482
0-2-2-3-0-6-4-7-0-0-1 277704 0.004016 0.00117 1e-06 0.001385
0-2-2-3-0-6-4-7-0-2-2 13689497 0.00616 0.003178 0 0.001302
0-2-2-3-0-6-4-7-0-4-3 258664239 0.084072 0.081025 1e-06 0.001329
0-2-2-3-0-6-4-7-0-6-4 15792398 0.008123 0.005177 2e-06 0.001514
0-4-3-5-0-0-1-1-0-0-1 125547 0.004718 0.00143 1e-06 0.001681
0-4-3-5-0-0-1-1-0-2-2 13103489 0.007677 0.004572 0 0.001285
0-4-3-5-0-0-1-1-0-4-3 159103520 0.042896 0.039748 1e-06 0.001285
0-4-3-5-0-0-1-1-0-6-4 15740985 0.009066 0.005016 1e-06 0.001383
0-4-3-5-0-2-2-3-0-0-1 277597 0.004771 0.001304 1e-06 0.001412
0-4-3-5-0-2-2-3-0-2-2 1807215 0.005588 0.001749 1e-06 0.001372
0-4-3-5-0-2-2-3-0-4-3 186718068 0.078569 0.074875 1e-06 0.001297
0-4-3-5-0-2-2-3-0-6-4 15662521 0.01029 0.005552 1e-06 0.001419
0-4-3-5-0-4-3-5-0-0-1 273654 0.005926 0.002049 1e-06 0.001472
0-4-3-5-0-4-3-5-0-2-2 12620533 0.012125 0.006623 1e-06 0.001389
0-4-3-5-0-4-3-5-0-4-3 228319167 0.19782 0.192581 0 0.001423
0-4-3-5-0-4-3-5-0-6-4 15556071 0.049202 0.044128 0 0.001645
0-4-3-5-0-6-4-7-0-0-1 277700 0.005713 0.002035 1e-06 0.001493
0-4-3-5-0-6-4-7-0-2-2 13721768 0.015062 0.011339 1e-06 0.001408
0-4-3-5-0-6-4-7-0-4-3 260634304 0.958944 0.953248 1e-06 0.001425
0-4-3-5-0-6-4-7-0-6-4 15790892 0.029627 0.023601 0 0.001783
0-6-4-7-0-0-1-1-0-0-1 277619 0.004227 0.001236 1e-06 0.001725
0-6-4-7-0-0-1-1-0-2-2 13954551 0.006653 0.003973 1e-06 0.001353
0-6-4-7-0-0-1-1-0-4-3 264520476 0.086318 0.083449 0 0.001294
0-6-4-7-0-0-1-1-0-6-4 15794415 0.009347 0.005518 2e-06 0.002073
0-6-4-7-0-2-2-3-0-0-1 277704 0.004197 0.001125 0 0.00141
0-6-4-7-0-2-2-3-0-2-2 6345795 0.005674 0.002701 0 0.001341
0-6-4-7-0-2-2-3-0-4-3 254483838 0.072602 0.069872 1e-06 0.001309
0-6-4-7-0-2-2-3-0-6-4 15792946 0.009139 0.005773 1e-06 0.001687
0-6-4-7-0-4-3-5-0-0-1 277701 0.005594 0.002072 1e-06 0.001472
0-6-4-7-0-4-3-5-0-2-2 13891951 0.010088 0.006464 1e-06 0.001354
0-6-4-7-0-4-3-5-0-4-3 251652169 0.102135 0.098128 0 0.00145
0-6-4-7-0-4-3-5-0-6-4 15794346 0.026253 0.022402 1e-06 0.001649
0-6-4-7-0-6-4-7-0-0-1 277704 0.004846 0.00189 0 0.00156
0-6-4-7-0-6-4-7-0-2-2 13954431 0.007873 0.005083 0 0.001424
0-6-4-7-0-6-4-7-0-4-3 264542228 0.116299 0.110381 1e-06 0.001411
0-6-4-7-0-6-4-7-0-6-4 15794414 0.01354 0.009573 1e-06 0.002151
1-1-0-0-1-1-0-0-1-1-0 34713 0.004204 0.00056 1e-06 0.002743
1-1-0-0-1-1-0-2-2-3-0 269979 0.003771 0.001042 1e-06 0.001822
1-1-0-0-1-1-0-4-3-5-0 125547 0.005022 0.001921 1e-06 0.001842
1-1-0-0-1-1-0-6-4-7-0 277619 0.004994 0.002114 1e-06 0.001917
1-1-0-2-2-3-0-0-1-1-0 277704 0.003214 0.001115 1e-06 0.001031
1-1-0-2-2-3-0-2-2-3-0 269979 0.003159 0.001115 1e-06 0.001071
1-1-0-2-2-3-0-4-3-5-0 277597 0.005011 0.002701 0 0.001096
1-1-0-2-2-3-0-6-4-7-0 277704 0.004657 0.002358 0 0.001091
1-1-0-4-3-5-0-0-1-1-0 277704 0.00378 0.001303 0 0.001124
1-1-0-4-3-5-0-2-2-3-0 277212 0.004687 0.001935 1e-06 0.001126
1-1-0-4-3-5-0-4-3-5-0 273654 0.007654 0.004772 1e-06 0.001156
1-1-0-4-3-5-0-6-4-7-0 277701 0.008335 0.005501 1e-06 0.001167
1-1-0-6-4-7-0-0-1-1-0 277704 0.003548 0.001092 1e-06 0.001163
1-1-0-6-4-7-0-2-2-3-0 277704 0.004117 0.001626 1e-06 0.001149
1-1-0-6-4-7-0-4-3-5-0 277700 0.008426 0.005801 0 0.001184
1-1-0-6-4-7-0-6-4-7-0 277704 0.00594 0.003653 0 0.001162
2-3-0-0-1-1-0-0-1-1-0 11426723 0.004835 0.002036 1e-06 0.001794
2-3-0-0-1-1-0-2-2-3-0 13942082 0.004464 0.002374 0 0.00113
2-3-0-0-1-1-0-4-3-5-0 13103489 0.006588 0.004144 1e-06 0.001193
2-3-0-0-1-1-0-6-4-7-0 13954551 0.01075 0.008293 0 0.001294
2-3-0-2-2-3-0-0-1-1-0 11426723 0.003573 0.001318 1e-06 0.00123
2-3-0-2-2-3-0-2-2-3-0 34713 0.002839 0.000499 1e-06 0.001293
2-3-0-2-2-3-0-4-3-5-0 1807215 0.004436 0.001598 0 0.001295
2-3-0-2-2-3-0-6-4-7-0 6345795 0.006423 0.003615 1e-06 0.001367
2-3-0-4-3-5-0-0-1-1-0 13373259 0.005174 0.002047 0 0.001342
2-3-0-4-3-5-0-2-2-3-0 12401496 0.005044 0.002138 1e-06 0.001343
2-3-0-4-3-5-0-4-3-5-0 12620533 0.016529 0.011778 1e-06 0.001382
2-3-0-4-3-5-0-6-4-7-0 13891951 0.013745 0.010498 1e-06 0.001431
2-3-0-6-4-7-0-0-1-1-0 13954626 0.004833 0.001808 1e-06 0.00174
2-3-0-6-4-7-0-2-2-3-0 13689497 0.004487 0.001979 0 0.001438
2-3-0-6-4-7-0-4-3-5-0 13721768 0.026285 0.019349 1e-06 0.001405
2-3-0-6-4-7-0-6-4-7-0 13954431 0.010943 0.008477 1e-06 0.001403
3-5-0-0-1-1-0-0-1-1-0 66667832 0.014788 0.011192 0 0.00217
3-5-0-0-1-1-0-2-2-3-0 261068775 0.056413 0.05391 1e-06 0.001383
3-5-0-0-1-1-0-4-3-5-0 159103520 0.040642 0.036875 2e-06 0.001737
3-5-0-0-1-1-0-6-4-7-0 264520476 0.067345 0.063054 1e-06 0.002205
3-5-0-2-2-3-0-0-1-1-0 262992233 0.062338 0.058898 0 0.001572
3-5-0-2-2-3-0-2-2-3-0 18178411 0.006159 0.00288 1e-06 0.001552
3-5-0-2-2-3-0-4-3-5-0 186718068 0.051135 0.048004 0 0.001536
3-5-0-2-2-3-0-6-4-7-0 254483838 0.13507 0.130297 1e-06 0.00191
3-5-0-4-3-5-0-0-1-1-0 242448037 0.059455 0.055436 1e-06 0.001535
3-5-0-4-3-5-0-2-2-3-0 223199128 0.05697 0.051498 1e-06 0.001655
3-5-0-4-3-5-0-4-3-5-0 228319167 0.252207 0.245773 1e-06 0.001692
3-5-0-4-3-5-0-6-4-7-0 251652169 0.169115 0.164455 0 0.001518
3-5-0-6-4-7-0-0-1-1-0 264536355 0.067206 0.063582 1e-06 0.001573
3-5-0-6-4-7-0-2-2-3-0 258664239 0.069061 0.064872 0 0.001542
3-5-0-6-4-7-0-4-3-5-0 260634304 0.959123 0.953826 1e-06 0.00192
3-5-0-6-4-7-0-6-4-7-0 264542228 0.150692 0.143647 0 0.002203
4-7-0-0-1-1-0-0-1-1-0 15626706 0.006278 0.003184 1e-06 0.002148
4-7-0-0-1-1-0-2-2-3-0 15794087 0.00446 0.002128 1e-06 0.0015
4-7-0-0-1-1-0-4-3-5-0 15740985 0.006669 0.004318 1e-06 0.001315
4-7-0-0-1-1-0-6-4-7-0 15794415 0.010077 0.007848 1e-06 0.001355
4-7-0-2-2-3-0-0-1-1-0 15794415 0.004393 0.001665 0 0.001353
4-7-0-2-2-3-0-2-2-3-0 10219172 0.004066 0.001458 0 0.00137
4-7-0-2-2-3-0-4-3-5-0 15662521 0.013787 0.010473 0 0.00136
4-7-0-2-2-3-0-6-4-7-0 15792946 0.010274 0.007962 1e-06 0.001407
4-7-0-4-3-5-0-0-1-1-0 15758734 0.005479 0.002615 1e-06 0.001394
4-7-0-4-3-5-0-2-2-3-0 15752999 0.007581 0.00442 1e-06 0.001449
4-7-0-4-3-5-0-4-3-5-0 15556071 0.045282 0.041797 3e-06 0.001454
4-7-0-4-3-5-0-6-4-7-0 15794346 0.024939 0.021692 1e-06 0.001445
4-7-0-6-4-7-0-0-1-1-0 15794415 0.004882 0.002281 1e-06 0.001475
4-7-0-6-4-7-0-2-2-3-0 15792398 0.005412 0.002891 1e-06 0.001464
4-7-0-6-4-7-0-4-3-5-0 15790892 0.028476 0.025655 0 0.001449
4-7-0-6-4-7-0-6-4-7-0 15794414 0.013132 0.010467 0 0.001443
