0-0-1-1-0-0-1-1-0-0-1-1-0 197321793 0.574817 0.564003 1e-06 0.007219
0-0-1-1-0-0-1-1-0-2-2-3-0 1180774212 0.641541 0.635444 1e-06 0.003773
0-0-1-1-0-0-1-1-0-4-3-5-0 612621062 0.095804 0.083444 1e-06 0.003292
0-0-1-1-0-0-1-1-0-6-4-7-0 1204757174 0.298412 0.28497 1e-06 0.002845
0-0-1-1-0-2-2-3-0-0-1-1-0 1204992369 0.297945 0.288602 1e-06 0.007228
0-0-1-1-0-2-2-3-0-2-2-3-0 1180774212 0.263496 0.257022 1e-06 0.003903
0-0-1-1-0-2-2-3-0-4-3-5-0 1204673267 0.215226 0.203497 1e-06 0.00209
0-0-1-1-0-2-2-3-0-6-4-7-0 1204992369 0.222056 0.211326 0 0.001776
0-0-1-1-0-4-3-5-0-0-1-1-0 1204992369 0.249124 0.239568 2e-06 0.005811
0-0-1-1-0-4-3-5-0-2-2-3-0 1203474062 0.249296 0.243415 1e-06 0.003093
0-0-1-1-0-4-3-5-0-4-3-5-0 1188779139 0.220165 0.206533 0 0.003008
0-0-1-1-0-4-3-5-0-6-4-7-0 1204981110 0.212315 0.203743 2e-06 0.003865
0-0-1-1-0-6-4-7-0-0-1-1-0 1204992369 0.194408 0.184289 1e-06 0.003785
0-0-1-1-0-6-4-7-0-2-2-3-0 1204992369 0.227834 0.222273 0 0.003177
0-0-1-1-0-6-4-7-0-4-3-5-0 1204980951 0.243434 0.235001 2e-06 0.005823
0-0-1-1-0-6-4-7-0-6-4-7-0 1204992369 0.21494 0.205637 2e-06 0.006512
0-2-2-3-0-0-1-1-0-0-1-1-0 1180774212 0.190087 0.181637 1e-06 0.006368
0-2-2-3-0-0-1-1-0-2-2-3-0 1204961287 0.312581 0.303583 1e-06 0.001772
0-2-2-3-0-0-1-1-0-4-3-5-0 1199591762 0.288184 0.267565 1e-06 0.003453
0-2-2-3-0-0-1-1-0-6-4-7-0 1204992254 0.324582 0.31823 2e-06 0.002983
0-2-2-3-0-2-2-3-0-0-1-1-0 1180774212 0.152674 0.14578 1e-06 0.003704
0-2-2-3-0-2-2-3-0-2-2-3-0 13786567 0.0111 0.005493 0 0.003393
0-2-2-3-0-2-2-3-0-4-3-5-0 449954072 0.058978 0.052955 1e-06 0.002902
0-2-2-3-0-2-2-3-0-6-4-7-0 983207857 0.119244 0.115233 1e-06 0.001728
0-2-2-3-0-4-3-5-0-0-1-1-0 1203474062 0.171766 0.159858 2e-06 0.002534
0-2-2-3-0-4-3-5-0-2-2-3-0 1188978725 0.214118 0.202434 1e-06 0.003742
0-2-2-3-0-4-3-5-0-4-3-5-0 1175109253 0.199194 0.180281 1e-06 0.004695
0-2-2-3-0-4-3-5-0-6-4-7-0 1204910770 0.2109 0.195039 1e-06 0.002115
0-2-2-3-0-6-4-7-0-0-1-1-0 1204992369 0.194986 0.185397 2e-06 0.002588
0-2-2-3-0-6-4-7-0-2-2-3-0 1203886581 0.177334 0.165748 1e-06 0.003816
0-2-2-3-0-6-4-7-0-4-3-5-0 1200535872 0.185315 0.177482 0 0.00381
0-2-2-3-0-6-4-7-0-6-4-7-0 1204992090 0.179809 0.173548 1e-06 0.003636
0-4-3-5-0-0-1-1-0-0-1-1-0 612621062 0.063237 0.055749 1e-06 0.004864
0-4-3-5-0-0-1-1-0-2-2-3-0 1199591762 0.199913 0.193766 1e-06 0.003588
0-4-3-5-0-0-1-1-0-4-3-5-0 949804367 0.152573 0.145059 1e-06 0.003651
0-4-3-5-0-0-1-1-0-6-4-7-0 1204952695 0.216457 0.205957 1e-06 0.002435
0-4-3-5-0-2-2-3-0-0-1-1-0 1204673267 0.171498 0.145211 1e-06 0.003723
0-4-3-5-0-2-2-3-0-2-2-3-0 449954072 0.064098 0.044126 1e-06 0.003713
0-4-3-5-0-2-2-3-0-4-3-5-0 1162370235 0.525458 0.514182 1e-06 0.003552
0-4-3-5-0-2-2-3-0-6-4-7-0 1202640776 0.99136 0.96922 1e-06 0.005147
0-4-3-5-0-4-3-5-0-0-1-1-0 1188779139 0.169865 0.160115 1e-06 0.005447
0-4-3-5-0-4-3-5-0-2-2-3-0 1175109253 0.205961 0.178577 1e-06 0.005061
0-4-3-5-0-4-3-5-0-4-3-5-0 1160779883 0.547583 0.534989 1e-06 0.004079
0-4-3-5-0-4-3-5-0-6-4-7-0 1190875501 0.620698 0.568463 1e-06 0.003745
0-4-3-5-0-6-4-7-0-0-1-1-0 1204980951 0.179797 0.172617 1e-06 0.003861
0-4-3-5-0-6-4-7-0-2-2-3-0 1200535872 0.203454 0.183534 1e-06 0.003708
0-4-3-5-0-6-4-7-0-4-3-5-0 1201668973 6.06848 6.03348 1e-06 0.004263
0-4-3-5-0-6-4-7-0-6-4-7-0 1204987114 0.542409 0.513506 1e-06 0.003602
0-6-4-7-0-0-1-1-0-0-1-1-0 1204757174 0.167621 0.156467 2e-06 0.009246
0-6-4-7-0-0-1-1-0-2-2-3-0 1204992254 0.270582 0.264492 1e-06 0.003207
0-6-4-7-0-0-1-1-0-4-3-5-0 1204952695 0.275435 0.252812 1e-06 0.0057
0-6-4-7-0-0-1-1-0-6-4-7-0 1204992369 0.2942 0.288683 1e-06 0.003317
0-6-4-7-0-2-2-3-0-0-1-1-0 1204992369 0.162816 0.147793 1e-06 0.003433
0-6-4-7-0-2-2-3-0-2-2-3-0 983207857 0.117236 0.100496 2e-06 0.005809
0-6-4-7-0-2-2-3-0-4-3-5-0 1202640776 0.921374 0.914323 0 0.003373
0-6-4-7-0-2-2-3-0-6-4-7-0 1204992347 0.283128 0.271981 1e-06 0.003349
0-6-4-7-0-4-3-5-0-0-1-1-0 1204981110 0.196647 0.189849 1e-06 0.003638
0-6-4-7-0-4-3-5-0-2-2-3-0 1204910770 0.181737 0.17119 1e-06 0.00356
0-6-4-7-0-4-3-5-0-4-3-5-0 1190875501 0.301029 0.288781 1e-06 0.006291
0-6-4-7-0-4-3-5-0-6-4-7-0 1204992279 0.282071 0.265836 0 0.003386
0-6-4-7-0-6-4-7-0-0-1-1-0 1204992369 0.163407 0.158265 1e-06 0.00299
0-6-4-7-0-6-4-7-0-2-2-3-0 1204992090 0.198931 0.183827 1e-06 0.00563
0-6-4-7-0-6-4-7-0-4-3-5-0 1204987114 0.281307 0.261618 1e-06 0.00336
0-6-4-7-0-6-4-7-0-6-4-7-0 1204992369 0.260589 0.25131 2e-06 0.006521
1-1-0-0-1-1-0-0-1-1-0-0-1 8 0.008362 0.000669 1e-06 0.005456
1-1-0-0-1-1-0-0-1-1-0-2-2 2501 0.010591 0.001199 0 0.007652
1-1-0-0-1-1-0-0-1-1-0-4-3 12415 0.006423 0.00128 1e-06 0.003278
1-1-0-0-1-1-0-0-1-1-0-6-4 3588 0.005603 0.001164 0 0.003052
1-1-0-0-1-1-0-2-2-3-0-0-1 64 0.00488 0.000694 0 0.002519
1-1-0-0-1-1-0-2-2-3-0-2-2 2501 0.00512 0.001065 0 0.002539
1-1-0-0-1-1-0-2-2-3-0-4-3 60416 0.005712 0.001348 0 0.002566
1-1-0-0-1-1-0-2-2-3-0-6-4 3640 0.005462 0.001178 0 0.00259
1-1-0-0-1-1-0-4-3-5-0-0-1 64 0.005661 0.001059 0 0.00258
1-1-0-0-1-1-0-4-3-5-0-2-2 3046 0.006641 0.001466 0 0.002566
1-1-0-0-1-1-0-4-3-5-0-4-3 55228 0.007611 0.003062 0 0.002564
1-1-0-0-1-1-0-4-3-5-0-6-4 3629 0.007493 0.002822 1e-06 0.00255
1-1-0-0-1-1-0-6-4-7-0-0-1 64 0.005148 0.000861 0 0.002682
1-1-0-0-1-1-0-6-4-7-0-2-2 3216 0.006213 0.001654 0 0.002515
1-1-0-0-1-1-0-6-4-7-0-4-3 60964 0.008087 0.00376 1e-06 0.002584
1-1-0-0-1-1-0-6-4-7-0-6-4 3640 0.006336 0.002009 0 0.002647
1-1-0-2-2-3-0-0-1-1-0-0-1 64 0.004568 0.000614 1e-06 0.00224
1-1-0-2-2-3-0-0-1-1-0-2-2 3216 0.004632 0.000992 0 0.002003
1-1-0-2-2-3-0-0-1-1-0-4-3 60968 0.004889 0.001315 0 0.002094
1-1-0-2-2-3-0-0-1-1-0-6-4 3640 0.004581 0.001095 0 0.001886
1-1-0-2-2-3-0-2-2-3-0-0-1 64 0.004363 0.000605 0 0.002016
1-1-0-2-2-3-0-2-2-3-0-2-2 2501 0.004452 0.000859 0 0.001972
1-1-0-2-2-3-0-2-2-3-0-4-3 60416 0.004978 0.001249 0 0.002012
1-1-0-2-2-3-0-2-2-3-0-6-4 3640 0.004861 0.00104 1e-06 0.001997
1-1-0-2-2-3-0-4-3-5-0-0-1 64 0.01594 0.001047 1e-06 0.002043
1-1-0-2-2-3-0-4-3-5-0-2-2 3216 0.018195 0.001988 1e-06 0.002934
1-1-0-2-2-3-0-4-3-5-0-4-3 60877 0.009353 0.004049 1e-06 0.002104
1-1-0-2-2-3-0-4-3-5-0-6-4 3640 0.02143 0.004429 2e-06 0.004227
1-1-0-2-2-3-0-6-4-7-0-0-1 64 0.005473 0.000862 1e-06 0.002267
1-1-0-2-2-3-0-6-4-7-0-2-2 3216 0.016128 0.001249 1e-06 0.002114
1-1-0-2-2-3-0-6-4-7-0-4-3 60968 0.008004 0.003407 1e-06 0.002353
1-1-0-2-2-3-0-6-4-7-0-6-4 3640 0.006325 0.001978 0 0.002113
1-1-0-4-3-5-0-0-1-1-0-0-1 64 0.005572 0.001034 1e-06 0.002336
1-1-0-4-3-5-0-0-1-1-0-2-2 3216 0.005265 0.001297 1e-06 0.002015
1-1-0-4-3-5-0-0-1-1-0-4-3 60968 0.005435 0.001651 1e-06 0.001917
1-1-0-4-3-5-0-0-1-1-0-6-4 3640 0.005782 0.001474 1e-06 0.001985
1-1-0-4-3-5-0-2-2-3-0-0-1 64 0.005642 0.001127 1e-06 0.002067
1-1-0-4-3-5-0-2-2-3-0-2-2 3046 0.005458 0.001352 1e-06 0.002051
1-1-0-4-3-5-0-2-2-3-0-4-3 60963 0.006421 0.001779 0 0.002061
1-1-0-4-3-5-0-2-2-3-0-6-4 3640 0.006692 0.001516 0 0.002162
1-1-0-4-3-5-0-4-3-5-0-0-1 64 0.00655 0.001868 0 0.002069
1-1-0-4-3-5-0-4-3-5-0-2-2 3216 0.00866 0.003464 0 0.002113
1-1-0-4-3-5-0-4-3-5-0-4-3 58641 0.009694 0.005136 0 0.002156
1-1-0-4-3-5-0-4-3-5-0-6-4 3640 0.009967 0.005169 0 0.002133
1-1-0-4-3-5-0-6-4-7-0-0-1 64 0.007043 0.00234 0 0.002142
1-1-0-4-3-5-0-6-4-7-0-2-2 3216 0.00829 0.0029 0 0.002135
1-1-0-4-3-5-0-6-4-7-0-4-3 60968 0.009064 0.004718 0 0.002146
1-1-0-4-3-5-0-6-4-7-0-6-4 3640 0.007813 0.003579 0 0.002158
1-1-0-6-4-7-0-0-1-1-0-0-1 64 0.004605 0.00081 0 0.002353
1-1-0-6-4-7-0-0-1-1-0-2-2 3216 0.004802 0.001155 1e-06 0.002076
1-1-0-6-4-7-0-0-1-1-0-4-3 60968 0.005153 0.001364 0 0.002099
1-1-0-6-4-7-0-0-1-1-0-6-4 3640 0.005048 0.001346 0 0.002089
1-1-0-6-4-7-0-2-2-3-0-0-1 64 0.005786 0.001038 0 0.002098
1-1-0-6-4-7-0-2-2-3-0-2-2 3216 0.011305 0.001187 1e-06 0.002126
1-1-0-6-4-7-0-2-2-3-0-4-3 60968 0.005903 0.001516 0 0.002138
1-1-0-6-4-7-0-2-2-3-0-6-4 3640 0.008964 0.001461 1e-06 0.002126
1-1-0-6-4-7-0-4-3-5-0-0-1 64 0.006128 0.001666 1e-06 0.002173
1-1-0-6-4-7-0-4-3-5-0-2-2 3216 0.008467 0.003613 0 0.002166
1-1-0-6-4-7-0-4-3-5-0-4-3 60964 0.009896 0.005291 0 0.002225
1-1-0-6-4-7-0-4-3-5-0-6-4 3640 0.009592 0.005284 0 0.002195
1-1-0-6-4-7-0-6-4-7-0-0-1 64 0.005185 0.001348 1e-06 0.00219
1-1-0-6-4-7-0-6-4-7-0-2-2 3216 0.006553 0.001984 1e-06 0.002182
1-1-0-6-4-7-0-6-4-7-0-4-3 60968 0.008014 0.004098 1e-06 0.002153
1-1-0-6-4-7-0-6-4-7-0-6-4 3640 0.006316 0.002357 0 0.002205
2-3-0-0-1-1-0-0-1-1-0-0-1 2501 0.005024 0.000568 1e-06 0.002931
2-3-0-0-1-1-0-0-1-1-0-2-2 158938 0.005135 0.000983 0 0.002688
2-3-0-0-1-1-0-0-1-1-0-4-3 2652152 0.006112 0.001421 1e-06 0.002659
2-3-0-0-1-1-0-0-1-1-0-6-4 182777 0.008108 0.001253 1e-06 0.002666
2-3-0-0-1-1-0-2-2-3-0-0-1 3216 0.004209 0.00057 1e-06 0.002114
2-3-0-0-1-1-0-2-2-3-0-2-2 158938 0.004759 0.0009 2e-06 0.002135
2-3-0-0-1-1-0-2-2-3-0-4-3 3063204 0.005182 0.001492 1e-06 0.002136
2-3-0-0-1-1-0-2-2-3-0-6-4 182910 0.004892 0.001071 1e-06 0.002121
2-3-0-0-1-1-0-4-3-5-0-0-1 3216 0.005228 0.000957 1e-06 0.002169
2-3-0-0-1-1-0-4-3-5-0-2-2 160926 0.005947 0.0015 0 0.002194
2-3-0-0-1-1-0-4-3-5-0-4-3 3024726 0.007171 0.003195 0 0.002156
2-3-0-0-1-1-0-4-3-5-0-6-4 182887 0.006673 0.002729 0 0.002178
2-3-0-0-1-1-0-6-4-7-0-0-1 3216 0.004463 0.000772 1e-06 0.00218
2-3-0-0-1-1-0-6-4-7-0-2-2 161604 0.011197 0.001312 0 0.002192
2-3-0-0-1-1-0-6-4-7-0-4-3 3063638 0.00773 0.003793 0 0.002233
2-3-0-0-1-1-0-6-4-7-0-6-4 182910 0.005592 0.001719 2e-06 0.002227
2-3-0-2-2-3-0-0-1-1-0-0-1 2501 0.004524 0.000532 1e-06 0.0024
2-3-0-2-2-3-0-0-1-1-0-2-2 158938 0.004622 0.000812 1e-06 0.002223
2-3-0-2-2-3-0-0-1-1-0-4-3 2652152 0.005245 0.00133 0 0.002228
2-3-0-2-2-3-0-0-1-1-0-6-4 182777 0.004842 0.001081 1e-06 0.002215
2-3-0-2-2-3-0-2-2-3-0-0-1 2501 0.00431 0.000491 0 0.00224
2-3-0-2-2-3-0-2-2-3-0-2-2 402 0.004359 0.000488 1e-06 0.002225
2-3-0-2-2-3-0-2-2-3-0-4-3 58197 0.005473 0.000902 0 0.002413
2-3-0-2-2-3-0-2-2-3-0-6-4 49523 0.005061 0.000841 0 0.002286
2-3-0-2-2-3-0-4-3-5-0-0-1 3046 0.005496 0.000796 0 0.002203
2-3-0-2-2-3-0-4-3-5-0-2-2 104040 0.011062 0.001021 1e-06 0.002269
2-3-0-2-2-3-0-4-3-5-0-4-3 2000819 0.013496 0.00365 1e-06 0.002286
2-3-0-2-2-3-0-4-3-5-0-6-4 180031 0.011726 0.002729 0 0.00229
2-3-0-2-2-3-0-6-4-7-0-0-1 3216 0.005053 0.000653 1e-06 0.00234
2-3-0-2-2-3-0-6-4-7-0-2-2 142912 0.005359 0.000964 1e-06 0.002397
2-3-0-2-2-3-0-6-4-7-0-4-3 2742607 0.009194 0.005216 1e-06 0.002274
2-3-0-2-2-3-0-6-4-7-0-6-4 182627 0.005799 0.001783 1e-06 0.002341
2-3-0-4-3-5-0-0-1-1-0-0-1 3046 0.005887 0.000756 1e-06 0.002553
2-3-0-4-3-5-0-0-1-1-0-2-2 160926 0.005552 0.001252 0 0.002272
2-3-0-4-3-5-0-0-1-1-0-4-3 2973549 0.006776 0.001677 0 0.002249
2-3-0-4-3-5-0-0-1-1-0-6-4 182870 0.005992 0.001229 1e-06 0.002334
2-3-0-4-3-5-0-2-2-3-0-0-1 3216 0.011709 0.001008 0 0.002289
2-3-0-4-3-5-0-2-2-3-0-2-2 104040 0.006101 0.001333 1e-06 0.002246
2-3-0-4-3-5-0-2-2-3-0-4-3 2963165 0.006587 0.002091 1e-06 0.002328
2-3-0-4-3-5-0-2-2-3-0-6-4 182861 0.005811 0.001302 1e-06 0.002316
2-3-0-4-3-5-0-4-3-5-0-0-1 3216 0.007151 0.001608 1e-06 0.002325
2-3-0-4-3-5-0-4-3-5-0-2-2 160308 0.015973 0.004211 0 0.002357
2-3-0-4-3-5-0-4-3-5-0-4-3 2901292 0.037819 0.030917 1e-06 0.00267
2-3-0-4-3-5-0-4-3-5-0-6-4 182871 0.033375 0.016965 0 0.002451
2-3-0-4-3-5-0-6-4-7-0-0-1 3216 0.007041 0.001729 0 0.002587
2-3-0-4-3-5-0-6-4-7-0-2-2 161480 0.014868 0.004162 0 0.002565
2-3-0-4-3-5-0-6-4-7-0-4-3 3061380 0.020623 0.01517 0 0.002395
2-3-0-4-3-5-0-6-4-7-0-6-4 182908 0.010399 0.004647 1e-06 0.002399
2-3-0-6-4-7-0-0-1-1-0-0-1 3216 0.005909 0.000622 1e-06 0.002645
2-3-0-6-4-7-0-0-1-1-0-2-2 161604 0.005489 0.001083 1e-06 0.002282
2-3-0-6-4-7-0-0-1-1-0-4-3 3063642 0.009903 0.005067 0 0.002269
2-3-0-6-4-7-0-0-1-1-0-6-4 182910 0.006085 0.001139 0 0.002256
2-3-0-6-4-7-0-2-2-3-0-0-1 3216 0.005081 0.000575 1e-06 0.002302
2-3-0-6-4-7-0-2-2-3-0-2-2 142912 0.004879 0.000975 1e-06 0.002274
2-3-0-6-4-7-0-2-2-3-0-4-3 3054372 0.006049 0.002036 1e-06 0.00229
2-3-0-6-4-7-0-2-2-3-0-6-4 182909 0.005471 0.001267 0 0.002307
2-3-0-6-4-7-0-4-3-5-0-0-1 3216 0.008438 0.001426 0 0.002335
2-3-0-6-4-7-0-4-3-5-0-2-2 161480 0.008301 0.003266 0 0.002327
2-3-0-6-4-7-0-4-3-5-0-4-3 2972666 0.03835 0.033207 1e-06 0.002369
2-3-0-6-4-7-0-4-3-5-0-6-4 182910 0.024228 0.013225 0 0.002474
2-3-0-6-4-7-0-6-4-7-0-0-1 3216 0.005461 0.001159 1e-06 0.002497
2-3-0-6-4-7-0-6-4-7-0-2-2 161604 0.012011 0.002091 1e-06 0.002358
2-3-0-6-4-7-0-6-4-7-0-4-3 3063636 0.018143 0.013848 1e-06 0.002341
2-3-0-6-4-7-0-6-4-7-0-6-4 182910 0.007606 0.0034 1e-06 0.002353
3-5-0-0-1-1-0-0-1-1-0-0-1 12415 0.005599 0.000823 1e-06 0.0031
3-5-0-0-1-1-0-0-1-1-0-2-2 2652152 0.005869 0.001373 0 0.002744
3-5-0-0-1-1-0-0-1-1-0-4-3 21692253 0.007942 0.003412 1e-06 0.002764
3-5-0-0-1-1-0-0-1-1-0-6-4 3441023 0.006113 0.001586 1e-06 0.002847
3-5-0-0-1-1-0-2-2-3-0-0-1 60968 0.004871 0.000865 0 0.002229
3-5-0-0-1-1-0-2-2-3-0-2-2 2652152 0.005279 0.00134 0 0.002193
3-5-0-0-1-1-0-2-2-3-0-4-3 57885025 0.011274 0.007538 0 0.002238
3-5-0-0-1-1-0-2-2-3-0-6-4 3467555 0.006663 0.001579 1e-06 0.003128
3-5-0-0-1-1-0-4-3-5-0-0-1 60968 0.006221 0.001341 1e-06 0.002489
3-5-0-0-1-1-0-4-3-5-0-2-2 2973549 0.007259 0.001907 1e-06 0.002417
3-5-0-0-1-1-0-4-3-5-0-4-3 54281919 0.01251 0.008068 1e-06 0.002403
3-5-0-0-1-1-0-4-3-5-0-6-4 3461526 0.008941 0.003316 0 0.00323
3-5-0-0-1-1-0-6-4-7-0-0-1 60968 0.005503 0.001066 0 0.002561
3-5-0-0-1-1-0-6-4-7-0-2-2 3063642 0.006752 0.001878 2e-06 0.00244
3-5-0-0-1-1-0-6-4-7-0-4-3 58078938 0.012222 0.007895 1e-06 0.002422
3-5-0-0-1-1-0-6-4-7-0-6-4 3467555 0.007568 0.002512 1e-06 0.003221
3-5-0-2-2-3-0-0-1-1-0-0-1 60416 0.005831 0.000893 1e-06 0.002713
3-5-0-2-2-3-0-0-1-1-0-2-2 3063204 0.006316 0.001717 1e-06 0.002432
3-5-0-2-2-3-0-0-1-1-0-4-3 57885025 0.015111 0.010274 0 0.002422
3-5-0-2-2-3-0-0-1-1-0-6-4 3467549 0.007786 0.001969 1e-06 0.003299
3-5-0-2-2-3-0-2-2-3-0-0-1 60416 0.005952 0.000785 1e-06 0.002602
3-5-0-2-2-3-0-2-2-3-0-2-2 58197 0.00593 0.000769 1e-06 0.002513
3-5-0-2-2-3-0-2-2-3-0-4-3 19843901 0.008809 0.004235 0 0.002472
3-5-0-2-2-3-0-2-2-3-0-6-4 3124458 0.006223 0.001608 0 0.002536
3-5-0-2-2-3-0-4-3-5-0-0-1 60963 0.006625 0.001071 0 0.002535
3-5-0-2-2-3-0-4-3-5-0-2-2 2963165 0.006916 0.001913 0 0.002519
3-5-0-2-2-3-0-4-3-5-0-4-3 53813541 0.018869 0.013029 1e-06 0.002494
3-5-0-2-2-3-0-4-3-5-0-6-4 3463475 0.009059 0.003798 0 0.002686
3-5-0-2-2-3-0-6-4-7-0-0-1 60968 0.006022 0.000975 0 0.002737
3-5-0-2-2-3-0-6-4-7-0-2-2 3054372 0.006863 0.001781 1e-06 0.002521
3-5-0-2-2-3-0-6-4-7-0-4-3 57842363 0.021145 0.016027 1e-06 0.002483
3-5-0-2-2-3-0-6-4-7-0-6-4 3467504 0.007595 0.002642 1e-06 0.002725
3-5-0-4-3-5-0-0-1-1-0-0-1 55228 0.007375 0.001791 1e-06 0.002884
3-5-0-4-3-5-0-0-1-1-0-2-2 3024726 0.007694 0.002533 0 0.002482
3-5-0-4-3-5-0-0-1-1-0-4-3 54281919 0.015381 0.010503 1e-06 0.002498
3-5-0-4-3-5-0-0-1-1-0-6-4 3465007 0.009731 0.003704 0 0.003293
3-5-0-4-3-5-0-2-2-3-0-0-1 60877 0.007215 0.001665 1e-06 0.002603
3-5-0-4-3-5-0-2-2-3-0-2-2 2000819 0.009454 0.003277 1e-06 0.002623
3-5-0-4-3-5-0-2-2-3-0-4-3 53813541 0.026896 0.021127 1e-06 0.002562
3-5-0-4-3-5-0-2-2-3-0-6-4 3418541 0.015513 0.008269 1e-06 0.003188
3-5-0-4-3-5-0-4-3-5-0-0-1 58641 0.008222 0.00233 0 0.002559
3-5-0-4-3-5-0-4-3-5-0-2-2 2901292 0.037185 0.030382 1e-06 0.00244
3-5-0-4-3-5-0-4-3-5-0-4-3 52582147 0.477126 0.469772 1e-06 0.0025
3-5-0-4-3-5-0-4-3-5-0-6-4 3316743 0.072076 0.058355 1e-06 0.003507
3-5-0-4-3-5-0-6-4-7-0-0-1 60964 0.007641 0.002364 0 0.002619
3-5-0-4-3-5-0-6-4-7-0-2-2 2972666 0.045062 0.033865 2e-06 0.002628
3-5-0-4-3-5-0-6-4-7-0-4-3 56836191 0.244424 0.238021 1e-06 0.002567
3-5-0-4-3-5-0-6-4-7-0-6-4 3465492 0.064468 0.05042 1e-06 0.004457
3-5-0-6-4-7-0-0-1-1-0-0-1 60964 0.006305 0.001509 1e-06 0.002794
3-5-0-6-4-7-0-0-1-1-0-2-2 3063638 0.006996 0.002339 1e-06 0.002378
3-5-0-6-4-7-0-0-1-1-0-4-3 58078938 0.016379 0.011261 0 0.00234
3-5-0-6-4-7-0-0-1-1-0-6-4 3467555 0.008602 0.002673 0 0.003038
3-5-0-6-4-7-0-2-2-3-0-0-1 60968 0.006834 0.001456 0 0.002447
3-5-0-6-4-7-0-2-2-3-0-2-2 2742607 0.011316 0.005542 0 0.002383
3-5-0-6-4-7-0-2-2-3-0-4-3 57842363 0.039315 0.026367 1e-06 0.002384
3-5-0-6-4-7-0-2-2-3-0-6-4 3467514 0.018834 0.013082 1e-06 0.003078
3-5-0-6-4-7-0-4-3-5-0-0-1 60968 0.008453 0.002353 1e-06 0.002514
3-5-0-6-4-7-0-4-3-5-0-2-2 3061380 0.019913 0.014095 1e-06 0.002414
3-5-0-6-4-7-0-4-3-5-0-4-3 56836191 0.198289 0.19261 2e-06 0.002511
3-5-0-6-4-7-0-4-3-5-0-6-4 3467552 0.037234 0.024701 0 0.00353
3-5-0-6-4-7-0-6-4-7-0-0-1 60968 0.007614 0.002074 0 0.002704
3-5-0-6-4-7-0-6-4-7-0-2-2 3063636 0.021754 0.012451 2e-06 0.002479
3-5-0-6-4-7-0-6-4-7-0-4-3 58079519 0.20733 0.201901 1e-06 0.002457
3-5-0-6-4-7-0-6-4-7-0-6-4 3467555 0.020861 0.015191 0 0.003142
4-7-0-0-1-1-0-0-1-1-0-0-1 3588 0.005402 0.000611 2e-06 0.003224
4-7-0-0-1-1-0-0-1-1-0-2-2 182777 0.005067 0.000926 1e-06 0.002792
4-7-0-0-1-1-0-0-1-1-0-4-3 3441023 0.006171 0.001495 0 0.002791
4-7-0-0-1-1-0-0-1-1-0-6-4 207025 0.00546 0.001137 0 0.002782
4-7-0-0-1-1-0-2-2-3-0-0-1 3640 0.004287 0.000594 1e-06 0.002185
4-7-0-0-1-1-0-2-2-3-0-2-2 182777 0.00493 0.000889 1e-06 0.002226
4-7-0-0-1-1-0-2-2-3-0-4-3 3467549 0.005494 0.001787 0 0.002212
4-7-0-0-1-1-0-2-2-3-0-6-4 207025 0.004713 0.000969 0 0.002235
4-7-0-0-1-1-0-4-3-5-0-0-1 3640 0.004989 0.000987 0 0.002238
4-7-0-0-1-1-0-4-3-5-0-2-2 182870 0.005621 0.001487 0 0.002279
4-7-0-0-1-1-0-4-3-5-0-4-3 3465007 0.007259 0.003138 1e-06 0.002268
4-7-0-0-1-1-0-4-3-5-0-6-4 207025 0.006745 0.002571 0 0.002223
4-7-0-0-1-1-0-6-4-7-0-0-1 3640 0.004512 0.000869 0 0.002256
4-7-0-0-1-1-0-6-4-7-0-2-2 182910 0.005164 0.001186 0 0.002296
4-7-0-0-1-1-0-6-4-7-0-4-3 3467555 0.007506 0.00354 1e-06 0.002262
4-7-0-0-1-1-0-6-4-7-0-6-4 207025 0.005394 0.00159 1e-06 0.00226
4-7-0-2-2-3-0-0-1-1-0-0-1 3640 0.004856 0.000571 0 0.002476
4-7-0-2-2-3-0-0-1-1-0-2-2 182910 0.004785 0.000814 1e-06 0.002299
4-7-0-2-2-3-0-0-1-1-0-4-3 3467555 0.005891 0.00161 0 0.002268
4-7-0-2-2-3-0-0-1-1-0-6-4 207025 0.005034 0.001013 1e-06 0.002293
4-7-0-2-2-3-0-2-2-3-0-0-1 3640 0.004623 0.000523 1e-06 0.002349
4-7-0-2-2-3-0-2-2-3-0-2-2 49523 0.004837 0.000524 0 0.002349
4-7-0-2-2-3-0-2-2-3-0-4-3 3124458 0.006671 0.002218 1e-06 0.002348
4-7-0-2-2-3-0-2-2-3-0-6-4 206833 0.005754 0.001156 1e-06 0.002463
4-7-0-2-2-3-0-4-3-5-0-0-1 3640 0.005865 0.000811 2e-06 0.002451
4-7-0-2-2-3-0-4-3-5-0-2-2 182861 0.005573 0.001298 1e-06 0.002359
4-7-0-2-2-3-0-4-3-5-0-4-3 3418541 0.012628 0.007742 0 0.002339
4-7-0-2-2-3-0-4-3-5-0-6-4 207025 0.00791 0.003075 0 0.002429
4-7-0-2-2-3-0-6-4-7-0-0-1 3640 0.004692 0.000703 1e-06 0.002459
4-7-0-2-2-3-0-6-4-7-0-2-2 182909 0.005168 0.001174 1e-06 0.00235
4-7-0-2-2-3-0-6-4-7-0-4-3 3467514 0.016687 0.01271 0 0.002354
4-7-0-2-2-3-0-6-4-7-0-6-4 207025 0.006366 0.001911 0 0.002389
4-7-0-4-3-5-0-0-1-1-0-0-1 3629 0.006083 0.001472 1e-06 0.002607
4-7-0-4-3-5-0-0-1-1-0-2-2 182887 0.00621 0.001732 0 0.002335
4-7-0-4-3-5-0-0-1-1-0-4-3 3461526 0.007581 0.002442 2e-06 0.002323
4-7-0-4-3-5-0-0-1-1-0-6-4 207025 0.007035 0.001895 0 0.002352
4-7-0-4-3-5-0-2-2-3-0-0-1 3640 0.006191 0.00149 1e-06 0.002377
4-7-0-4-3-5-0-2-2-3-0-2-2 180031 0.007234 0.002777 0 0.002391
4-7-0-4-3-5-0-2-2-3-0-4-3 3463475 0.008262 0.003932 1e-06 0.002394
4-7-0-4-3-5-0-2-2-3-0-6-4 207025 0.00746 0.003152 0 0.00239
4-7-0-4-3-5-0-4-3-5-0-0-1 3640 0.008265 0.002276 1e-06 0.002451
4-7-0-4-3-5-0-4-3-5-0-2-2 182871 0.022997 0.015925 1e-06 0.002444
4-7-0-4-3-5-0-4-3-5-0-4-3 3316743 0.070514 0.063987 0 0.002606
4-7-0-4-3-5-0-4-3-5-0-6-4 207025 0.049771 0.043559 1e-06 0.002709
4-7-0-4-3-5-0-6-4-7-0-0-1 3640 0.008176 0.00226 1e-06 0.00261
4-7-0-4-3-5-0-6-4-7-0-2-2 182910 0.01852 0.013456 0 0.002543
4-7-0-4-3-5-0-6-4-7-0-4-3 3467552 0.030161 0.024851 1e-06 0.002436
4-7-0-4-3-5-0-6-4-7-0-6-4 207025 0.020159 0.015004 0 0.002625
4-7-0-6-4-7-0-0-1-1-0-0-1 3640 0.005238 0.001138 1e-06 0.002652
4-7-0-6-4-7-0-0-1-1-0-2-2 182910 0.005385 0.001329 0 0.00232
4-7-0-6-4-7-0-0-1-1-0-4-3 3467555 0.006146 0.001989 1e-06 0.002311
4-7-0-6-4-7-0-0-1-1-0-6-4 207025 0.005862 0.001458 0 0.002311
4-7-0-6-4-7-0-2-2-3-0-0-1 3640 0.005157 0.001029 0 0.002354
4-7-0-6-4-7-0-2-2-3-0-2-2 182627 0.005723 0.00157 0 0.002326
4-7-0-6-4-7-0-2-2-3-0-4-3 3467504 0.007302 0.003132 0 0.00235
4-7-0-6-4-7-0-2-2-3-0-6-4 207025 0.006036 0.002076 1e-06 0.002383
4-7-0-6-4-7-0-4-3-5-0-0-1 3640 0.006522 0.00192 0 0.002376
4-7-0-6-4-7-0-4-3-5-0-2-2 182908 0.009161 0.004502 1e-06 0.002389
4-7-0-6-4-7-0-4-3-5-0-4-3 3465492 0.054634 0.049802 1e-06 0.002395
4-7-0-6-4-7-0-4-3-5-0-6-4 207025 0.019747 0.014369 1e-06 0.002554
4-7-0-6-4-7-0-6-4-7-0-0-1 3640 0.005895 0.001646 2e-06 0.00252
4-7-0-6-4-7-0-6-4-7-0-2-2 182910 0.007521 0.003319 0 0.002433
4-7-0-6-4-7-0-6-4-7-0-4-3 3467555 0.019444 0.015398 1e-06 0.002383
4-7-0-6-4-7-0-6-4-7-0-6-4 207025 0.009611 0.004901 1e-06 0.002575
