0-0-1-1-0-0-1-1-0-0-1-1-0-0-1 34713 0.015227 0.003452 1e-06 0.008302
0-0-1-1-0-0-1-1-0-0-1-1-0-2-2 11426723 0.04087 0.032974 0 0.005577
0-0-1-1-0-0-1-1-0-0-1-1-0-4-3 66667832 0.093481 0.088248 2e-06 0.002873
0-0-1-1-0-0-1-1-0-0-1-1-0-6-4 15626706 0.015311 0.007907 1e-06 0.003017
0-0-1-1-0-0-1-1-0-2-2-3-0-0-1 277704 0.009611 0.002221 1e-06 0.00223
0-0-1-1-0-0-1-1-0-2-2-3-0-2-2 11426723 0.012556 0.006576 0 0.002248
0-0-1-1-0-0-1-1-0-2-2-3-0-4-3 262992233 0.233523 0.227936 1e-06 0.001912
0-0-1-1-0-0-1-1-0-2-2-3-0-6-4 15794415 0.017851 0.008285 1e-06 0.005054
0-0-1-1-0-0-1-1-0-4-3-5-0-0-1 277704 0.008304 0.00288 1e-06 0.002256
0-0-1-1-0-0-1-1-0-4-3-5-0-2-2 13373259 0.012947 0.00767 1e-06 0.001962
0-0-1-1-0-0-1-1-0-4-3-5-0-4-3 242448037 0.11602 0.110663 0 0.002127
0-0-1-1-0-0-1-1-0-4-3-5-0-6-4 15758734 0.0188 0.010485 1e-06 0.002563
0-0-1-1-0-0-1-1-0-6-4-7-0-0-1 277704 0.008055 0.002716 1e-06 0.002282
0-0-1-1-0-0-1-1-0-6-4-7-0-2-2 13954626 0.013099 0.007875 1e-06 0.002158
0-0-1-1-0-0-1-1-0-6-4-7-0-4-3 264536355 0.122325 0.116702 1e-06 0.002318
0-0-1-1-0-0-1-1-0-6-4-7-0-6-4 15794415 0.020645 0.010735 1e-06 0.005628
0-0-1-1-0-2-2-3-0-0-1-1-0-0-1 277704 0.00672 0.002175 0 0.001515
0-0-1-1-0-2-2-3-0-0-1-1-0-2-2 13954626 0.011367 0.00718 1e-06 0.001165
0-0-1-1-0-2-2-3-0-0-1-1-0-4-3 264547773 0.115424 0.109717 1e-06 0.001256
0-0-1-1-0-2-2-3-0-0-1-1-0-6-4 15794415 0.016388 0.008675 3e-06 0.002537
0-0-1-1-0-2-2-3-0-2-2-3-0-0-1 277704 0.007891 0.002213 1e-06 0.001477
0-0-1-1-0-2-2-3-0-2-2-3-0-2-2 11426723 0.015872 0.007089 1e-06 0.005382
0-0-1-1-0-2-2-3-0-2-2-3-0-4-3 262992233 0.112967 0.107648 0 0.001425
0-0-1-1-0-2-2-3-0-2-2-3-0-6-4 15794415 0.020574 0.008859 2e-06 0.008602
0-0-1-1-0-2-2-3-0-4-3-5-0-0-1 277704 0.008933 0.003633 1e-06 0.001502
0-0-1-1-0-2-2-3-0-4-3-5-0-2-2 13954626 0.014391 0.008875 1e-06 0.001345
0-0-1-1-0-2-2-3-0-4-3-5-0-4-3 264272027 0.110713 0.105999 0 0.001373
0-0-1-1-0-2-2-3-0-4-3-5-0-6-4 15794415 0.018245 0.011457 1e-06 0.001774
0-0-1-1-0-2-2-3-0-6-4-7-0-0-1 277704 0.007765 0.003115 1e-06 0.001432
0-0-1-1-0-2-2-3-0-6-4-7-0-2-2 13954626 0.017278 0.008241 0 0.001353
0-0-1-1-0-2-2-3-0-6-4-7-0-4-3 264547773 0.122326 0.117745 0 0.001404
0-0-1-1-0-2-2-3-0-6-4-7-0-6-4 15794415 0.02525 0.011448 1e-06 0.001804
0-0-1-1-0-4-3-5-0-0-1-1-0-0-1 277704 0.008496 0.003735 1e-06 0.002015
0-0-1-1-0-4-3-5-0-0-1-1-0-2-2 13954626 0.01415 0.008416 1e-06 0.001611
0-0-1-1-0-4-3-5-0-0-1-1-0-4-3 264547773 0.123361 0.118056 1e-06 0.0016
0-0-1-1-0-4-3-5-0-0-1-1-0-6-4 15794415 0.018218 0.010232 3e-06 0.002713
0-0-1-1-0-4-3-5-0-2-2-3-0-0-1 277704 0.010124 0.004447 1e-06 0.001741
0-0-1-1-0-4-3-5-0-2-2-3-0-2-2 13373259 0.01561 0.009478 1e-06 0.001696
0-0-1-1-0-4-3-5-0-2-2-3-0-4-3 264534436 0.127997 0.122071 1e-06 0.001668
0-0-1-1-0-4-3-5-0-2-2-3-0-6-4 15794415 0.017802 0.010133 1e-06 0.002065
0-0-1-1-0-4-3-5-0-4-3-5-0-0-1 277704 0.014791 0.007507 0 0.001692
0-0-1-1-0-4-3-5-0-4-3-5-0-2-2 13954626 0.0172 0.010548 1e-06 0.001597
0-0-1-1-0-4-3-5-0-4-3-5-0-4-3 254851812 0.108477 0.102616 1e-06 0.001577
0-0-1-1-0-4-3-5-0-4-3-5-0-6-4 15794415 0.021456 0.014403 1e-06 0.002018
0-0-1-1-0-4-3-5-0-6-4-7-0-0-1 277704 0.010672 0.005257 0 0.001719
0-0-1-1-0-4-3-5-0-6-4-7-0-2-2 13954626 0.016277 0.010047 1e-06 0.001534
0-0-1-1-0-4-3-5-0-6-4-7-0-4-3 264547773 0.119943 0.113855 1e-06 0.001657
0-0-1-1-0-4-3-5-0-6-4-7-0-6-4 15794415 0.028571 0.013419 2e-06 0.003017
0-0-1-1-0-6-4-7-0-0-1-1-0-0-1 277704 0.008689 0.003553 1e-06 0.002056
0-0-1-1-0-6-4-7-0-0-1-1-0-2-2 13954626 0.013248 0.008565 1e-06 0.001695
0-0-1-1-0-6-4-7-0-0-1-1-0-4-3 264547773 0.109099 0.104146 1e-06 0.001756
0-0-1-1-0-6-4-7-0-0-1-1-0-6-4 15794415 0.016773 0.009954 1e-06 0.001915
0-0-1-1-0-6-4-7-0-2-2-3-0-0-1 277704 0.018971 0.004191 1e-06 0.001822
0-0-1-1-0-6-4-7-0-2-2-3-0-2-2 13954626 0.015415 0.00889 1e-06 0.001781
0-0-1-1-0-6-4-7-0-2-2-3-0-4-3 264547773 0.122396 0.116603 1e-06 0.001673
0-0-1-1-0-6-4-7-0-2-2-3-0-6-4 15794415 0.020526 0.010323 2e-06 0.002257
0-0-1-1-0-6-4-7-0-4-3-5-0-0-1 277704 0.015166 0.00763 1e-06 0.001969
0-0-1-1-0-6-4-7-0-4-3-5-0-2-2 13954626 0.020285 0.01216 1e-06 0.001849
0-0-1-1-0-6-4-7-0-4-3-5-0-4-3 264536355 0.12841 0.122016 1e-06 0.001832
0-0-1-1-0-6-4-7-0-4-3-5-0-6-4 15794415 0.022803 0.015963 2e-06 0.00262
0-0-1-1-0-6-4-7-0-6-4-7-0-0-1 277704 0.011419 0.005909 1e-06 0.001925
0-0-1-1-0-6-4-7-0-6-4-7-0-2-2 13954626 0.016832 0.010989 1e-06 0.001819
0-0-1-1-0-6-4-7-0-6-4-7-0-4-3 264547773 0.126749 0.119865 1e-06 0.001893
0-0-1-1-0-6-4-7-0-6-4-7-0-6-4 15794415 0.021631 0.014595 2e-06 0.002609
0-2-2-3-0-0-1-1-0-0-1-1-0-0-1 269979 0.008542 0.003341 1e-06 0.002573
0-2-2-3-0-0-1-1-0-0-1-1-0-2-2 13942082 0.014038 0.00878 1e-06 0.002048
0-2-2-3-0-0-1-1-0-0-1-1-0-4-3 261068775 0.206002 0.199819 1e-06 0.002268
0-2-2-3-0-0-1-1-0-0-1-1-0-6-4 15794087 0.017554 0.009877 2e-06 0.003508
0-2-2-3-0-0-1-1-0-2-2-3-0-0-1 277704 0.007804 0.003395 1e-06 0.001595
0-2-2-3-0-0-1-1-0-2-2-3-0-2-2 13942082 0.012645 0.008309 0 0.001479
0-2-2-3-0-0-1-1-0-2-2-3-0-4-3 264546361 0.213883 0.208803 1e-06 0.001476
0-2-2-3-0-0-1-1-0-2-2-3-0-6-4 15794415 0.018669 0.013276 1e-06 0.001623
0-2-2-3-0-0-1-1-0-4-3-5-0-0-1 277704 0.009256 0.004208 1e-06 0.001669
0-2-2-3-0-0-1-1-0-4-3-5-0-2-2 13950086 0.020494 0.009278 1e-06 0.001495
0-2-2-3-0-0-1-1-0-4-3-5-0-4-3 264223483 0.235395 0.228646 1e-06 0.001478
0-2-2-3-0-0-1-1-0-4-3-5-0-6-4 15794374 0.019041 0.012919 1e-06 0.001866
0-2-2-3-0-0-1-1-0-6-4-7-0-0-1 277704 0.009704 0.003723 1e-06 0.001843
0-2-2-3-0-0-1-1-0-6-4-7-0-2-2 13954626 0.015773 0.009922 1e-06 0.001653
0-2-2-3-0-0-1-1-0-6-4-7-0-4-3 264547768 0.246797 0.239083 1e-06 0.001683
0-2-2-3-0-0-1-1-0-6-4-7-0-6-4 15794415 0.016419 0.011722 0 0.001685
0-2-2-3-0-2-2-3-0-0-1-1-0-0-1 269979 0.007849 0.00328 1e-06 0.001773
0-2-2-3-0-2-2-3-0-0-1-1-0-2-2 13942082 0.012727 0.007986 1e-06 0.001344
0-2-2-3-0-2-2-3-0-0-1-1-0-4-3 261068775 0.203637 0.197713 1e-06 0.001363
0-2-2-3-0-2-2-3-0-0-1-1-0-6-4 15794087 0.020952 0.009516 1e-06 0.008389
0-2-2-3-0-2-2-3-0-2-2-3-0-0-1 269979 0.009199 0.003297 1e-06 0.00155
0-2-2-3-0-2-2-3-0-2-2-3-0-2-2 34713 0.007138 0.002842 0 0.001372
0-2-2-3-0-2-2-3-0-2-2-3-0-4-3 18178411 0.013566 0.008909 1e-06 0.001353
0-2-2-3-0-2-2-3-0-2-2-3-0-6-4 10219172 0.019101 0.007706 2e-06 0.002154
0-2-2-3-0-2-2-3-0-4-3-5-0-0-1 277212 0.011007 0.004255 1e-06 0.001796
0-2-2-3-0-2-2-3-0-4-3-5-0-2-2 12401496 0.015747 0.00894 0 0.00165
0-2-2-3-0-2-2-3-0-4-3-5-0-4-3 223199128 0.11698 0.110977 0 0.001603
0-2-2-3-0-2-2-3-0-4-3-5-0-6-4 15752999 0.025315 0.015593 2e-06 0.002026
0-2-2-3-0-2-2-3-0-6-4-7-0-0-1 277704 0.010837 0.003712 2e-06 0.001843
0-2-2-3-0-2-2-3-0-6-4-7-0-2-2 13689497 0.016551 0.010271 1e-06 0.001728
0-2-2-3-0-2-2-3-0-6-4-7-0-4-3 258664239 0.16057 0.154501 1e-06 0.0017
0-2-2-3-0-2-2-3-0-6-4-7-0-6-4 15792398 0.019655 0.013474 1e-06 0.001911
0-2-2-3-0-4-3-5-0-0-1-1-0-0-1 277212 0.012368 0.004176 2e-06 0.003022
0-2-2-3-0-4-3-5-0-0-1-1-0-2-2 13953539 0.016335 0.008937 0 0.00165
0-2-2-3-0-4-3-5-0-0-1-1-0-4-3 264335304 0.225072 0.217596 1e-06 0.001653
0-2-2-3-0-4-3-5-0-0-1-1-0-6-4 15794372 0.021773 0.011057 2e-06 0.002805
0-2-2-3-0-4-3-5-0-2-2-3-0-0-1 277704 0.014745 0.004961 1e-06 0.001983
0-2-2-3-0-4-3-5-0-2-2-3-0-2-2 12401496 0.017351 0.010145 1e-06 0.001869
0-2-2-3-0-4-3-5-0-2-2-3-0-4-3 263938876 0.138748 0.131196 1e-06 0.00187
0-2-2-3-0-4-3-5-0-2-2-3-0-6-4 15794338 0.0232 0.011562 1e-06 0.002001
0-2-2-3-0-4-3-5-0-4-3-5-0-0-1 277704 0.016797 0.007606 0 0.001853
0-2-2-3-0-4-3-5-0-4-3-5-0-2-2 13942369 0.038654 0.018363 1e-06 0.001822
0-2-2-3-0-4-3-5-0-4-3-5-0-4-3 252870735 0.231918 0.222568 1e-06 0.001863
0-2-2-3-0-4-3-5-0-4-3-5-0-6-4 15794351 0.081397 0.068188 1e-06 0.00198
0-2-2-3-0-4-3-5-0-6-4-7-0-0-1 277704 0.014055 0.00709 1e-06 0.00186
0-2-2-3-0-4-3-5-0-6-4-7-0-2-2 13954500 0.023281 0.015768 1e-06 0.001874
0-2-2-3-0-4-3-5-0-6-4-7-0-4-3 264545259 0.191789 0.184411 0 0.00184
0-2-2-3-0-4-3-5-0-6-4-7-0-6-4 15794413 0.039168 0.021072 1e-06 0.00202
0-2-2-3-0-6-4-7-0-0-1-1-0-0-1 277704 0.00938 0.003688 1e-06 0.002141
0-2-2-3-0-6-4-7-0-0-1-1-0-2-2 13954626 0.013863 0.008576 1e-06 0.001646
0-2-2-3-0-6-4-7-0-0-1-1-0-4-3 264547773 0.226054 0.219381 1e-06 0.001597
0-2-2-3-0-6-4-7-0-0-1-1-0-6-4 15794415 0.016321 0.009544 1e-06 0.001787
0-2-2-3-0-6-4-7-0-2-2-3-0-0-1 277704 0.010992 0.003874 1e-06 0.001814
0-2-2-3-0-6-4-7-0-2-2-3-0-2-2 13689497 0.014264 0.008958 1e-06 0.001697
0-2-2-3-0-6-4-7-0-2-2-3-0-4-3 264526605 0.147913 0.142635 1e-06 0.001673
0-2-2-3-0-6-4-7-0-2-2-3-0-6-4 15794414 0.025568 0.013204 2e-06 0.001991
0-2-2-3-0-6-4-7-0-4-3-5-0-0-1 277704 0.020285 0.007468 1e-06 0.002177
0-2-2-3-0-6-4-7-0-4-3-5-0-2-2 13953921 0.024543 0.018315 1e-06 0.001807
0-2-2-3-0-6-4-7-0-4-3-5-0-4-3 261395656 0.260488 0.253266 1e-06 0.001784
0-2-2-3-0-6-4-7-0-4-3-5-0-6-4 15794415 0.069443 0.062156 1e-06 0.002198
0-2-2-3-0-6-4-7-0-6-4-7-0-0-1 277704 0.013158 0.006475 1e-06 0.00217
0-2-2-3-0-6-4-7-0-6-4-7-0-2-2 13954626 0.02667 0.015837 1e-06 0.001943
0-2-2-3-0-6-4-7-0-6-4-7-0-4-3 264547767 0.219592 0.212748 1e-06 0.001924
0-2-2-3-0-6-4-7-0-6-4-7-0-6-4 15794415 0.02689 0.020352 2e-06 0.002503
0-4-3-5-0-0-1-1-0-0-1-1-0-0-1 125547 0.013786 0.004406 2e-06 0.00541
0-4-3-5-0-0-1-1-0-0-1-1-0-2-2 13103489 0.020225 0.013723 1e-06 0.002597
0-4-3-5-0-0-1-1-0-0-1-1-0-4-3 159103520 0.110535 0.104082 1e-06 0.002449
0-4-3-5-0-0-1-1-0-0-1-1-0-6-4 15740985 0.025432 0.015078 1e-06 0.00279
0-4-3-5-0-0-1-1-0-2-2-3-0-0-1 277704 0.012937 0.00459 1e-06 0.001941
0-4-3-5-0-0-1-1-0-2-2-3-0-2-2 13103489 0.019425 0.013387 1e-06 0.001741
0-4-3-5-0-0-1-1-0-2-2-3-0-4-3 264299335 0.170636 0.158649 1e-06 0.00171
0-4-3-5-0-0-1-1-0-2-2-3-0-6-4 15794415 0.030268 0.015433 1e-06 0.005303
0-4-3-5-0-0-1-1-0-4-3-5-0-0-1 277704 0.012417 0.005365 1e-06 0.002019
0-4-3-5-0-0-1-1-0-4-3-5-0-2-2 13749399 0.021899 0.014162 1e-06 0.001837
0-4-3-5-0-0-1-1-0-4-3-5-0-4-3 254223236 0.171006 0.164138 1e-06 0.001883
0-4-3-5-0-0-1-1-0-4-3-5-0-6-4 15784512 0.026948 0.018606 1e-06 0.002094
0-4-3-5-0-0-1-1-0-6-4-7-0-0-1 277704 0.011757 0.004725 1e-06 0.002069
0-4-3-5-0-0-1-1-0-6-4-7-0-2-2 13954626 0.027839 0.015114 1e-06 0.001959
0-4-3-5-0-0-1-1-0-6-4-7-0-4-3 264545622 0.182798 0.1739 1e-06 0.00193
0-4-3-5-0-0-1-1-0-6-4-7-0-6-4 15794415 0.024521 0.017442 1e-06 0.002147
0-4-3-5-0-2-2-3-0-0-1-1-0-0-1 277597 0.011066 0.004434 1e-06 0.002176
0-4-3-5-0-2-2-3-0-0-1-1-0-2-2 13954538 0.02503 0.017252 1e-06 0.001825
0-4-3-5-0-2-2-3-0-0-1-1-0-4-3 264505054 0.232345 0.218196 0 0.00178
0-4-3-5-0-2-2-3-0-0-1-1-0-6-4 15794415 0.028717 0.020261 1e-06 0.002308
0-4-3-5-0-2-2-3-0-2-2-3-0-0-1 277597 0.011298 0.00436 1e-06 0.002046
0-4-3-5-0-2-2-3-0-2-2-3-0-2-2 1807215 0.011517 0.005369 1e-06 0.001971
0-4-3-5-0-2-2-3-0-2-2-3-0-4-3 186718068 0.244169 0.233873 1e-06 0.002183
0-4-3-5-0-2-2-3-0-2-2-3-0-6-4 15662521 0.035891 0.017261 1e-06 0.002101
0-4-3-5-0-2-2-3-0-4-3-5-0-0-1 277704 0.014659 0.005515 1e-06 0.002279
0-4-3-5-0-2-2-3-0-4-3-5-0-2-2 13920727 0.027724 0.016716 1e-06 0.002064
0-4-3-5-0-2-2-3-0-4-3-5-0-4-3 256552028 0.786728 0.775351 1e-06 0.002121
0-4-3-5-0-2-2-3-0-4-3-5-0-6-4 15793767 0.032012 0.022319 1e-06 0.002269
0-4-3-5-0-2-2-3-0-6-4-7-0-0-1 277704 0.01175 0.004772 2e-06 0.002121
0-4-3-5-0-2-2-3-0-6-4-7-0-2-2 13952209 0.023541 0.015825 1e-06 0.002063
0-4-3-5-0-2-2-3-0-6-4-7-0-4-3 264488100 0.865395 0.856819 1e-06 0.002054
0-4-3-5-0-2-2-3-0-6-4-7-0-6-4 15794397 0.025962 0.01808 2e-06 0.002133
0-4-3-5-0-4-3-5-0-0-1-1-0-0-1 273654 0.014621 0.007529 1e-06 0.002299
0-4-3-5-0-4-3-5-0-0-1-1-0-2-2 13920168 0.025823 0.018323 1e-06 0.002062
0-4-3-5-0-4-3-5-0-0-1-1-0-4-3 261568906 0.192206 0.184694 1e-06 0.00207
0-4-3-5-0-4-3-5-0-0-1-1-0-6-4 15792180 0.029895 0.021864 2e-06 0.002266
0-4-3-5-0-4-3-5-0-2-2-3-0-0-1 277611 0.021087 0.007716 1e-06 0.002194
0-4-3-5-0-4-3-5-0-2-2-3-0-2-2 12620533 0.039874 0.019143 1e-06 0.002106
0-4-3-5-0-4-3-5-0-2-2-3-0-4-3 260987845 0.429584 0.41609 1e-06 0.002176
0-4-3-5-0-4-3-5-0-2-2-3-0-6-4 15743848 0.058339 0.039131 1e-06 0.002221
0-4-3-5-0-4-3-5-0-4-3-5-0-0-1 274950 0.020371 0.010574 1e-06 0.00245
0-4-3-5-0-4-3-5-0-4-3-5-0-2-2 13780903 0.120176 0.106395 1e-06 0.002208
0-4-3-5-0-4-3-5-0-4-3-5-0-4-3 249802666 1.65505 1.64133 1e-06 0.002242
0-4-3-5-0-4-3-5-0-4-3-5-0-6-4 15614461 0.23412 0.202492 1e-06 0.002219
0-4-3-5-0-4-3-5-0-6-4-7-0-0-1 277700 0.018694 0.009951 1e-06 0.001989
0-4-3-5-0-4-3-5-0-6-4-7-0-2-2 13850279 0.125195 0.115145 0 0.002017
0-4-3-5-0-4-3-5-0-6-4-7-0-4-3 263135171 2.83277 2.82049 1e-06 0.002007
0-4-3-5-0-4-3-5-0-6-4-7-0-6-4 15792097 0.203363 0.173031 3e-06 0.002406
0-4-3-5-0-6-4-7-0-0-1-1-0-0-1 277700 0.015762 0.006629 2e-06 0.00324
0-4-3-5-0-6-4-7-0-0-1-1-0-2-2 13954622 0.026219 0.019567 1e-06 0.001803
0-4-3-5-0-6-4-7-0-0-1-1-0-4-3 264547070 0.191758 0.185226 0 0.001787
0-4-3-5-0-6-4-7-0-0-1-1-0-6-4 15794415 0.041997 0.023039 2e-06 0.002689
0-4-3-5-0-6-4-7-0-2-2-3-0-0-1 277704 0.019654 0.006781 2e-06 0.002918
0-4-3-5-0-6-4-7-0-2-2-3-0-2-2 13721768 0.039318 0.02534 1e-06 0.001895
0-4-3-5-0-6-4-7-0-2-2-3-0-4-3 264348044 0.380007 0.371012 1e-06 0.001933
0-4-3-5-0-6-4-7-0-2-2-3-0-6-4 15794371 0.085174 0.059429 1e-06 0.002355
0-4-3-5-0-6-4-7-0-4-3-5-0-0-1 277704 0.021605 0.01 1e-06 0.004765
0-4-3-5-0-6-4-7-0-4-3-5-0-2-2 13953164 0.061843 0.053072 0 0.001991
0-4-3-5-0-6-4-7-0-4-3-5-0-4-3 263215652 4.27946 4.26681 1e-06 0.00196
0-4-3-5-0-6-4-7-0-4-3-5-0-6-4 15794412 0.107813 0.089785 1e-06 0.002302
0-4-3-5-0-6-4-7-0-6-4-7-0-0-1 277704 0.017875 0.008705 2e-06 0.002597
0-4-3-5-0-6-4-7-0-6-4-7-0-2-2 13954620 0.057938 0.050264 1e-06 0.002039
0-4-3-5-0-6-4-7-0-6-4-7-0-4-3 264547650 4.46558 4.45514 1e-06 0.001988
0-4-3-5-0-6-4-7-0-6-4-7-0-6-4 15794415 0.069301 0.056057 1e-06 0.002294
0-6-4-7-0-0-1-1-0-0-1-1-0-0-1 277619 0.009514 0.003349 1e-06 0.002581
0-6-4-7-0-0-1-1-0-0-1-1-0-2-2 13954551 0.014508 0.009612 1e-06 0.002271
0-6-4-7-0-0-1-1-0-0-1-1-0-4-3 264520476 0.178772 0.172691 1e-06 0.002218
0-6-4-7-0-0-1-1-0-0-1-1-0-6-4 15794415 0.018077 0.012137 1e-06 0.00249
0-6-4-7-0-0-1-1-0-2-2-3-0-0-1 277704 0.00746 0.003243 1e-06 0.001705
0-6-4-7-0-0-1-1-0-2-2-3-0-2-2 13954551 0.01455 0.00993 0 0.001644
0-6-4-7-0-0-1-1-0-2-2-3-0-4-3 264547769 0.185954 0.180617 1e-06 0.001613
0-6-4-7-0-0-1-1-0-2-2-3-0-6-4 15794415 0.019188 0.012406 1e-06 0.001968
0-6-4-7-0-0-1-1-0-4-3-5-0-0-1 277704 0.011163 0.004281 1e-06 0.001954
0-6-4-7-0-0-1-1-0-4-3-5-0-2-2 13954585 0.017876 0.011157 0 0.001776
0-6-4-7-0-0-1-1-0-4-3-5-0-4-3 264544959 0.188422 0.18207 1e-06 0.001714
0-6-4-7-0-0-1-1-0-4-3-5-0-6-4 15794415 0.023025 0.014154 1e-06 0.002467
0-6-4-7-0-0-1-1-0-6-4-7-0-0-1 277704 0.011581 0.004017 1e-06 0.002219
0-6-4-7-0-0-1-1-0-6-4-7-0-2-2 13954626 0.0167 0.011013 0 0.001756
0-6-4-7-0-0-1-1-0-6-4-7-0-4-3 264547773 0.184717 0.178066 1e-06 0.001733
0-6-4-7-0-0-1-1-0-6-4-7-0-6-4 15794415 0.02037 0.013514 2e-06 0.002784
0-6-4-7-0-2-2-3-0-0-1-1-0-0-1 277704 0.014948 0.003525 2e-06 0.002447
0-6-4-7-0-2-2-3-0-0-1-1-0-2-2 13954626 0.015299 0.009458 0 0.00164
0-6-4-7-0-2-2-3-0-0-1-1-0-4-3 264547773 0.17168 0.164501 0 0.001634
0-6-4-7-0-2-2-3-0-0-1-1-0-6-4 15794415 0.018155 0.011511 0 0.00191
0-6-4-7-0-2-2-3-0-2-2-3-0-0-1 277704 0.009024 0.003316 1e-06 0.001724
0-6-4-7-0-2-2-3-0-2-2-3-0-2-2 6345795 0.012447 0.006201 0 0.001667
0-6-4-7-0-2-2-3-0-2-2-3-0-4-3 254483838 0.159764 0.150557 3e-06 0.002653
0-6-4-7-0-2-2-3-0-2-2-3-0-6-4 15792946 0.018589 0.013151 1e-06 0.001988
0-6-4-7-0-2-2-3-0-4-3-5-0-0-1 277704 0.012007 0.004194 1e-06 0.001968
0-6-4-7-0-2-2-3-0-4-3-5-0-2-2 13954585 0.01829 0.012369 1e-06 0.001847
0-6-4-7-0-2-2-3-0-4-3-5-0-4-3 262665496 0.195167 0.187512 1e-06 0.001817
0-6-4-7-0-2-2-3-0-4-3-5-0-6-4 15794415 0.03339 0.018803 3e-06 0.00307
0-6-4-7-0-2-2-3-0-6-4-7-0-0-1 277704 0.016413 0.003892 1e-06 0.001881
0-6-4-7-0-2-2-3-0-6-4-7-0-2-2 13954626 0.017437 0.012371 1e-06 0.001898
0-6-4-7-0-2-2-3-0-6-4-7-0-4-3 264547773 0.219751 0.213462 0 0.001785
0-6-4-7-0-2-2-3-0-6-4-7-0-6-4 15794415 0.02949 0.01712 2e-06 0.00294
0-6-4-7-0-4-3-5-0-0-1-1-0-0-1 277701 0.013865 0.006972 1e-06 0.002454
0-6-4-7-0-4-3-5-0-0-1-1-0-2-2 13954618 0.020139 0.013591 1e-06 0.00195
0-6-4-7-0-4-3-5-0-0-1-1-0-4-3 264546039 0.207236 0.199829 1e-06 0.001916
0-6-4-7-0-4-3-5-0-0-1-1-0-6-4 15794415 0.022595 0.015125 3e-06 0.002956
0-6-4-7-0-4-3-5-0-2-2-3-0-0-1 277704 0.014891 0.007419 1e-06 0.002001
0-6-4-7-0-4-3-5-0-2-2-3-0-2-2 13891951 0.024353 0.017758 0 0.00195
0-6-4-7-0-4-3-5-0-2-2-3-0-4-3 264545893 0.179783 0.171883 1e-06 0.001894
0-6-4-7-0-4-3-5-0-2-2-3-0-6-4 15794415 0.031809 0.021387 1e-06 0.002169
0-6-4-7-0-4-3-5-0-4-3-5-0-0-1 277704 0.019812 0.010448 0 0.002213
0-6-4-7-0-4-3-5-0-4-3-5-0-2-2 13954598 0.076748 0.060993 1e-06 0.002119
0-6-4-7-0-4-3-5-0-4-3-5-0-4-3 253260419 0.37457 0.364696 1e-06 0.002047
0-6-4-7-0-4-3-5-0-4-3-5-0-6-4 15794415 0.177643 0.167496 1e-06 0.002409
0-6-4-7-0-4-3-5-0-6-4-7-0-0-1 277704 0.019271 0.010146 1e-06 0.00219
0-6-4-7-0-4-3-5-0-6-4-7-0-2-2 13954626 0.065166 0.05806 1e-06 0.002137
0-6-4-7-0-4-3-5-0-6-4-7-0-4-3 264547770 0.263873 0.256111 1e-06 0.002021
0-6-4-7-0-4-3-5-0-6-4-7-0-6-4 15794415 0.071079 0.063954 1e-06 0.002311
0-6-4-7-0-6-4-7-0-0-1-1-0-0-1 277704 0.013916 0.006071 1e-06 0.002995
0-6-4-7-0-6-4-7-0-0-1-1-0-2-2 13954626 0.017465 0.012243 1e-06 0.00193
0-6-4-7-0-6-4-7-0-0-1-1-0-4-3 264547773 0.217597 0.210268 0 0.001894
0-6-4-7-0-6-4-7-0-0-1-1-0-6-4 15794415 0.022471 0.015147 2e-06 0.002923
0-6-4-7-0-6-4-7-0-2-2-3-0-0-1 277704 0.01409 0.005842 1e-06 0.002199
0-6-4-7-0-6-4-7-0-2-2-3-0-2-2 13954431 0.020979 0.01467 0 0.001946
0-6-4-7-0-6-4-7-0-2-2-3-0-4-3 264547772 0.202703 0.189699 1e-06 0.001895
0-6-4-7-0-6-4-7-0-2-2-3-0-6-4 15794415 0.024266 0.018819 1e-06 0.002043
0-6-4-7-0-6-4-7-0-4-3-5-0-0-1 277704 0.018693 0.009602 1e-06 0.002477
0-6-4-7-0-6-4-7-0-4-3-5-0-2-2 13954626 0.032415 0.025659 1e-06 0.002034
0-6-4-7-0-6-4-7-0-4-3-5-0-4-3 264542880 0.34354 0.334386 0 0.001998
0-6-4-7-0-6-4-7-0-4-3-5-0-6-4 15794415 0.083728 0.065533 1e-06 0.002598
0-6-4-7-0-6-4-7-0-6-4-7-0-0-1 277704 0.013072 0.007128 1e-06 0.002062
0-6-4-7-0-6-4-7-0-6-4-7-0-2-2 13954626 0.024928 0.019799 0 0.001953
0-6-4-7-0-6-4-7-0-6-4-7-0-4-3 264547773 0.229115 0.221763 0 0.001977
0-6-4-7-0-6-4-7-0-6-4-7-0-6-4 15794415 0.034254 0.028294 1e-06 0.002213
1-1-0-0-1-1-0-0-1-1-0-0-1-1-0 34713 0.006897 0.000739 1e-06 0.003797
1-1-0-0-1-1-0-0-1-1-0-2-2-3-0 269979 0.005934 0.001224 1e-06 0.002521
1-1-0-0-1-1-0-0-1-1-0-4-3-5-0 125547 0.006628 0.00175 1e-06 0.002708
1-1-0-0-1-1-0-0-1-1-0-6-4-7-0 277619 0.006957 0.002241 1e-06 0.002497
1-1-0-0-1-1-0-2-2-3-0-0-1-1-0 277704 0.004738 0.000963 0 0.001765
1-1-0-0-1-1-0-2-2-3-0-2-2-3-0 269979 0.009155 0.00502 1e-06 0.001912
1-1-0-0-1-1-0-2-2-3-0-4-3-5-0 277597 0.007222 0.002668 1e-06 0.002052
1-1-0-0-1-1-0-2-2-3-0-6-4-7-0 277704 0.006539 0.002273 0 0.002036
1-1-0-0-1-1-0-4-3-5-0-0-1-1-0 277704 0.006252 0.001702 1e-06 0.002125
1-1-0-0-1-1-0-4-3-5-0-2-2-3-0 277212 0.009284 0.002261 1e-06 0.002177
1-1-0-0-1-1-0-4-3-5-0-4-3-5-0 273654 0.009485 0.004254 1e-06 0.0022
1-1-0-0-1-1-0-4-3-5-0-6-4-7-0 277701 0.008446 0.003958 1e-06 0.001914
1-1-0-0-1-1-0-6-4-7-0-0-1-1-0 277704 0.005474 0.00123 0 0.002182
1-1-0-0-1-1-0-6-4-7-0-2-2-3-0 277704 0.007301 0.001894 0 0.002239
1-1-0-0-1-1-0-6-4-7-0-4-3-5-0 277700 0.010575 0.005126 1e-06 0.002215
1-1-0-0-1-1-0-6-4-7-0-6-4-7-0 277704 0.008404 0.004039 1e-06 0.002032
1-1-0-2-2-3-0-0-1-1-0-0-1-1-0 277704 0.004826 0.000843 1e-06 0.002029
1-1-0-2-2-3-0-0-1-1-0-2-2-3-0 277704 0.004435 0.001261 1e-06 0.00121
1-1-0-2-2-3-0-0-1-1-0-4-3-5-0 277704 0.006138 0.002471 1e-06 0.001292
1-1-0-2-2-3-0-0-1-1-0-6-4-7-0 277704 0.005749 0.002162 0 0.001327
1-1-0-2-2-3-0-2-2-3-0-0-1-1-0 277704 0.004337 0.000821 1e-06 0.001232
1-1-0-2-2-3-0-2-2-3-0-2-2-3-0 269979 0.004594 0.001161 1e-06 0.001301
1-1-0-2-2-3-0-2-2-3-0-4-3-5-0 277597 0.006497 0.002643 1e-06 0.001328
1-1-0-2-2-3-0-2-2-3-0-6-4-7-0 277704 0.006231 0.002297 1e-06 0.001318
1-1-0-2-2-3-0-4-3-5-0-0-1-1-0 277704 0.006739 0.001652 0 0.001446
1-1-0-2-2-3-0-4-3-5-0-2-2-3-0 277704 0.007943 0.002717 0 0.001433
1-1-0-2-2-3-0-4-3-5-0-4-3-5-0 277611 0.010339 0.005215 0 0.00147
1-1-0-2-2-3-0-4-3-5-0-6-4-7-0 277704 0.010122 0.00495 0 0.001482
1-1-0-2-2-3-0-6-4-7-0-0-1-1-0 277704 0.004854 0.001134 1e-06 0.00139
1-1-0-2-2-3-0-6-4-7-0-2-2-3-0 277704 0.005854 0.001394 1e-06 0.001403
1-1-0-2-2-3-0-6-4-7-0-4-3-5-0 277704 0.009917 0.004878 1e-06 0.001466
1-1-0-2-2-3-0-6-4-7-0-6-4-7-0 277704 0.008838 0.004282 1e-06 0.001491
1-1-0-4-3-5-0-0-1-1-0-0-1-1-0 277704 0.007544 0.001685 1e-06 0.002313
1-1-0-4-3-5-0-0-1-1-0-2-2-3-0 277704 0.006694 0.002049 0 0.001514
1-1-0-4-3-5-0-0-1-1-0-4-3-5-0 277704 0.008112 0.003436 1e-06 0.00155
1-1-0-4-3-5-0-0-1-1-0-6-4-7-0 277704 0.007756 0.003054 1e-06 0.001564
1-1-0-4-3-5-0-2-2-3-0-0-1-1-0 277704 0.007153 0.002039 1e-06 0.001498
1-1-0-4-3-5-0-2-2-3-0-2-2-3-0 277212 0.006903 0.002194 0 0.001549
1-1-0-4-3-5-0-2-2-3-0-4-3-5-0 277704 0.008569 0.003559 0 0.001599
1-1-0-4-3-5-0-2-2-3-0-6-4-7-0 277704 0.008423 0.00336 0 0.00158
1-1-0-4-3-5-0-4-3-5-0-0-1-1-0 277704 0.011549 0.005305 1e-06 0.001663
1-1-0-4-3-5-0-4-3-5-0-2-2-3-0 277704 0.010368 0.004385 0 0.001711
1-1-0-4-3-5-0-4-3-5-0-4-3-5-0 274950 0.013252 0.006892 1e-06 0.001751
1-1-0-4-3-5-0-4-3-5-0-6-4-7-0 277704 0.012128 0.00613 0 0.00175
1-1-0-4-3-5-0-6-4-7-0-0-1-1-0 277704 0.008035 0.003007 0 0.001677
1-1-0-4-3-5-0-6-4-7-0-2-2-3-0 277704 0.009 0.003516 0 0.001654
1-1-0-4-3-5-0-6-4-7-0-4-3-5-0 277704 0.011555 0.006451 1e-06 0.001704
1-1-0-4-3-5-0-6-4-7-0-6-4-7-0 277704 0.010922 0.005645 0 0.001727
1-1-0-6-4-7-0-0-1-1-0-0-1-1-0 277704 0.005168 0.001141 1e-06 0.002047
1-1-0-6-4-7-0-0-1-1-0-2-2-3-0 277704 0.005168 0.001416 0 0.001507
1-1-0-6-4-7-0-0-1-1-0-4-3-5-0 277704 0.007114 0.002981 1e-06 0.001582
1-1-0-6-4-7-0-0-1-1-0-6-4-7-0 277704 0.006197 0.002247 1e-06 0.00158
1-1-0-6-4-7-0-2-2-3-0-0-1-1-0 277704 0.005653 0.0015 1e-06 0.001524
1-1-0-6-4-7-0-2-2-3-0-2-2-3-0 277704 0.005613 0.001733 1e-06 0.001585
1-1-0-6-4-7-0-2-2-3-0-4-3-5-0 277704 0.007782 0.003336 1e-06 0.001613
1-1-0-6-4-7-0-2-2-3-0-6-4-7-0 277704 0.007308 0.002541 0 0.001604
1-1-0-6-4-7-0-4-3-5-0-0-1-1-0 277704 0.009976 0.004628 0 0.001679
1-1-0-6-4-7-0-4-3-5-0-2-2-3-0 277704 0.011113 0.00474 0 0.001735
1-1-0-6-4-7-0-4-3-5-0-4-3-5-0 277700 0.013417 0.007548 1e-06 0.001708
1-1-0-6-4-7-0-4-3-5-0-6-4-7-0 277704 0.012096 0.007009 1e-06 0.001738
1-1-0-6-4-7-0-6-4-7-0-0-1-1-0 277704 0.00702 0.002987 1e-06 0.001661
1-1-0-6-4-7-0-6-4-7-0-2-2-3-0 277704 0.008006 0.003486 0 0.001693
1-1-0-6-4-7-0-6-4-7-0-4-3-5-0 277704 0.011514 0.006535 1e-06 0.001727
1-1-0-6-4-7-0-6-4-7-0-6-4-7-0 277704 0.010078 0.005746 0 0.001724
2-3-0-0-1-1-0-0-1-1-0-0-1-1-0 11426723 0.008269 0.003375 1e-06 0.00283
2-3-0-0-1-1-0-0-1-1-0-2-2-3-0 13942082 0.009212 0.005423 1e-06 0.001916
2-3-0-0-1-1-0-0-1-1-0-4-3-5-0 13103489 0.012476 0.008064 1e-06 0.002093
2-3-0-0-1-1-0-0-1-1-0-6-4-7-0 13954551 0.025203 0.02052 1e-06 0.002042
2-3-0-0-1-1-0-2-2-3-0-0-1-1-0 13954626 0.007551 0.004305 1e-06 0.001302
2-3-0-0-1-1-0-2-2-3-0-2-2-3-0 13942082 0.009273 0.005587 1e-06 0.001456
2-3-0-0-1-1-0-2-2-3-0-4-3-5-0 13954538 0.013284 0.009772 0 0.001426
2-3-0-0-1-1-0-2-2-3-0-6-4-7-0 13954626 0.024044 0.020341 1e-06 0.001479
2-3-0-0-1-1-0-4-3-5-0-0-1-1-0 13954626 0.00949 0.005218 1e-06 0.001559
2-3-0-0-1-1-0-4-3-5-0-2-2-3-0 13953539 0.010341 0.005924 1e-06 0.001571
2-3-0-0-1-1-0-4-3-5-0-4-3-5-0 13920168 0.016244 0.011705 1e-06 0.00162
2-3-0-0-1-1-0-4-3-5-0-6-4-7-0 13954618 0.027042 0.022527 0 0.001634
2-3-0-0-1-1-0-6-4-7-0-0-1-1-0 13954626 0.008516 0.004486 1e-06 0.001632
2-3-0-0-1-1-0-6-4-7-0-2-2-3-0 13954626 0.010591 0.005925 1e-06 0.001593
2-3-0-0-1-1-0-6-4-7-0-4-3-5-0 13954622 0.01907 0.013595 1e-06 0.001838
2-3-0-0-1-1-0-6-4-7-0-6-4-7-0 13954626 0.032179 0.027781 1e-06 0.001672
2-3-0-2-2-3-0-0-1-1-0-0-1-1-0 11426723 0.007343 0.003322 1e-06 0.002169
2-3-0-2-2-3-0-0-1-1-0-2-2-3-0 13942082 0.008029 0.004647 1e-06 0.001508
2-3-0-2-2-3-0-0-1-1-0-4-3-5-0 13103489 0.011654 0.008038 1e-06 0.001518
2-3-0-2-2-3-0-0-1-1-0-6-4-7-0 13954551 0.024146 0.020265 1e-06 0.001526
2-3-0-2-2-3-0-2-2-3-0-0-1-1-0 11426723 0.00685 0.003242 1e-06 0.001493
2-3-0-2-2-3-0-2-2-3-0-2-2-3-0 34713 0.004012 0.000674 1e-06 0.001505
2-3-0-2-2-3-0-2-2-3-0-4-3-5-0 1807215 0.011341 0.00354 1e-06 0.001475
2-3-0-2-2-3-0-2-2-3-0-6-4-7-0 6345795 0.011759 0.008194 1e-06 0.001403
2-3-0-2-2-3-0-4-3-5-0-0-1-1-0 13373259 0.009559 0.004397 0 0.0015
2-3-0-2-2-3-0-4-3-5-0-2-2-3-0 12401496 0.009501 0.00505 1e-06 0.001553
2-3-0-2-2-3-0-4-3-5-0-4-3-5-0 12620533 0.038376 0.032346 1e-06 0.001597
2-3-0-2-2-3-0-4-3-5-0-6-4-7-0 13891951 0.029951 0.024654 0 0.00165
2-3-0-2-2-3-0-6-4-7-0-0-1-1-0 13954626 0.009922 0.004283 0 0.001656
2-3-0-2-2-3-0-6-4-7-0-2-2-3-0 13689497 0.008762 0.0049 1e-06 0.001626
2-3-0-2-2-3-0-6-4-7-0-4-3-5-0 13721768 0.043061 0.038624 1e-06 0.001673
2-3-0-2-2-3-0-6-4-7-0-6-4-7-0 13954431 0.027234 0.023121 0 0.00167
2-3-0-4-3-5-0-0-1-1-0-0-1-1-0 13373259 0.009587 0.004453 1e-06 0.00232
2-3-0-4-3-5-0-0-1-1-0-2-2-3-0 13950086 0.010163 0.005354 1e-06 0.001726
2-3-0-4-3-5-0-0-1-1-0-4-3-5-0 13749399 0.014772 0.009623 1e-06 0.001753
2-3-0-4-3-5-0-0-1-1-0-6-4-7-0 13954585 0.026713 0.02127 1e-06 0.00182
2-3-0-4-3-5-0-2-2-3-0-0-1-1-0 13954626 0.012682 0.005464 0 0.001707
2-3-0-4-3-5-0-2-2-3-0-2-2-3-0 12401496 0.010368 0.005067 1e-06 0.001806
2-3-0-4-3-5-0-2-2-3-0-4-3-5-0 13920727 0.03514 0.029755 1e-06 0.001779
2-3-0-4-3-5-0-2-2-3-0-6-4-7-0 13954585 0.027095 0.022185 1e-06 0.001759
2-3-0-4-3-5-0-4-3-5-0-0-1-1-0 13954626 0.015301 0.00778 0 0.001868
2-3-0-4-3-5-0-4-3-5-0-2-2-3-0 13942369 0.021375 0.01256 1e-06 0.001863
2-3-0-4-3-5-0-4-3-5-0-4-3-5-0 13780903 0.117798 0.109789 0 0.001962
2-3-0-4-3-5-0-4-3-5-0-6-4-7-0 13954598 0.072977 0.065607 1e-06 0.001877
2-3-0-4-3-5-0-6-4-7-0-0-1-1-0 13954626 0.013285 0.007921 1e-06 0.001829
2-3-0-4-3-5-0-6-4-7-0-2-2-3-0 13953921 0.017074 0.010386 1e-06 0.002
2-3-0-4-3-5-0-6-4-7-0-4-3-5-0 13953164 0.06858 0.062668 1e-06 0.001866
2-3-0-4-3-5-0-6-4-7-0-6-4-7-0 13954626 0.032539 0.027316 1e-06 0.001849
2-3-0-6-4-7-0-0-1-1-0-0-1-1-0 13954626 0.008289 0.003972 1e-06 0.002349
2-3-0-6-4-7-0-0-1-1-0-2-2-3-0 13954626 0.009455 0.004851 0 0.001776
2-3-0-6-4-7-0-0-1-1-0-4-3-5-0 13954626 0.012933 0.008551 0 0.00172
2-3-0-6-4-7-0-0-1-1-0-6-4-7-0 13954626 0.022456 0.018152 1e-06 0.001759
2-3-0-6-4-7-0-2-2-3-0-0-1-1-0 13954626 0.009083 0.003862 0 0.001692
2-3-0-6-4-7-0-2-2-3-0-2-2-3-0 13689497 0.008026 0.004483 1e-06 0.001673
2-3-0-6-4-7-0-2-2-3-0-4-3-5-0 13952209 0.030969 0.026812 1e-06 0.001702
2-3-0-6-4-7-0-2-2-3-0-6-4-7-0 13954626 0.022904 0.019132 1e-06 0.001694
2-3-0-6-4-7-0-4-3-5-0-0-1-1-0 13954626 0.013374 0.008056 0 0.001791
2-3-0-6-4-7-0-4-3-5-0-2-2-3-0 13954500 0.016941 0.011395 3e-06 0.00262
2-3-0-6-4-7-0-4-3-5-0-4-3-5-0 13850279 0.125843 0.119768 1e-06 0.001839
2-3-0-6-4-7-0-4-3-5-0-6-4-7-0 13954626 0.062359 0.054211 1e-06 0.004551
2-3-0-6-4-7-0-6-4-7-0-0-1-1-0 13954626 0.009205 0.005332 1e-06 0.001804
2-3-0-6-4-7-0-6-4-7-0-2-2-3-0 13954626 0.013656 0.008617 1e-06 0.001901
2-3-0-6-4-7-0-6-4-7-0-4-3-5-0 13954620 0.063507 0.058931 1e-06 0.001806
2-3-0-6-4-7-0-6-4-7-0-6-4-7-0 13954626 0.02905 0.025176 1e-06 0.00178
3-5-0-0-1-1-0-0-1-1-0-0-1-1-0 66667832 0.025396 0.020676 1e-06 0.002534
3-5-0-0-1-1-0-0-1-1-0-2-2-3-0 261068775 0.10672 0.101834 1e-06 0.002037
3-5-0-0-1-1-0-0-1-1-0-4-3-5-0 159103520 0.064495 0.058843 1e-06 0.002335
3-5-0-0-1-1-0-0-1-1-0-6-4-7-0 264520476 0.105405 0.097758 0 0.002251
3-5-0-0-1-1-0-2-2-3-0-0-1-1-0 264547773 0.09263 0.087413 1e-06 0.001642
3-5-0-0-1-1-0-2-2-3-0-2-2-3-0 261068775 0.095147 0.088713 2e-06 0.002328
3-5-0-0-1-1-0-2-2-3-0-4-3-5-0 264505054 0.093157 0.084826 1e-06 0.001704
3-5-0-0-1-1-0-2-2-3-0-6-4-7-0 264547773 0.088361 0.08321 1e-06 0.001826
3-5-0-0-1-1-0-4-3-5-0-0-1-1-0 264547773 0.077711 0.070921 1e-06 0.001896
3-5-0-0-1-1-0-4-3-5-0-2-2-3-0 264335304 0.088014 0.076637 1e-06 0.001767
3-5-0-0-1-1-0-4-3-5-0-4-3-5-0 261568906 0.082761 0.077046 1e-06 0.001984
3-5-0-0-1-1-0-4-3-5-0-6-4-7-0 264546039 0.091723 0.086407 1e-06 0.001824
3-5-0-0-1-1-0-6-4-7-0-0-1-1-0 264547773 0.079907 0.07348 1e-06 0.001822
3-5-0-0-1-1-0-6-4-7-0-2-2-3-0 264547773 0.093245 0.080598 2e-06 0.00249
3-5-0-0-1-1-0-6-4-7-0-4-3-5-0 264547070 0.099674 0.092421 2e-06 0.002958
3-5-0-0-1-1-0-6-4-7-0-6-4-7-0 264547773 0.09999 0.092942 2e-06 0.002283
3-5-0-2-2-3-0-0-1-1-0-0-1-1-0 262992233 0.092873 0.085026 3e-06 0.003242
3-5-0-2-2-3-0-0-1-1-0-2-2-3-0 264546361 0.154774 0.148493 1e-06 0.001806
3-5-0-2-2-3-0-0-1-1-0-4-3-5-0 264299335 0.140663 0.134133 1e-06 0.001774
3-5-0-2-2-3-0-0-1-1-0-6-4-7-0 264547769 0.160951 0.155307 1e-06 0.001714
3-5-0-2-2-3-0-2-2-3-0-0-1-1-0 262992233 0.078097 0.069977 2e-06 0.002289
3-5-0-2-2-3-0-2-2-3-0-2-2-3-0 18178411 0.020258 0.006402 2e-06 0.002532
3-5-0-2-2-3-0-2-2-3-0-4-3-5-0 186718068 0.108776 0.098807 1e-06 0.002299
3-5-0-2-2-3-0-2-2-3-0-6-4-7-0 254483838 0.330107 0.313903 1e-06 0.001903
3-5-0-2-2-3-0-4-3-5-0-0-1-1-0 264534436 0.104367 0.088907 1e-06 0.001826
3-5-0-2-2-3-0-4-3-5-0-2-2-3-0 263938876 0.105736 0.099113 1e-06 0.001876
3-5-0-2-2-3-0-4-3-5-0-4-3-5-0 260987845 0.19757 0.189704 1e-06 0.002126
3-5-0-2-2-3-0-4-3-5-0-6-4-7-0 264545893 0.391273 0.374268 2e-06 0.002541
3-5-0-2-2-3-0-6-4-7-0-0-1-1-0 264547773 0.115781 0.103408 1e-06 0.001996
3-5-0-2-2-3-0-6-4-7-0-2-2-3-0 264526605 0.112979 0.100455 3e-06 0.00275
3-5-0-2-2-3-0-6-4-7-0-4-3-5-0 264348044 0.195673 0.189333 3e-06 0.00274
3-5-0-2-2-3-0-6-4-7-0-6-4-7-0 264547772 0.335569 0.329476 1e-06 0.001962
3-5-0-4-3-5-0-0-1-1-0-0-1-1-0 242448037 0.078093 0.070514 1e-06 0.002469
3-5-0-4-3-5-0-0-1-1-0-2-2-3-0 264223483 0.150123 0.143731 1e-06 0.001955
3-5-0-4-3-5-0-0-1-1-0-4-3-5-0 254223236 0.149176 0.14157 0 0.002197
3-5-0-4-3-5-0-0-1-1-0-6-4-7-0 264544959 0.152585 0.145365 1e-06 0.002084
3-5-0-4-3-5-0-2-2-3-0-0-1-1-0 264272027 0.09059 0.082482 2e-06 0.002255
3-5-0-4-3-5-0-2-2-3-0-2-2-3-0 223199128 0.112418 0.086465 1e-06 0.002188
3-5-0-4-3-5-0-2-2-3-0-4-3-5-0 256552028 0.650857 0.62964 0 0.001959
3-5-0-4-3-5-0-2-2-3-0-6-4-7-0 262665496 0.403563 0.383957 2e-06 0.002658
3-5-0-4-3-5-0-4-3-5-0-0-1-1-0 254851812 0.101068 0.093096 1e-06 0.002026
3-5-0-4-3-5-0-4-3-5-0-2-2-3-0 252870735 0.203771 0.187953 1e-06 0.002175
3-5-0-4-3-5-0-4-3-5-0-4-3-5-0 249802666 1.88029 1.8665 1e-06 0.002159
3-5-0-4-3-5-0-4-3-5-0-6-4-7-0 253260419 0.502513 0.478334 0 0.002135
3-5-0-4-3-5-0-6-4-7-0-0-1-1-0 264536355 0.10888 0.101584 1e-06 0.001873
3-5-0-4-3-5-0-6-4-7-0-2-2-3-0 261395656 0.213521 0.197608 1e-06 0.001958
3-5-0-4-3-5-0-6-4-7-0-4-3-5-0 263215652 4.20343 4.17923 2e-06 0.0023
3-5-0-4-3-5-0-6-4-7-0-6-4-7-0 264542880 0.539914 0.51401 1e-06 0.004852
3-5-0-6-4-7-0-0-1-1-0-0-1-1-0 264536355 0.114484 0.103036 1e-06 0.00256
3-5-0-6-4-7-0-0-1-1-0-2-2-3-0 264547768 0.168464 0.162991 1e-06 0.001903
3-5-0-6-4-7-0-0-1-1-0-4-3-5-0 264545622 0.15822 0.151735 1e-06 0.001906
3-5-0-6-4-7-0-0-1-1-0-6-4-7-0 264547773 0.191212 0.183868 0 0.002024
3-5-0-6-4-7-0-2-2-3-0-0-1-1-0 264547773 0.105211 0.09753 1e-06 0.002061
3-5-0-6-4-7-0-2-2-3-0-2-2-3-0 258664239 0.129118 0.11368 1e-06 0.002048
3-5-0-6-4-7-0-2-2-3-0-4-3-5-0 264488100 0.823464 0.804395 1e-06 0.002117
3-5-0-6-4-7-0-2-2-3-0-6-4-7-0 264547773 0.401483 0.370809 2e-06 0.002617
3-5-0-6-4-7-0-4-3-5-0-0-1-1-0 264547773 0.097575 0.089744 0 0.002028
3-5-0-6-4-7-0-4-3-5-0-2-2-3-0 264545259 0.159518 0.135427 1e-06 0.002128
3-5-0-6-4-7-0-4-3-5-0-4-3-5-0 263135171 2.61579 2.60798 1e-06 0.002113
3-5-0-6-4-7-0-4-3-5-0-6-4-7-0 264547770 0.452403 0.412778 1e-06 0.002568
3-5-0-6-4-7-0-6-4-7-0-0-1-1-0 264547773 0.110154 0.10066 1e-06 0.002254
3-5-0-6-4-7-0-6-4-7-0-2-2-3-0 264547767 0.146836 0.140589 1e-06 0.002026
3-5-0-6-4-7-0-6-4-7-0-4-3-5-0 264547650 4.49286 4.47553 2e-06 0.002231
3-5-0-6-4-7-0-6-4-7-0-6-4-7-0 264547773 0.428157 0.413193 1e-06 0.002329
4-7-0-0-1-1-0-0-1-1-0-0-1-1-0 15626706 0.01501 0.004886 1e-06 0.003049
4-7-0-0-1-1-0-0-1-1-0-2-2-3-0 15794087 0.009699 0.005571 1e-06 0.002167
4-7-0-0-1-1-0-0-1-1-0-4-3-5-0 15740985 0.01387 0.009458 1e-06 0.001973
4-7-0-0-1-1-0-0-1-1-0-6-4-7-0 15794415 0.024945 0.020627 1e-06 0.002183
4-7-0-0-1-1-0-2-2-3-0-0-1-1-0 15794415 0.008323 0.004555 1e-06 0.001463
4-7-0-0-1-1-0-2-2-3-0-2-2-3-0 15794087 0.008713 0.005057 1e-06 0.00149
4-7-0-0-1-1-0-2-2-3-0-4-3-5-0 15794415 0.014048 0.010597 0 0.001521
4-7-0-0-1-1-0-2-2-3-0-6-4-7-0 15794415 0.030096 0.02127 1e-06 0.001522
4-7-0-0-1-1-0-4-3-5-0-0-1-1-0 15794415 0.009547 0.005455 1e-06 0.001588
4-7-0-0-1-1-0-4-3-5-0-2-2-3-0 15794372 0.010388 0.006031 1e-06 0.001652
4-7-0-0-1-1-0-4-3-5-0-4-3-5-0 15792180 0.01702 0.012422 1e-06 0.001657
4-7-0-0-1-1-0-4-3-5-0-6-4-7-0 15794415 0.026142 0.022068 0 0.001654
4-7-0-0-1-1-0-6-4-7-0-0-1-1-0 15794415 0.008337 0.004901 1e-06 0.001584
4-7-0-0-1-1-0-6-4-7-0-2-2-3-0 15794415 0.010026 0.00549 1e-06 0.001592
4-7-0-0-1-1-0-6-4-7-0-4-3-5-0 15794415 0.017542 0.012907 1e-06 0.001657
4-7-0-0-1-1-0-6-4-7-0-6-4-7-0 15794415 0.025833 0.022049 1e-06 0.001658
4-7-0-2-2-3-0-0-1-1-0-0-1-1-0 15794415 0.010728 0.005164 0 0.001959
4-7-0-2-2-3-0-0-1-1-0-2-2-3-0 15794415 0.009041 0.005058 1e-06 0.001507
4-7-0-2-2-3-0-0-1-1-0-4-3-5-0 15794415 0.013865 0.009138 1e-06 0.001566
4-7-0-2-2-3-0-0-1-1-0-6-4-7-0 15794415 0.024274 0.020336 1e-06 0.001567
4-7-0-2-2-3-0-2-2-3-0-0-1-1-0 15794415 0.008051 0.004467 1e-06 0.001497
4-7-0-2-2-3-0-2-2-3-0-2-2-3-0 10219172 0.006803 0.002982 0 0.001543
4-7-0-2-2-3-0-2-2-3-0-4-3-5-0 15662521 0.034703 0.030213 1e-06 0.001611
4-7-0-2-2-3-0-2-2-3-0-6-4-7-0 15792946 0.025029 0.021252 0 0.001593
4-7-0-2-2-3-0-4-3-5-0-0-1-1-0 15794415 0.01023 0.005654 1e-06 0.001672
4-7-0-2-2-3-0-4-3-5-0-2-2-3-0 15794338 0.012874 0.008444 1e-06 0.001679
4-7-0-2-2-3-0-4-3-5-0-4-3-5-0 15743848 0.055621 0.049517 1e-06 0.001835
4-7-0-2-2-3-0-4-3-5-0-6-4-7-0 15794415 0.030503 0.025939 0 0.001691
4-7-0-2-2-3-0-6-4-7-0-0-1-1-0 15794415 0.009077 0.004645 1e-06 0.001633
4-7-0-2-2-3-0-6-4-7-0-2-2-3-0 15794414 0.012075 0.008191 1e-06 0.001643
4-7-0-2-2-3-0-6-4-7-0-4-3-5-0 15794371 0.071521 0.066007 3e-06 0.002682
4-7-0-2-2-3-0-6-4-7-0-6-4-7-0 15794415 0.028968 0.024568 1e-06 0.001825
4-7-0-4-3-5-0-0-1-1-0-0-1-1-0 15758734 0.013806 0.007804 1e-06 0.002365
4-7-0-4-3-5-0-0-1-1-0-2-2-3-0 15794374 0.013519 0.008448 1e-06 0.001902
4-7-0-4-3-5-0-0-1-1-0-4-3-5-0 15784512 0.018315 0.013334 1e-06 0.001896
4-7-0-4-3-5-0-0-1-1-0-6-4-7-0 15794415 0.028958 0.024161 1e-06 0.00188
4-7-0-4-3-5-0-2-2-3-0-0-1-1-0 15794415 0.013868 0.00853 1e-06 0.001872
4-7-0-4-3-5-0-2-2-3-0-2-2-3-0 15752999 0.016695 0.01172 1e-06 0.001898
4-7-0-4-3-5-0-2-2-3-0-4-3-5-0 15793767 0.042915 0.037618 1e-06 0.001945
4-7-0-4-3-5-0-2-2-3-0-6-4-7-0 15794415 0.033745 0.028649 1e-06 0.001971
4-7-0-4-3-5-0-4-3-5-0-0-1-1-0 15794415 0.018011 0.010967 1e-06 0.001995
4-7-0-4-3-5-0-4-3-5-0-2-2-3-0 15794351 0.054796 0.047089 2e-06 0.00201
4-7-0-4-3-5-0-4-3-5-0-4-3-5-0 15614461 0.21118 0.20279 1e-06 0.002056
4-7-0-4-3-5-0-4-3-5-0-6-4-7-0 15794415 0.15205 0.144655 1e-06 0.002013
4-7-0-4-3-5-0-6-4-7-0-0-1-1-0 15794415 0.017624 0.010919 1e-06 0.001856
4-7-0-4-3-5-0-6-4-7-0-2-2-3-0 15794415 0.050132 0.045021 1e-06 0.001917
4-7-0-4-3-5-0-6-4-7-0-4-3-5-0 15794412 0.107411 0.101799 0 0.001898
4-7-0-4-3-5-0-6-4-7-0-6-4-7-0 15794415 0.069746 0.06429 1e-06 0.001894
4-7-0-6-4-7-0-0-1-1-0-0-1-1-0 15794415 0.011002 0.006036 0 0.002325
4-7-0-6-4-7-0-0-1-1-0-2-2-3-0 15794415 0.010346 0.006523 0 0.001722
4-7-0-6-4-7-0-0-1-1-0-4-3-5-0 15794415 0.015419 0.011295 1e-06 0.001761
4-7-0-6-4-7-0-0-1-1-0-6-4-7-0 15794415 0.025835 0.021938 1e-06 0.001778
4-7-0-6-4-7-0-2-2-3-0-0-1-1-0 15794415 0.012089 0.007214 1e-06 0.001722
4-7-0-6-4-7-0-2-2-3-0-2-2-3-0 15792398 0.012847 0.007755 1e-06 0.001868
4-7-0-6-4-7-0-2-2-3-0-4-3-5-0 15794397 0.037328 0.033111 0 0.001776
4-7-0-6-4-7-0-2-2-3-0-6-4-7-0 15794415 0.028357 0.024575 0 0.001773
4-7-0-6-4-7-0-4-3-5-0-0-1-1-0 15794415 0.014338 0.009183 1e-06 0.001882
4-7-0-6-4-7-0-4-3-5-0-2-2-3-0 15794413 0.021567 0.016717 0 0.001845
4-7-0-6-4-7-0-4-3-5-0-4-3-5-0 15792097 0.178101 0.171995 0 0.001932
4-7-0-6-4-7-0-4-3-5-0-6-4-7-0 15794415 0.065619 0.060261 1e-06 0.001868
4-7-0-6-4-7-0-6-4-7-0-0-1-1-0 15794415 0.01279 0.008323 1e-06 0.001891
4-7-0-6-4-7-0-6-4-7-0-2-2-3-0 15794415 0.017286 0.013092 1e-06 0.002017
4-7-0-6-4-7-0-6-4-7-0-4-3-5-0 15794415 0.074865 0.070213 1e-06 0.001885
4-7-0-6-4-7-0-6-4-7-0-6-4-7-0 15794415 0.036127 0.031969 1e-06 0.00186
