0-0-1-1-0-0-1-1-0-0-1-1-0-0-1 34713 0.012524 0.002107 1e-06 0.007546
0-0-1-1-0-0-1-1-0-0-1-1-0-2-2 11426723 0.058538 0.049782 1e-06 0.007043
0-0-1-1-0-0-1-1-0-0-1-1-0-4-3 66667832 0.207781 0.201975 1e-06 0.004132
0-0-1-1-0-0-1-1-0-0-1-1-0-6-4 15626706 0.008686 0.00322 1e-06 0.003934
0-0-1-1-0-0-1-1-0-2-2-3-0-0-1 277704 0.005778 0.001381 2e-06 0.002958
0-0-1-1-0-0-1-1-0-2-2-3-0-2-2 11426723 0.007109 0.002633 1e-06 0.002995
0-0-1-1-0-0-1-1-0-2-2-3-0-4-3 262992233 0.272397 0.26755 1e-06 0.00302
0-0-1-1-0-0-1-1-0-2-2-3-0-6-4 15794415 0.015624 0.003825 1e-06 0.008665
0-0-1-1-0-0-1-1-0-4-3-5-0-0-1 277704 0.013528 0.002173 2e-06 0.007169
0-0-1-1-0-0-1-1-0-4-3-5-0-2-2 13373259 0.015746 0.004173 1e-06 0.006946
0-0-1-1-0-0-1-1-0-4-3-5-0-4-3 242448037 0.079204 0.069395 1e-06 0.007082
0-0-1-1-0-0-1-1-0-4-3-5-0-6-4 15758734 0.018993 0.006819 1e-06 0.008466
0-0-1-1-0-0-1-1-0-6-4-7-0-0-1 277704 0.01217 0.001858 1e-06 0.007285
0-0-1-1-0-0-1-1-0-6-4-7-0-2-2 13954626 0.014885 0.003842 1e-06 0.007051
0-0-1-1-0-0-1-1-0-6-4-7-0-4-3 264536355 0.089449 0.079826 2e-06 0.007187
0-0-1-1-0-0-1-1-0-6-4-7-0-6-4 15794415 0.015799 0.004684 1e-06 0.00783
0-0-1-1-0-2-2-3-0-0-1-1-0-0-1 277704 0.010542 0.001644 1e-06 0.006063
0-0-1-1-0-2-2-3-0-0-1-1-0-2-2 13954626 0.011536 0.003293 1e-06 0.00567
0-0-1-1-0-2-2-3-0-0-1-1-0-4-3 264547773 0.074258 0.065108 1e-06 0.006728
0-0-1-1-0-2-2-3-0-0-1-1-0-6-4 15794415 0.014454 0.003874 2e-06 0.007247
0-0-1-1-0-2-2-3-0-2-2-3-0-0-1 277704 0.010121 0.001491 1e-06 0.005621
0-0-1-1-0-2-2-3-0-2-2-3-0-2-2 11426723 0.011323 0.003008 1e-06 0.005583
0-0-1-1-0-2-2-3-0-2-2-3-0-4-3 262992233 0.06174 0.054114 1e-06 0.005742
0-0-1-1-0-2-2-3-0-2-2-3-0-6-4 15794415 0.013317 0.003773 1e-06 0.006473
0-0-1-1-0-2-2-3-0-4-3-5-0-0-1 277704 0.010118 0.001761 1e-06 0.005456
0-0-1-1-0-2-2-3-0-4-3-5-0-2-2 13954626 0.01299 0.004063 1e-06 0.005573
0-0-1-1-0-2-2-3-0-4-3-5-0-4-3 264272027 0.0707 0.062757 1e-06 0.005586
0-0-1-1-0-2-2-3-0-4-3-5-0-6-4 15794415 0.020433 0.006923 1e-06 0.009587
0-0-1-1-0-2-2-3-0-6-4-7-0-0-1 277704 0.010014 0.001602 1e-06 0.005613
0-0-1-1-0-2-2-3-0-6-4-7-0-2-2 13954626 0.012153 0.003569 1e-06 0.005546
0-0-1-1-0-2-2-3-0-6-4-7-0-4-3 264547773 0.070433 0.062493 2e-06 0.00561
0-0-1-1-0-2-2-3-0-6-4-7-0-6-4 15794415 0.014524 0.00489 2e-06 0.006496
0-0-1-1-0-4-3-5-0-0-1-1-0-0-1 277704 0.010381 0.001943 2e-06 0.005839
0-0-1-1-0-4-3-5-0-0-1-1-0-2-2 13954626 0.020929 0.003747 1e-06 0.00844
0-0-1-1-0-4-3-5-0-0-1-1-0-4-3 264547773 0.063748 0.056088 1e-06 0.005516
0-0-1-1-0-4-3-5-0-0-1-1-0-6-4 15794415 0.014811 0.004081 2e-06 0.007299
0-0-1-1-0-4-3-5-0-2-2-3-0-0-1 277704 0.010951 0.002155 1e-06 0.005627
0-0-1-1-0-4-3-5-0-2-2-3-0-2-2 13373259 0.012805 0.003797 1e-06 0.005606
0-0-1-1-0-4-3-5-0-2-2-3-0-4-3 264534436 0.065751 0.057537 0 0.005609
0-0-1-1-0-4-3-5-0-2-2-3-0-6-4 15794415 0.014224 0.004284 1e-06 0.006604
0-0-1-1-0-4-3-5-0-4-3-5-0-0-1 277704 0.012634 0.002968 2e-06 0.005648
0-0-1-1-0-4-3-5-0-4-3-5-0-2-2 13954626 0.016703 0.006181 1e-06 0.005677
0-0-1-1-0-4-3-5-0-4-3-5-0-4-3 254851812 0.067425 0.05871 2e-06 0.00575
0-0-1-1-0-4-3-5-0-4-3-5-0-6-4 15794415 0.013865 0.008818 1e-06 0.002489
0-0-1-1-0-4-3-5-0-6-4-7-0-0-1 277704 0.008098 0.003347 1e-06 0.002314
0-0-1-1-0-4-3-5-0-6-4-7-0-2-2 13954626 0.009824 0.005243 1e-06 0.002335
0-0-1-1-0-4-3-5-0-6-4-7-0-4-3 264547773 0.065556 0.060772 2e-06 0.002325
0-0-1-1-0-4-3-5-0-6-4-7-0-6-4 15794415 0.01619 0.005994 1e-06 0.007072
0-0-1-1-0-6-4-7-0-0-1-1-0-0-1 277704 0.010036 0.001712 2e-06 0.005603
0-0-1-1-0-6-4-7-0-0-1-1-0-2-2 13954626 0.011757 0.003413 1e-06 0.005392
0-0-1-1-0-6-4-7-0-0-1-1-0-4-3 264547773 0.067 0.057664 1e-06 0.005332
0-0-1-1-0-6-4-7-0-0-1-1-0-6-4 15794415 0.015675 0.003695 1e-06 0.008276
0-0-1-1-0-6-4-7-0-2-2-3-0-0-1 277704 0.010329 0.001961 1e-06 0.005433
0-0-1-1-0-6-4-7-0-2-2-3-0-2-2 13954626 0.012875 0.003619 1e-06 0.005428
0-0-1-1-0-6-4-7-0-2-2-3-0-4-3 264547773 0.059706 0.052023 1e-06 0.005388
0-0-1-1-0-6-4-7-0-2-2-3-0-6-4 15794415 0.014227 0.004146 1e-06 0.006436
0-0-1-1-0-6-4-7-0-4-3-5-0-0-1 277704 0.011956 0.002757 1e-06 0.00541
0-0-1-1-0-6-4-7-0-4-3-5-0-2-2 13954626 0.018062 0.008329 1e-06 0.005327
0-0-1-1-0-6-4-7-0-4-3-5-0-4-3 264536355 0.065256 0.057186 2e-06 0.005325
0-0-1-1-0-6-4-7-0-4-3-5-0-6-4 15794415 0.023399 0.009786 1e-06 0.009859
0-0-1-1-0-6-4-7-0-6-4-7-0-0-1 277704 0.011668 0.002429 1e-06 0.005742
0-0-1-1-0-6-4-7-0-6-4-7-0-2-2 13954626 0.013619 0.004514 2e-06 0.005685
0-0-1-1-0-6-4-7-0-6-4-7-0-4-3 264547773 0.07045 0.062425 1e-06 0.005678
0-0-1-1-0-6-4-7-0-6-4-7-0-6-4 15794415 0.015722 0.00584 1e-06 0.006773
0-2-2-3-0-0-1-1-0-0-1-1-0-0-1 269979 0.01072 0.001502 1e-06 0.006503
0-2-2-3-0-0-1-1-0-0-1-1-0-2-2 13942082 0.014228 0.004481 1e-06 0.007038
0-2-2-3-0-0-1-1-0-0-1-1-0-4-3 261068775 0.077655 0.069059 1e-06 0.006151
0-2-2-3-0-0-1-1-0-0-1-1-0-6-4 15794087 0.014929 0.003744 1e-06 0.008051
0-2-2-3-0-0-1-1-0-2-2-3-0-0-1 277704 0.010605 0.001508 1e-06 0.00628
0-2-2-3-0-0-1-1-0-2-2-3-0-2-2 13942082 0.012722 0.003395 1e-06 0.006307
0-2-2-3-0-0-1-1-0-2-2-3-0-4-3 264546361 0.099969 0.091279 1e-06 0.006243
0-2-2-3-0-0-1-1-0-2-2-3-0-6-4 15794415 0.015422 0.00366 1e-06 0.008347
0-2-2-3-0-0-1-1-0-4-3-5-0-0-1 277704 0.012211 0.002058 1e-06 0.00638
0-2-2-3-0-0-1-1-0-4-3-5-0-2-2 13950086 0.014264 0.00408 1e-06 0.006293
0-2-2-3-0-0-1-1-0-4-3-5-0-4-3 264223483 0.095015 0.085615 2e-06 0.006293
0-2-2-3-0-0-1-1-0-4-3-5-0-6-4 15794374 0.017216 0.006084 1e-06 0.007475
0-2-2-3-0-0-1-1-0-6-4-7-0-0-1 277704 0.009765 0.001854 1e-06 0.004942
0-2-2-3-0-0-1-1-0-6-4-7-0-2-2 13954626 0.011955 0.003736 1e-06 0.004911
0-2-2-3-0-0-1-1-0-6-4-7-0-4-3 264547768 0.094606 0.086978 1e-06 0.004866
0-2-2-3-0-0-1-1-0-6-4-7-0-6-4 15794415 0.017069 0.004836 1e-06 0.008851
0-2-2-3-0-2-2-3-0-0-1-1-0-0-1 269979 0.009975 0.001468 1e-06 0.005613
0-2-2-3-0-2-2-3-0-0-1-1-0-2-2 13942082 0.011248 0.003077 1e-06 0.005345
0-2-2-3-0-2-2-3-0-0-1-1-0-4-3 261068775 0.070016 0.062437 1e-06 0.005333
0-2-2-3-0-2-2-3-0-0-1-1-0-6-4 15794087 0.015273 0.003501 2e-06 0.008346
0-2-2-3-0-2-2-3-0-2-2-3-0-0-1 269979 0.010299 0.001481 1e-06 0.005544
0-2-2-3-0-2-2-3-0-2-2-3-0-2-2 34713 0.009848 0.001282 1e-06 0.005509
0-2-2-3-0-2-2-3-0-2-2-3-0-4-3 18178411 0.011927 0.003348 1e-06 0.005493
0-2-2-3-0-2-2-3-0-2-2-3-0-6-4 10219172 0.011184 0.002731 1e-06 0.0056
0-2-2-3-0-2-2-3-0-4-3-5-0-0-1 277212 0.011734 0.001812 1e-06 0.006129
0-2-2-3-0-2-2-3-0-4-3-5-0-2-2 12401496 0.013912 0.003613 2e-06 0.006349
0-2-2-3-0-2-2-3-0-4-3-5-0-4-3 223199128 0.056702 0.045993 1e-06 0.006357
0-2-2-3-0-2-2-3-0-4-3-5-0-6-4 15752999 0.01749 0.006186 2e-06 0.007585
0-2-2-3-0-2-2-3-0-6-4-7-0-0-1 277704 0.011046 0.00163 1e-06 0.006411
0-2-2-3-0-2-2-3-0-6-4-7-0-2-2 13689497 0.014179 0.003549 1e-06 0.006319
0-2-2-3-0-2-2-3-0-6-4-7-0-4-3 258664239 0.064762 0.055819 1e-06 0.006311
0-2-2-3-0-2-2-3-0-6-4-7-0-6-4 15792398 0.015485 0.004652 2e-06 0.007842
0-2-2-3-0-4-3-5-0-0-1-1-0-0-1 277212 0.012606 0.002162 1e-06 0.007036
0-2-2-3-0-4-3-5-0-0-1-1-0-2-2 13953539 0.013692 0.003727 1e-06 0.006318
0-2-2-3-0-4-3-5-0-0-1-1-0-4-3 264335304 0.077766 0.068645 2e-06 0.006384
0-2-2-3-0-4-3-5-0-0-1-1-0-6-4 15794372 0.015353 0.004004 2e-06 0.007491
0-2-2-3-0-4-3-5-0-2-2-3-0-0-1 277704 0.012399 0.001864 2e-06 0.006395
0-2-2-3-0-4-3-5-0-2-2-3-0-2-2 12401496 0.013872 0.003604 1e-06 0.006402
0-2-2-3-0-4-3-5-0-2-2-3-0-4-3 263938876 0.06454 0.055057 1e-06 0.006411
0-2-2-3-0-4-3-5-0-2-2-3-0-6-4 15794338 0.014837 0.004357 1e-06 0.006569
0-2-2-3-0-4-3-5-0-4-3-5-0-0-1 277704 0.012713 0.002653 2e-06 0.005588
0-2-2-3-0-4-3-5-0-4-3-5-0-2-2 13942369 0.019539 0.008433 1e-06 0.005538
0-2-2-3-0-4-3-5-0-4-3-5-0-4-3 252870735 0.097899 0.087489 1e-06 0.005547
0-2-2-3-0-4-3-5-0-4-3-5-0-6-4 15794351 0.03507 0.022624 1e-06 0.007231
0-2-2-3-0-4-3-5-0-6-4-7-0-0-1 277704 0.011955 0.002556 1e-06 0.005731
0-2-2-3-0-4-3-5-0-6-4-7-0-2-2 13954500 0.016267 0.0067 2e-06 0.005804
0-2-2-3-0-4-3-5-0-6-4-7-0-4-3 264545259 0.082523 0.07362 2e-06 0.005737
0-2-2-3-0-4-3-5-0-6-4-7-0-6-4 15794413 0.022764 0.009218 1e-06 0.009327
0-2-2-3-0-6-4-7-0-0-1-1-0-0-1 277704 0.010867 0.00156 2e-06 0.00605
0-2-2-3-0-6-4-7-0-0-1-1-0-2-2 13954626 0.0123 0.003618 2e-06 0.005692
0-2-2-3-0-6-4-7-0-0-1-1-0-4-3 264547773 0.079304 0.070871 1e-06 0.005665
0-2-2-3-0-6-4-7-0-0-1-1-0-6-4 15794415 0.01462 0.00434 1e-06 0.006855
0-2-2-3-0-6-4-7-0-2-2-3-0-0-1 277704 0.011268 0.001791 1e-06 0.005752
0-2-2-3-0-6-4-7-0-2-2-3-0-2-2 13689497 0.01241 0.003563 1e-06 0.005742
0-2-2-3-0-6-4-7-0-2-2-3-0-4-3 264526605 0.064711 0.056414 2e-06 0.005773
0-2-2-3-0-6-4-7-0-2-2-3-0-6-4 15794414 0.015589 0.004301 1e-06 0.008098
0-2-2-3-0-6-4-7-0-4-3-5-0-0-1 277704 0.012282 0.002415 1e-06 0.005773
0-2-2-3-0-6-4-7-0-4-3-5-0-2-2 13953921 0.015473 0.006257 1e-06 0.005763
0-2-2-3-0-6-4-7-0-4-3-5-0-4-3 261395656 0.109356 0.099493 1e-06 0.006091
0-2-2-3-0-6-4-7-0-4-3-5-0-6-4 15794415 0.031156 0.020407 1e-06 0.006977
0-2-2-3-0-6-4-7-0-6-4-7-0-0-1 277704 0.010954 0.002186 1e-06 0.005741
0-2-2-3-0-6-4-7-0-6-4-7-0-2-2 13954626 0.013463 0.004881 1e-06 0.005719
0-2-2-3-0-6-4-7-0-6-4-7-0-4-3 264547767 0.076662 0.068711 1e-06 0.00569
0-2-2-3-0-6-4-7-0-6-4-7-0-6-4 15794415 0.018817 0.007019 2e-06 0.008963
0-4-3-5-0-0-1-1-0-0-1-1-0-0-1 125547 0.011187 0.001699 1e-06 0.006542
0-4-3-5-0-0-1-1-0-0-1-1-0-2-2 13103489 0.014998 0.005155 1e-06 0.006412
0-4-3-5-0-0-1-1-0-0-1-1-0-4-3 159103520 0.04643 0.03755 1e-06 0.006227
0-4-3-5-0-0-1-1-0-0-1-1-0-6-4 15740985 0.010061 0.004993 1e-06 0.003013
0-4-3-5-0-0-1-1-0-2-2-3-0-0-1 277704 0.0071 0.001522 1e-06 0.002321
0-4-3-5-0-0-1-1-0-2-2-3-0-2-2 13103489 0.013631 0.004722 1e-06 0.00574
0-4-3-5-0-0-1-1-0-2-2-3-0-4-3 264299335 0.066029 0.057427 1e-06 0.005712
0-4-3-5-0-0-1-1-0-2-2-3-0-6-4 15794415 0.017006 0.005342 1e-06 0.00788
0-4-3-5-0-0-1-1-0-4-3-5-0-0-1 277704 0.011008 0.002112 1e-06 0.005663
0-4-3-5-0-0-1-1-0-4-3-5-0-2-2 13749399 0.014607 0.00522 1e-06 0.005675
0-4-3-5-0-0-1-1-0-4-3-5-0-4-3 254223236 0.0698 0.061259 1e-06 0.005663
0-4-3-5-0-0-1-1-0-4-3-5-0-6-4 15784512 0.017474 0.007138 1e-06 0.006834
0-4-3-5-0-0-1-1-0-6-4-7-0-0-1 277704 0.010895 0.00196 1e-06 0.005795
0-4-3-5-0-0-1-1-0-6-4-7-0-2-2 13954626 0.01462 0.005034 1e-06 0.005682
0-4-3-5-0-0-1-1-0-6-4-7-0-4-3 264545622 0.07293 0.06404 0 0.005666
0-4-3-5-0-0-1-1-0-6-4-7-0-6-4 15794415 0.0165 0.006282 1e-06 0.006684
0-4-3-5-0-2-2-3-0-0-1-1-0-0-1 277597 0.011334 0.001709 1e-06 0.005937
0-4-3-5-0-2-2-3-0-0-1-1-0-2-2 13954538 0.015529 0.005882 1e-06 0.005673
0-4-3-5-0-2-2-3-0-0-1-1-0-4-3 264505054 0.075292 0.066491 1e-06 0.005741
0-4-3-5-0-2-2-3-0-0-1-1-0-6-4 15794415 0.017068 0.006699 1e-06 0.00667
0-4-3-5-0-2-2-3-0-2-2-3-0-0-1 277597 0.010731 0.001562 2e-06 0.005761
0-4-3-5-0-2-2-3-0-2-2-3-0-2-2 1807215 0.011395 0.002015 1e-06 0.005746
0-4-3-5-0-2-2-3-0-2-2-3-0-4-3 186718068 0.080629 0.069352 1e-06 0.005713
0-4-3-5-0-2-2-3-0-2-2-3-0-6-4 15662521 0.016566 0.00597 1e-06 0.006583
0-4-3-5-0-2-2-3-0-4-3-5-0-0-1 277704 0.012743 0.001939 1e-06 0.005806
0-4-3-5-0-2-2-3-0-4-3-5-0-2-2 13920727 0.015616 0.005642 1e-06 0.005787
0-4-3-5-0-2-2-3-0-4-3-5-0-4-3 256552028 0.260278 0.248506 1e-06 0.005816
0-4-3-5-0-2-2-3-0-4-3-5-0-6-4 15793767 0.021074 0.009533 1e-06 0.006696
0-4-3-5-0-2-2-3-0-6-4-7-0-0-1 277704 0.011321 0.001847 1e-06 0.005866
0-4-3-5-0-2-2-3-0-6-4-7-0-2-2 13952209 0.015477 0.005934 1e-06 0.005727
0-4-3-5-0-2-2-3-0-6-4-7-0-4-3 264488100 0.332498 0.323488 1e-06 0.005698
0-4-3-5-0-2-2-3-0-6-4-7-0-6-4 15794397 0.020863 0.007189 1e-06 0.009971
0-4-3-5-0-4-3-5-0-0-1-1-0-0-1 273654 0.012633 0.002613 1e-06 0.006008
0-4-3-5-0-4-3-5-0-0-1-1-0-2-2 13920168 0.016967 0.006856 2e-06 0.005713
0-4-3-5-0-4-3-5-0-0-1-1-0-4-3 261568906 0.076191 0.067169 1e-06 0.005695
0-4-3-5-0-4-3-5-0-0-1-1-0-6-4 15792180 0.018938 0.007575 2e-06 0.006917
0-4-3-5-0-4-3-5-0-2-2-3-0-0-1 277611 0.012096 0.00245 1e-06 0.005846
0-4-3-5-0-4-3-5-0-2-2-3-0-2-2 12620533 0.019211 0.006806 2e-06 0.005795
0-4-3-5-0-4-3-5-0-2-2-3-0-4-3 260987845 0.133809 0.12335 1e-06 0.005827
0-4-3-5-0-4-3-5-0-2-2-3-0-6-4 15743848 0.029468 0.014887 1e-06 0.008614
0-4-3-5-0-4-3-5-0-4-3-5-0-0-1 274950 0.013964 0.003222 1e-06 0.005831
0-4-3-5-0-4-3-5-0-4-3-5-0-2-2 13780903 0.053539 0.041375 2e-06 0.005838
0-4-3-5-0-4-3-5-0-4-3-5-0-4-3 249802666 0.779729 0.761656 1e-06 0.005786
0-4-3-5-0-4-3-5-0-4-3-5-0-6-4 15614461 0.096751 0.081922 1e-06 0.007316
0-4-3-5-0-4-3-5-0-6-4-7-0-0-1 277700 0.013642 0.003107 1e-06 0.005885
0-4-3-5-0-4-3-5-0-6-4-7-0-2-2 13850279 0.060139 0.048739 1e-06 0.005811
0-4-3-5-0-4-3-5-0-6-4-7-0-4-3 263135171 1.13888 1.12236 1e-06 0.005844
0-4-3-5-0-4-3-5-0-6-4-7-0-6-4 15792097 0.080955 0.066363 1e-06 0.009932
0-4-3-5-0-6-4-7-0-0-1-1-0-0-1 277700 0.01233 0.002315 1e-06 0.006003
0-4-3-5-0-6-4-7-0-0-1-1-0-2-2 13954622 0.016428 0.006221 1e-06 0.005688
0-4-3-5-0-6-4-7-0-0-1-1-0-4-3 264547070 0.075763 0.066496 1e-06 0.005696
0-4-3-5-0-6-4-7-0-0-1-1-0-6-4 15794415 0.02232 0.007183 1e-06 0.010955
0-4-3-5-0-6-4-7-0-2-2-3-0-0-1 277704 0.012333 0.002256 1e-06 0.005833
0-4-3-5-0-6-4-7-0-2-2-3-0-2-2 13721768 0.021158 0.010652 1e-06 0.005707
0-4-3-5-0-6-4-7-0-2-2-3-0-4-3 264348044 0.139498 0.130063 1e-06 0.005756
0-4-3-5-0-6-4-7-0-2-2-3-0-6-4 15794371 0.036005 0.023719 1e-06 0.007699
0-4-3-5-0-6-4-7-0-4-3-5-0-0-1 277704 0.014634 0.003221 2e-06 0.006452
0-4-3-5-0-6-4-7-0-4-3-5-0-2-2 13953164 0.03447 0.023541 1e-06 0.00638
0-4-3-5-0-6-4-7-0-4-3-5-0-4-3 263215652 1.89997 1.88891 1e-06 0.006389
0-4-3-5-0-6-4-7-0-4-3-5-0-6-4 15794412 0.047507 0.035928 1e-06 0.007454
0-4-3-5-0-6-4-7-0-6-4-7-0-0-1 277704 0.011942 0.002867 1e-06 0.005091
0-4-3-5-0-6-4-7-0-6-4-7-0-2-2 13954620 0.028165 0.019549 1e-06 0.005015
0-4-3-5-0-6-4-7-0-6-4-7-0-4-3 264547650 1.94857 1.93803 1e-06 0.005041
0-4-3-5-0-6-4-7-0-6-4-7-0-6-4 15794415 0.035186 0.024875 1e-06 0.007097
0-6-4-7-0-0-1-1-0-0-1-1-0-0-1 277619 0.006153 0.001339 1e-06 0.003026
0-6-4-7-0-0-1-1-0-0-1-1-0-2-2 13954551 0.00827 0.00402 1e-06 0.002655
0-6-4-7-0-0-1-1-0-0-1-1-0-4-3 264520476 0.067284 0.062921 1e-06 0.002641
0-6-4-7-0-0-1-1-0-0-1-1-0-6-4 15794415 0.00921 0.004753 1e-06 0.0028
0-6-4-7-0-0-1-1-0-2-2-3-0-0-1 277704 0.00491 0.001315 1e-06 0.002127
0-6-4-7-0-0-1-1-0-2-2-3-0-2-2 13954551 0.007308 0.003756 1e-06 0.002019
0-6-4-7-0-0-1-1-0-2-2-3-0-4-3 264547769 0.071864 0.068104 1e-06 0.001996
0-6-4-7-0-0-1-1-0-2-2-3-0-6-4 15794415 0.010674 0.005971 2e-06 0.002408
0-6-4-7-0-0-1-1-0-4-3-5-0-0-1 277704 0.005559 0.00172 1e-06 0.002113
0-6-4-7-0-0-1-1-0-4-3-5-0-2-2 13954585 0.009532 0.004499 1e-06 0.002021
0-6-4-7-0-0-1-1-0-4-3-5-0-4-3 264544959 0.078559 0.073911 1e-06 0.002058
0-6-4-7-0-0-1-1-0-4-3-5-0-6-4 15794415 0.011723 0.006981 1e-06 0.002376
0-6-4-7-0-0-1-1-0-6-4-7-0-0-1 277704 0.005471 0.001511 2e-06 0.00217
0-6-4-7-0-0-1-1-0-6-4-7-0-2-2 13954626 0.008539 0.00429 1e-06 0.002024
0-6-4-7-0-0-1-1-0-6-4-7-0-4-3 264547773 0.076003 0.071687 1e-06 0.002046
0-6-4-7-0-0-1-1-0-6-4-7-0-6-4 15794415 0.010928 0.006632 1e-06 0.002512
0-6-4-7-0-2-2-3-0-0-1-1-0-0-1 277704 0.006179 0.001293 1e-06 0.002371
0-6-4-7-0-2-2-3-0-0-1-1-0-2-2 13954626 0.008107 0.003879 1e-06 0.002035
0-6-4-7-0-2-2-3-0-0-1-1-0-4-3 264547773 0.067535 0.063293 0 0.00206
0-6-4-7-0-2-2-3-0-0-1-1-0-6-4 15794415 0.009966 0.005353 1e-06 0.002584
0-6-4-7-0-2-2-3-0-2-2-3-0-0-1 277704 0.005805 0.001234 1e-06 0.002233
0-6-4-7-0-2-2-3-0-2-2-3-0-2-2 6345795 0.006995 0.002642 1e-06 0.002233
0-6-4-7-0-2-2-3-0-2-2-3-0-4-3 254483838 0.064055 0.059581 1e-06 0.002207
0-6-4-7-0-2-2-3-0-2-2-3-0-6-4 15792946 0.011396 0.005624 2e-06 0.003193
0-6-4-7-0-2-2-3-0-4-3-5-0-0-1 277704 0.006229 0.001593 1e-06 0.00238
0-6-4-7-0-2-2-3-0-4-3-5-0-2-2 13954585 0.009319 0.00463 1e-06 0.002347
0-6-4-7-0-2-2-3-0-4-3-5-0-4-3 262665496 0.076007 0.070196 0 0.002375
0-6-4-7-0-2-2-3-0-4-3-5-0-6-4 15794415 0.013927 0.008031 2e-06 0.00306
0-6-4-7-0-2-2-3-0-6-4-7-0-0-1 277704 0.006713 0.001441 1e-06 0.002328
0-6-4-7-0-2-2-3-0-6-4-7-0-2-2 13954626 0.008774 0.004582 1e-06 0.002333
0-6-4-7-0-2-2-3-0-6-4-7-0-4-3 264547773 0.080119 0.075396 1e-06 0.002319
0-6-4-7-0-2-2-3-0-6-4-7-0-6-4 15794415 0.011672 0.006649 1e-06 0.002891
0-6-4-7-0-4-3-5-0-0-1-1-0-0-1 277701 0.007508 0.002249 1e-06 0.002658
0-6-4-7-0-4-3-5-0-0-1-1-0-2-2 13954618 0.009752 0.005009 1e-06 0.002331
0-6-4-7-0-4-3-5-0-0-1-1-0-4-3 264546039 0.070554 0.065174 1e-06 0.002391
0-6-4-7-0-4-3-5-0-0-1-1-0-6-4 15794415 0.011669 0.006067 1e-06 0.002743
0-6-4-7-0-4-3-5-0-2-2-3-0-0-1 277704 0.007148 0.002306 1e-06 0.00236
0-6-4-7-0-4-3-5-0-2-2-3-0-2-2 13891951 0.011061 0.006475 1e-06 0.002388
0-6-4-7-0-4-3-5-0-2-2-3-0-4-3 264545893 0.070597 0.065284 1e-06 0.002343
0-6-4-7-0-4-3-5-0-2-2-3-0-6-4 15794415 0.012902 0.008076 1e-06 0.00246
0-6-4-7-0-4-3-5-0-4-3-5-0-0-1 277704 0.008811 0.003118 1e-06 0.002419
0-6-4-7-0-4-3-5-0-4-3-5-0-2-2 13954598 0.028009 0.021552 1e-06 0.002403
0-6-4-7-0-4-3-5-0-4-3-5-0-4-3 253260419 0.136212 0.129047 2e-06 0.002377
0-6-4-7-0-4-3-5-0-4-3-5-0-6-4 15794415 0.083362 0.065256 1e-06 0.003154
0-6-4-7-0-4-3-5-0-6-4-7-0-0-1 277704 0.008704 0.003185 1e-06 0.002488
0-6-4-7-0-4-3-5-0-6-4-7-0-2-2 13954626 0.028055 0.022712 1e-06 0.002389
0-6-4-7-0-4-3-5-0-6-4-7-0-4-3 264547770 0.106275 0.100222 2e-06 0.002473
0-6-4-7-0-4-3-5-0-6-4-7-0-6-4 15794415 0.031939 0.026122 1e-06 0.002573
0-6-4-7-0-6-4-7-0-0-1-1-0-0-1 277704 0.007299 0.001989 1e-06 0.002445
0-6-4-7-0-6-4-7-0-0-1-1-0-2-2 13954626 0.008759 0.004649 1e-06 0.002248
0-6-4-7-0-6-4-7-0-0-1-1-0-4-3 264547773 0.074129 0.069663 2e-06 0.002241
0-6-4-7-0-6-4-7-0-0-1-1-0-6-4 15794415 0.010217 0.006115 1e-06 0.002421
0-6-4-7-0-6-4-7-0-2-2-3-0-0-1 277704 0.006391 0.001969 1e-06 0.002249
0-6-4-7-0-6-4-7-0-2-2-3-0-2-2 13954431 0.009845 0.005681 1e-06 0.002253
0-6-4-7-0-6-4-7-0-2-2-3-0-4-3 264547772 0.080949 0.076282 1e-06 0.002185
0-6-4-7-0-6-4-7-0-2-2-3-0-6-4 15794415 0.015994 0.00776 2e-06 0.00297
0-6-4-7-0-6-4-7-0-4-3-5-0-0-1 277704 0.007964 0.002909 1e-06 0.002273
0-6-4-7-0-6-4-7-0-4-3-5-0-2-2 13954626 0.013081 0.008617 1e-06 0.002157
0-6-4-7-0-6-4-7-0-4-3-5-0-4-3 264542880 0.165163 0.153717 1e-06 0.002241
0-6-4-7-0-6-4-7-0-4-3-5-0-6-4 15794415 0.035493 0.029011 2e-06 0.003556
0-6-4-7-0-6-4-7-0-6-4-7-0-0-1 277704 0.006955 0.002849 1e-06 0.002263
0-6-4-7-0-6-4-7-0-6-4-7-0-2-2 13954626 0.012682 0.008584 0 0.002208
0-6-4-7-0-6-4-7-0-6-4-7-0-4-3 264547773 0.113658 0.108065 2e-06 0.002633
0-6-4-7-0-6-4-7-0-6-4-7-0-6-4 15794415 0.015733 0.010974 1e-06 0.00269
1-1-0-0-1-1-0-0-1-1-0-0-1-1-0 34713 0.005977 0.00078 1e-06 0.003874
1-1-0-0-1-1-0-0-1-1-0-2-2-3-0 269979 0.005352 0.001203 1e-06 0.002813
1-1-0-0-1-1-0-0-1-1-0-4-3-5-0 125547 0.007994 0.002044 1e-06 0.002889
1-1-0-0-1-1-0-0-1-1-0-6-4-7-0 277619 0.008741 0.002604 1e-06 0.002908
1-1-0-0-1-1-0-2-2-3-0-0-1-1-0 277704 0.004627 0.001067 1e-06 0.002154
1-1-0-0-1-1-0-2-2-3-0-2-2-3-0 269979 0.00487 0.001263 0 0.002194
1-1-0-0-1-1-0-2-2-3-0-4-3-5-0 277597 0.006433 0.002684 1e-06 0.002246
1-1-0-0-1-1-0-2-2-3-0-6-4-7-0 277704 0.005991 0.002333 0 0.002218
1-1-0-0-1-1-0-4-3-5-0-0-1-1-0 277704 0.005382 0.00138 1e-06 0.002213
1-1-0-0-1-1-0-4-3-5-0-2-2-3-0 277212 0.006454 0.001795 1e-06 0.002195
1-1-0-0-1-1-0-4-3-5-0-4-3-5-0 273654 0.008542 0.004472 1e-06 0.002261
1-1-0-0-1-1-0-4-3-5-0-6-4-7-0 277701 0.008411 0.004343 1e-06 0.002305
1-1-0-0-1-1-0-6-4-7-0-0-1-1-0 277704 0.004869 0.001344 1e-06 0.00226
1-1-0-0-1-1-0-6-4-7-0-2-2-3-0 277704 0.005821 0.001749 1e-06 0.00228
1-1-0-0-1-1-0-6-4-7-0-4-3-5-0 277700 0.009269 0.005294 1e-06 0.002255
1-1-0-0-1-1-0-6-4-7-0-6-4-7-0 277704 0.007109 0.003415 1e-06 0.002306
1-1-0-2-2-3-0-0-1-1-0-0-1-1-0 277704 0.004403 0.000944 2e-06 0.002214
1-1-0-2-2-3-0-0-1-1-0-2-2-3-0 277704 0.004827 0.00172 1e-06 0.001598
1-1-0-2-2-3-0-0-1-1-0-4-3-5-0 277704 0.005945 0.002689 1e-06 0.001606
1-1-0-2-2-3-0-0-1-1-0-6-4-7-0 277704 0.005515 0.002198 1e-06 0.001616
1-1-0-2-2-3-0-2-2-3-0-0-1-1-0 277704 0.004402 0.000886 0 0.001662
1-1-0-2-2-3-0-2-2-3-0-2-2-3-0 269979 0.004503 0.001379 1e-06 0.001686
1-1-0-2-2-3-0-2-2-3-0-4-3-5-0 277597 0.006177 0.002746 1e-06 0.001755
1-1-0-2-2-3-0-2-2-3-0-6-4-7-0 277704 0.007117 0.00263 0 0.001644
1-1-0-2-2-3-0-4-3-5-0-0-1-1-0 277704 0.004779 0.001156 1e-06 0.001714
1-1-0-2-2-3-0-4-3-5-0-2-2-3-0 277704 0.005758 0.002044 2e-06 0.001706
1-1-0-2-2-3-0-4-3-5-0-4-3-5-0 277611 0.009747 0.005632 1e-06 0.001757
1-1-0-2-2-3-0-4-3-5-0-6-4-7-0 277704 0.008795 0.005021 1e-06 0.001734
1-1-0-2-2-3-0-6-4-7-0-0-1-1-0 277704 0.00468 0.001 1e-06 0.001751
1-1-0-2-2-3-0-6-4-7-0-2-2-3-0 277704 0.005421 0.001549 1e-06 0.001782
1-1-0-2-2-3-0-6-4-7-0-4-3-5-0 277704 0.010668 0.006405 1e-06 0.001783
1-1-0-2-2-3-0-6-4-7-0-6-4-7-0 277704 0.00646 0.00323 1e-06 0.001782
1-1-0-4-3-5-0-0-1-1-0-0-1-1-0 277704 0.00549 0.001455 2e-06 0.002363
1-1-0-4-3-5-0-0-1-1-0-2-2-3-0 277704 0.00515 0.001814 1e-06 0.001745
1-1-0-4-3-5-0-0-1-1-0-4-3-5-0 277704 0.007125 0.003344 1e-06 0.001703
1-1-0-4-3-5-0-0-1-1-0-6-4-7-0 277704 0.006528 0.002912 1e-06 0.001712
1-1-0-4-3-5-0-2-2-3-0-0-1-1-0 277704 0.006142 0.001623 1e-06 0.001743
1-1-0-4-3-5-0-2-2-3-0-2-2-3-0 277212 0.005537 0.001898 1e-06 0.001792
1-1-0-4-3-5-0-2-2-3-0-4-3-5-0 277704 0.007868 0.003413 0 0.001803
1-1-0-4-3-5-0-2-2-3-0-6-4-7-0 277704 0.007395 0.003026 1e-06 0.001855
1-1-0-4-3-5-0-4-3-5-0-0-1-1-0 277704 0.006913 0.00231 2e-06 0.00181
1-1-0-4-3-5-0-4-3-5-0-2-2-3-0 277704 0.008416 0.004121 1e-06 0.001859
1-1-0-4-3-5-0-4-3-5-0-4-3-5-0 274950 0.011641 0.007185 1e-06 0.001834
1-1-0-4-3-5-0-4-3-5-0-6-4-7-0 277704 0.010934 0.006706 1e-06 0.001841
1-1-0-4-3-5-0-6-4-7-0-0-1-1-0 277704 0.007881 0.003663 1e-06 0.001809
1-1-0-4-3-5-0-6-4-7-0-2-2-3-0 277704 0.007904 0.003924 1e-06 0.001856
1-1-0-4-3-5-0-6-4-7-0-4-3-5-0 277704 0.011859 0.007886 1e-06 0.001894
1-1-0-4-3-5-0-6-4-7-0-6-4-7-0 277704 0.008968 0.005085 1e-06 0.001934
1-1-0-6-4-7-0-0-1-1-0-0-1-1-0 277704 0.005066 0.001287 1e-06 0.002459
1-1-0-6-4-7-0-0-1-1-0-2-2-3-0 277704 0.004659 0.0016 1e-06 0.001788
1-1-0-6-4-7-0-0-1-1-0-4-3-5-0 277704 0.006248 0.002917 1e-06 0.001739
1-1-0-6-4-7-0-0-1-1-0-6-4-7-0 277704 0.005682 0.002549 1e-06 0.001762
1-1-0-6-4-7-0-2-2-3-0-0-1-1-0 277704 0.00486 0.001434 1e-06 0.001757
1-1-0-6-4-7-0-2-2-3-0-2-2-3-0 277704 0.005185 0.001538 0 0.001787
1-1-0-6-4-7-0-2-2-3-0-4-3-5-0 277704 0.006714 0.002871 1e-06 0.001803
1-1-0-6-4-7-0-2-2-3-0-6-4-7-0 277704 0.006445 0.002654 0 0.001797
1-1-0-6-4-7-0-4-3-5-0-0-1-1-0 277704 0.005887 0.001949 1e-06 0.00182
1-1-0-6-4-7-0-4-3-5-0-2-2-3-0 277704 0.008489 0.004421 1e-06 0.001854
1-1-0-6-4-7-0-4-3-5-0-4-3-5-0 277700 0.0123 0.008233 1e-06 0.001847
1-1-0-6-4-7-0-4-3-5-0-6-4-7-0 277704 0.01178 0.007676 1e-06 0.001894
1-1-0-6-4-7-0-6-4-7-0-0-1-1-0 277704 0.005213 0.001951 1e-06 0.001851
1-1-0-6-4-7-0-6-4-7-0-2-2-3-0 277704 0.007834 0.002489 1e-06 0.003626
1-1-0-6-4-7-0-6-4-7-0-4-3-5-0 277704 0.009524 0.005976 1e-06 0.001922
1-1-0-6-4-7-0-6-4-7-0-6-4-7-0 277704 0.007963 0.004264 1e-06 0.001924
2-3-0-0-1-1-0-0-1-1-0-0-1-1-0 11426723 0.00648 0.002143 1e-06 0.003035
2-3-0-0-1-1-0-0-1-1-0-2-2-3-0 13942082 0.00633 0.002619 1e-06 0.002347
2-3-0-0-1-1-0-0-1-1-0-4-3-5-0 13103489 0.00791 0.003932 0 0.002458
2-3-0-0-1-1-0-0-1-1-0-6-4-7-0 13954551 0.010884 0.006836 2e-06 0.002533
2-3-0-0-1-1-0-2-2-3-0-0-1-1-0 13954626 0.004967 0.001866 1e-06 0.00188
2-3-0-0-1-1-0-2-2-3-0-2-2-3-0 13942082 0.005371 0.002079 2e-06 0.001924
2-3-0-0-1-1-0-2-2-3-0-4-3-5-0 13954538 0.008496 0.004896 1e-06 0.001929
2-3-0-0-1-1-0-2-2-3-0-6-4-7-0 13954626 0.010259 0.007038 1e-06 0.001961
2-3-0-0-1-1-0-4-3-5-0-0-1-1-0 13954626 0.005965 0.002314 1e-06 0.001971
2-3-0-0-1-1-0-4-3-5-0-2-2-3-0 13953539 0.006759 0.002878 1e-06 0.002048
2-3-0-0-1-1-0-4-3-5-0-4-3-5-0 13920168 0.011405 0.007414 2e-06 0.002011
2-3-0-0-1-1-0-4-3-5-0-6-4-7-0 13954618 0.014246 0.010431 0 0.002098
2-3-0-0-1-1-0-6-4-7-0-0-1-1-0 13954626 0.005629 0.001901 0 0.002019
2-3-0-0-1-1-0-6-4-7-0-2-2-3-0 13954626 0.006375 0.002592 1e-06 0.00202
2-3-0-0-1-1-0-6-4-7-0-4-3-5-0 13954622 0.011273 0.007662 1e-06 0.00205
2-3-0-0-1-1-0-6-4-7-0-6-4-7-0 13954626 0.011316 0.007571 0 0.002078
2-3-0-2-2-3-0-0-1-1-0-0-1-1-0 11426723 0.005568 0.001448 1e-06 0.002653
2-3-0-2-2-3-0-0-1-1-0-2-2-3-0 13942082 0.005256 0.00195 1e-06 0.002012
2-3-0-2-2-3-0-0-1-1-0-4-3-5-0 13103489 0.007522 0.004074 1e-06 0.002048
2-3-0-2-2-3-0-0-1-1-0-6-4-7-0 13954551 0.010084 0.006683 1e-06 0.002052
2-3-0-2-2-3-0-2-2-3-0-0-1-1-0 11426723 0.004665 0.001328 1e-06 0.002041
2-3-0-2-2-3-0-2-2-3-0-2-2-3-0 34713 0.004245 0.000703 2e-06 0.002079
2-3-0-2-2-3-0-2-2-3-0-4-3-5-0 1807215 0.005507 0.001755 1e-06 0.002014
2-3-0-2-2-3-0-2-2-3-0-6-4-7-0 6345795 0.006603 0.003218 0 0.001874
2-3-0-2-2-3-0-4-3-5-0-0-1-1-0 13373259 0.005884 0.002063 1e-06 0.00193
2-3-0-2-2-3-0-4-3-5-0-2-2-3-0 12401496 0.006043 0.002142 0 0.001981
2-3-0-2-2-3-0-4-3-5-0-4-3-5-0 12620533 0.016167 0.010913 1e-06 0.002065
2-3-0-2-2-3-0-4-3-5-0-6-4-7-0 13891951 0.015454 0.010745 1e-06 0.00252
2-3-0-2-2-3-0-6-4-7-0-0-1-1-0 13954626 0.005723 0.001826 1e-06 0.002181
2-3-0-2-2-3-0-6-4-7-0-2-2-3-0 13689497 0.00621 0.002309 1e-06 0.002237
2-3-0-2-2-3-0-6-4-7-0-4-3-5-0 13721768 0.02075 0.016336 1e-06 0.002223
2-3-0-2-2-3-0-6-4-7-0-6-4-7-0 13954431 0.012278 0.008223 2e-06 0.002253
2-3-0-4-3-5-0-0-1-1-0-0-1-1-0 13373259 0.007097 0.002051 1e-06 0.002773
2-3-0-4-3-5-0-0-1-1-0-2-2-3-0 13950086 0.006569 0.002301 1e-06 0.002108
2-3-0-4-3-5-0-0-1-1-0-4-3-5-0 13749399 0.008792 0.004642 1e-06 0.002127
2-3-0-4-3-5-0-0-1-1-0-6-4-7-0 13954585 0.012325 0.008086 1e-06 0.002118
2-3-0-4-3-5-0-2-2-3-0-0-1-1-0 13954626 0.007073 0.002322 1e-06 0.002153
2-3-0-4-3-5-0-2-2-3-0-2-2-3-0 12401496 0.006264 0.002132 1e-06 0.002142
2-3-0-4-3-5-0-2-2-3-0-4-3-5-0 13920727 0.015174 0.01076 1e-06 0.002124
2-3-0-4-3-5-0-2-2-3-0-6-4-7-0 13954585 0.01207 0.007826 1e-06 0.002194
2-3-0-4-3-5-0-4-3-5-0-0-1-1-0 13954626 0.008152 0.002808 1e-06 0.002199
2-3-0-4-3-5-0-4-3-5-0-2-2-3-0 13942369 0.011919 0.006367 2e-06 0.002192
2-3-0-4-3-5-0-4-3-5-0-4-3-5-0 13780903 0.055158 0.048696 1e-06 0.002232
2-3-0-4-3-5-0-4-3-5-0-6-4-7-0 13954598 0.034535 0.028562 1e-06 0.002238
2-3-0-4-3-5-0-6-4-7-0-0-1-1-0 13954626 0.007921 0.003038 1e-06 0.00225
2-3-0-4-3-5-0-6-4-7-0-2-2-3-0 13953921 0.010538 0.006078 2e-06 0.0022
2-3-0-4-3-5-0-6-4-7-0-4-3-5-0 13953164 0.033709 0.028568 1e-06 0.002202
2-3-0-4-3-5-0-6-4-7-0-6-4-7-0 13954626 0.017222 0.012797 1e-06 0.002196
2-3-0-6-4-7-0-0-1-1-0-0-1-1-0 13954626 0.006068 0.001904 1e-06 0.002741
2-3-0-6-4-7-0-0-1-1-0-2-2-3-0 13954626 0.005895 0.002355 1e-06 0.002081
2-3-0-6-4-7-0-0-1-1-0-4-3-5-0 13954626 0.008665 0.004567 1e-06 0.002126
2-3-0-6-4-7-0-0-1-1-0-6-4-7-0 13954626 0.012343 0.008199 1e-06 0.002174
2-3-0-6-4-7-0-2-2-3-0-0-1-1-0 13954626 0.006107 0.00195 1e-06 0.002148
2-3-0-6-4-7-0-2-2-3-0-2-2-3-0 13689497 0.005943 0.002215 1e-06 0.002138
2-3-0-6-4-7-0-2-2-3-0-4-3-5-0 13952209 0.018541 0.01023 1e-06 0.006153
2-3-0-6-4-7-0-2-2-3-0-6-4-7-0 13954626 0.011926 0.008064 1e-06 0.002162
2-3-0-6-4-7-0-4-3-5-0-0-1-1-0 13954626 0.007317 0.00269 1e-06 0.002207
2-3-0-6-4-7-0-4-3-5-0-2-2-3-0 13954500 0.009354 0.005174 1e-06 0.002172
2-3-0-6-4-7-0-4-3-5-0-4-3-5-0 13850279 0.067354 0.062089 1e-06 0.0022
2-3-0-6-4-7-0-4-3-5-0-6-4-7-0 13954626 0.031781 0.027287 1e-06 0.002287
2-3-0-6-4-7-0-6-4-7-0-0-1-1-0 13954626 0.006475 0.002562 1e-06 0.002186
2-3-0-6-4-7-0-6-4-7-0-2-2-3-0 13954626 0.007776 0.004051 1e-06 0.00221
2-3-0-6-4-7-0-6-4-7-0-4-3-5-0 13954620 0.032566 0.02788 1e-06 0.002225
2-3-0-6-4-7-0-6-4-7-0-6-4-7-0 13954626 0.015162 0.011413 2e-06 0.002196
3-5-0-0-1-1-0-0-1-1-0-0-1-1-0 66667832 0.015151 0.010005 1e-06 0.003337
3-5-0-0-1-1-0-0-1-1-0-2-2-3-0 261068775 0.053376 0.048807 1e-06 0.002705
3-5-0-0-1-1-0-0-1-1-0-4-3-5-0 159103520 0.036876 0.031405 1e-06 0.003201
3-5-0-0-1-1-0-0-1-1-0-6-4-7-0 264520476 0.060885 0.054965 1e-06 0.003404
3-5-0-0-1-1-0-2-2-3-0-0-1-1-0 264547773 0.055615 0.051397 2e-06 0.002223
3-5-0-0-1-1-0-2-2-3-0-2-2-3-0 261068775 0.061384 0.05521 3e-06 0.003422
3-5-0-0-1-1-0-2-2-3-0-4-3-5-0 264505054 0.061242 0.056778 1e-06 0.00218
3-5-0-0-1-1-0-2-2-3-0-6-4-7-0 264547773 0.061482 0.057323 1e-06 0.0022
3-5-0-0-1-1-0-4-3-5-0-0-1-1-0 264547773 0.056602 0.051726 1e-06 0.0024
3-5-0-0-1-1-0-4-3-5-0-2-2-3-0 264335304 0.061614 0.056592 1e-06 0.00225
3-5-0-0-1-1-0-4-3-5-0-4-3-5-0 261568906 0.063874 0.058984 1e-06 0.002366
3-5-0-0-1-1-0-4-3-5-0-6-4-7-0 264546039 0.065199 0.059922 2e-06 0.002885
3-5-0-0-1-1-0-6-4-7-0-0-1-1-0 264547773 0.057784 0.052852 1e-06 0.002503
3-5-0-0-1-1-0-6-4-7-0-2-2-3-0 264547773 0.057335 0.053074 1e-06 0.002302
3-5-0-0-1-1-0-6-4-7-0-4-3-5-0 264547070 0.064262 0.059266 1e-06 0.002528
3-5-0-0-1-1-0-6-4-7-0-6-4-7-0 264547773 0.063178 0.05829 1e-06 0.002596
3-5-0-2-2-3-0-0-1-1-0-0-1-1-0 262992233 0.056554 0.051208 1e-06 0.002802
3-5-0-2-2-3-0-0-1-1-0-2-2-3-0 264546361 0.095958 0.090732 2e-06 0.002497
3-5-0-2-2-3-0-0-1-1-0-4-3-5-0 264299335 0.076512 0.071431 1e-06 0.002215
3-5-0-2-2-3-0-0-1-1-0-6-4-7-0 264547769 0.100196 0.095047 2e-06 0.00255
3-5-0-2-2-3-0-2-2-3-0-0-1-1-0 262992233 0.056629 0.052179 1e-06 0.002182
3-5-0-2-2-3-0-2-2-3-0-2-2-3-0 18178411 0.008017 0.003108 2e-06 0.002358
3-5-0-2-2-3-0-2-2-3-0-4-3-5-0 186718068 0.052188 0.047647 1e-06 0.002095
3-5-0-2-2-3-0-2-2-3-0-6-4-7-0 254483838 0.132984 0.123893 1e-06 0.002173
3-5-0-2-2-3-0-4-3-5-0-0-1-1-0 264534436 0.058081 0.052639 2e-06 0.002229
3-5-0-2-2-3-0-4-3-5-0-2-2-3-0 263938876 0.060275 0.054643 2e-06 0.002672
3-5-0-2-2-3-0-4-3-5-0-4-3-5-0 260987845 0.104566 0.089846 1e-06 0.002787
3-5-0-2-2-3-0-4-3-5-0-6-4-7-0 264545893 0.135576 0.129748 2e-06 0.002396
3-5-0-2-2-3-0-6-4-7-0-0-1-1-0 264547773 0.056707 0.052195 1e-06 0.00216
3-5-0-2-2-3-0-6-4-7-0-2-2-3-0 264526605 0.059915 0.055081 2e-06 0.002258
3-5-0-2-2-3-0-6-4-7-0-4-3-5-0 264348044 0.106271 0.100476 1e-06 0.002601
3-5-0-2-2-3-0-6-4-7-0-6-4-7-0 264547772 0.140942 0.134796 2e-06 0.003103
3-5-0-4-3-5-0-0-1-1-0-0-1-1-0 242448037 0.057365 0.051397 1e-06 0.00287
3-5-0-4-3-5-0-0-1-1-0-2-2-3-0 264223483 0.085578 0.080262 1e-06 0.002249
3-5-0-4-3-5-0-0-1-1-0-4-3-5-0 254223236 0.074789 0.069522 1e-06 0.002183
3-5-0-4-3-5-0-0-1-1-0-6-4-7-0 264544959 0.091229 0.085511 1e-06 0.002339
3-5-0-4-3-5-0-2-2-3-0-0-1-1-0 264272027 0.059708 0.052956 3e-06 0.003197
3-5-0-4-3-5-0-2-2-3-0-2-2-3-0 223199128 0.054643 0.048201 1e-06 0.002483
3-5-0-4-3-5-0-2-2-3-0-4-3-5-0 256552028 0.345834 0.338714 1e-06 0.002899
3-5-0-4-3-5-0-2-2-3-0-6-4-7-0 262665496 0.141725 0.13351 1e-06 0.002931
3-5-0-4-3-5-0-4-3-5-0-0-1-1-0 254851812 0.059722 0.053544 1e-06 0.00239
3-5-0-4-3-5-0-4-3-5-0-2-2-3-0 252870735 0.113062 0.097011 1e-06 0.003353
3-5-0-4-3-5-0-4-3-5-0-4-3-5-0 249802666 0.959711 0.950943 2e-06 0.002679
3-5-0-4-3-5-0-4-3-5-0-6-4-7-0 253260419 0.236709 0.226333 1e-06 0.005318
3-5-0-4-3-5-0-6-4-7-0-0-1-1-0 264536355 0.058775 0.053365 1e-06 0.002305
3-5-0-4-3-5-0-6-4-7-0-2-2-3-0 261395656 0.117563 0.110925 1e-06 0.002484
3-5-0-4-3-5-0-6-4-7-0-4-3-5-0 263215652 2.57436 2.56698 1e-06 0.002315
3-5-0-4-3-5-0-6-4-7-0-6-4-7-0 264542880 0.223883 0.216776 1e-06 0.002466
3-5-0-6-4-7-0-0-1-1-0-0-1-1-0 264536355 0.057938 0.052355 1e-06 0.003065
3-5-0-6-4-7-0-0-1-1-0-2-2-3-0 264547768 0.09958 0.094847 1e-06 0.002164
3-5-0-6-4-7-0-0-1-1-0-4-3-5-0 264545622 0.076879 0.0723 2e-06 0.002127
3-5-0-6-4-7-0-0-1-1-0-6-4-7-0 264547773 0.101517 0.096133 2e-06 0.002348
3-5-0-6-4-7-0-2-2-3-0-0-1-1-0 264547773 0.056576 0.051711 1e-06 0.002185
3-5-0-6-4-7-0-2-2-3-0-2-2-3-0 258664239 0.063365 0.057243 3e-06 0.00329
3-5-0-6-4-7-0-2-2-3-0-4-3-5-0 264488100 0.353976 0.348404 1e-06 0.002947
3-5-0-6-4-7-0-2-2-3-0-6-4-7-0 264547773 0.145536 0.140373 1e-06 0.002428
3-5-0-6-4-7-0-4-3-5-0-0-1-1-0 264547773 0.056634 0.051099 2e-06 0.002287
3-5-0-6-4-7-0-4-3-5-0-2-2-3-0 264545259 0.075912 0.07059 1e-06 0.00243
3-5-0-6-4-7-0-4-3-5-0-4-3-5-0 263135171 1.21748 1.21126 1e-06 0.002413
3-5-0-6-4-7-0-4-3-5-0-6-4-7-0 264547770 0.159813 0.1528 2e-06 0.00321
3-5-0-6-4-7-0-6-4-7-0-0-1-1-0 264547773 0.057751 0.052716 1e-06 0.002377
3-5-0-6-4-7-0-6-4-7-0-2-2-3-0 264547767 0.072478 0.067541 0 0.002424
3-5-0-6-4-7-0-6-4-7-0-4-3-5-0 264547650 1.88675 1.8801 1e-06 0.002646
3-5-0-6-4-7-0-6-4-7-0-6-4-7-0 264547773 0.137657 0.131961 2e-06 0.003093
4-7-0-0-1-1-0-0-1-1-0-0-1-1-0 15626706 0.007752 0.002936 1e-06 0.003375
4-7-0-0-1-1-0-0-1-1-0-2-2-3-0 15794087 0.006186 0.00227 1e-06 0.002749
4-7-0-0-1-1-0-0-1-1-0-4-3-5-0 15740985 0.008416 0.004244 1e-06 0.002659
4-7-0-0-1-1-0-0-1-1-0-6-4-7-0 15794415 0.011057 0.006925 1e-06 0.002727
4-7-0-0-1-1-0-2-2-3-0-0-1-1-0 15794415 0.005125 0.001689 0 0.002134
4-7-0-0-1-1-0-2-2-3-0-2-2-3-0 15794087 0.005669 0.002081 1e-06 0.002188
4-7-0-0-1-1-0-2-2-3-0-4-3-5-0 15794415 0.009152 0.005537 0 0.002132
4-7-0-0-1-1-0-2-2-3-0-6-4-7-0 15794415 0.010388 0.006995 1e-06 0.002101
4-7-0-0-1-1-0-4-3-5-0-0-1-1-0 15794415 0.006041 0.002099 1e-06 0.00214
4-7-0-0-1-1-0-4-3-5-0-2-2-3-0 15794372 0.006754 0.002695 1e-06 0.002222
4-7-0-0-1-1-0-4-3-5-0-4-3-5-0 15792180 0.011576 0.00723 1e-06 0.002203
4-7-0-0-1-1-0-4-3-5-0-6-4-7-0 15794415 0.01215 0.008501 1e-06 0.002145
4-7-0-0-1-1-0-6-4-7-0-0-1-1-0 15794415 0.005501 0.001898 1e-06 0.002187
4-7-0-0-1-1-0-6-4-7-0-2-2-3-0 15794415 0.006132 0.002337 1e-06 0.002239
4-7-0-0-1-1-0-6-4-7-0-4-3-5-0 15794415 0.011773 0.007777 1e-06 0.002229
4-7-0-0-1-1-0-6-4-7-0-6-4-7-0 15794415 0.011324 0.007783 1e-06 0.002193
4-7-0-2-2-3-0-0-1-1-0-0-1-1-0 15794415 0.006248 0.001784 1e-06 0.002795
4-7-0-2-2-3-0-0-1-1-0-2-2-3-0 15794415 0.005799 0.002 1e-06 0.002169
4-7-0-2-2-3-0-0-1-1-0-4-3-5-0 15794415 0.008084 0.004113 1e-06 0.002154
4-7-0-2-2-3-0-0-1-1-0-6-4-7-0 15794415 0.011669 0.007179 1e-06 0.002258
4-7-0-2-2-3-0-2-2-3-0-0-1-1-0 15794415 0.00531 0.001601 1e-06 0.002218
4-7-0-2-2-3-0-2-2-3-0-2-2-3-0 10219172 0.005012 0.001296 1e-06 0.002263
4-7-0-2-2-3-0-2-2-3-0-4-3-5-0 15662521 0.013636 0.00951 2e-06 0.002278
4-7-0-2-2-3-0-2-2-3-0-6-4-7-0 15792946 0.010708 0.007053 1e-06 0.002233
4-7-0-2-2-3-0-4-3-5-0-0-1-1-0 15794415 0.005841 0.001899 1e-06 0.002273
4-7-0-2-2-3-0-4-3-5-0-2-2-3-0 15794338 0.00668 0.00257 1e-06 0.002327
4-7-0-2-2-3-0-4-3-5-0-4-3-5-0 15743848 0.022887 0.017574 2e-06 0.002296
4-7-0-2-2-3-0-4-3-5-0-6-4-7-0 15794415 0.013525 0.009414 1e-06 0.002248
4-7-0-2-2-3-0-6-4-7-0-0-1-1-0 15794415 0.005877 0.001741 1e-06 0.002285
4-7-0-2-2-3-0-6-4-7-0-2-2-3-0 15794414 0.006209 0.002497 1e-06 0.002317
4-7-0-2-2-3-0-6-4-7-0-4-3-5-0 15794371 0.027175 0.022993 1e-06 0.002322
4-7-0-2-2-3-0-6-4-7-0-6-4-7-0 15794415 0.012007 0.008238 1e-06 0.002288
4-7-0-4-3-5-0-0-1-1-0-0-1-1-0 15758734 0.007894 0.002599 2e-06 0.002955
4-7-0-4-3-5-0-0-1-1-0-2-2-3-0 15794374 0.007137 0.002865 1e-06 0.002319
4-7-0-4-3-5-0-0-1-1-0-4-3-5-0 15784512 0.009386 0.005044 1e-06 0.002291
4-7-0-4-3-5-0-0-1-1-0-6-4-7-0 15794415 0.012104 0.007928 1e-06 0.002332
4-7-0-4-3-5-0-2-2-3-0-0-1-1-0 15794415 0.007194 0.002592 1e-06 0.002362
4-7-0-4-3-5-0-2-2-3-0-2-2-3-0 15752999 0.008081 0.003907 1e-06 0.002366
4-7-0-4-3-5-0-2-2-3-0-4-3-5-0 15793767 0.016423 0.01179 1e-06 0.002353
4-7-0-4-3-5-0-2-2-3-0-6-4-7-0 15794415 0.013406 0.009225 1e-06 0.00231
4-7-0-4-3-5-0-4-3-5-0-0-1-1-0 15794415 0.008089 0.003357 1e-06 0.00232
4-7-0-4-3-5-0-4-3-5-0-2-2-3-0 15794351 0.022701 0.017182 1e-06 0.002398
4-7-0-4-3-5-0-4-3-5-0-4-3-5-0 15614461 0.070528 0.06456 0 0.002417
4-7-0-4-3-5-0-4-3-5-0-6-4-7-0 15794415 0.056128 0.050705 1e-06 0.002398
4-7-0-4-3-5-0-6-4-7-0-0-1-1-0 15794415 0.00848 0.003368 0 0.002338
4-7-0-4-3-5-0-6-4-7-0-2-2-3-0 15794415 0.021075 0.016694 0 0.002428
4-7-0-4-3-5-0-6-4-7-0-4-3-5-0 15794412 0.040787 0.035448 1e-06 0.002428
4-7-0-4-3-5-0-6-4-7-0-6-4-7-0 15794415 0.026131 0.021646 1e-06 0.002333
4-7-0-6-4-7-0-0-1-1-0-0-1-1-0 15794415 0.00654 0.002306 1e-06 0.002935
4-7-0-6-4-7-0-0-1-1-0-2-2-3-0 15794415 0.006507 0.002651 0 0.002335
4-7-0-6-4-7-0-0-1-1-0-4-3-5-0 15794415 0.008675 0.00478 1e-06 0.002278
4-7-0-6-4-7-0-0-1-1-0-6-4-7-0 15794415 0.011237 0.00748 1e-06 0.002327
4-7-0-6-4-7-0-2-2-3-0-0-1-1-0 15794415 0.005977 0.002153 1e-06 0.00233
4-7-0-6-4-7-0-2-2-3-0-2-2-3-0 15792398 0.006961 0.002799 1e-06 0.002366
4-7-0-6-4-7-0-2-2-3-0-4-3-5-0 15794397 0.01472 0.0106 1e-06 0.002372
4-7-0-6-4-7-0-2-2-3-0-6-4-7-0 15794415 0.011951 0.008021 1e-06 0.002334
4-7-0-6-4-7-0-4-3-5-0-0-1-1-0 15794415 0.007647 0.003068 1e-06 0.002411
4-7-0-6-4-7-0-4-3-5-0-2-2-3-0 15794413 0.009936 0.005717 0 0.002404
4-7-0-6-4-7-0-4-3-5-0-4-3-5-0 15792097 0.063761 0.058663 1e-06 0.00239
4-7-0-6-4-7-0-4-3-5-0-6-4-7-0 15794415 0.02709 0.022188 1e-06 0.002358
4-7-0-6-4-7-0-6-4-7-0-0-1-1-0 15794415 0.006294 0.002686 1e-06 0.002374
4-7-0-6-4-7-0-6-4-7-0-2-2-3-0 15794415 0.008602 0.004566 1e-06 0.002429
4-7-0-6-4-7-0-6-4-7-0-4-3-5-0 15794415 0.027898 0.02355 1e-06 0.002438
4-7-0-6-4-7-0-6-4-7-0-6-4-7-0 15794415 0.015231 0.011053 1e-06 0.00233
