0-0-1-1-0-0-1-1-0 197321793 0.748917 0.742909 0 0.00348
0-0-1-1-0-2-2-3-0 1180774212 1.92518 1.9224 0 0.001153
0-0-1-1-0-4-3-5-0 612621062 0.202455 0.181114 1e-06 0.003734
0-0-1-1-0-6-4-7-0 1204757174 1.36766 1.3608 1e-06 0.00168
0-2-2-3-0-0-1-1-0 1180774212 1.27036 1.265 1e-06 0.002573
0-2-2-3-0-2-2-3-0 13786567 0.013277 0.008587 1e-06 0.003566
0-2-2-3-0-4-3-5-0 449954072 0.113588 0.092659 1e-06 0.003758
0-2-2-3-0-6-4-7-0 983207857 0.512628 0.507489 0 0.001735
0-4-3-5-0-0-1-1-0 612621062 0.168911 0.138855 0 0.001798
0-4-3-5-0-2-2-3-0 449954072 0.117127 0.089989 1e-06 0.00197
0-4-3-5-0-4-3-5-0 547588523 0.240144 0.216882 1e-06 0.00194
0-4-3-5-0-6-4-7-0 1111476579 0.879369 0.863334 1e-06 0.002131
0-6-4-7-0-0-1-1-0 1204757174 0.925731 0.91835 1e-06 0.002232
0-6-4-7-0-2-2-3-0 983207857 0.443162 0.435718 1e-06 0.003405
0-6-4-7-0-4-3-5-0 1111476579 0.766848 0.747815 1e-06 0.002082
0-6-4-7-0-6-4-7-0 1204754523 1.03649 1.03096 0 0.001775
1-1-0-0-1-1-0-0-1 8 0.005132 0.00075 1e-06 0.002593
1-1-0-0-1-1-0-2-2 2501 0.005064 0.001138 0 0.002574
1-1-0-0-1-1-0-4-3 12415 0.004669 0.001472 1e-06 0.001932
1-1-0-0-1-1-0-6-4 3588 0.005111 0.001514 1e-06 0.00189
1-1-0-2-2-3-0-0-1 64 0.003601 0.000773 0 0.001272
1-1-0-2-2-3-0-2-2 2501 0.003948 0.000992 0 0.001276
1-1-0-2-2-3-0-4-3 60416 0.00442 0.001484 0 0.001261
1-1-0-2-2-3-0-6-4 3640 0.003912 0.001243 1e-06 0.001268
1-1-0-4-3-5-0-0-1 64 0.00526 0.001549 1e-06 0.001445
1-1-0-4-3-5-0-2-2 3046 0.006753 0.002219 0 0.001367
1-1-0-4-3-5-0-4-3 55228 0.008549 0.004577 0 0.001343
1-1-0-4-3-5-0-6-4 3629 0.007372 0.003823 1e-06 0.001364
1-1-0-6-4-7-0-0-1 64 0.004148 0.001005 0 0.001351
1-1-0-6-4-7-0-2-2 3216 0.005478 0.001915 1e-06 0.001707
1-1-0-6-4-7-0-4-3 60964 0.018475 0.01503 1e-06 0.001337
1-1-0-6-4-7-0-6-4 3640 0.005472 0.002501 0 0.001428
2-3-0-0-1-1-0-0-1 2501 0.014344 0.000744 0 0.001688
2-3-0-0-1-1-0-2-2 158938 0.00403 0.001324 0 0.001385
2-3-0-0-1-1-0-4-3 2652152 0.004693 0.001898 0 0.0014
2-3-0-0-1-1-0-6-4 182777 0.004192 0.00153 1e-06 0.001403
2-3-0-2-2-3-0-0-1 2501 0.003387 0.000465 0 0.00151
2-3-0-2-2-3-0-2-2 402 0.003496 0.000499 0 0.001525
2-3-0-2-2-3-0-4-3 58197 0.004216 0.001083 2e-06 0.001505
2-3-0-2-2-3-0-6-4 49523 0.004323 0.001089 1e-06 0.001513
2-3-0-4-3-5-0-0-1 3046 0.013871 0.000967 1e-06 0.001558
2-3-0-4-3-5-0-2-2 104040 0.005701 0.001667 0 0.001597
2-3-0-4-3-5-0-4-3 2000819 0.020538 0.014229 0 0.001547
2-3-0-4-3-5-0-6-4 180031 0.009568 0.005229 0 0.001601
2-3-0-6-4-7-0-0-1 3216 0.004577 0.00066 0 0.001613
2-3-0-6-4-7-0-2-2 142912 0.004445 0.001277 0 0.001576
2-3-0-6-4-7-0-4-3 2742607 0.010511 0.007485 0 0.001542
2-3-0-6-4-7-0-6-4 182627 0.005365 0.002349 0 0.001559
3-5-0-0-1-1-0-0-1 12415 0.004946 0.00126 0 0.001833
3-5-0-0-1-1-0-2-2 2652152 0.012571 0.002139 0 0.00847
3-5-0-0-1-1-0-4-3 21692253 0.01766 0.014028 1e-06 0.001533
3-5-0-0-1-1-0-6-4 3441023 0.005854 0.002509 1e-06 0.00161
3-5-0-2-2-3-0-0-1 60416 0.004747 0.001004 0 0.001663
3-5-0-2-2-3-0-2-2 58197 0.01376 0.001056 1e-06 0.001629
3-5-0-2-2-3-0-4-3 19843901 0.019801 0.005671 1e-06 0.001666
3-5-0-2-2-3-0-6-4 3124458 0.006188 0.00224 1e-06 0.001671
3-5-0-4-3-5-0-0-1 55228 0.007026 0.002554 0 0.001852
3-5-0-4-3-5-0-2-2 2000819 0.019705 0.004157 0 0.001695
3-5-0-4-3-5-0-4-3 39593037 0.116322 0.107811 0 0.001783
3-5-0-4-3-5-0-6-4 3251114 0.057798 0.044344 0 0.001854
3-5-0-6-4-7-0-0-1 60964 0.007111 0.002539 0 0.00196
3-5-0-6-4-7-0-2-2 2742607 0.012733 0.008257 0 0.001752
3-5-0-6-4-7-0-4-3 52976979 0.152576 0.140286 0 0.001741
3-5-0-6-4-7-0-6-4 3462094 0.026313 0.019286 1e-06 0.001951
4-7-0-0-1-1-0-0-1 3588 0.003583 0.000645 0 0.00197
4-7-0-0-1-1-0-2-2 182777 0.003588 0.000962 0 0.001492
4-7-0-0-1-1-0-4-3 3441023 0.005803 0.002053 0 0.001514
4-7-0-0-1-1-0-6-4 207025 0.004294 0.001407 1e-06 0.001485
4-7-0-2-2-3-0-0-1 3640 0.003912 0.000613 0 0.001578
4-7-0-2-2-3-0-2-2 49523 0.003984 0.000544 1e-06 0.001629
4-7-0-2-2-3-0-4-3 3124458 0.005211 0.002222 1e-06 0.001582
4-7-0-2-2-3-0-6-4 206833 0.004123 0.001189 0 0.001626
4-7-0-4-3-5-0-0-1 3629 0.00666 0.002396 1e-06 0.001681
4-7-0-4-3-5-0-2-2 180031 0.008169 0.003961 1e-06 0.001667
4-7-0-4-3-5-0-4-3 3251114 0.042336 0.038025 1e-06 0.001696
4-7-0-4-3-5-0-6-4 206991 0.028749 0.020776 1e-06 0.001496
4-7-0-6-4-7-0-0-1 3640 0.004521 0.001364 1e-06 0.001616
4-7-0-6-4-7-0-2-2 182627 0.011661 0.002158 1e-06 0.001681
4-7-0-6-4-7-0-4-3 3462094 0.021099 0.017965 0 0.00164
4-7-0-6-4-7-0-6-4 207023 0.007125 0.0041 1e-06 0.001622
