0-0-1-1-0 197321793 1.27972 1.27672 1e-06 0.001131
0-2-2-3-0 13786567 0.003967 0.002815 1e-06 0.000598
0-4-3-5-0 4316287 0.005291 0.003662 0 0.000573
0-6-4-7-0 44408829 0.013818 0.012518 1e-06 0.000518
1-1-0-0-1 8 0.00152 0.000273 1e-06 0.000652
1-1-0-2-2 2501 0.001199 0.000314 0 0.000349
1-1-0-4-3 12415 0.001818 0.000895 0 0.000305
1-1-0-6-4 3588 0.001779 0.000627 0 0.000334
2-3-0-0-1 2501 0.001318 0.000166 0 0.00044
2-3-0-2-2 402 0.001302 0.000178 0 0.000451
2-3-0-4-3 58197 0.001517 0.000409 0 0.000426
2-3-0-6-4 49523 0.00269 0.000366 1e-06 0.000429
3-5-0-0-1 12415 0.001842 0.000387 0 0.000495
3-5-0-2-2 58197 0.001875 0.000402 0 0.00047
3-5-0-4-3 3669643 0.003792 0.002 0 0.000477
3-5-0-6-4 1623543 0.003023 0.001511 1e-06 0.000476
4-7-0-0-1 3588 0.001376 0.000185 1e-06 0.000474
4-7-0-2-2 49523 0.001052 0.000245 0 0.000365
4-7-0-4-3 1623543 0.002305 0.001399 0 0.000332
4-7-0-6-4 200839 0.001863 0.000881 0 0.000348
