0-0-1-1-0-0-1-1-0-0-1-1-0-0-1 34713 0.0128 0.002283 1e-06 0.007825
0-0-1-1-0-0-1-1-0-0-1-1-0-2-2 11426723 0.043612 0.036484 0 0.005554
0-0-1-1-0-0-1-1-0-0-1-1-0-4-3 66667832 0.140885 0.135501 1e-06 0.003718
0-0-1-1-0-0-1-1-0-0-1-1-0-6-4 15626706 0.011321 0.005588 2e-06 0.00365
0-0-1-1-0-0-1-1-0-2-2-3-0-0-1 277704 0.006237 0.002048 1e-06 0.002608
0-0-1-1-0-0-1-1-0-2-2-3-0-2-2 11426723 0.008811 0.004506 0 0.002507
0-0-1-1-0-0-1-1-0-2-2-3-0-4-3 262992233 0.234891 0.229887 0 0.002608
0-0-1-1-0-0-1-1-0-2-2-3-0-6-4 15794415 0.010711 0.005685 1e-06 0.002468
0-0-1-1-0-0-1-1-0-4-3-5-0-0-1 277704 0.006445 0.00198 1e-06 0.002337
0-0-1-1-0-0-1-1-0-4-3-5-0-2-2 13373259 0.009829 0.005026 1e-06 0.002281
0-0-1-1-0-0-1-1-0-4-3-5-0-4-3 242448037 0.080479 0.076199 0 0.002176
0-0-1-1-0-0-1-1-0-4-3-5-0-6-4 15758734 0.01433 0.00772 2e-06 0.003634
0-0-1-1-0-0-1-1-0-6-4-7-0-0-1 277704 0.00595 0.001834 1e-06 0.002449
0-0-1-1-0-0-1-1-0-6-4-7-0-2-2 13954626 0.00917 0.004587 1e-06 0.002074
0-0-1-1-0-0-1-1-0-6-4-7-0-4-3 264536355 0.09102 0.086782 1e-06 0.00214
0-0-1-1-0-0-1-1-0-6-4-7-0-6-4 15794415 0.011809 0.006641 0 0.003111
0-0-1-1-0-2-2-3-0-0-1-1-0-0-1 277704 0.004718 0.001501 1e-06 0.00193
0-0-1-1-0-2-2-3-0-0-1-1-0-2-2 13954626 0.007144 0.004216 0 0.001472
0-0-1-1-0-2-2-3-0-0-1-1-0-4-3 264547773 0.079263 0.07603 1e-06 0.001496
0-0-1-1-0-2-2-3-0-0-1-1-0-6-4 15794415 0.011766 0.006216 1e-06 0.002555
0-0-1-1-0-2-2-3-0-2-2-3-0-0-1 277704 0.005154 0.001527 1e-06 0.001629
0-0-1-1-0-2-2-3-0-2-2-3-0-2-2 11426723 0.007674 0.003918 1e-06 0.001504
0-0-1-1-0-2-2-3-0-2-2-3-0-4-3 262992233 0.07855 0.075401 1e-06 0.001546
0-0-1-1-0-2-2-3-0-2-2-3-0-6-4 15794415 0.0098 0.005534 1e-06 0.001892
0-0-1-1-0-2-2-3-0-4-3-5-0-0-1 277704 0.006043 0.001985 0 0.001705
0-0-1-1-0-2-2-3-0-4-3-5-0-2-2 13954626 0.009887 0.005453 1e-06 0.001595
0-0-1-1-0-2-2-3-0-4-3-5-0-4-3 264272027 0.080875 0.077027 0 0.001579
0-0-1-1-0-2-2-3-0-4-3-5-0-6-4 15794415 0.015844 0.010517 1e-06 0.00233
0-0-1-1-0-2-2-3-0-6-4-7-0-0-1 277704 0.005603 0.001736 1e-06 0.001645
0-0-1-1-0-2-2-3-0-6-4-7-0-2-2 13954626 0.008936 0.004859 1e-06 0.001659
0-0-1-1-0-2-2-3-0-6-4-7-0-4-3 264547773 0.083227 0.079071 1e-06 0.001646
0-0-1-1-0-2-2-3-0-6-4-7-0-6-4 15794415 0.016954 0.006381 1e-06 0.008623
0-0-1-1-0-4-3-5-0-0-1-1-0-0-1 277704 0.006756 0.002105 1e-06 0.002722
0-0-1-1-0-4-3-5-0-0-1-1-0-2-2 13954626 0.008536 0.004757 1e-06 0.00164
0-0-1-1-0-4-3-5-0-0-1-1-0-4-3 264547773 0.07987 0.076128 1e-06 0.001565
0-0-1-1-0-4-3-5-0-0-1-1-0-6-4 15794415 0.011688 0.00686 1e-06 0.002149
0-0-1-1-0-4-3-5-0-2-2-3-0-0-1 277704 0.006962 0.002286 1e-06 0.0019
0-0-1-1-0-4-3-5-0-2-2-3-0-2-2 13373259 0.009529 0.005182 1e-06 0.001701
0-0-1-1-0-4-3-5-0-2-2-3-0-4-3 264534436 0.078812 0.074816 1e-06 0.00168
0-0-1-1-0-4-3-5-0-2-2-3-0-6-4 15794415 0.011891 0.006308 1e-06 0.00218
0-0-1-1-0-4-3-5-0-4-3-5-0-0-1 277704 0.00873 0.003403 0 0.001861
0-0-1-1-0-4-3-5-0-4-3-5-0-2-2 13954626 0.012077 0.007003 1e-06 0.001789
0-0-1-1-0-4-3-5-0-4-3-5-0-4-3 254851812 0.079409 0.07487 1e-06 0.001757
0-0-1-1-0-4-3-5-0-4-3-5-0-6-4 15794415 0.015611 0.009693 1e-06 0.002135
0-0-1-1-0-4-3-5-0-6-4-7-0-0-1 277704 0.008203 0.003579 2e-06 0.001887
0-0-1-1-0-4-3-5-0-6-4-7-0-2-2 13954626 0.01116 0.006575 1e-06 0.001714
0-0-1-1-0-4-3-5-0-6-4-7-0-4-3 264547773 0.086826 0.082525 0 0.00174
0-0-1-1-0-4-3-5-0-6-4-7-0-6-4 15794415 0.014631 0.008827 3e-06 0.002996
0-0-1-1-0-6-4-7-0-0-1-1-0-0-1 277704 0.005889 0.001768 1e-06 0.001928
0-0-1-1-0-6-4-7-0-0-1-1-0-2-2 13954626 0.0082 0.004737 1e-06 0.001599
0-0-1-1-0-6-4-7-0-0-1-1-0-4-3 264547773 0.076002 0.072753 0 0.001669
0-0-1-1-0-6-4-7-0-0-1-1-0-6-4 15794415 0.009585 0.005589 1e-06 0.001816
0-0-1-1-0-6-4-7-0-2-2-3-0-0-1 277704 0.005565 0.002014 1e-06 0.001789
0-0-1-1-0-6-4-7-0-2-2-3-0-2-2 13954626 0.008549 0.004731 0 0.001702
0-0-1-1-0-6-4-7-0-2-2-3-0-4-3 264547773 0.074875 0.071015 1e-06 0.001618
0-0-1-1-0-6-4-7-0-2-2-3-0-6-4 15794415 0.010249 0.005701 1e-06 0.001938
0-0-1-1-0-6-4-7-0-4-3-5-0-0-1 277704 0.007943 0.003197 1e-06 0.001728
0-0-1-1-0-6-4-7-0-4-3-5-0-2-2 13954626 0.012504 0.007607 0 0.001726
0-0-1-1-0-6-4-7-0-4-3-5-0-4-3 264536355 0.081418 0.07716 1e-06 0.001703
0-0-1-1-0-6-4-7-0-4-3-5-0-6-4 15794415 0.016266 0.011588 1e-06 0.00194
0-0-1-1-0-6-4-7-0-6-4-7-0-0-1 277704 0.006213 0.002888 1e-06 0.001832
0-0-1-1-0-6-4-7-0-6-4-7-0-2-2 13954626 0.009895 0.005993 1e-06 0.001689
0-0-1-1-0-6-4-7-0-6-4-7-0-4-3 264547773 0.077959 0.074317 1e-06 0.001625
0-0-1-1-0-6-4-7-0-6-4-7-0-6-4 15794415 0.011634 0.007988 2e-06 0.001964
0-2-2-3-0-0-1-1-0-0-1-1-0-0-1 269979 0.005523 0.001495 0 0.002631
0-2-2-3-0-0-1-1-0-0-1-1-0-2-2 13942082 0.008185 0.004452 0 0.002231
0-2-2-3-0-0-1-1-0-0-1-1-0-4-3 261068775 0.115181 0.10969 1e-06 0.002292
0-2-2-3-0-0-1-1-0-0-1-1-0-6-4 15794087 0.011623 0.006235 1e-06 0.003053
0-2-2-3-0-0-1-1-0-2-2-3-0-0-1 277704 0.004991 0.00152 0 0.001707
0-2-2-3-0-0-1-1-0-2-2-3-0-2-2 13942082 0.00754 0.004362 1e-06 0.00153
0-2-2-3-0-0-1-1-0-2-2-3-0-4-3 264546361 0.129532 0.124941 1e-06 0.001691
0-2-2-3-0-0-1-1-0-2-2-3-0-6-4 15794415 0.009707 0.00574 1e-06 0.001895
0-2-2-3-0-0-1-1-0-4-3-5-0-0-1 277704 0.006202 0.002077 0 0.001745
0-2-2-3-0-0-1-1-0-4-3-5-0-2-2 13950086 0.009865 0.005178 1e-06 0.00162
0-2-2-3-0-0-1-1-0-4-3-5-0-4-3 264223483 0.126752 0.120745 1e-06 0.001661
0-2-2-3-0-0-1-1-0-4-3-5-0-6-4 15794374 0.014018 0.008376 3e-06 0.002749
0-2-2-3-0-0-1-1-0-6-4-7-0-0-1 277704 0.005223 0.00179 1e-06 0.001767
0-2-2-3-0-0-1-1-0-6-4-7-0-2-2 13954626 0.009161 0.004882 0 0.001626
0-2-2-3-0-0-1-1-0-6-4-7-0-4-3 264547768 0.136275 0.12989 1e-06 0.00163
0-2-2-3-0-0-1-1-0-6-4-7-0-6-4 15794415 0.012083 0.00693 1e-06 0.002305
0-2-2-3-0-2-2-3-0-0-1-1-0-0-1 269979 0.005526 0.001733 1e-06 0.001977
0-2-2-3-0-2-2-3-0-0-1-1-0-2-2 13942082 0.007876 0.004352 0 0.001581
0-2-2-3-0-2-2-3-0-0-1-1-0-4-3 261068775 0.109405 0.105332 0 0.001594
0-2-2-3-0-2-2-3-0-0-1-1-0-6-4 15794087 0.012605 0.006205 2e-06 0.002802
0-2-2-3-0-2-2-3-0-2-2-3-0-0-1 269979 0.00529 0.001684 1e-06 0.001794
0-2-2-3-0-2-2-3-0-2-2-3-0-2-2 34713 0.005113 0.001543 1e-06 0.001715
0-2-2-3-0-2-2-3-0-2-2-3-0-4-3 18178411 0.008941 0.005563 1e-06 0.001628
0-2-2-3-0-2-2-3-0-2-2-3-0-6-4 10219172 0.007418 0.003829 0 0.001729
0-2-2-3-0-2-2-3-0-4-3-5-0-0-1 277212 0.006855 0.002191 0 0.00178
0-2-2-3-0-2-2-3-0-4-3-5-0-2-2 12401496 0.009472 0.005064 1e-06 0.001698
0-2-2-3-0-2-2-3-0-4-3-5-0-4-3 223199128 0.07289 0.06818 1e-06 0.001706
0-2-2-3-0-2-2-3-0-4-3-5-0-6-4 15752999 0.016481 0.009596 2e-06 0.002148
0-2-2-3-0-2-2-3-0-6-4-7-0-0-1 277704 0.005841 0.001893 0 0.001781
0-2-2-3-0-2-2-3-0-6-4-7-0-2-2 13689497 0.008534 0.004823 0 0.001656
0-2-2-3-0-2-2-3-0-6-4-7-0-4-3 258664239 0.085894 0.081391 1e-06 0.001658
0-2-2-3-0-2-2-3-0-6-4-7-0-6-4 15792398 0.013486 0.007682 3e-06 0.002983
0-2-2-3-0-4-3-5-0-0-1-1-0-0-1 277212 0.006752 0.002121 1e-06 0.002125
0-2-2-3-0-4-3-5-0-0-1-1-0-2-2 13953539 0.009008 0.005005 0 0.001677
0-2-2-3-0-4-3-5-0-0-1-1-0-4-3 264335304 0.11872 0.113701 0 0.001677
0-2-2-3-0-4-3-5-0-0-1-1-0-6-4 15794372 0.011581 0.005912 1e-06 0.002104
0-2-2-3-0-4-3-5-0-2-2-3-0-0-1 277704 0.008134 0.002494 1e-06 0.001908
0-2-2-3-0-4-3-5-0-2-2-3-0-2-2 12401496 0.009402 0.004852 1e-06 0.001813
0-2-2-3-0-4-3-5-0-2-2-3-0-4-3 263938876 0.08092 0.076462 1e-06 0.001795
0-2-2-3-0-4-3-5-0-2-2-3-0-6-4 15794338 0.013005 0.007342 2e-06 0.002493
0-2-2-3-0-4-3-5-0-4-3-5-0-0-1 277704 0.010285 0.003738 2e-06 0.001981
0-2-2-3-0-4-3-5-0-4-3-5-0-2-2 13942369 0.017046 0.009679 1e-06 0.001891
0-2-2-3-0-4-3-5-0-4-3-5-0-4-3 252870735 0.134315 0.127463 1e-06 0.001918
0-2-2-3-0-4-3-5-0-4-3-5-0-6-4 15794351 0.043853 0.036156 2e-06 0.003017
0-2-2-3-0-4-3-5-0-6-4-7-0-0-1 277704 0.009818 0.003784 2e-06 0.001978
0-2-2-3-0-4-3-5-0-6-4-7-0-2-2 13954500 0.014397 0.00892 1e-06 0.001899
0-2-2-3-0-4-3-5-0-6-4-7-0-4-3 264545259 0.10248 0.097504 0 0.001861
0-2-2-3-0-4-3-5-0-6-4-7-0-6-4 15794413 0.017472 0.011944 1e-06 0.002061
0-2-2-3-0-6-4-7-0-0-1-1-0-0-1 277704 0.005933 0.001975 1e-06 0.002106
0-2-2-3-0-6-4-7-0-0-1-1-0-2-2 13954626 0.009461 0.00471 0 0.001761
0-2-2-3-0-6-4-7-0-0-1-1-0-4-3 264547773 0.124089 0.118892 1e-06 0.001769
0-2-2-3-0-6-4-7-0-0-1-1-0-6-4 15794415 0.011904 0.005822 2e-06 0.002552
0-2-2-3-0-6-4-7-0-2-2-3-0-0-1 277704 0.00805 0.00196 1e-06 0.001925
0-2-2-3-0-6-4-7-0-2-2-3-0-2-2 13689497 0.008923 0.004867 1e-06 0.001831
0-2-2-3-0-6-4-7-0-2-2-3-0-4-3 264526605 0.082027 0.077842 1e-06 0.001807
0-2-2-3-0-6-4-7-0-2-2-3-0-6-4 15794414 0.01222 0.006956 2e-06 0.002154
0-2-2-3-0-6-4-7-0-4-3-5-0-0-1 277704 0.009629 0.003449 1e-06 0.001974
0-2-2-3-0-6-4-7-0-4-3-5-0-2-2 13953921 0.014394 0.009545 1e-06 0.00187
0-2-2-3-0-6-4-7-0-4-3-5-0-4-3 261395656 0.143389 0.137741 1e-06 0.001869
0-2-2-3-0-6-4-7-0-4-3-5-0-6-4 15794415 0.037036 0.031425 1e-06 0.002285
0-2-2-3-0-6-4-7-0-6-4-7-0-0-1 277704 0.007618 0.003033 1e-06 0.001976
0-2-2-3-0-6-4-7-0-6-4-7-0-2-2 13954626 0.011208 0.007394 1e-06 0.001891
0-2-2-3-0-6-4-7-0-6-4-7-0-4-3 264547767 0.09971 0.09541 1e-06 0.001851
0-2-2-3-0-6-4-7-0-6-4-7-0-6-4 15794415 0.016463 0.011169 2e-06 0.002391
0-4-3-5-0-0-1-1-0-0-1-1-0-0-1 125547 0.007489 0.002186 1e-06 0.002818
0-4-3-5-0-0-1-1-0-0-1-1-0-2-2 13103489 0.012537 0.007162 1e-06 0.002391
0-4-3-5-0-0-1-1-0-0-1-1-0-4-3 159103520 0.062155 0.056796 1e-06 0.00255
0-4-3-5-0-0-1-1-0-0-1-1-0-6-4 15740985 0.014851 0.007825 1e-06 0.002672
0-4-3-5-0-0-1-1-0-2-2-3-0-0-1 277704 0.008018 0.002343 1e-06 0.001992
0-4-3-5-0-0-1-1-0-2-2-3-0-2-2 13103489 0.0128 0.007167 0 0.00191
0-4-3-5-0-0-1-1-0-2-2-3-0-4-3 264299335 0.091626 0.086412 1e-06 0.001871
0-4-3-5-0-0-1-1-0-2-2-3-0-6-4 15794415 0.014307 0.008462 2e-06 0.002168
0-4-3-5-0-0-1-1-0-4-3-5-0-0-1 277704 0.007591 0.002548 1e-06 0.001995
0-4-3-5-0-0-1-1-0-4-3-5-0-2-2 13749399 0.013416 0.007797 1e-06 0.0019
0-4-3-5-0-0-1-1-0-4-3-5-0-4-3 254223236 0.093618 0.088423 1e-06 0.00186
0-4-3-5-0-0-1-1-0-4-3-5-0-6-4 15784512 0.016777 0.009468 1e-06 0.002806
0-4-3-5-0-0-1-1-0-6-4-7-0-0-1 277704 0.006935 0.002453 1e-06 0.002069
0-4-3-5-0-0-1-1-0-6-4-7-0-2-2 13954626 0.012829 0.007594 0 0.001951
0-4-3-5-0-0-1-1-0-6-4-7-0-4-3 264545622 0.098902 0.093746 2e-06 0.001905
0-4-3-5-0-0-1-1-0-6-4-7-0-6-4 15794415 0.016147 0.009937 1e-06 0.002441
0-4-3-5-0-2-2-3-0-0-1-1-0-0-1 277597 0.007533 0.002273 1e-06 0.002272
0-4-3-5-0-2-2-3-0-0-1-1-0-2-2 13954538 0.014676 0.008842 0 0.001844
0-4-3-5-0-2-2-3-0-0-1-1-0-4-3 264505054 0.110799 0.105624 0 0.001808
0-4-3-5-0-2-2-3-0-0-1-1-0-6-4 15794415 0.016737 0.010316 1e-06 0.00206
0-4-3-5-0-2-2-3-0-2-2-3-0-0-1 277597 0.007461 0.002179 1e-06 0.001942
0-4-3-5-0-2-2-3-0-2-2-3-0-2-2 1807215 0.007894 0.002793 1e-06 0.001836
0-4-3-5-0-2-2-3-0-2-2-3-0-4-3 186718068 0.125359 0.120072 1e-06 0.00181
0-4-3-5-0-2-2-3-0-2-2-3-0-6-4 15662521 0.016669 0.008349 1e-06 0.001961
0-4-3-5-0-2-2-3-0-4-3-5-0-0-1 277704 0.010852 0.002862 1e-06 0.002089
0-4-3-5-0-2-2-3-0-4-3-5-0-2-2 13920727 0.014662 0.00829 1e-06 0.00201
0-4-3-5-0-2-2-3-0-4-3-5-0-4-3 256552028 0.390747 0.382108 1e-06 0.001957
0-4-3-5-0-2-2-3-0-4-3-5-0-6-4 15793767 0.022455 0.011716 1e-06 0.005852
0-4-3-5-0-2-2-3-0-6-4-7-0-0-1 277704 0.008115 0.002458 1e-06 0.00204
0-4-3-5-0-2-2-3-0-6-4-7-0-2-2 13952209 0.013187 0.00792 1e-06 0.001963
0-4-3-5-0-2-2-3-0-6-4-7-0-4-3 264488100 0.423593 0.41783 1e-06 0.001982
0-4-3-5-0-2-2-3-0-6-4-7-0-6-4 15794397 0.018156 0.011205 2e-06 0.002442
0-4-3-5-0-4-3-5-0-0-1-1-0-0-1 273654 0.010044 0.003598 1e-06 0.002302
0-4-3-5-0-4-3-5-0-0-1-1-0-2-2 13920168 0.015885 0.009758 0 0.001906
0-4-3-5-0-4-3-5-0-0-1-1-0-4-3 261568906 0.111586 0.105842 1e-06 0.001862
0-4-3-5-0-4-3-5-0-0-1-1-0-6-4 15792180 0.017746 0.010931 1e-06 0.002379
0-4-3-5-0-4-3-5-0-2-2-3-0-0-1 277611 0.009216 0.003553 1e-06 0.00198
0-4-3-5-0-4-3-5-0-2-2-3-0-2-2 12620533 0.020196 0.010696 1e-06 0.001977
0-4-3-5-0-4-3-5-0-2-2-3-0-4-3 260987845 0.216236 0.206792 0 0.001891
0-4-3-5-0-4-3-5-0-2-2-3-0-6-4 15743848 0.032383 0.022735 2e-06 0.00252
0-4-3-5-0-4-3-5-0-4-3-5-0-0-1 274950 0.012047 0.004679 0 0.002042
0-4-3-5-0-4-3-5-0-4-3-5-0-2-2 13780903 0.070128 0.060184 0 0.002013
0-4-3-5-0-4-3-5-0-4-3-5-0-4-3 249802666 0.998793 0.987009 1e-06 0.002045
0-4-3-5-0-4-3-5-0-4-3-5-0-6-4 15614461 0.126286 0.11736 2e-06 0.00247
0-4-3-5-0-4-3-5-0-6-4-7-0-0-1 277700 0.011473 0.004688 2e-06 0.002079
0-4-3-5-0-4-3-5-0-6-4-7-0-2-2 13850279 0.074677 0.067233 1e-06 0.0021
0-4-3-5-0-4-3-5-0-6-4-7-0-4-3 263135171 1.50855 1.49591 1e-06 0.002035
0-4-3-5-0-4-3-5-0-6-4-7-0-6-4 15792097 0.094356 0.087495 2e-06 0.002155
0-4-3-5-0-6-4-7-0-0-1-1-0-0-1 277700 0.008183 0.003062 1e-06 0.002175
0-4-3-5-0-6-4-7-0-0-1-1-0-2-2 13954622 0.013412 0.008399 1e-06 0.001941
0-4-3-5-0-6-4-7-0-0-1-1-0-4-3 264547070 0.096184 0.091426 1e-06 0.001875
0-4-3-5-0-6-4-7-0-0-1-1-0-6-4 15794415 0.016087 0.009863 1e-06 0.002365
0-4-3-5-0-6-4-7-0-2-2-3-0-0-1 277704 0.00843 0.003113 1e-06 0.001951
0-4-3-5-0-6-4-7-0-2-2-3-0-2-2 13721768 0.01867 0.013026 1e-06 0.001843
0-4-3-5-0-6-4-7-0-2-2-3-0-4-3 264348044 0.196518 0.190538 1e-06 0.001804
0-4-3-5-0-6-4-7-0-2-2-3-0-6-4 15794371 0.035287 0.029143 1e-06 0.002132
0-4-3-5-0-6-4-7-0-4-3-5-0-0-1 277704 0.01067 0.004633 1e-06 0.002059
0-4-3-5-0-6-4-7-0-4-3-5-0-2-2 13953164 0.035366 0.028993 1e-06 0.001992
0-4-3-5-0-6-4-7-0-4-3-5-0-4-3 263215652 2.28251 2.27485 1e-06 0.001939
0-4-3-5-0-6-4-7-0-4-3-5-0-6-4 15794412 0.058049 0.048493 1e-06 0.004877
0-4-3-5-0-6-4-7-0-6-4-7-0-0-1 277704 0.008732 0.003863 1e-06 0.001936
0-4-3-5-0-6-4-7-0-6-4-7-0-2-2 13954620 0.031066 0.025705 0 0.001942
0-4-3-5-0-6-4-7-0-6-4-7-0-4-3 264547650 2.34121 2.33381 1e-06 0.001818
0-4-3-5-0-6-4-7-0-6-4-7-0-6-4 15794415 0.036302 0.029432 3e-06 0.003083
0-6-4-7-0-0-1-1-0-0-1-1-0-0-1 277619 0.006136 0.001739 1e-06 0.002498
0-6-4-7-0-0-1-1-0-0-1-1-0-2-2 13954551 0.008647 0.004863 1e-06 0.002166
0-6-4-7-0-0-1-1-0-0-1-1-0-4-3 264520476 0.093993 0.09002 1e-06 0.002085
0-6-4-7-0-0-1-1-0-0-1-1-0-6-4 15794415 0.013396 0.0072 2e-06 0.003608
0-6-4-7-0-0-1-1-0-2-2-3-0-0-1 277704 0.004886 0.001674 1e-06 0.001728
0-6-4-7-0-0-1-1-0-2-2-3-0-2-2 13954551 0.008256 0.005194 0 0.001613
0-6-4-7-0-0-1-1-0-2-2-3-0-4-3 264547769 0.096393 0.092613 0 0.001654
0-6-4-7-0-0-1-1-0-2-2-3-0-6-4 15794415 0.011918 0.007422 1e-06 0.002014
0-6-4-7-0-0-1-1-0-4-3-5-0-0-1 277704 0.005731 0.002125 1e-06 0.001766
0-6-4-7-0-0-1-1-0-4-3-5-0-2-2 13954585 0.010815 0.005824 1e-06 0.001667
0-6-4-7-0-0-1-1-0-4-3-5-0-4-3 264544959 0.098652 0.094683 1e-06 0.001674
0-6-4-7-0-0-1-1-0-4-3-5-0-6-4 15794415 0.015356 0.010247 1e-06 0.002452
0-6-4-7-0-0-1-1-0-6-4-7-0-0-1 277704 0.005177 0.001891 1e-06 0.001771
0-6-4-7-0-0-1-1-0-6-4-7-0-2-2 13954626 0.009961 0.005749 1e-06 0.001713
0-6-4-7-0-0-1-1-0-6-4-7-0-4-3 264547773 0.100813 0.096596 0 0.001672
0-6-4-7-0-0-1-1-0-6-4-7-0-6-4 15794415 0.013966 0.008028 2e-06 0.003012
0-6-4-7-0-2-2-3-0-0-1-1-0-0-1 277704 0.006192 0.001744 1e-06 0.001957
0-6-4-7-0-2-2-3-0-0-1-1-0-2-2 13954626 0.008996 0.005044 1e-06 0.001686
0-6-4-7-0-2-2-3-0-0-1-1-0-4-3 264547773 0.097785 0.093063 0 0.001679
0-6-4-7-0-2-2-3-0-0-1-1-0-6-4 15794415 0.012851 0.00682 3e-06 0.002788
0-6-4-7-0-2-2-3-0-2-2-3-0-0-1 277704 0.005962 0.001659 1e-06 0.00178
0-6-4-7-0-2-2-3-0-2-2-3-0-2-2 6345795 0.007458 0.003568 1e-06 0.001664
0-6-4-7-0-2-2-3-0-2-2-3-0-4-3 254483838 0.080439 0.075921 1e-06 0.001717
0-6-4-7-0-2-2-3-0-2-2-3-0-6-4 15792946 0.012336 0.007107 1e-06 0.002235
0-6-4-7-0-2-2-3-0-4-3-5-0-0-1 277704 0.006869 0.002112 1e-06 0.001881
0-6-4-7-0-2-2-3-0-4-3-5-0-2-2 13954585 0.010709 0.006342 1e-06 0.001811
0-6-4-7-0-2-2-3-0-4-3-5-0-4-3 262665496 0.096006 0.090502 0 0.001822
0-6-4-7-0-2-2-3-0-4-3-5-0-6-4 15794415 0.016252 0.010885 1e-06 0.00207
0-6-4-7-0-2-2-3-0-6-4-7-0-0-1 277704 0.006035 0.001839 1e-06 0.001865
0-6-4-7-0-2-2-3-0-6-4-7-0-2-2 13954626 0.009716 0.006273 0 0.001724
0-6-4-7-0-2-2-3-0-6-4-7-0-4-3 264547773 0.099758 0.095585 1e-06 0.001763
0-6-4-7-0-2-2-3-0-6-4-7-0-6-4 15794415 0.012612 0.00864 1e-06 0.001983
0-6-4-7-0-4-3-5-0-0-1-1-0-0-1 277701 0.007783 0.003135 1e-06 0.002052
0-6-4-7-0-4-3-5-0-0-1-1-0-2-2 13954618 0.011041 0.006862 1e-06 0.001802
0-6-4-7-0-4-3-5-0-0-1-1-0-4-3 264546039 0.099472 0.094504 1e-06 0.001775
0-6-4-7-0-4-3-5-0-0-1-1-0-6-4 15794415 0.013993 0.008378 2e-06 0.002561
0-6-4-7-0-4-3-5-0-2-2-3-0-0-1 277704 0.008673 0.003299 1e-06 0.001888
0-6-4-7-0-4-3-5-0-2-2-3-0-2-2 13891951 0.012946 0.008472 0 0.001792
0-6-4-7-0-4-3-5-0-2-2-3-0-4-3 264545893 0.088628 0.082751 1e-06 0.001784
0-6-4-7-0-4-3-5-0-2-2-3-0-6-4 15794415 0.015394 0.010515 1e-06 0.001945
0-6-4-7-0-4-3-5-0-4-3-5-0-0-1 277704 0.010013 0.004392 1e-06 0.001921
0-6-4-7-0-4-3-5-0-4-3-5-0-2-2 13954598 0.035402 0.02806 1e-06 0.001901
0-6-4-7-0-4-3-5-0-4-3-5-0-4-3 253260419 0.173536 0.166847 1e-06 0.00187
0-6-4-7-0-4-3-5-0-4-3-5-0-6-4 15794415 0.081612 0.074855 0 0.002191
0-6-4-7-0-4-3-5-0-6-4-7-0-0-1 277704 0.010208 0.004404 1e-06 0.001919
0-6-4-7-0-4-3-5-0-6-4-7-0-2-2 13954626 0.031789 0.027103 1e-06 0.001929
0-6-4-7-0-4-3-5-0-6-4-7-0-4-3 264547770 0.121515 0.116459 1e-06 0.001849
0-6-4-7-0-4-3-5-0-6-4-7-0-6-4 15794415 0.036788 0.030707 2e-06 0.003111
0-6-4-7-0-6-4-7-0-0-1-1-0-0-1 277704 0.006495 0.002504 0 0.002104
0-6-4-7-0-6-4-7-0-0-1-1-0-2-2 13954626 0.009533 0.006092 1e-06 0.001741
0-6-4-7-0-6-4-7-0-0-1-1-0-4-3 264547773 0.104359 0.100188 0 0.001738
0-6-4-7-0-6-4-7-0-0-1-1-0-6-4 15794415 0.01508 0.00899 3e-06 0.003064
0-6-4-7-0-6-4-7-0-2-2-3-0-0-1 277704 0.007833 0.00273 0 0.001985
0-6-4-7-0-6-4-7-0-2-2-3-0-2-2 13954431 0.012537 0.007325 0 0.001903
0-6-4-7-0-6-4-7-0-2-2-3-0-4-3 264547772 0.08649 0.082076 1e-06 0.001892
0-6-4-7-0-6-4-7-0-2-2-3-0-6-4 15794415 0.015373 0.009696 3e-06 0.003139
0-6-4-7-0-6-4-7-0-4-3-5-0-0-1 277704 0.010622 0.004256 3e-06 0.002725
0-6-4-7-0-6-4-7-0-4-3-5-0-2-2 13954626 0.016769 0.012398 1e-06 0.001857
0-6-4-7-0-6-4-7-0-4-3-5-0-4-3 264542880 0.162181 0.15619 1e-06 0.001883
0-6-4-7-0-6-4-7-0-4-3-5-0-6-4 15794415 0.036712 0.031312 0 0.002224
0-6-4-7-0-6-4-7-0-6-4-7-0-0-1 277704 0.007543 0.0034 1e-06 0.001914
0-6-4-7-0-6-4-7-0-6-4-7-0-2-2 13954626 0.013118 0.009529 0 0.001816
0-6-4-7-0-6-4-7-0-6-4-7-0-4-3 264547773 0.104394 0.100323 1e-06 0.001819
0-6-4-7-0-6-4-7-0-6-4-7-0-6-4 15794415 0.018553 0.014248 1e-06 0.002264
1-1-0-0-1-1-0-0-1-1-0-0-1-1-0 34713 0.004948 0.000618 1e-06 0.003271
1-1-0-0-1-1-0-0-1-1-0-2-2-3-0 269979 0.004819 0.000969 1e-06 0.002362
1-1-0-0-1-1-0-0-1-1-0-4-3-5-0 125547 0.005065 0.001579 1e-06 0.002341
1-1-0-0-1-1-0-0-1-1-0-6-4-7-0 277619 0.005822 0.00157 1e-06 0.002526
1-1-0-0-1-1-0-2-2-3-0-0-1-1-0 277704 0.00388 0.000776 1e-06 0.00185
1-1-0-0-1-1-0-2-2-3-0-2-2-3-0 269979 0.004414 0.001183 0 0.001847
1-1-0-0-1-1-0-2-2-3-0-4-3-5-0 277597 0.005647 0.002421 0 0.001869
1-1-0-0-1-1-0-2-2-3-0-6-4-7-0 277704 0.005035 0.002038 0 0.001857
1-1-0-0-1-1-0-4-3-5-0-0-1-1-0 277704 0.004789 0.001259 0 0.00206
1-1-0-0-1-1-0-4-3-5-0-2-2-3-0 277212 0.005619 0.001695 0 0.001956
1-1-0-0-1-1-0-4-3-5-0-4-3-5-0 273654 0.008204 0.003985 1e-06 0.001988
1-1-0-0-1-1-0-4-3-5-0-6-4-7-0 277701 0.007366 0.00345 0 0.002034
1-1-0-0-1-1-0-6-4-7-0-0-1-1-0 277704 0.004119 0.000953 1e-06 0.001965
1-1-0-0-1-1-0-6-4-7-0-2-2-3-0 277704 0.005236 0.001541 0 0.001917
1-1-0-0-1-1-0-6-4-7-0-4-3-5-0 277700 0.007779 0.004273 1e-06 0.001973
1-1-0-0-1-1-0-6-4-7-0-6-4-7-0 277704 0.006107 0.002787 0 0.002035
1-1-0-2-2-3-0-0-1-1-0-0-1-1-0 277704 0.004427 0.000806 1e-06 0.001906
1-1-0-2-2-3-0-0-1-1-0-2-2-3-0 277704 0.003539 0.000986 0 0.001363
1-1-0-2-2-3-0-0-1-1-0-4-3-5-0 277704 0.005061 0.002171 0 0.001398
1-1-0-2-2-3-0-0-1-1-0-6-4-7-0 277704 0.00486 0.001987 1e-06 0.001409
1-1-0-2-2-3-0-2-2-3-0-0-1-1-0 277704 0.003411 0.000678 1e-06 0.001359
1-1-0-2-2-3-0-2-2-3-0-2-2-3-0 269979 0.003747 0.001004 0 0.001446
1-1-0-2-2-3-0-2-2-3-0-4-3-5-0 277597 0.005671 0.00233 1e-06 0.001446
1-1-0-2-2-3-0-2-2-3-0-6-4-7-0 277704 0.00448 0.001646 1e-06 0.001495
1-1-0-2-2-3-0-4-3-5-0-0-1-1-0 277704 0.004501 0.00107 0 0.001493
1-1-0-2-2-3-0-4-3-5-0-2-2-3-0 277704 0.00592 0.001799 1e-06 0.001493
1-1-0-2-2-3-0-4-3-5-0-4-3-5-0 277611 0.008213 0.004686 0 0.001525
1-1-0-2-2-3-0-4-3-5-0-6-4-7-0 277704 0.007458 0.004006 0 0.001542
1-1-0-2-2-3-0-6-4-7-0-0-1-1-0 277704 0.004104 0.000934 1e-06 0.001481
1-1-0-2-2-3-0-6-4-7-0-2-2-3-0 277704 0.004791 0.001245 1e-06 0.0015
1-1-0-2-2-3-0-6-4-7-0-4-3-5-0 277704 0.007875 0.004336 1e-06 0.001496
1-1-0-2-2-3-0-6-4-7-0-6-4-7-0 277704 0.006574 0.003007 1e-06 0.001546
1-1-0-4-3-5-0-0-1-1-0-0-1-1-0 277704 0.005159 0.001245 1e-06 0.002048
1-1-0-4-3-5-0-0-1-1-0-2-2-3-0 277704 0.004755 0.001688 1e-06 0.001529
1-1-0-4-3-5-0-0-1-1-0-4-3-5-0 277704 0.006069 0.002573 1e-06 0.001524
1-1-0-4-3-5-0-0-1-1-0-6-4-7-0 277704 0.005472 0.002315 0 0.001513
1-1-0-4-3-5-0-2-2-3-0-0-1-1-0 277704 0.005395 0.001513 1e-06 0.001491
1-1-0-4-3-5-0-2-2-3-0-2-2-3-0 277212 0.006104 0.001582 1e-06 0.001564
1-1-0-4-3-5-0-2-2-3-0-4-3-5-0 277704 0.006555 0.002672 0 0.001578
1-1-0-4-3-5-0-2-2-3-0-6-4-7-0 277704 0.007262 0.002471 1e-06 0.001547
1-1-0-4-3-5-0-4-3-5-0-0-1-1-0 277704 0.007133 0.002638 1e-06 0.001579
1-1-0-4-3-5-0-4-3-5-0-2-2-3-0 277704 0.007439 0.003305 0 0.001597
1-1-0-4-3-5-0-4-3-5-0-4-3-5-0 274950 0.010525 0.006492 1e-06 0.001655
1-1-0-4-3-5-0-4-3-5-0-6-4-7-0 277704 0.009984 0.005922 0 0.001714
1-1-0-4-3-5-0-6-4-7-0-0-1-1-0 277704 0.005475 0.002389 0 0.001578
1-1-0-4-3-5-0-6-4-7-0-2-2-3-0 277704 0.007799 0.003563 1e-06 0.001612
1-1-0-4-3-5-0-6-4-7-0-4-3-5-0 277704 0.009202 0.00535 1e-06 0.00169
1-1-0-4-3-5-0-6-4-7-0-6-4-7-0 277704 0.007745 0.003802 1e-06 0.001652
1-1-0-6-4-7-0-0-1-1-0-0-1-1-0 277704 0.004132 0.001015 1e-06 0.002052
1-1-0-6-4-7-0-0-1-1-0-2-2-3-0 277704 0.003931 0.001256 1e-06 0.001518
1-1-0-6-4-7-0-0-1-1-0-4-3-5-0 277704 0.005413 0.00223 0 0.001508
1-1-0-6-4-7-0-0-1-1-0-6-4-7-0 277704 0.005293 0.00223 1e-06 0.001546
1-1-0-6-4-7-0-2-2-3-0-0-1-1-0 277704 0.004494 0.001172 1e-06 0.001568
1-1-0-6-4-7-0-2-2-3-0-2-2-3-0 277704 0.004296 0.001375 0 0.001527
1-1-0-6-4-7-0-2-2-3-0-4-3-5-0 277704 0.005995 0.002612 1e-06 0.001599
1-1-0-6-4-7-0-2-2-3-0-6-4-7-0 277704 0.005628 0.002249 1e-06 0.001574
1-1-0-6-4-7-0-4-3-5-0-0-1-1-0 277704 0.006291 0.002401 1e-06 0.001548
1-1-0-6-4-7-0-4-3-5-0-2-2-3-0 277704 0.008148 0.003606 0 0.001605
1-1-0-6-4-7-0-4-3-5-0-4-3-5-0 277700 0.011206 0.007098 1e-06 0.001639
1-1-0-6-4-7-0-4-3-5-0-6-4-7-0 277704 0.010108 0.006717 1e-06 0.00165
1-1-0-6-4-7-0-6-4-7-0-0-1-1-0 277704 0.004734 0.001798 1e-06 0.001575
1-1-0-6-4-7-0-6-4-7-0-2-2-3-0 277704 0.005678 0.002399 1e-06 0.001616
1-1-0-6-4-7-0-6-4-7-0-4-3-5-0 277704 0.008533 0.005154 0 0.001653
1-1-0-6-4-7-0-6-4-7-0-6-4-7-0 277704 0.006941 0.003823 0 0.001618
2-3-0-0-1-1-0-0-1-1-0-0-1-1-0 11426723 0.005558 0.002018 0 0.00237
2-3-0-0-1-1-0-0-1-1-0-2-2-3-0 13942082 0.006087 0.003116 1e-06 0.001908
2-3-0-0-1-1-0-0-1-1-0-4-3-5-0 13103489 0.007963 0.004284 1e-06 0.001997
2-3-0-0-1-1-0-0-1-1-0-6-4-7-0 13954551 0.013191 0.009558 0 0.002031
2-3-0-0-1-1-0-2-2-3-0-0-1-1-0 13954626 0.005081 0.002162 1e-06 0.001522
2-3-0-0-1-1-0-2-2-3-0-2-2-3-0 13942082 0.005501 0.002556 1e-06 0.001557
2-3-0-0-1-1-0-2-2-3-0-4-3-5-0 13954538 0.008771 0.005482 0 0.001582
2-3-0-0-1-1-0-2-2-3-0-6-4-7-0 13954626 0.013198 0.009939 1e-06 0.001589
2-3-0-0-1-1-0-4-3-5-0-0-1-1-0 13954626 0.006368 0.002851 1e-06 0.001611
2-3-0-0-1-1-0-4-3-5-0-2-2-3-0 13953539 0.007283 0.003318 0 0.001715
2-3-0-0-1-1-0-4-3-5-0-4-3-5-0 13920168 0.010808 0.007359 0 0.001663
2-3-0-0-1-1-0-4-3-5-0-6-4-7-0 13954618 0.015267 0.012009 0 0.001696
2-3-0-0-1-1-0-6-4-7-0-0-1-1-0 13954626 0.005099 0.002335 1e-06 0.001697
2-3-0-0-1-1-0-6-4-7-0-2-2-3-0 13954626 0.006345 0.003048 1e-06 0.001684
2-3-0-0-1-1-0-6-4-7-0-4-3-5-0 13954622 0.010918 0.007487 1e-06 0.001734
2-3-0-0-1-1-0-6-4-7-0-6-4-7-0 13954626 0.014194 0.011163 1e-06 0.00174
2-3-0-2-2-3-0-0-1-1-0-0-1-1-0 11426723 0.005095 0.001752 1e-06 0.002129
2-3-0-2-2-3-0-0-1-1-0-2-2-3-0 13942082 0.005277 0.0024 0 0.001619
2-3-0-2-2-3-0-0-1-1-0-4-3-5-0 13103489 0.007614 0.004446 1e-06 0.001624
2-3-0-2-2-3-0-0-1-1-0-6-4-7-0 13954551 0.01325 0.010006 1e-06 0.00163
2-3-0-2-2-3-0-2-2-3-0-0-1-1-0 11426723 0.004779 0.001744 1e-06 0.001537
2-3-0-2-2-3-0-2-2-3-0-2-2-3-0 34713 0.003755 0.000541 1e-06 0.001571
2-3-0-2-2-3-0-2-2-3-0-4-3-5-0 1807215 0.005217 0.001861 0 0.001543
2-3-0-2-2-3-0-2-2-3-0-6-4-7-0 6345795 0.007412 0.004264 0 0.001551
2-3-0-2-2-3-0-4-3-5-0-0-1-1-0 13373259 0.006119 0.002445 1e-06 0.001533
2-3-0-2-2-3-0-4-3-5-0-2-2-3-0 12401496 0.006177 0.00266 1e-06 0.001568
2-3-0-2-2-3-0-4-3-5-0-4-3-5-0 12620533 0.021281 0.016074 1e-06 0.001564
2-3-0-2-2-3-0-4-3-5-0-6-4-7-0 13891951 0.016938 0.012862 1e-06 0.00162
2-3-0-2-2-3-0-6-4-7-0-0-1-1-0 13954626 0.005748 0.002222 1e-06 0.001623
2-3-0-2-2-3-0-6-4-7-0-2-2-3-0 13689497 0.005887 0.002641 1e-06 0.001639
2-3-0-2-2-3-0-6-4-7-0-4-3-5-0 13721768 0.022631 0.018899 1e-06 0.001668
2-3-0-2-2-3-0-6-4-7-0-6-4-7-0 13954431 0.014816 0.011347 1e-06 0.001665
2-3-0-4-3-5-0-0-1-1-0-0-1-1-0 13373259 0.007081 0.002518 1e-06 0.00223
2-3-0-4-3-5-0-0-1-1-0-2-2-3-0 13950086 0.007552 0.002754 1e-06 0.001694
2-3-0-4-3-5-0-0-1-1-0-4-3-5-0 13749399 0.009322 0.005308 1e-06 0.001682
2-3-0-4-3-5-0-0-1-1-0-6-4-7-0 13954585 0.014814 0.010557 1e-06 0.001758
2-3-0-4-3-5-0-2-2-3-0-0-1-1-0 13954626 0.007186 0.002747 1e-06 0.001674
2-3-0-4-3-5-0-2-2-3-0-2-2-3-0 12401496 0.006618 0.002667 1e-06 0.001741
2-3-0-4-3-5-0-2-2-3-0-4-3-5-0 13920727 0.019689 0.01516 0 0.001753
2-3-0-4-3-5-0-2-2-3-0-6-4-7-0 13954585 0.015702 0.011138 1e-06 0.001889
2-3-0-4-3-5-0-4-3-5-0-0-1-1-0 13954626 0.008969 0.003939 0 0.001824
2-3-0-4-3-5-0-4-3-5-0-2-2-3-0 13942369 0.01266 0.006884 1e-06 0.001847
2-3-0-4-3-5-0-4-3-5-0-4-3-5-0 13780903 0.063793 0.05746 1e-06 0.001931
2-3-0-4-3-5-0-4-3-5-0-6-4-7-0 13954598 0.039315 0.033333 0 0.001905
2-3-0-4-3-5-0-6-4-7-0-0-1-1-0 13954626 0.008922 0.003913 1e-06 0.001901
2-3-0-4-3-5-0-6-4-7-0-2-2-3-0 13953921 0.009678 0.005537 1e-06 0.001883
2-3-0-4-3-5-0-6-4-7-0-4-3-5-0 13953164 0.03994 0.035256 1e-06 0.001891
2-3-0-4-3-5-0-6-4-7-0-6-4-7-0 13954626 0.019836 0.01565 1e-06 0.001831
2-3-0-6-4-7-0-0-1-1-0-0-1-1-0 13954626 0.006148 0.002218 0 0.002274
2-3-0-6-4-7-0-0-1-1-0-2-2-3-0 13954626 0.007562 0.003774 0 0.001742
2-3-0-6-4-7-0-0-1-1-0-4-3-5-0 13954626 0.009292 0.005479 0 0.001748
2-3-0-6-4-7-0-0-1-1-0-6-4-7-0 13954626 0.012781 0.009576 1e-06 0.001765
2-3-0-6-4-7-0-2-2-3-0-0-1-1-0 13954626 0.006297 0.002353 1e-06 0.001761
2-3-0-6-4-7-0-2-2-3-0-2-2-3-0 13689497 0.00616 0.002646 1e-06 0.001778
2-3-0-6-4-7-0-2-2-3-0-4-3-5-0 13952209 0.019098 0.015091 0 0.00181
2-3-0-6-4-7-0-2-2-3-0-6-4-7-0 13954626 0.014068 0.010828 1e-06 0.001759
2-3-0-6-4-7-0-4-3-5-0-0-1-1-0 13954626 0.008425 0.003677 0 0.001788
2-3-0-6-4-7-0-4-3-5-0-2-2-3-0 13954500 0.010295 0.006465 0 0.001809
2-3-0-6-4-7-0-4-3-5-0-4-3-5-0 13850279 0.06672 0.061585 1e-06 0.001847
2-3-0-6-4-7-0-4-3-5-0-6-4-7-0 13954626 0.034213 0.02999 1e-06 0.001808
2-3-0-6-4-7-0-6-4-7-0-0-1-1-0 13954626 0.006314 0.002964 1e-06 0.001805
2-3-0-6-4-7-0-6-4-7-0-2-2-3-0 13954626 0.007777 0.004571 1e-06 0.001823
2-3-0-6-4-7-0-6-4-7-0-4-3-5-0 13954620 0.034391 0.03059 0 0.001869
2-3-0-6-4-7-0-6-4-7-0-6-4-7-0 13954626 0.016727 0.013393 0 0.00179
3-5-0-0-1-1-0-0-1-1-0-0-1-1-0 66667832 0.01734 0.012769 1e-06 0.002893
3-5-0-0-1-1-0-0-1-1-0-2-2-3-0 261068775 0.067246 0.063401 1e-06 0.002241
3-5-0-0-1-1-0-0-1-1-0-4-3-5-0 159103520 0.050532 0.044738 1e-06 0.003283
3-5-0-0-1-1-0-0-1-1-0-6-4-7-0 264520476 0.070443 0.064996 3e-06 0.003303
3-5-0-0-1-1-0-2-2-3-0-0-1-1-0 264547773 0.066484 0.061609 1e-06 0.00191
3-5-0-0-1-1-0-2-2-3-0-2-2-3-0 261068775 0.068734 0.063517 3e-06 0.002713
3-5-0-0-1-1-0-2-2-3-0-4-3-5-0 264505054 0.069663 0.065402 1e-06 0.001948
3-5-0-0-1-1-0-2-2-3-0-6-4-7-0 264547773 0.068912 0.064553 1e-06 0.00183
3-5-0-0-1-1-0-4-3-5-0-0-1-1-0 264547773 0.065699 0.060909 1e-06 0.002065
3-5-0-0-1-1-0-4-3-5-0-2-2-3-0 264335304 0.069494 0.063528 3e-06 0.002846
3-5-0-0-1-1-0-4-3-5-0-4-3-5-0 261568906 0.070992 0.066532 1e-06 0.001916
3-5-0-0-1-1-0-4-3-5-0-6-4-7-0 264546039 0.072759 0.068181 1e-06 0.00223
3-5-0-0-1-1-0-6-4-7-0-0-1-1-0 264547773 0.076874 0.072539 1e-06 0.001931
3-5-0-0-1-1-0-6-4-7-0-2-2-3-0 264547773 0.069372 0.06559 1e-06 0.001868
3-5-0-0-1-1-0-6-4-7-0-4-3-5-0 264547070 0.074315 0.070168 1e-06 0.001967
3-5-0-0-1-1-0-6-4-7-0-6-4-7-0 264547773 0.071906 0.067763 2e-06 0.002018
3-5-0-2-2-3-0-0-1-1-0-0-1-1-0 262992233 0.064927 0.059819 1e-06 0.0023
3-5-0-2-2-3-0-0-1-1-0-2-2-3-0 264546361 0.100303 0.094171 1e-06 0.002099
3-5-0-2-2-3-0-0-1-1-0-4-3-5-0 264299335 0.096047 0.088989 3e-06 0.003016
3-5-0-2-2-3-0-0-1-1-0-6-4-7-0 264547769 0.119526 0.112633 2e-06 0.002683
3-5-0-2-2-3-0-2-2-3-0-0-1-1-0 262992233 0.06728 0.062921 2e-06 0.001847
3-5-0-2-2-3-0-2-2-3-0-2-2-3-0 18178411 0.010394 0.00374 3e-06 0.002727
3-5-0-2-2-3-0-2-2-3-0-4-3-5-0 186718068 0.065416 0.060968 1e-06 0.001814
3-5-0-2-2-3-0-2-2-3-0-6-4-7-0 254483838 0.191462 0.183333 1e-06 0.001818
3-5-0-2-2-3-0-4-3-5-0-0-1-1-0 264534436 0.074064 0.062354 1e-06 0.002007
3-5-0-2-2-3-0-4-3-5-0-2-2-3-0 263938876 0.07352 0.068225 1e-06 0.002035
3-5-0-2-2-3-0-4-3-5-0-4-3-5-0 260987845 0.133343 0.126853 1e-06 0.00224
3-5-0-2-2-3-0-4-3-5-0-6-4-7-0 264545893 0.208004 0.199382 1e-06 0.002237
3-5-0-2-2-3-0-6-4-7-0-0-1-1-0 264547773 0.072316 0.066581 2e-06 0.002786
3-5-0-2-2-3-0-6-4-7-0-2-2-3-0 264526605 0.071624 0.066956 1e-06 0.001975
3-5-0-2-2-3-0-6-4-7-0-4-3-5-0 264348044 0.123728 0.119118 1e-06 0.001896
3-5-0-2-2-3-0-6-4-7-0-6-4-7-0 264547772 0.193673 0.188767 1e-06 0.002072
3-5-0-4-3-5-0-0-1-1-0-0-1-1-0 242448037 0.067328 0.060854 1e-06 0.002791
3-5-0-4-3-5-0-0-1-1-0-2-2-3-0 264223483 0.098554 0.090763 1e-06 0.002038
3-5-0-4-3-5-0-0-1-1-0-4-3-5-0 254223236 0.098434 0.09233 2e-06 0.002563
3-5-0-4-3-5-0-0-1-1-0-6-4-7-0 264544959 0.098147 0.092979 1e-06 0.002067
3-5-0-4-3-5-0-2-2-3-0-0-1-1-0 264272027 0.07398 0.067452 1e-06 0.002126
3-5-0-4-3-5-0-2-2-3-0-2-2-3-0 223199128 0.06825 0.061551 1e-06 0.002113
3-5-0-4-3-5-0-2-2-3-0-4-3-5-0 256552028 0.366211 0.35514 1e-06 0.002248
3-5-0-4-3-5-0-2-2-3-0-6-4-7-0 262665496 0.204101 0.193697 1e-06 0.004528
3-5-0-4-3-5-0-4-3-5-0-0-1-1-0 254851812 0.067289 0.060413 1e-06 0.001977
3-5-0-4-3-5-0-4-3-5-0-2-2-3-0 252870735 0.114996 0.105612 1e-06 0.002163
3-5-0-4-3-5-0-4-3-5-0-4-3-5-0 249802666 1.06681 1.05702 1e-06 0.002337
3-5-0-4-3-5-0-4-3-5-0-6-4-7-0 253260419 0.27605 0.267526 1e-06 0.002279
3-5-0-4-3-5-0-6-4-7-0-0-1-1-0 264536355 0.069432 0.062523 1e-06 0.001953
3-5-0-4-3-5-0-6-4-7-0-2-2-3-0 261395656 0.130951 0.123709 1e-06 0.002017
3-5-0-4-3-5-0-6-4-7-0-4-3-5-0 263215652 2.21271 2.20595 1e-06 0.00208
3-5-0-4-3-5-0-6-4-7-0-6-4-7-0 264542880 0.27408 0.262873 2e-06 0.002756
3-5-0-6-4-7-0-0-1-1-0-0-1-1-0 264536355 0.067869 0.062582 1e-06 0.002325
3-5-0-6-4-7-0-0-1-1-0-2-2-3-0 264547768 0.110152 0.102789 1e-06 0.002241
3-5-0-6-4-7-0-0-1-1-0-4-3-5-0 264545622 0.103198 0.098097 1e-06 0.002012
3-5-0-6-4-7-0-0-1-1-0-6-4-7-0 264547773 0.108005 0.102194 1e-06 0.00195
3-5-0-6-4-7-0-2-2-3-0-0-1-1-0 264547773 0.068002 0.062648 1e-06 0.001936
3-5-0-6-4-7-0-2-2-3-0-2-2-3-0 258664239 0.077672 0.07142 1e-06 0.002284
3-5-0-6-4-7-0-2-2-3-0-4-3-5-0 264488100 0.41171 0.405438 1e-06 0.002008
3-5-0-6-4-7-0-2-2-3-0-6-4-7-0 264547773 0.215186 0.209054 3e-06 0.00297
3-5-0-6-4-7-0-4-3-5-0-0-1-1-0 264547773 0.072745 0.065946 1e-06 0.00204
3-5-0-6-4-7-0-4-3-5-0-2-2-3-0 264545259 0.092483 0.087056 1e-06 0.001996
3-5-0-6-4-7-0-4-3-5-0-4-3-5-0 263135171 1.43329 1.42637 1e-06 0.002106
3-5-0-6-4-7-0-4-3-5-0-6-4-7-0 264547770 0.235318 0.228089 2e-06 0.00307
3-5-0-6-4-7-0-6-4-7-0-0-1-1-0 264547773 0.071117 0.065999 1e-06 0.001992
3-5-0-6-4-7-0-6-4-7-0-2-2-3-0 264547767 0.087873 0.083439 1e-06 0.001879
3-5-0-6-4-7-0-6-4-7-0-4-3-5-0 264547650 2.40512 2.39898 1e-06 0.001964
3-5-0-6-4-7-0-6-4-7-0-6-4-7-0 264547773 0.206827 0.199667 2e-06 0.00289
4-7-0-0-1-1-0-0-1-1-0-0-1-1-0 15626706 0.007532 0.003257 1e-06 0.002875
4-7-0-0-1-1-0-0-1-1-0-2-2-3-0 15794087 0.006176 0.002842 0 0.002165
4-7-0-0-1-1-0-0-1-1-0-4-3-5-0 15740985 0.009321 0.005343 1e-06 0.002188
4-7-0-0-1-1-0-0-1-1-0-6-4-7-0 15794415 0.014424 0.010593 1e-06 0.002257
4-7-0-0-1-1-0-2-2-3-0-0-1-1-0 15794415 0.005007 0.002279 1e-06 0.001621
4-7-0-0-1-1-0-2-2-3-0-2-2-3-0 15794087 0.005597 0.002734 1e-06 0.001654
4-7-0-0-1-1-0-2-2-3-0-4-3-5-0 15794415 0.009715 0.006349 0 0.001705
4-7-0-0-1-1-0-2-2-3-0-6-4-7-0 15794415 0.013677 0.010541 1e-06 0.001704
4-7-0-0-1-1-0-4-3-5-0-0-1-1-0 15794415 0.006076 0.002705 0 0.001726
4-7-0-0-1-1-0-4-3-5-0-2-2-3-0 15794372 0.00719 0.003258 0 0.001781
4-7-0-0-1-1-0-4-3-5-0-4-3-5-0 15792180 0.011423 0.007783 1e-06 0.001752
4-7-0-0-1-1-0-4-3-5-0-6-4-7-0 15794415 0.015389 0.01191 1e-06 0.001744
4-7-0-0-1-1-0-6-4-7-0-0-1-1-0 15794415 0.00525 0.002432 0 0.001731
4-7-0-0-1-1-0-6-4-7-0-2-2-3-0 15794415 0.006419 0.002963 1e-06 0.001747
4-7-0-0-1-1-0-6-4-7-0-4-3-5-0 15794415 0.011823 0.008284 1e-06 0.001778
4-7-0-0-1-1-0-6-4-7-0-6-4-7-0 15794415 0.014723 0.011726 0 0.001748
4-7-0-2-2-3-0-0-1-1-0-0-1-1-0 15794415 0.006209 0.002263 1e-06 0.002163
4-7-0-2-2-3-0-0-1-1-0-2-2-3-0 15794415 0.005785 0.002641 1e-06 0.0017
4-7-0-2-2-3-0-0-1-1-0-4-3-5-0 15794415 0.008517 0.005013 0 0.001738
4-7-0-2-2-3-0-0-1-1-0-6-4-7-0 15794415 0.014923 0.011341 0 0.001744
4-7-0-2-2-3-0-2-2-3-0-0-1-1-0 15794415 0.005609 0.002219 1e-06 0.001724
4-7-0-2-2-3-0-2-2-3-0-2-2-3-0 10219172 0.005646 0.001778 0 0.00173
4-7-0-2-2-3-0-2-2-3-0-4-3-5-0 15662521 0.018145 0.014881 1e-06 0.00174
4-7-0-2-2-3-0-2-2-3-0-6-4-7-0 15792946 0.013825 0.010799 1e-06 0.001735
4-7-0-2-2-3-0-4-3-5-0-0-1-1-0 15794415 0.006395 0.002628 1e-06 0.001788
4-7-0-2-2-3-0-4-3-5-0-2-2-3-0 15794338 0.007341 0.003576 1e-06 0.001766
4-7-0-2-2-3-0-4-3-5-0-4-3-5-0 15743848 0.030311 0.025949 1e-06 0.001769
4-7-0-2-2-3-0-4-3-5-0-6-4-7-0 15794415 0.018526 0.01421 0 0.001781
4-7-0-2-2-3-0-6-4-7-0-0-1-1-0 15794415 0.006292 0.002412 0 0.001776
4-7-0-2-2-3-0-6-4-7-0-2-2-3-0 15794414 0.00688 0.003594 1e-06 0.001808
4-7-0-2-2-3-0-6-4-7-0-4-3-5-0 15794371 0.037506 0.033829 1e-06 0.001822
4-7-0-2-2-3-0-6-4-7-0-6-4-7-0 15794415 0.015695 0.012593 1e-06 0.001779
4-7-0-4-3-5-0-0-1-1-0-0-1-1-0 15758734 0.008846 0.003685 1e-06 0.002318
4-7-0-4-3-5-0-0-1-1-0-2-2-3-0 15794374 0.008372 0.004161 1e-06 0.001848
4-7-0-4-3-5-0-0-1-1-0-4-3-5-0 15784512 0.010787 0.00696 1e-06 0.001807
4-7-0-4-3-5-0-0-1-1-0-6-4-7-0 15794415 0.019939 0.015637 1e-06 0.001829
4-7-0-4-3-5-0-2-2-3-0-0-1-1-0 15794415 0.008104 0.003915 1e-06 0.001812
4-7-0-4-3-5-0-2-2-3-0-2-2-3-0 15752999 0.009887 0.005961 0 0.001876
4-7-0-4-3-5-0-2-2-3-0-4-3-5-0 15793767 0.023438 0.01898 1e-06 0.001871
4-7-0-4-3-5-0-2-2-3-0-6-4-7-0 15794415 0.018551 0.014511 1e-06 0.001864
4-7-0-4-3-5-0-4-3-5-0-0-1-1-0 15794415 0.010607 0.005108 1e-06 0.001895
4-7-0-4-3-5-0-4-3-5-0-2-2-3-0 15794351 0.03093 0.025062 1e-06 0.001881
4-7-0-4-3-5-0-4-3-5-0-4-3-5-0 15614461 0.109209 0.102707 1e-06 0.00196
4-7-0-4-3-5-0-4-3-5-0-6-4-7-0 15794415 0.083117 0.077673 0 0.001912
4-7-0-4-3-5-0-6-4-7-0-0-1-1-0 15794415 0.010855 0.005482 2e-06 0.001996
4-7-0-4-3-5-0-6-4-7-0-2-2-3-0 15794415 0.030494 0.025954 1e-06 0.002042
4-7-0-4-3-5-0-6-4-7-0-4-3-5-0 15794412 0.064543 0.060081 1e-06 0.002
4-7-0-4-3-5-0-6-4-7-0-6-4-7-0 15794415 0.039284 0.034738 1e-06 0.001937
4-7-0-6-4-7-0-0-1-1-0-0-1-1-0 15794415 0.007625 0.003099 1e-06 0.002527
4-7-0-6-4-7-0-0-1-1-0-2-2-3-0 15794415 0.007347 0.004029 0 0.001874
4-7-0-6-4-7-0-0-1-1-0-4-3-5-0 15794415 0.010267 0.006146 1e-06 0.001826
4-7-0-6-4-7-0-0-1-1-0-6-4-7-0 15794415 0.01567 0.011584 0 0.001881
4-7-0-6-4-7-0-2-2-3-0-0-1-1-0 15794415 0.006612 0.003067 1e-06 0.001801
4-7-0-6-4-7-0-2-2-3-0-2-2-3-0 15792398 0.007327 0.003973 1e-06 0.001847
4-7-0-6-4-7-0-2-2-3-0-4-3-5-0 15794397 0.021336 0.017308 1e-06 0.001838
4-7-0-6-4-7-0-2-2-3-0-6-4-7-0 15794415 0.015953 0.012804 1e-06 0.00178
4-7-0-6-4-7-0-4-3-5-0-0-1-1-0 15794415 0.009467 0.004656 1e-06 0.001898
4-7-0-6-4-7-0-4-3-5-0-2-2-3-0 15794413 0.012748 0.008896 1e-06 0.001909
4-7-0-6-4-7-0-4-3-5-0-4-3-5-0 15792097 0.094143 0.089336 0 0.001899
4-7-0-6-4-7-0-4-3-5-0-6-4-7-0 15794415 0.037503 0.033219 1e-06 0.001879
4-7-0-6-4-7-0-6-4-7-0-0-1-1-0 15794415 0.007481 0.00391 1e-06 0.001873
4-7-0-6-4-7-0-6-4-7-0-2-2-3-0 15794415 0.010575 0.006843 1e-06 0.0019
4-7-0-6-4-7-0-6-4-7-0-4-3-5-0 15794415 0.040234 0.036537 1e-06 0.001906
4-7-0-6-4-7-0-6-4-7-0-6-4-7-0 15794415 0.020652 0.017228 1e-06 0.001862
