0-0-1-1-0-0-1-1-0-0-1-1-0-0-1 34713 0.019063 0.004548 1e-06 0.00876
0-0-1-1-0-0-1-1-0-0-1-1-0-2-2 11426723 0.038074 0.025896 1e-06 0.007619
0-0-1-1-0-0-1-1-0-0-1-1-0-4-3 66667832 0.088651 0.081576 1e-06 0.002806
0-0-1-1-0-0-1-1-0-0-1-1-0-6-4 15626706 0.0247 0.014543 1e-06 0.002888
0-0-1-1-0-0-1-1-0-2-2-3-0-0-1 277704 0.010003 0.00277 1e-06 0.002095
0-0-1-1-0-0-1-1-0-2-2-3-0-2-2 11426723 0.018308 0.011514 0 0.002058
0-0-1-1-0-0-1-1-0-2-2-3-0-4-3 262992233 0.258757 0.24916 0 0.002106
0-0-1-1-0-0-1-1-0-2-2-3-0-6-4 15794415 0.022492 0.015439 1e-06 0.002368
0-0-1-1-0-0-1-1-0-4-3-5-0-0-1 277704 0.01298 0.00339 1e-06 0.002439
0-0-1-1-0-0-1-1-0-4-3-5-0-2-2 13373259 0.022244 0.014628 1e-06 0.002195
0-0-1-1-0-0-1-1-0-4-3-5-0-4-3 242448037 0.191404 0.183182 1e-06 0.002184
0-0-1-1-0-0-1-1-0-4-3-5-0-6-4 15758734 0.028562 0.017829 1e-06 0.003586
0-0-1-1-0-0-1-1-0-6-4-7-0-0-1 277704 0.011387 0.003025 0 0.002604
0-0-1-1-0-0-1-1-0-6-4-7-0-2-2 13954626 0.022172 0.014443 0 0.002302
0-0-1-1-0-0-1-1-0-6-4-7-0-4-3 264536355 0.215011 0.206921 1e-06 0.002425
0-0-1-1-0-0-1-1-0-6-4-7-0-6-4 15794415 0.027515 0.017084 1e-06 0.006309
0-0-1-1-0-2-2-3-0-0-1-1-0-0-1 277704 0.007906 0.002296 1e-06 0.001454
0-0-1-1-0-2-2-3-0-0-1-1-0-2-2 13954626 0.017585 0.012 0 0.001128
0-0-1-1-0-2-2-3-0-0-1-1-0-4-3 264547773 0.199847 0.194312 0 0.001186
0-0-1-1-0-2-2-3-0-0-1-1-0-6-4 15794415 0.026392 0.015147 1e-06 0.005502
0-0-1-1-0-2-2-3-0-2-2-3-0-0-1 277704 0.010962 0.002579 1e-06 0.001437
0-0-1-1-0-2-2-3-0-2-2-3-0-2-2 11426723 0.021171 0.011519 1e-06 0.005154
0-0-1-1-0-2-2-3-0-2-2-3-0-4-3 262992233 0.193464 0.186687 1e-06 0.001285
0-0-1-1-0-2-2-3-0-2-2-3-0-6-4 15794415 0.020681 0.014203 1e-06 0.001456
0-0-1-1-0-2-2-3-0-4-3-5-0-0-1 277704 0.011532 0.003187 1e-06 0.001491
0-0-1-1-0-2-2-3-0-4-3-5-0-2-2 13954626 0.02569 0.013688 1e-06 0.004089
0-0-1-1-0-2-2-3-0-4-3-5-0-4-3 264272027 0.205475 0.19647 1e-06 0.001468
0-0-1-1-0-2-2-3-0-4-3-5-0-6-4 15794415 0.040429 0.020109 1e-06 0.002355
0-0-1-1-0-2-2-3-0-6-4-7-0-0-1 277704 0.013772 0.004556 1e-06 0.002108
0-0-1-1-0-2-2-3-0-6-4-7-0-2-2 13954626 0.021819 0.014985 1e-06 0.001958
0-0-1-1-0-2-2-3-0-6-4-7-0-4-3 264547773 0.228137 0.219101 1e-06 0.001988
0-0-1-1-0-2-2-3-0-6-4-7-0-6-4 15794415 0.044131 0.02285 3e-06 0.00299
0-0-1-1-0-4-3-5-0-0-1-1-0-0-1 277704 0.015172 0.00468 1e-06 0.002599
0-0-1-1-0-4-3-5-0-0-1-1-0-2-2 13954626 0.028292 0.01661 1e-06 0.002276
0-0-1-1-0-4-3-5-0-0-1-1-0-4-3 264547773 0.233766 0.221177 1e-06 0.002378
0-0-1-1-0-4-3-5-0-0-1-1-0-6-4 15794415 0.031719 0.020189 3e-06 0.003533
0-0-1-1-0-4-3-5-0-2-2-3-0-0-1 277704 0.017474 0.007665 1e-06 0.00288
0-0-1-1-0-4-3-5-0-2-2-3-0-2-2 13373259 0.034465 0.023309 2e-06 0.002939
0-0-1-1-0-4-3-5-0-2-2-3-0-4-3 264534436 0.313946 0.300745 2e-06 0.003542
0-0-1-1-0-4-3-5-0-2-2-3-0-6-4 15794415 0.035643 0.019836 1e-06 0.00273
0-0-1-1-0-4-3-5-0-4-3-5-0-0-1 277704 0.023893 0.010522 1e-06 0.002538
0-0-1-1-0-4-3-5-0-4-3-5-0-2-2 13954626 0.030858 0.018762 2e-06 0.002516
0-0-1-1-0-4-3-5-0-4-3-5-0-4-3 254851812 0.228747 0.217352 1e-06 0.002255
0-0-1-1-0-4-3-5-0-4-3-5-0-6-4 15794415 0.033542 0.021538 1e-06 0.002749
0-0-1-1-0-4-3-5-0-6-4-7-0-0-1 277704 0.016668 0.006876 1e-06 0.002517
0-0-1-1-0-4-3-5-0-6-4-7-0-2-2 13954626 0.033141 0.018249 1e-06 0.0024
0-0-1-1-0-4-3-5-0-6-4-7-0-4-3 264547773 0.23489 0.223146 1e-06 0.002476
0-0-1-1-0-4-3-5-0-6-4-7-0-6-4 15794415 0.032367 0.021421 1e-06 0.002965
0-0-1-1-0-6-4-7-0-0-1-1-0-0-1 277704 0.013846 0.004739 1e-06 0.002516
0-0-1-1-0-6-4-7-0-0-1-1-0-2-2 13954626 0.023684 0.015606 1e-06 0.002137
0-0-1-1-0-6-4-7-0-0-1-1-0-4-3 264547773 0.226033 0.216476 1e-06 0.002214
0-0-1-1-0-6-4-7-0-0-1-1-0-6-4 15794415 0.028037 0.016754 2e-06 0.002741
0-0-1-1-0-6-4-7-0-2-2-3-0-0-1 277704 0.013475 0.005327 1e-06 0.002315
0-0-1-1-0-6-4-7-0-2-2-3-0-2-2 13954626 0.022857 0.015171 1e-06 0.002212
0-0-1-1-0-6-4-7-0-2-2-3-0-4-3 264547773 0.232331 0.221054 1e-06 0.001946
0-0-1-1-0-6-4-7-0-2-2-3-0-6-4 15794415 0.043798 0.019687 1e-06 0.00267
0-0-1-1-0-6-4-7-0-4-3-5-0-0-1 277704 0.024435 0.010018 1e-06 0.00259
0-0-1-1-0-6-4-7-0-4-3-5-0-2-2 13954626 0.030627 0.01938 1e-06 0.002542
0-0-1-1-0-6-4-7-0-4-3-5-0-4-3 264536355 0.269994 0.257823 1e-06 0.00232
0-0-1-1-0-6-4-7-0-4-3-5-0-6-4 15794415 0.037839 0.025156 2e-06 0.003202
0-0-1-1-0-6-4-7-0-6-4-7-0-0-1 277704 0.026593 0.009716 1e-06 0.008791
0-0-1-1-0-6-4-7-0-6-4-7-0-2-2 13954626 0.031171 0.020875 1e-06 0.003456
0-0-1-1-0-6-4-7-0-6-4-7-0-4-3 264547773 0.289456 0.27846 1e-06 0.002864
0-0-1-1-0-6-4-7-0-6-4-7-0-6-4 15794415 0.03399 0.025198 2e-06 0.002812
0-2-2-3-0-0-1-1-0-0-1-1-0-0-1 269979 0.011528 0.004391 1e-06 0.002448
0-2-2-3-0-0-1-1-0-0-1-1-0-2-2 13942082 0.022182 0.015226 1e-06 0.00241
0-2-2-3-0-0-1-1-0-0-1-1-0-4-3 261068775 0.417523 0.406565 1e-06 0.002144
0-2-2-3-0-0-1-1-0-0-1-1-0-6-4 15794087 0.030124 0.018426 3e-06 0.003425
0-2-2-3-0-0-1-1-0-2-2-3-0-0-1 277704 0.011329 0.004626 1e-06 0.001708
0-2-2-3-0-0-1-1-0-2-2-3-0-2-2 13942082 0.021809 0.014348 1e-06 0.001719
0-2-2-3-0-0-1-1-0-2-2-3-0-4-3 264546361 0.47048 0.455015 1e-06 0.001604
0-2-2-3-0-0-1-1-0-2-2-3-0-6-4 15794415 0.041098 0.019021 1e-06 0.002127
0-2-2-3-0-0-1-1-0-4-3-5-0-0-1 277704 0.014095 0.005578 1e-06 0.001947
0-2-2-3-0-0-1-1-0-4-3-5-0-2-2 13950086 0.031349 0.017383 0 0.001927
0-2-2-3-0-0-1-1-0-4-3-5-0-4-3 264223483 0.46859 0.45735 2e-06 0.001981
0-2-2-3-0-0-1-1-0-4-3-5-0-6-4 15794374 0.040652 0.027949 2e-06 0.003494
0-2-2-3-0-0-1-1-0-6-4-7-0-0-1 277704 0.020206 0.0097 1e-06 0.003489
0-2-2-3-0-0-1-1-0-6-4-7-0-2-2 13954626 0.045675 0.023968 1e-06 0.003422
0-2-2-3-0-0-1-1-0-6-4-7-0-4-3 264547768 0.562908 0.548041 2e-06 0.003284
0-2-2-3-0-0-1-1-0-6-4-7-0-6-4 15794415 0.049878 0.032837 1e-06 0.009775
0-2-2-3-0-2-2-3-0-0-1-1-0-0-1 269979 0.018813 0.008687 2e-06 0.003811
0-2-2-3-0-2-2-3-0-0-1-1-0-2-2 13942082 0.032206 0.02114 1e-06 0.003263
0-2-2-3-0-2-2-3-0-0-1-1-0-4-3 261068775 0.523039 0.509982 2e-06 0.003019
0-2-2-3-0-2-2-3-0-0-1-1-0-6-4 15794087 0.035874 0.019938 1e-06 0.002498
0-2-2-3-0-2-2-3-0-2-2-3-0-0-1 269979 0.013576 0.004915 2e-06 0.001997
0-2-2-3-0-2-2-3-0-2-2-3-0-2-2 34713 0.012386 0.003926 0 0.001872
0-2-2-3-0-2-2-3-0-2-2-3-0-4-3 18178411 0.025338 0.017449 1e-06 0.001803
0-2-2-3-0-2-2-3-0-2-2-3-0-6-4 10219172 0.020623 0.012063 2e-06 0.00174
0-2-2-3-0-2-2-3-0-4-3-5-0-0-1 277212 0.019508 0.005946 1e-06 0.002453
0-2-2-3-0-2-2-3-0-4-3-5-0-2-2 12401496 0.026832 0.016717 1e-06 0.001979
0-2-2-3-0-2-2-3-0-4-3-5-0-4-3 223199128 0.272965 0.260906 1e-06 0.001874
0-2-2-3-0-2-2-3-0-4-3-5-0-6-4 15752999 0.043464 0.031819 2e-06 0.002309
0-2-2-3-0-2-2-3-0-6-4-7-0-0-1 277704 0.02638 0.005307 3e-06 0.002918
0-2-2-3-0-2-2-3-0-6-4-7-0-2-2 13689497 0.027963 0.018778 1e-06 0.002093
0-2-2-3-0-2-2-3-0-6-4-7-0-4-3 258664239 0.3195 0.308682 1e-06 0.002
0-2-2-3-0-2-2-3-0-6-4-7-0-6-4 15792398 0.03449 0.025068 2e-06 0.00234
0-2-2-3-0-4-3-5-0-0-1-1-0-0-1 277212 0.016518 0.004932 1e-06 0.002336
0-2-2-3-0-4-3-5-0-0-1-1-0-2-2 13953539 0.028274 0.016807 1e-06 0.002172
0-2-2-3-0-4-3-5-0-0-1-1-0-4-3 264335304 0.460394 0.448291 1e-06 0.002144
0-2-2-3-0-4-3-5-0-0-1-1-0-6-4 15794372 0.031334 0.017591 1e-06 0.002536
0-2-2-3-0-4-3-5-0-2-2-3-0-0-1 277704 0.017 0.00609 1e-06 0.002121
0-2-2-3-0-4-3-5-0-2-2-3-0-2-2 12401496 0.030397 0.01498 2e-06 0.002228
0-2-2-3-0-4-3-5-0-2-2-3-0-4-3 263938876 0.294176 0.282856 1e-06 0.0021
0-2-2-3-0-4-3-5-0-2-2-3-0-6-4 15794338 0.036425 0.02323 1e-06 0.005935
0-2-2-3-0-4-3-5-0-4-3-5-0-0-1 277704 0.028254 0.010485 2e-06 0.003741
0-2-2-3-0-4-3-5-0-4-3-5-0-2-2 13942369 0.050586 0.032232 1e-06 0.002478
0-2-2-3-0-4-3-5-0-4-3-5-0-4-3 252870735 0.606499 0.571923 3e-06 0.003247
0-2-2-3-0-4-3-5-0-4-3-5-0-6-4 15794351 0.195605 0.176021 2e-06 0.003372
0-2-2-3-0-4-3-5-0-6-4-7-0-0-1 277704 0.037187 0.019239 1e-06 0.003976
0-2-2-3-0-4-3-5-0-6-4-7-0-2-2 13954500 0.05939 0.04028 2e-06 0.004073
0-2-2-3-0-4-3-5-0-6-4-7-0-4-3 264545259 0.474968 0.459123 2e-06 0.003746
0-2-2-3-0-4-3-5-0-6-4-7-0-6-4 15794413 0.059875 0.047769 1e-06 0.002885
0-2-2-3-0-6-4-7-0-0-1-1-0-0-1 277704 0.023005 0.009059 1e-06 0.00378
0-2-2-3-0-6-4-7-0-0-1-1-0-2-2 13954626 0.035442 0.022196 2e-06 0.003615
0-2-2-3-0-6-4-7-0-0-1-1-0-4-3 264547773 0.529354 0.513691 2e-06 0.00359
0-2-2-3-0-6-4-7-0-0-1-1-0-6-4 15794415 0.03428 0.023266 1e-06 0.00289
0-2-2-3-0-6-4-7-0-2-2-3-0-0-1 277704 0.025184 0.009486 1e-06 0.003627
0-2-2-3-0-6-4-7-0-2-2-3-0-2-2 13689497 0.037829 0.025078 1e-06 0.003787
0-2-2-3-0-6-4-7-0-2-2-3-0-4-3 264526605 0.44513 0.432773 1e-06 0.003544
0-2-2-3-0-6-4-7-0-2-2-3-0-6-4 15794414 0.059686 0.032013 1e-06 0.003047
0-2-2-3-0-6-4-7-0-4-3-5-0-0-1 277704 0.038184 0.018469 1e-06 0.003994
0-2-2-3-0-6-4-7-0-4-3-5-0-2-2 13953921 0.069996 0.046665 1e-06 0.004074
0-2-2-3-0-6-4-7-0-4-3-5-0-4-3 261395656 0.529331 0.507491 2e-06 0.003651
0-2-2-3-0-6-4-7-0-4-3-5-0-6-4 15794415 0.137498 0.119684 1e-06 0.00267
0-2-2-3-0-6-4-7-0-6-4-7-0-0-1 277704 0.020398 0.009475 1e-06 0.002767
0-2-2-3-0-6-4-7-0-6-4-7-0-2-2 13954626 0.042886 0.02735 1e-06 0.002392
0-2-2-3-0-6-4-7-0-6-4-7-0-4-3 264547767 0.395824 0.383709 1e-06 0.002272
0-2-2-3-0-6-4-7-0-6-4-7-0-6-4 15794415 0.064393 0.051894 2e-06 0.003583
0-4-3-5-0-0-1-1-0-0-1-1-0-0-1 125547 0.026381 0.010513 1e-06 0.006548
0-4-3-5-0-0-1-1-0-0-1-1-0-2-2 13103489 0.050455 0.034611 1e-06 0.004598
0-4-3-5-0-0-1-1-0-0-1-1-0-4-3 159103520 0.276566 0.26168 2e-06 0.00455
0-4-3-5-0-0-1-1-0-0-1-1-0-6-4 15740985 0.061258 0.039061 2e-06 0.004839
0-4-3-5-0-0-1-1-0-2-2-3-0-0-1 277704 0.033544 0.013809 1e-06 0.004101
0-4-3-5-0-0-1-1-0-2-2-3-0-2-2 13103489 0.053984 0.036177 1e-06 0.007762
0-4-3-5-0-0-1-1-0-2-2-3-0-4-3 264299335 0.359019 0.342461 1e-06 0.006211
0-4-3-5-0-0-1-1-0-2-2-3-0-6-4 15794415 0.05755 0.037262 1e-06 0.003677
0-4-3-5-0-0-1-1-0-4-3-5-0-0-1 277704 0.029251 0.014193 2e-06 0.004547
0-4-3-5-0-0-1-1-0-4-3-5-0-2-2 13749399 0.052819 0.036331 1e-06 0.004566
0-4-3-5-0-0-1-1-0-4-3-5-0-4-3 254223236 0.37146 0.354059 1e-06 0.00439
0-4-3-5-0-0-1-1-0-4-3-5-0-6-4 15784512 0.05676 0.040516 2e-06 0.00423
0-4-3-5-0-0-1-1-0-6-4-7-0-0-1 277704 0.028942 0.013197 1e-06 0.004248
0-4-3-5-0-0-1-1-0-6-4-7-0-2-2 13954626 0.057007 0.035283 1e-06 0.004231
0-4-3-5-0-0-1-1-0-6-4-7-0-4-3 264545622 0.457183 0.438201 2e-06 0.004329
0-4-3-5-0-0-1-1-0-6-4-7-0-6-4 15794415 0.046426 0.034045 2e-06 0.003313
0-4-3-5-0-2-2-3-0-0-1-1-0-0-1 277597 0.01807 0.006795 1e-06 0.002814
0-4-3-5-0-2-2-3-0-0-1-1-0-2-2 13954538 0.042801 0.031449 1e-06 0.002367
0-4-3-5-0-2-2-3-0-0-1-1-0-4-3 264505054 0.502362 0.489515 2e-06 0.002512
0-4-3-5-0-2-2-3-0-0-1-1-0-6-4 15794415 0.067374 0.052264 1e-06 0.004175
0-4-3-5-0-2-2-3-0-2-2-3-0-0-1 277597 0.025841 0.012616 2e-06 0.004319
0-4-3-5-0-2-2-3-0-2-2-3-0-2-2 1807215 0.036819 0.013949 2e-06 0.004157
0-4-3-5-0-2-2-3-0-2-2-3-0-4-3 186718068 0.584818 0.564684 1e-06 0.004199
0-4-3-5-0-2-2-3-0-2-2-3-0-6-4 15662521 0.073433 0.043034 2e-06 0.004161
0-4-3-5-0-2-2-3-0-4-3-5-0-0-1 277704 0.044625 0.015054 2e-06 0.004308
0-4-3-5-0-2-2-3-0-4-3-5-0-2-2 13920727 0.065105 0.043598 2e-06 0.004341
0-4-3-5-0-2-2-3-0-4-3-5-0-4-3 256552028 1.58583 1.56531 2e-06 0.004296
0-4-3-5-0-2-2-3-0-4-3-5-0-6-4 15793767 0.061333 0.034965 0 0.003596
0-4-3-5-0-2-2-3-0-6-4-7-0-0-1 277704 0.016151 0.006041 1e-06 0.002279
0-4-3-5-0-2-2-3-0-6-4-7-0-2-2 13952209 0.035037 0.024834 1e-06 0.002251
0-4-3-5-0-2-2-3-0-6-4-7-0-4-3 264488100 1.47052 1.4572 1e-06 0.002217
0-4-3-5-0-2-2-3-0-6-4-7-0-6-4 15794397 0.062958 0.031337 1e-06 0.002753
0-4-3-5-0-4-3-5-0-0-1-1-0-0-1 273654 0.022139 0.009938 1e-06 0.002923
0-4-3-5-0-4-3-5-0-0-1-1-0-2-2 13920168 0.040925 0.029325 1e-06 0.00239
0-4-3-5-0-4-3-5-0-0-1-1-0-4-3 261568906 0.345745 0.334048 1e-06 0.002374
0-4-3-5-0-4-3-5-0-0-1-1-0-6-4 15792180 0.051482 0.033272 1e-06 0.003083
0-4-3-5-0-4-3-5-0-2-2-3-0-0-1 277611 0.0219 0.010253 1e-06 0.002595
0-4-3-5-0-4-3-5-0-2-2-3-0-2-2 12620533 0.069517 0.034681 0 0.00234
0-4-3-5-0-4-3-5-0-2-2-3-0-4-3 260987845 0.744203 0.719543 0 0.002344
0-4-3-5-0-4-3-5-0-2-2-3-0-6-4 15743848 0.09234 0.075012 1e-06 0.003018
0-4-3-5-0-4-3-5-0-4-3-5-0-0-1 274950 0.035835 0.014475 2e-06 0.006128
0-4-3-5-0-4-3-5-0-4-3-5-0-2-2 13780903 0.220654 0.199449 1e-06 0.002894
0-4-3-5-0-4-3-5-0-4-3-5-0-4-3 249802666 3.45622 3.43325 1e-06 0.002784
0-4-3-5-0-4-3-5-0-4-3-5-0-6-4 15614461 0.50787 0.467391 1e-06 0.003281
0-4-3-5-0-4-3-5-0-6-4-7-0-0-1 277700 0.030187 0.014314 1e-06 0.002734
0-4-3-5-0-4-3-5-0-6-4-7-0-2-2 13850279 0.289043 0.267169 1e-06 0.002744
0-4-3-5-0-4-3-5-0-6-4-7-0-4-3 263135171 5.56971 5.54365 1e-06 0.002752
0-4-3-5-0-4-3-5-0-6-4-7-0-6-4 15792097 0.34062 0.302869 1e-06 0.002651
0-4-3-5-0-6-4-7-0-0-1-1-0-0-1 277700 0.032153 0.009107 1e-06 0.003452
0-4-3-5-0-6-4-7-0-0-1-1-0-2-2 13954622 0.03936 0.027424 1e-06 0.002553
0-4-3-5-0-6-4-7-0-0-1-1-0-4-3 264547070 0.350993 0.340039 1e-06 0.002203
0-4-3-5-0-6-4-7-0-0-1-1-0-6-4 15794415 0.042518 0.031874 1e-06 0.002695
0-4-3-5-0-6-4-7-0-2-2-3-0-0-1 277704 0.020397 0.009057 1e-06 0.002786
0-4-3-5-0-6-4-7-0-2-2-3-0-2-2 13721768 0.057088 0.045886 1e-06 0.00231
0-4-3-5-0-6-4-7-0-2-2-3-0-4-3 264348044 0.696543 0.683793 1e-06 0.002242
0-4-3-5-0-6-4-7-0-2-2-3-0-6-4 15794371 0.145129 0.101499 1e-06 0.002885
0-4-3-5-0-6-4-7-0-4-3-5-0-0-1 277704 0.027506 0.013477 1e-06 0.002525
0-4-3-5-0-6-4-7-0-4-3-5-0-2-2 13953164 0.117556 0.100981 1e-06 0.002419
0-4-3-5-0-6-4-7-0-4-3-5-0-4-3 263215652 8.74925 8.72464 1e-06 0.002448
0-4-3-5-0-6-4-7-0-4-3-5-0-6-4 15794412 0.251626 0.212482 1e-06 0.005378
0-4-3-5-0-6-4-7-0-6-4-7-0-0-1 277704 0.025072 0.011957 1e-06 0.002737
0-4-3-5-0-6-4-7-0-6-4-7-0-2-2 13954620 0.11043 0.098097 1e-06 0.002631
0-4-3-5-0-6-4-7-0-6-4-7-0-4-3 264547650 8.8579 8.84569 1e-06 0.002496
0-4-3-5-0-6-4-7-0-6-4-7-0-6-4 15794415 0.115154 0.104293 1e-06 0.003124
0-6-4-7-0-0-1-1-0-0-1-1-0-0-1 277619 0.012907 0.004039 1e-06 0.002882
0-6-4-7-0-0-1-1-0-0-1-1-0-2-2 13954551 0.022082 0.015467 0 0.002367
0-6-4-7-0-0-1-1-0-0-1-1-0-4-3 264520476 0.386386 0.377349 1e-06 0.002303
0-6-4-7-0-0-1-1-0-0-1-1-0-6-4 15794415 0.034084 0.021131 1e-06 0.002897
0-6-4-7-0-0-1-1-0-2-2-3-0-0-1 277704 0.011625 0.004381 1e-06 0.00222
0-6-4-7-0-0-1-1-0-2-2-3-0-2-2 13954551 0.024124 0.017832 1e-06 0.001995
0-6-4-7-0-0-1-1-0-2-2-3-0-4-3 264547769 0.408855 0.397806 1e-06 0.001958
0-6-4-7-0-0-1-1-0-2-2-3-0-6-4 15794415 0.033521 0.022684 1e-06 0.002714
0-6-4-7-0-0-1-1-0-4-3-5-0-0-1 277704 0.014437 0.005819 1e-06 0.002605
0-6-4-7-0-0-1-1-0-4-3-5-0-2-2 13954585 0.036971 0.022123 1e-06 0.002405
0-6-4-7-0-0-1-1-0-4-3-5-0-4-3 264544959 0.424648 0.411751 1e-06 0.002385
0-6-4-7-0-0-1-1-0-4-3-5-0-6-4 15794415 0.031892 0.023479 1e-06 0.002581
0-6-4-7-0-0-1-1-0-6-4-7-0-0-1 277704 0.01495 0.005318 1e-06 0.002903
0-6-4-7-0-0-1-1-0-6-4-7-0-2-2 13954626 0.027923 0.020077 1e-06 0.002365
0-6-4-7-0-0-1-1-0-6-4-7-0-4-3 264547773 0.385195 0.37203 1e-06 0.002323
0-6-4-7-0-0-1-1-0-6-4-7-0-6-4 15794415 0.032984 0.024074 1e-06 0.002599
0-6-4-7-0-2-2-3-0-0-1-1-0-0-1 277704 0.021643 0.004669 2e-06 0.003432
0-6-4-7-0-2-2-3-0-0-1-1-0-2-2 13954626 0.027821 0.019005 1e-06 0.002241
0-6-4-7-0-2-2-3-0-0-1-1-0-4-3 264547773 0.387266 0.369967 1e-06 0.002146
0-6-4-7-0-2-2-3-0-0-1-1-0-6-4 15794415 0.032323 0.022372 1e-06 0.002613
0-6-4-7-0-2-2-3-0-2-2-3-0-0-1 277704 0.015218 0.00469 1e-06 0.002384
0-6-4-7-0-2-2-3-0-2-2-3-0-2-2 6345795 0.0222 0.011981 1e-06 0.002218
0-6-4-7-0-2-2-3-0-2-2-3-0-4-3 254483838 0.337553 0.323304 1e-06 0.00248
0-6-4-7-0-2-2-3-0-2-2-3-0-6-4 15792946 0.034409 0.025556 1e-06 0.002639
0-6-4-7-0-2-2-3-0-4-3-5-0-0-1 277704 0.016177 0.005758 1e-06 0.002413
0-6-4-7-0-2-2-3-0-4-3-5-0-2-2 13954585 0.038988 0.024985 1e-06 0.002361
0-6-4-7-0-2-2-3-0-4-3-5-0-4-3 262665496 0.410471 0.396319 1e-06 0.002601
0-6-4-7-0-2-2-3-0-4-3-5-0-6-4 15794415 0.041787 0.031571 1e-06 0.002589
0-6-4-7-0-2-2-3-0-6-4-7-0-0-1 277704 0.015877 0.005302 0 0.002812
0-6-4-7-0-2-2-3-0-6-4-7-0-2-2 13954626 0.029895 0.022217 1e-06 0.002178
0-6-4-7-0-2-2-3-0-6-4-7-0-4-3 264547773 0.400263 0.389778 1e-06 0.002145
0-6-4-7-0-2-2-3-0-6-4-7-0-6-4 15794415 0.036582 0.028029 1e-06 0.002511
0-6-4-7-0-4-3-5-0-0-1-1-0-0-1 277701 0.019114 0.00861 1e-06 0.002732
0-6-4-7-0-4-3-5-0-0-1-1-0-2-2 13954618 0.03187 0.021964 1e-06 0.002519
0-6-4-7-0-4-3-5-0-0-1-1-0-4-3 264546039 0.370579 0.35807 1e-06 0.002526
0-6-4-7-0-4-3-5-0-0-1-1-0-6-4 15794415 0.035191 0.025192 1e-06 0.002766
0-6-4-7-0-4-3-5-0-2-2-3-0-0-1 277704 0.021925 0.009928 1e-06 0.00261
0-6-4-7-0-4-3-5-0-2-2-3-0-2-2 13891951 0.042879 0.03267 1e-06 0.00257
0-6-4-7-0-4-3-5-0-2-2-3-0-4-3 264545893 0.337662 0.324316 1e-06 0.002473
0-6-4-7-0-4-3-5-0-2-2-3-0-6-4 15794415 0.056256 0.041703 1e-06 0.003191
0-6-4-7-0-4-3-5-0-4-3-5-0-0-1 277704 0.0289 0.014243 0 0.002883
0-6-4-7-0-4-3-5-0-4-3-5-0-2-2 13954598 0.157394 0.123537 1e-06 0.002883
0-6-4-7-0-4-3-5-0-4-3-5-0-4-3 253260419 0.739098 0.723929 0 0.002843
0-6-4-7-0-4-3-5-0-4-3-5-0-6-4 15794415 0.320587 0.308345 1e-06 0.002879
0-6-4-7-0-4-3-5-0-6-4-7-0-0-1 277704 0.028117 0.012891 0 0.003199
0-6-4-7-0-4-3-5-0-6-4-7-0-2-2 13954626 0.120367 0.11029 0 0.00259
0-6-4-7-0-4-3-5-0-6-4-7-0-4-3 264547770 0.515756 0.50469 1e-06 0.002633
0-6-4-7-0-4-3-5-0-6-4-7-0-6-4 15794415 0.126887 0.116612 1e-06 0.002804
0-6-4-7-0-6-4-7-0-0-1-1-0-0-1 277704 0.016938 0.008038 1e-06 0.003005
0-6-4-7-0-6-4-7-0-0-1-1-0-2-2 13954626 0.029516 0.021727 0 0.002325
0-6-4-7-0-6-4-7-0-0-1-1-0-4-3 264547773 0.413515 0.401118 1e-06 0.002323
0-6-4-7-0-6-4-7-0-0-1-1-0-6-4 15794415 0.036204 0.026633 1e-06 0.002862
0-6-4-7-0-6-4-7-0-2-2-3-0-0-1 277704 0.020307 0.008543 0 0.002842
0-6-4-7-0-6-4-7-0-2-2-3-0-2-2 13954431 0.036371 0.026024 0 0.002548
0-6-4-7-0-6-4-7-0-2-2-3-0-4-3 264547772 0.345927 0.336045 0 0.002491
0-6-4-7-0-6-4-7-0-2-2-3-0-6-4 15794415 0.047013 0.033116 2e-06 0.003069
0-6-4-7-0-6-4-7-0-4-3-5-0-0-1 277704 0.029053 0.012919 1e-06 0.003376
0-6-4-7-0-6-4-7-0-4-3-5-0-2-2 13954626 0.05834 0.048165 1e-06 0.002802
0-6-4-7-0-6-4-7-0-4-3-5-0-4-3 264542880 0.690512 0.676481 2e-06 0.002725
0-6-4-7-0-6-4-7-0-4-3-5-0-6-4 15794415 0.120499 0.108647 1e-06 0.002786
0-6-4-7-0-6-4-7-0-6-4-7-0-0-1 277704 0.022895 0.011084 1e-06 0.004263
0-6-4-7-0-6-4-7-0-6-4-7-0-2-2 13954626 0.042264 0.034706 1e-06 0.002455
0-6-4-7-0-6-4-7-0-6-4-7-0-4-3 264547773 0.423564 0.411828 1e-06 0.002429
0-6-4-7-0-6-4-7-0-6-4-7-0-6-4 15794415 0.059265 0.050907 1e-06 0.002932
1-1-0-0-1-1-0-0-1-1-0-0-1-1-0 34713 0.012413 0.001054 3e-06 0.005715
1-1-0-0-1-1-0-0-1-1-0-2-2-3-0 269979 0.006964 0.001115 2e-06 0.002599
1-1-0-0-1-1-0-0-1-1-0-4-3-5-0 125547 0.009084 0.001853 1e-06 0.002825
1-1-0-0-1-1-0-0-1-1-0-6-4-7-0 277619 0.009384 0.002012 1e-06 0.002856
1-1-0-0-1-1-0-2-2-3-0-0-1-1-0 277704 0.007287 0.000988 1e-06 0.002164
1-1-0-0-1-1-0-2-2-3-0-2-2-3-0 269979 0.006882 0.001142 1e-06 0.002195
1-1-0-0-1-1-0-2-2-3-0-4-3-5-0 277597 0.008945 0.002682 1e-06 0.002054
1-1-0-0-1-1-0-2-2-3-0-6-4-7-0 277704 0.008673 0.002181 0 0.002353
1-1-0-0-1-1-0-4-3-5-0-0-1-1-0 277704 0.008425 0.00198 1e-06 0.002359
1-1-0-0-1-1-0-4-3-5-0-2-2-3-0 277212 0.00943 0.00248 1e-06 0.002378
1-1-0-0-1-1-0-4-3-5-0-4-3-5-0 273654 0.011918 0.004393 1e-06 0.002493
1-1-0-0-1-1-0-4-3-5-0-6-4-7-0 277701 0.011635 0.003602 0 0.002632
1-1-0-0-1-1-0-6-4-7-0-0-1-1-0 277704 0.007404 0.00136 1e-06 0.002428
1-1-0-0-1-1-0-6-4-7-0-2-2-3-0 277704 0.008226 0.001728 1e-06 0.002267
1-1-0-0-1-1-0-6-4-7-0-4-3-5-0 277700 0.012409 0.004889 1e-06 0.002313
1-1-0-0-1-1-0-6-4-7-0-6-4-7-0 277704 0.01237 0.005717 1e-06 0.002502
1-1-0-2-2-3-0-0-1-1-0-0-1-1-0 277704 0.007477 0.001032 1e-06 0.002108
1-1-0-2-2-3-0-0-1-1-0-2-2-3-0 277704 0.006819 0.001081 1e-06 0.001537
1-1-0-2-2-3-0-0-1-1-0-4-3-5-0 277704 0.008358 0.00246 1e-06 0.001599
1-1-0-2-2-3-0-0-1-1-0-6-4-7-0 277704 0.007669 0.002123 1e-06 0.001625
1-1-0-2-2-3-0-2-2-3-0-0-1-1-0 277704 0.007322 0.001095 1e-06 0.001545
1-1-0-2-2-3-0-2-2-3-0-2-2-3-0 269979 0.00599 0.001122 1e-06 0.001571
1-1-0-2-2-3-0-2-2-3-0-4-3-5-0 277597 0.008271 0.002759 1e-06 0.001619
1-1-0-2-2-3-0-2-2-3-0-6-4-7-0 277704 0.007912 0.002191 1e-06 0.001617
1-1-0-2-2-3-0-4-3-5-0-0-1-1-0 277704 0.009749 0.002139 1e-06 0.001798
1-1-0-2-2-3-0-4-3-5-0-2-2-3-0 277704 0.009178 0.002917 1e-06 0.00182
1-1-0-2-2-3-0-4-3-5-0-4-3-5-0 277611 0.0135 0.00557 2e-06 0.001893
1-1-0-2-2-3-0-4-3-5-0-6-4-7-0 277704 0.012728 0.005045 1e-06 0.001885
1-1-0-2-2-3-0-6-4-7-0-0-1-1-0 277704 0.008808 0.001557 1e-06 0.001786
1-1-0-2-2-3-0-6-4-7-0-2-2-3-0 277704 0.007224 0.00176 0 0.001793
1-1-0-2-2-3-0-6-4-7-0-4-3-5-0 277704 0.011998 0.005111 1e-06 0.001834
1-1-0-2-2-3-0-6-4-7-0-6-4-7-0 277704 0.011326 0.005662 0 0.001859
1-1-0-4-3-5-0-0-1-1-0-0-1-1-0 277704 0.008799 0.001836 1e-06 0.00247
1-1-0-4-3-5-0-0-1-1-0-2-2-3-0 277704 0.008841 0.001891 1e-06 0.002011
1-1-0-4-3-5-0-0-1-1-0-4-3-5-0 277704 0.01074 0.003578 1e-06 0.002095
1-1-0-4-3-5-0-0-1-1-0-6-4-7-0 277704 0.009814 0.002946 1e-06 0.002091
1-1-0-4-3-5-0-2-2-3-0-0-1-1-0 277704 0.008541 0.002313 1e-06 0.00198
1-1-0-4-3-5-0-2-2-3-0-2-2-3-0 277212 0.009374 0.00239 1e-06 0.002024
1-1-0-4-3-5-0-2-2-3-0-4-3-5-0 277704 0.011299 0.00393 1e-06 0.002103
1-1-0-4-3-5-0-2-2-3-0-6-4-7-0 277704 0.01051 0.003341 1e-06 0.002098
1-1-0-4-3-5-0-4-3-5-0-0-1-1-0 277704 0.017509 0.006431 1e-06 0.002252
1-1-0-4-3-5-0-4-3-5-0-2-2-3-0 277704 0.013105 0.003995 1e-06 0.002268
1-1-0-4-3-5-0-4-3-5-0-4-3-5-0 274950 0.016884 0.006986 1e-06 0.002348
1-1-0-4-3-5-0-4-3-5-0-6-4-7-0 277704 0.015908 0.00649 1e-06 0.00234
1-1-0-4-3-5-0-6-4-7-0-0-1-1-0 277704 0.010388 0.002831 1e-06 0.00224
1-1-0-4-3-5-0-6-4-7-0-2-2-3-0 277704 0.016719 0.003809 1e-06 0.002255
1-1-0-4-3-5-0-6-4-7-0-4-3-5-0 277704 0.017351 0.006395 1e-06 0.002342
1-1-0-4-3-5-0-6-4-7-0-6-4-7-0 277704 0.014798 0.007206 1e-06 0.002424
1-1-0-6-4-7-0-0-1-1-0-0-1-1-0 277704 0.008257 0.001362 1e-06 0.002501
1-1-0-6-4-7-0-0-1-1-0-2-2-3-0 277704 0.007988 0.001379 1e-06 0.002003
1-1-0-6-4-7-0-0-1-1-0-4-3-5-0 277704 0.010219 0.003015 1e-06 0.002117
1-1-0-6-4-7-0-0-1-1-0-6-4-7-0 277704 0.008806 0.002373 1e-06 0.002049
1-1-0-6-4-7-0-2-2-3-0-0-1-1-0 277704 0.007437 0.001748 1e-06 0.002018
1-1-0-6-4-7-0-2-2-3-0-2-2-3-0 277704 0.007546 0.001671 0 0.002017
1-1-0-6-4-7-0-2-2-3-0-4-3-5-0 277704 0.009923 0.0034 1e-06 0.002109
1-1-0-6-4-7-0-2-2-3-0-6-4-7-0 277704 0.00921 0.002855 1e-06 0.002097
1-1-0-6-4-7-0-4-3-5-0-0-1-1-0 277704 0.015456 0.006099 1e-06 0.002283
1-1-0-6-4-7-0-4-3-5-0-2-2-3-0 277704 0.013534 0.004767 1e-06 0.002307
1-1-0-6-4-7-0-4-3-5-0-4-3-5-0 277700 0.017857 0.007662 1e-06 0.002387
1-1-0-6-4-7-0-4-3-5-0-6-4-7-0 277704 0.017646 0.007191 0 0.00233
1-1-0-6-4-7-0-6-4-7-0-0-1-1-0 277704 0.012528 0.005068 1e-06 0.00223
1-1-0-6-4-7-0-6-4-7-0-2-2-3-0 277704 0.011636 0.00523 1e-06 0.002281
1-1-0-6-4-7-0-6-4-7-0-4-3-5-0 277704 0.016563 0.008214 1e-06 0.002371
1-1-0-6-4-7-0-6-4-7-0-6-4-7-0 277704 0.016222 0.009326 1e-06 0.002344
2-3-0-0-1-1-0-0-1-1-0-0-1-1-0 11426723 0.012647 0.005988 1e-06 0.002971
2-3-0-0-1-1-0-0-1-1-0-2-2-3-0 13942082 0.014136 0.008516 0 0.00197
2-3-0-0-1-1-0-0-1-1-0-4-3-5-0 13103489 0.020379 0.014244 1e-06 0.002066
2-3-0-0-1-1-0-0-1-1-0-6-4-7-0 13954551 0.04621 0.040276 1e-06 0.002089
2-3-0-0-1-1-0-2-2-3-0-0-1-1-0 13954626 0.013064 0.007806 1e-06 0.001538
2-3-0-0-1-1-0-2-2-3-0-2-2-3-0 13942082 0.013618 0.0083 1e-06 0.001566
2-3-0-0-1-1-0-2-2-3-0-4-3-5-0 13954538 0.022698 0.01705 1e-06 0.001628
2-3-0-0-1-1-0-2-2-3-0-6-4-7-0 13954626 0.045953 0.040136 1e-06 0.00159
2-3-0-0-1-1-0-4-3-5-0-0-1-1-0 13954626 0.015129 0.008788 1e-06 0.001787
2-3-0-0-1-1-0-4-3-5-0-2-2-3-0 13953539 0.016455 0.009605 1e-06 0.001811
2-3-0-0-1-1-0-4-3-5-0-4-3-5-0 13920168 0.025196 0.018592 1e-06 0.001916
2-3-0-0-1-1-0-4-3-5-0-6-4-7-0 13954618 0.048976 0.041963 1e-06 0.001885
2-3-0-0-1-1-0-6-4-7-0-0-1-1-0 13954626 0.014156 0.008249 1e-06 0.001792
2-3-0-0-1-1-0-6-4-7-0-2-2-3-0 13954626 0.014616 0.009113 1e-06 0.001858
2-3-0-0-1-1-0-6-4-7-0-4-3-5-0 13954622 0.02711 0.019378 1e-06 0.001893
2-3-0-0-1-1-0-6-4-7-0-6-4-7-0 13954626 0.049486 0.043494 1e-06 0.0019
2-3-0-2-2-3-0-0-1-1-0-0-1-1-0 11426723 0.012659 0.005985 1e-06 0.002027
2-3-0-2-2-3-0-0-1-1-0-2-2-3-0 13942082 0.013689 0.008167 1e-06 0.001536
2-3-0-2-2-3-0-0-1-1-0-4-3-5-0 13103489 0.018929 0.013529 1e-06 0.001616
2-3-0-2-2-3-0-0-1-1-0-6-4-7-0 13954551 0.045722 0.040004 1e-06 0.001624
2-3-0-2-2-3-0-2-2-3-0-0-1-1-0 11426723 0.011999 0.006229 1e-06 0.001556
2-3-0-2-2-3-0-2-2-3-0-2-2-3-0 34713 0.007395 0.000924 1e-06 0.00168
2-3-0-2-2-3-0-2-2-3-0-4-3-5-0 1807215 0.011952 0.005862 1e-06 0.001653
2-3-0-2-2-3-0-2-2-3-0-6-4-7-0 6345795 0.022636 0.016631 1e-06 0.001662
2-3-0-2-2-3-0-4-3-5-0-0-1-1-0 13373259 0.015892 0.008341 1e-06 0.001862
2-3-0-2-2-3-0-4-3-5-0-2-2-3-0 12401496 0.016482 0.009362 1e-06 0.001928
2-3-0-2-2-3-0-4-3-5-0-4-3-5-0 12620533 0.074001 0.064467 1e-06 0.002015
2-3-0-2-2-3-0-4-3-5-0-6-4-7-0 13891951 0.057455 0.049244 1e-06 0.001956
2-3-0-2-2-3-0-6-4-7-0-0-1-1-0 13954626 0.015959 0.008029 1e-06 0.001885
2-3-0-2-2-3-0-6-4-7-0-2-2-3-0 13689497 0.016478 0.009748 1e-06 0.001867
2-3-0-2-2-3-0-6-4-7-0-4-3-5-0 13721768 0.084394 0.07784 1e-06 0.001888
2-3-0-2-2-3-0-6-4-7-0-6-4-7-0 13954431 0.053073 0.046241 0 0.001877
2-3-0-4-3-5-0-0-1-1-0-0-1-1-0 13373259 0.015168 0.007425 1e-06 0.002427
2-3-0-4-3-5-0-0-1-1-0-2-2-3-0 13950086 0.016175 0.008426 0 0.001886
2-3-0-4-3-5-0-0-1-1-0-4-3-5-0 13749399 0.023284 0.015247 1e-06 0.001932
2-3-0-4-3-5-0-0-1-1-0-6-4-7-0 13954585 0.04257 0.035231 1e-06 0.001949
2-3-0-4-3-5-0-2-2-3-0-0-1-1-0 13954626 0.018925 0.010237 1e-06 0.001871
2-3-0-4-3-5-0-2-2-3-0-2-2-3-0 12401496 0.01636 0.008805 1e-06 0.002169
2-3-0-4-3-5-0-2-2-3-0-4-3-5-0 13920727 0.068578 0.060369 1e-06 0.001999
2-3-0-4-3-5-0-2-2-3-0-6-4-7-0 13954585 0.048572 0.040458 1e-06 0.002024
2-3-0-4-3-5-0-4-3-5-0-0-1-1-0 13954626 0.022578 0.01204 1e-06 0.002112
2-3-0-4-3-5-0-4-3-5-0-2-2-3-0 13942369 0.033171 0.020552 0 0.002142
2-3-0-4-3-5-0-4-3-5-0-4-3-5-0 13780903 0.216816 0.205682 0 0.002166
2-3-0-4-3-5-0-4-3-5-0-6-4-7-0 13954598 0.130908 0.120422 0 0.002108
2-3-0-4-3-5-0-6-4-7-0-0-1-1-0 13954626 0.021333 0.012239 1e-06 0.002316
2-3-0-4-3-5-0-6-4-7-0-2-2-3-0 13953921 0.026424 0.018445 1e-06 0.002135
2-3-0-4-3-5-0-6-4-7-0-4-3-5-0 13953164 0.130859 0.121637 1e-06 0.002154
2-3-0-4-3-5-0-6-4-7-0-6-4-7-0 13954626 0.061895 0.05341 1e-06 0.002132
2-3-0-6-4-7-0-0-1-1-0-0-1-1-0 13954626 0.013357 0.007225 1e-06 0.002405
2-3-0-6-4-7-0-0-1-1-0-2-2-3-0 13954626 0.015773 0.008201 1e-06 0.002018
2-3-0-6-4-7-0-0-1-1-0-4-3-5-0 13954626 0.021547 0.015507 1e-06 0.001913
2-3-0-6-4-7-0-0-1-1-0-6-4-7-0 13954626 0.041366 0.034894 1e-06 0.001934
2-3-0-6-4-7-0-2-2-3-0-0-1-1-0 13954626 0.015137 0.007186 1e-06 0.001836
2-3-0-6-4-7-0-2-2-3-0-2-2-3-0 13689497 0.014302 0.008795 1e-06 0.001862
2-3-0-6-4-7-0-2-2-3-0-4-3-5-0 13952209 0.062829 0.05431 3e-06 0.00286
2-3-0-6-4-7-0-2-2-3-0-6-4-7-0 13954626 0.04413 0.03851 1e-06 0.001864
2-3-0-6-4-7-0-4-3-5-0-0-1-1-0 13954626 0.019955 0.011516 1e-06 0.002067
2-3-0-6-4-7-0-4-3-5-0-2-2-3-0 13954500 0.030022 0.022966 1e-06 0.002069
2-3-0-6-4-7-0-4-3-5-0-4-3-5-0 13850279 0.244629 0.235019 0 0.002093
2-3-0-6-4-7-0-4-3-5-0-6-4-7-0 13954626 0.119248 0.111142 1e-06 0.002081
2-3-0-6-4-7-0-6-4-7-0-0-1-1-0 13954626 0.017079 0.010207 1e-06 0.002041
2-3-0-6-4-7-0-6-4-7-0-2-2-3-0 13954626 0.021235 0.015479 1e-06 0.002058
2-3-0-6-4-7-0-6-4-7-0-4-3-5-0 13954620 0.123524 0.116634 1e-06 0.002027
2-3-0-6-4-7-0-6-4-7-0-6-4-7-0 13954626 0.054721 0.048958 1e-06 0.002018
3-5-0-0-1-1-0-0-1-1-0-0-1-1-0 66667832 0.04624 0.039605 1e-06 0.002587
3-5-0-0-1-1-0-0-1-1-0-2-2-3-0 261068775 0.222221 0.212412 1e-06 0.002111
3-5-0-0-1-1-0-0-1-1-0-4-3-5-0 159103520 0.126372 0.118153 1e-06 0.002485
3-5-0-0-1-1-0-0-1-1-0-6-4-7-0 264520476 0.195157 0.186516 1e-06 0.002691
3-5-0-0-1-1-0-2-2-3-0-0-1-1-0 264547773 0.15364 0.147082 2e-06 0.002071
3-5-0-0-1-1-0-2-2-3-0-2-2-3-0 261068775 0.162736 0.154674 1e-06 0.002048
3-5-0-0-1-1-0-2-2-3-0-4-3-5-0 264505054 0.167099 0.159413 2e-06 0.00228
3-5-0-0-1-1-0-2-2-3-0-6-4-7-0 264547773 0.190596 0.173546 1e-06 0.002029
3-5-0-0-1-1-0-4-3-5-0-0-1-1-0 264547773 0.161251 0.15247 1e-06 0.002303
3-5-0-0-1-1-0-4-3-5-0-2-2-3-0 264335304 0.165756 0.154774 1e-06 0.002666
3-5-0-0-1-1-0-4-3-5-0-4-3-5-0 261568906 0.166366 0.15809 1e-06 0.002182
3-5-0-0-1-1-0-4-3-5-0-6-4-7-0 264546039 0.167756 0.15773 1e-06 0.003221
3-5-0-0-1-1-0-6-4-7-0-0-1-1-0 264547773 0.144639 0.133524 3e-06 0.003713
3-5-0-0-1-1-0-6-4-7-0-2-2-3-0 264547773 0.221725 0.177283 1e-06 0.002812
3-5-0-0-1-1-0-6-4-7-0-4-3-5-0 264547070 0.168377 0.160283 1e-06 0.002264
3-5-0-0-1-1-0-6-4-7-0-6-4-7-0 264547773 0.185973 0.170223 2e-06 0.003645
3-5-0-2-2-3-0-0-1-1-0-0-1-1-0 262992233 0.183518 0.159309 1e-06 0.002694
3-5-0-2-2-3-0-0-1-1-0-2-2-3-0 264546361 0.331148 0.321328 2e-06 0.002005
3-5-0-2-2-3-0-0-1-1-0-4-3-5-0 264299335 0.308797 0.296488 1e-06 0.002323
3-5-0-2-2-3-0-0-1-1-0-6-4-7-0 264547769 0.3454 0.335492 1e-06 0.002615
3-5-0-2-2-3-0-2-2-3-0-0-1-1-0 262992233 0.147012 0.136072 8e-06 0.002276
3-5-0-2-2-3-0-2-2-3-0-2-2-3-0 18178411 0.021728 0.011873 2e-06 0.002698
3-5-0-2-2-3-0-2-2-3-0-4-3-5-0 186718068 0.230341 0.208269 1e-06 0.00315
3-5-0-2-2-3-0-2-2-3-0-6-4-7-0 254483838 0.713257 0.689746 1e-06 0.00265
3-5-0-2-2-3-0-4-3-5-0-0-1-1-0 264534436 0.177076 0.163246 2e-06 0.002573
3-5-0-2-2-3-0-4-3-5-0-2-2-3-0 263938876 0.189148 0.171668 1e-06 0.002357
3-5-0-2-2-3-0-4-3-5-0-4-3-5-0 260987845 0.371325 0.356534 1e-06 0.002191
3-5-0-2-2-3-0-4-3-5-0-6-4-7-0 264545893 0.709743 0.679245 1e-06 0.002424
3-5-0-2-2-3-0-6-4-7-0-0-1-1-0 264547773 0.14735 0.134687 1e-06 0.002771
3-5-0-2-2-3-0-6-4-7-0-2-2-3-0 264526605 0.226932 0.182459 1e-06 0.0024
3-5-0-2-2-3-0-6-4-7-0-4-3-5-0 264348044 0.39453 0.385755 1e-06 0.002493
3-5-0-2-2-3-0-6-4-7-0-6-4-7-0 264547772 0.701313 0.693638 0 0.00217
3-5-0-4-3-5-0-0-1-1-0-0-1-1-0 242448037 0.128569 0.115704 2e-06 0.003673
3-5-0-4-3-5-0-0-1-1-0-2-2-3-0 264223483 0.284163 0.268704 1e-06 0.002963
3-5-0-4-3-5-0-0-1-1-0-4-3-5-0 254223236 0.261757 0.250277 3e-06 0.0036
3-5-0-4-3-5-0-0-1-1-0-6-4-7-0 264544959 0.286178 0.275368 2e-06 0.003203
3-5-0-4-3-5-0-2-2-3-0-0-1-1-0 264272027 0.165193 0.139311 2e-06 0.003386
3-5-0-4-3-5-0-2-2-3-0-2-2-3-0 223199128 0.203098 0.153132 1e-06 0.002679
3-5-0-4-3-5-0-2-2-3-0-4-3-5-0 256552028 1.32807 1.29714 1e-06 0.002672
3-5-0-4-3-5-0-2-2-3-0-6-4-7-0 262665496 0.701738 0.669615 2e-06 0.003959
3-5-0-4-3-5-0-4-3-5-0-0-1-1-0 254851812 0.216511 0.191203 3e-06 0.004106
3-5-0-4-3-5-0-4-3-5-0-2-2-3-0 252870735 0.373252 0.357307 1e-06 0.002537
3-5-0-4-3-5-0-4-3-5-0-4-3-5-0 249802666 3.52089 3.49328 0 0.002921
3-5-0-4-3-5-0-4-3-5-0-6-4-7-0 253260419 0.972962 0.919782 0 0.005123
3-5-0-4-3-5-0-6-4-7-0-0-1-1-0 264536355 0.216325 0.203662 1e-06 0.00247
3-5-0-4-3-5-0-6-4-7-0-2-2-3-0 261395656 0.460215 0.404504 1e-06 0.002851
3-5-0-4-3-5-0-6-4-7-0-4-3-5-0 263215652 8.39494 8.37837 1e-06 0.002751
3-5-0-4-3-5-0-6-4-7-0-6-4-7-0 264542880 0.975979 0.947558 0 0.002855
3-5-0-6-4-7-0-0-1-1-0-0-1-1-0 264536355 0.239103 0.193099 1e-06 0.003055
3-5-0-6-4-7-0-0-1-1-0-2-2-3-0 264547768 0.354049 0.34308 1e-06 0.002948
3-5-0-6-4-7-0-0-1-1-0-4-3-5-0 264545622 0.328312 0.318079 1e-06 0.002594
3-5-0-6-4-7-0-0-1-1-0-6-4-7-0 264547773 0.340892 0.331451 0 0.0024
3-5-0-6-4-7-0-2-2-3-0-0-1-1-0 264547773 0.194357 0.164322 1e-06 0.002563
3-5-0-6-4-7-0-2-2-3-0-2-2-3-0 258664239 0.219006 0.201124 1e-06 0.002491
3-5-0-6-4-7-0-2-2-3-0-4-3-5-0 264488100 1.5321 1.51489 1e-06 0.002882
3-5-0-6-4-7-0-2-2-3-0-6-4-7-0 264547773 0.732058 0.693082 1e-06 0.003299
3-5-0-6-4-7-0-4-3-5-0-0-1-1-0 264547773 0.156881 0.135198 1e-06 0.004489
3-5-0-6-4-7-0-4-3-5-0-2-2-3-0 264545259 0.299283 0.252896 1e-06 0.003333
3-5-0-6-4-7-0-4-3-5-0-4-3-5-0 263135171 5.13959 5.11731 1e-06 0.002678
3-5-0-6-4-7-0-4-3-5-0-6-4-7-0 264547770 0.798417 0.766801 2e-06 0.003522
3-5-0-6-4-7-0-6-4-7-0-0-1-1-0 264547773 0.171365 0.14754 1e-06 0.004112
3-5-0-6-4-7-0-6-4-7-0-2-2-3-0 264547767 0.320472 0.271665 1e-06 0.002722
3-5-0-6-4-7-0-6-4-7-0-4-3-5-0 264547650 8.76057 8.73773 1e-06 0.002637
3-5-0-6-4-7-0-6-4-7-0-6-4-7-0 264547773 0.849541 0.783445 1e-06 0.003929
4-7-0-0-1-1-0-0-1-1-0-0-1-1-0 15626706 0.019161 0.01008 2e-06 0.003821
4-7-0-0-1-1-0-0-1-1-0-2-2-3-0 15794087 0.018697 0.009245 2e-06 0.003988
4-7-0-0-1-1-0-0-1-1-0-4-3-5-0 15740985 0.022256 0.016498 1e-06 0.00219
4-7-0-0-1-1-0-0-1-1-0-6-4-7-0 15794415 0.045543 0.03956 1e-06 0.002165
4-7-0-0-1-1-0-2-2-3-0-0-1-1-0 15794415 0.012405 0.00745 2e-06 0.001602
4-7-0-0-1-1-0-2-2-3-0-2-2-3-0 15794087 0.013869 0.008605 0 0.001595
4-7-0-0-1-1-0-2-2-3-0-4-3-5-0 15794415 0.024068 0.019085 1e-06 0.001683
4-7-0-0-1-1-0-2-2-3-0-6-4-7-0 15794415 0.044309 0.039044 1e-06 0.001649
4-7-0-0-1-1-0-4-3-5-0-0-1-1-0 15794415 0.014678 0.008616 1e-06 0.001848
4-7-0-0-1-1-0-4-3-5-0-2-2-3-0 15794372 0.01608 0.009808 1e-06 0.001826
4-7-0-0-1-1-0-4-3-5-0-4-3-5-0 15792180 0.027054 0.020634 0 0.00191
4-7-0-0-1-1-0-4-3-5-0-6-4-7-0 15794415 0.047717 0.040943 1e-06 0.001896
4-7-0-0-1-1-0-6-4-7-0-0-1-1-0 15794415 0.013757 0.00831 1e-06 0.001825
4-7-0-0-1-1-0-6-4-7-0-2-2-3-0 15794415 0.028537 0.01202 1e-06 0.001857
4-7-0-0-1-1-0-6-4-7-0-4-3-5-0 15794415 0.028523 0.021505 1e-06 0.001973
4-7-0-0-1-1-0-6-4-7-0-6-4-7-0 15794415 0.048283 0.042618 1e-06 0.001921
4-7-0-2-2-3-0-0-1-1-0-0-1-1-0 15794415 0.017698 0.009797 1e-06 0.002045
4-7-0-2-2-3-0-0-1-1-0-2-2-3-0 15794415 0.029265 0.012388 1e-06 0.001722
4-7-0-2-2-3-0-0-1-1-0-4-3-5-0 15794415 0.023171 0.016937 1e-06 0.001672
4-7-0-2-2-3-0-0-1-1-0-6-4-7-0 15794415 0.046149 0.040016 0 0.001732
4-7-0-2-2-3-0-2-2-3-0-0-1-1-0 15794415 0.01451 0.008456 1e-06 0.001611
4-7-0-2-2-3-0-2-2-3-0-2-2-3-0 10219172 0.022355 0.005803 1e-06 0.001648
4-7-0-2-2-3-0-2-2-3-0-4-3-5-0 15662521 0.066832 0.057951 1e-06 0.002075
4-7-0-2-2-3-0-2-2-3-0-6-4-7-0 15792946 0.045765 0.040579 0 0.001637
4-7-0-2-2-3-0-4-3-5-0-0-1-1-0 15794415 0.015282 0.008767 0 0.001817
4-7-0-2-2-3-0-4-3-5-0-2-2-3-0 15794338 0.031837 0.01598 1e-06 0.001819
4-7-0-2-2-3-0-4-3-5-0-4-3-5-0 15743848 0.098779 0.091327 1e-06 0.001887
4-7-0-2-2-3-0-4-3-5-0-6-4-7-0 15794415 0.054826 0.047897 1e-06 0.001836
4-7-0-2-2-3-0-6-4-7-0-0-1-1-0 15794415 0.014512 0.008005 1e-06 0.001772
4-7-0-2-2-3-0-6-4-7-0-2-2-3-0 15794414 0.020228 0.015078 1e-06 0.0018
4-7-0-2-2-3-0-6-4-7-0-4-3-5-0 15794371 0.135808 0.129273 1e-06 0.002034
4-7-0-2-2-3-0-6-4-7-0-6-4-7-0 15794415 0.052627 0.04657 1e-06 0.001852
4-7-0-4-3-5-0-0-1-1-0-0-1-1-0 15758734 0.019539 0.011846 0 0.002464
4-7-0-4-3-5-0-0-1-1-0-2-2-3-0 15794374 0.020196 0.01296 1e-06 0.002033
4-7-0-4-3-5-0-0-1-1-0-4-3-5-0 15784512 0.029058 0.021382 1e-06 0.002051
4-7-0-4-3-5-0-0-1-1-0-6-4-7-0 15794415 0.049938 0.043207 1e-06 0.002062
4-7-0-4-3-5-0-2-2-3-0-0-1-1-0 15794415 0.021022 0.012999 0 0.001977
4-7-0-4-3-5-0-2-2-3-0-2-2-3-0 15752999 0.027909 0.02078 0 0.002022
4-7-0-4-3-5-0-2-2-3-0-4-3-5-0 15793767 0.078821 0.071265 0 0.0021
4-7-0-4-3-5-0-2-2-3-0-6-4-7-0 15794415 0.062149 0.054916 0 0.002069
4-7-0-4-3-5-0-4-3-5-0-0-1-1-0 15794415 0.026629 0.016309 1e-06 0.002226
4-7-0-4-3-5-0-4-3-5-0-2-2-3-0 15794351 0.100086 0.088638 0 0.002245
4-7-0-4-3-5-0-4-3-5-0-4-3-5-0 15614461 0.389125 0.377686 1e-06 0.00232
4-7-0-4-3-5-0-4-3-5-0-6-4-7-0 15794415 0.27996 0.269313 0 0.002286
4-7-0-4-3-5-0-6-4-7-0-0-1-1-0 15794415 0.026353 0.015706 1e-06 0.002197
4-7-0-4-3-5-0-6-4-7-0-2-2-3-0 15794415 0.088608 0.080766 0 0.002244
4-7-0-4-3-5-0-6-4-7-0-4-3-5-0 15794412 0.20171 0.193473 0 0.002249
4-7-0-4-3-5-0-6-4-7-0-6-4-7-0 15794415 0.125574 0.117507 1e-06 0.002242
4-7-0-6-4-7-0-0-1-1-0-0-1-1-0 15794415 0.017275 0.010411 1e-06 0.002402
4-7-0-6-4-7-0-0-1-1-0-2-2-3-0 15794415 0.017646 0.011494 0 0.001945
4-7-0-6-4-7-0-0-1-1-0-4-3-5-0 15794415 0.027166 0.019459 1e-06 0.002
4-7-0-6-4-7-0-0-1-1-0-6-4-7-0 15794415 0.048238 0.041273 1e-06 0.002003
4-7-0-6-4-7-0-2-2-3-0-0-1-1-0 15794415 0.018129 0.010376 0 0.001926
4-7-0-6-4-7-0-2-2-3-0-2-2-3-0 15792398 0.021324 0.013808 1e-06 0.001972
4-7-0-6-4-7-0-2-2-3-0-4-3-5-0 15794397 0.069096 0.062586 0 0.00202
4-7-0-6-4-7-0-2-2-3-0-6-4-7-0 15794415 0.052196 0.046583 0 0.001983
4-7-0-6-4-7-0-4-3-5-0-0-1-1-0 15794415 0.023831 0.014467 1e-06 0.002151
4-7-0-6-4-7-0-4-3-5-0-2-2-3-0 15794413 0.037154 0.030136 0 0.002166
4-7-0-6-4-7-0-4-3-5-0-4-3-5-0 15792097 0.33093 0.322301 1e-06 0.002212
4-7-0-6-4-7-0-4-3-5-0-6-4-7-0 15794415 0.125162 0.116572 1e-06 0.00227
4-7-0-6-4-7-0-6-4-7-0-0-1-1-0 15794415 0.021034 0.013321 1e-06 0.0022
4-7-0-6-4-7-0-6-4-7-0-2-2-3-0 15794415 0.030525 0.024065 1e-06 0.002195
4-7-0-6-4-7-0-6-4-7-0-4-3-5-0 15794415 0.146015 0.1393 1e-06 0.002228
4-7-0-6-4-7-0-6-4-7-0-6-4-7-0 15794415 0.068928 0.062833 1e-06 0.002176
