0-0-1-1-0-0-1 34713 0.005357 0.001563 0 0.001851
0-0-1-1-0-2-2 11426723 0.151793 0.149281 1e-06 0.00133
0-0-1-1-0-4-3 66667832 0.720603 0.718835 1e-06 0.000643
0-0-1-1-0-6-4 15626706 0.006881 0.004576 1e-06 0.001162
0-2-2-3-0-0-1 269979 0.004015 0.002033 1e-06 0.001091
0-2-2-3-0-2-2 34713 0.004047 0.00189 0 0.001049
0-2-2-3-0-4-3 18178411 0.006202 0.003925 0 0.00109
0-2-2-3-0-6-4 10219172 0.005355 0.003233 0 0.000988
0-4-3-5-0-0-1 125547 0.004612 0.00189 0 0.001041
0-4-3-5-0-2-2 1807215 0.005259 0.00226 0 0.001037
0-4-3-5-0-4-3 45844609 0.017465 0.014473 1e-06 0.000984
0-4-3-5-0-6-4 13230219 0.008529 0.005608 1e-06 0.000969
0-6-4-7-0-0-1 277619 0.002942 0.001334 1e-06 0.000753
0-6-4-7-0-2-2 6345795 0.004419 0.002671 0 0.000723
0-6-4-7-0-4-3 161137646 0.982783 0.980922 0 0.000696
0-6-4-7-0-6-4 15647846 0.008856 0.00626 1e-06 0.001237
1-1-0-0-1-1-0 34713 0.003514 0.000724 1e-06 0.001806
1-1-0-2-2-3-0 269979 0.004431 0.002867 1e-06 0.000823
1-1-0-4-3-5-0 125547 0.006292 0.004436 1e-06 0.000692
1-1-0-6-4-7-0 277619 0.004685 0.003045 1e-06 0.000769
2-3-0-0-1-1-0 11426723 0.004376 0.002913 1e-06 0.000795
2-3-0-2-2-3-0 34713 0.002332 0.00051 0 0.000907
2-3-0-4-3-5-0 1807215 0.003798 0.00171 1e-06 0.000892
2-3-0-6-4-7-0 6345795 0.005564 0.003783 0 0.000923
3-5-0-0-1-1-0 66667832 0.016895 0.014887 0 0.00085
3-5-0-2-2-3-0 18178411 0.004352 0.002436 0 0.000785
3-5-0-4-3-5-0 45844609 0.027873 0.025235 1e-06 0.000795
3-5-0-6-4-7-0 161137646 0.114394 0.112469 0 0.000703
4-7-0-0-1-1-0 15626706 0.004449 0.002813 1e-06 0.000878
4-7-0-2-2-3-0 10219172 0.003549 0.00182 0 0.000948
4-7-0-4-3-5-0 13230219 0.010416 0.009098 1e-06 0.00067
4-7-0-6-4-7-0 15647846 0.009792 0.008665 1e-06 0.00065
