0-0-1-1-0-0-1 160792 1.28793 0.027334 0 1.1519
0-0-1-1-0-2-2 122977 0.750398 0.013708 1e-06 0.630372
0-0-1-1-0-4-3 719976 1.65602 0.077457 0 1.45707
0-2-2-3-0-0-1 98344 0.618764 0.011686 1e-06 0.488583
0-2-2-3-0-2-2 102281 0.402147 0.011577 1e-06 0.276082
0-2-2-3-0-4-3 406341 0.671182 0.01528 1e-06 0.551631
0-4-3-5-0-0-1 904361 3.7307 0.031555 0 3.65384
0-4-3-5-0-2-2 705440 2.17744 0.054129 1e-06 2.07763
0-4-3-5-0-4-3 3004893 3.91389 0.011534 0 3.85153
1-1-0-0-1-1-0 160792 1.32232 0.012872 0 1.28041
1-1-0-2-2-3-0 98344 1.19814 0.009777 0 1.15497
1-1-0-4-3-5-0 904361 2.18551 0.022123 0 2.11712
2-3-0-0-1-1-0 122977 0.619047 0.009976 0 0.57051
2-3-0-2-2-3-0 102281 0.515845 0.009552 1e-06 0.472944
2-3-0-4-3-5-0 705440 1.62699 0.003466 0 1.58144
3-5-0-0-1-1-0 719976 2.28031 0.009805 0 2.24167
3-5-0-2-2-3-0 406341 2.36924 0.010494 1e-06 2.33177
3-5-0-4-3-5-0 3004893 4.64884 0.089469 1e-06 4.51839
