0-0-1-1-0-0-1-1-0-0-1-1-0-0-1 219989 11.3802 0.086685 1e-06 11.1096
0-0-1-1-0-0-1-1-0-0-1-1-0-2-2 166498 10.967 0.093141 1e-06 10.6257
0-0-1-1-0-0-1-1-0-0-1-1-0-4-3 1007175 13.8181 0.04019 1e-06 13.525
0-0-1-1-0-0-1-1-0-2-2-3-0-0-1 227118 11.1455 0.031619 1e-06 10.9432
0-0-1-1-0-0-1-1-0-2-2-3-0-2-2 269113 9.29179 0.049386 1e-06 9.061
0-0-1-1-0-0-1-1-0-2-2-3-0-4-3 1056404 12.9953 0.031355 1e-06 12.7136
0-0-1-1-0-0-1-1-0-4-3-5-0-0-1 2382824 18.2452 0.081623 2e-06 18.0054
0-0-1-1-0-0-1-1-0-4-3-5-0-2-2 2005389 15.0247 0.038317 1e-06 14.9026
0-0-1-1-0-0-1-1-0-4-3-5-0-4-3 7765304 17.8878 0.067088 1e-06 17.744
0-0-1-1-0-2-2-3-0-0-1-1-0-0-1 254087 9.99715 0.051246 2e-06 9.8521
0-0-1-1-0-2-2-3-0-0-1-1-0-2-2 455112 7.32447 0.048142 1e-06 7.20769
0-0-1-1-0-2-2-3-0-0-1-1-0-4-3 1862906 10.435 0.042725 3e-06 10.242
0-0-1-1-0-2-2-3-0-2-2-3-0-0-1 312856 8.91315 0.025476 2e-06 8.7832
0-0-1-1-0-2-2-3-0-2-2-3-0-2-2 365222 6.20228 0.025259 1e-06 6.11193
0-0-1-1-0-2-2-3-0-2-2-3-0-4-3 1393155 9.00314 0.049005 1e-06 8.87848
0-0-1-1-0-2-2-3-0-4-3-5-0-0-1 3006235 13.4434 0.034715 3e-06 13.3289
0-0-1-1-0-2-2-3-0-4-3-5-0-2-2 2939091 10.7021 0.034686 1e-06 10.5565
0-0-1-1-0-2-2-3-0-4-3-5-0-4-3 9092310 15.04 0.073741 2e-06 14.8891
0-0-1-1-0-4-3-5-0-0-1-1-0-0-1 2542069 19.7978 0.05742 2e-06 19.6498
0-0-1-1-0-4-3-5-0-0-1-1-0-2-2 3581853 16.6939 0.036116 1e-06 16.5746
0-0-1-1-0-4-3-5-0-0-1-1-0-4-3 14250721 21.1665 0.075722 1e-06 21.0105
0-0-1-1-0-4-3-5-0-2-2-3-0-0-1 2736848 17.0759 0.040569 2e-06 16.9597
0-0-1-1-0-4-3-5-0-2-2-3-0-2-2 3246243 12.9353 0.039165 1e-06 12.8121
0-0-1-1-0-4-3-5-0-2-2-3-0-4-3 10539120 16.7128 0.043839 3e-06 16.5802
0-0-1-1-0-4-3-5-0-4-3-5-0-0-1 19536812 27.5797 0.178702 2e-06 27.3001
0-0-1-1-0-4-3-5-0-4-3-5-0-2-2 17228423 23.9671 0.055425 3e-06 23.7991
0-0-1-1-0-4-3-5-0-4-3-5-0-4-3 52630265 27.1077 0.193208 2e-06 26.8187
0-2-2-3-0-0-1-1-0-0-1-1-0-0-1 141290 8.27171 0.045475 1e-06 8.15602
0-2-2-3-0-0-1-1-0-0-1-1-0-2-2 248813 5.66171 0.027091 0 5.55924
0-2-2-3-0-0-1-1-0-0-1-1-0-4-3 988117 7.2604 0.047241 2e-06 7.13889
0-2-2-3-0-0-1-1-0-2-2-3-0-0-1 308439 5.4575 0.025854 2e-06 5.36198
0-2-2-3-0-0-1-1-0-2-2-3-0-2-2 408400 4.17071 0.023569 0 4.08491
0-2-2-3-0-0-1-1-0-2-2-3-0-4-3 1496081 5.28715 0.024768 1e-06 5.20615
0-2-2-3-0-0-1-1-0-4-3-5-0-0-1 2694129 10.6796 0.032055 1e-06 10.5789
0-2-2-3-0-0-1-1-0-4-3-5-0-2-2 2646121 8.23912 0.033785 0 8.07376
0-2-2-3-0-0-1-1-0-4-3-5-0-4-3 8091389 12.2581 0.037834 1e-06 12.1516
0-2-2-3-0-2-2-3-0-0-1-1-0-0-1 188377 4.74241 0.041619 0 4.63384
0-2-2-3-0-2-2-3-0-0-1-1-0-2-2 360293 4.21075 0.028401 1e-06 4.10906
0-2-2-3-0-2-2-3-0-0-1-1-0-4-3 1307204 4.98402 0.045876 2e-06 4.87214
0-2-2-3-0-2-2-3-0-2-2-3-0-0-1 229664 4.06574 0.039518 2e-06 3.95688
0-2-2-3-0-2-2-3-0-2-2-3-0-2-2 266338 3.1262 0.022517 0 3.03894
0-2-2-3-0-2-2-3-0-2-2-3-0-4-3 939938 3.6871 0.023046 1e-06 3.60321
0-2-2-3-0-2-2-3-0-4-3-5-0-0-1 2195693 7.84801 0.030684 1e-06 7.75021
0-2-2-3-0-2-2-3-0-4-3-5-0-2-2 2187268 5.94403 0.030697 1e-06 5.81326
0-2-2-3-0-2-2-3-0-4-3-5-0-4-3 6348703 9.4803 0.058051 1e-06 9.34864
0-2-2-3-0-4-3-5-0-0-1-1-0-0-1 1687902 13.822 0.033542 1e-06 13.713
0-2-2-3-0-4-3-5-0-0-1-1-0-2-2 2663360 11.2572 0.036872 1e-06 11.1387
0-2-2-3-0-4-3-5-0-0-1-1-0-4-3 9085093 14.7302 0.039754 1e-06 14.6103
0-2-2-3-0-4-3-5-0-2-2-3-0-0-1 2056435 12.4316 0.039267 1e-06 12.314
0-2-2-3-0-4-3-5-0-2-2-3-0-2-2 2515710 11.3581 0.042181 3e-06 11.2293
0-2-2-3-0-4-3-5-0-2-2-3-0-4-3 7520982 13.8683 0.061004 3e-06 13.7236
0-2-2-3-0-4-3-5-0-4-3-5-0-0-1 12653171 22.9169 0.067046 1e-06 22.7661
0-2-2-3-0-4-3-5-0-4-3-5-0-2-2 11922624 17.2783 0.051663 1e-06 17.1403
0-2-2-3-0-4-3-5-0-4-3-5-0-4-3 32665634 20.9322 0.089367 1e-06 20.7564
0-4-3-5-0-0-1-1-0-0-1-1-0-0-1 1332890 22.3944 0.03507 2e-06 22.2711
0-4-3-5-0-0-1-1-0-0-1-1-0-2-2 1824440 19.9288 0.058045 1e-06 19.79
0-4-3-5-0-0-1-1-0-0-1-1-0-4-3 8148870 22.9451 0.041464 1e-06 22.7882
0-4-3-5-0-0-1-1-0-2-2-3-0-0-1 2318991 19.6168 0.031397 1e-06 19.5049
0-4-3-5-0-0-1-1-0-2-2-3-0-2-2 2995057 15.9971 0.053746 1e-06 15.8689
0-4-3-5-0-0-1-1-0-2-2-3-0-4-3 10139913 19.6507 0.043066 1e-06 19.5201
0-4-3-5-0-0-1-1-0-4-3-5-0-0-1 20205284 29.4799 0.075981 1e-06 29.3183
0-4-3-5-0-0-1-1-0-4-3-5-0-2-2 18159506 23.9047 0.05841 3e-06 23.7507
0-4-3-5-0-0-1-1-0-4-3-5-0-4-3 55175418 29.7881 0.112021 2e-06 29.5773
0-4-3-5-0-2-2-3-0-0-1-1-0-0-1 1578412 18.6519 0.038456 1e-06 18.5316
0-4-3-5-0-2-2-3-0-0-1-1-0-2-2 3093998 16.2151 0.048795 2e-06 16.0804
0-4-3-5-0-2-2-3-0-0-1-1-0-4-3 10491003 18.3627 0.045411 2e-06 18.2278
0-4-3-5-0-2-2-3-0-2-2-3-0-0-1 2036936 18.2709 0.029891 1e-06 18.107
0-4-3-5-0-2-2-3-0-2-2-3-0-2-2 2350930 13.6815 0.030441 2e-06 13.5699
0-4-3-5-0-2-2-3-0-2-2-3-0-4-3 8004004 16.0743 0.043601 3e-06 15.9488
0-4-3-5-0-2-2-3-0-4-3-5-0-0-1 17189893 25.6903 0.066582 1e-06 25.5316
0-4-3-5-0-2-2-3-0-4-3-5-0-2-2 16400959 21.8667 0.050867 1e-06 21.73
0-4-3-5-0-2-2-3-0-4-3-5-0-4-3 45773415 25.9524 0.099505 2e-06 25.7592
0-4-3-5-0-4-3-5-0-0-1-1-0-0-1 12258976 34.1833 0.076925 3e-06 34.0077
0-4-3-5-0-4-3-5-0-0-1-1-0-2-2 16161615 26.8325 0.085044 1e-06 26.6478
0-4-3-5-0-4-3-5-0-0-1-1-0-4-3 55174169 33.9375 0.109772 2e-06 33.7318
0-4-3-5-0-4-3-5-0-2-2-3-0-0-1 12037649 30.1592 0.065164 1e-06 29.9958
0-4-3-5-0-4-3-5-0-2-2-3-0-2-2 14812754 25.7164 0.086335 2e-06 25.4717
0-4-3-5-0-4-3-5-0-2-2-3-0-4-3 41179648 29.9578 0.084778 1e-06 29.7886
0-4-3-5-0-4-3-5-0-4-3-5-0-0-1 66854831 43.4233 0.252146 0 43.079
0-4-3-5-0-4-3-5-0-4-3-5-0-2-2 59130651 36.9153 0.226203 1e-06 36.5865
0-4-3-5-0-4-3-5-0-4-3-5-0-4-3 166867136 44.4485 0.369668 1e-06 43.9699
1-1-0-0-1-1-0-0-1-1-0-0-1-1-0 219989 12.9479 0.029756 1e-06 12.849
1-1-0-0-1-1-0-0-1-1-0-2-2-3-0 141290 10.8279 0.025881 1e-06 10.738
1-1-0-0-1-1-0-0-1-1-0-4-3-5-0 1332890 17.3811 0.028793 1e-06 17.2773
1-1-0-0-1-1-0-2-2-3-0-0-1-1-0 254087 8.88501 0.028036 1e-06 8.79166
1-1-0-0-1-1-0-2-2-3-0-2-2-3-0 188377 8.3508 0.026338 0 8.26233
1-1-0-0-1-1-0-2-2-3-0-4-3-5-0 1578412 13.4624 0.028239 1e-06 13.3101
1-1-0-0-1-1-0-4-3-5-0-0-1-1-0 2542069 20.076 0.051252 2e-06 19.9392
1-1-0-0-1-1-0-4-3-5-0-2-2-3-0 1687902 16.2525 0.035401 3e-06 16.1133
1-1-0-0-1-1-0-4-3-5-0-4-3-5-0 12258976 24.9229 0.036941 2e-06 24.8074
1-1-0-2-2-3-0-0-1-1-0-0-1-1-0 227118 8.75275 0.033623 1e-06 8.64579
1-1-0-2-2-3-0-0-1-1-0-2-2-3-0 308439 7.66703 0.02601 1e-06 7.58087
1-1-0-2-2-3-0-0-1-1-0-4-3-5-0 2318991 14.2356 0.027744 2e-06 14.1394
1-1-0-2-2-3-0-2-2-3-0-0-1-1-0 312856 7.17007 0.02538 1e-06 7.02991
1-1-0-2-2-3-0-2-2-3-0-2-2-3-0 229664 5.26984 0.022166 3e-06 5.18313
1-1-0-2-2-3-0-2-2-3-0-4-3-5-0 2036936 8.37414 0.022382 2e-06 8.28474
1-1-0-2-2-3-0-4-3-5-0-0-1-1-0 2736848 13.8921 0.028457 3e-06 13.788
1-1-0-2-2-3-0-4-3-5-0-2-2-3-0 2056435 13.312 0.033591 2e-06 13.1998
1-1-0-2-2-3-0-4-3-5-0-4-3-5-0 12037649 21.6617 0.047127 1e-06 21.5385
1-1-0-4-3-5-0-0-1-1-0-0-1-1-0 2382824 20.2527 0.054357 1e-06 20.0648
1-1-0-4-3-5-0-0-1-1-0-2-2-3-0 2694129 18.6091 0.033113 1e-06 18.5026
1-1-0-4-3-5-0-0-1-1-0-4-3-5-0 20205284 26.3046 0.046562 1e-06 26.1665
1-1-0-4-3-5-0-2-2-3-0-0-1-1-0 3006235 17.0551 0.038327 1e-06 16.9418
1-1-0-4-3-5-0-2-2-3-0-2-2-3-0 2195693 16.4865 0.046873 2e-06 16.3641
1-1-0-4-3-5-0-2-2-3-0-4-3-5-0 17189893 24.9558 0.045835 1e-06 24.8195
1-1-0-4-3-5-0-4-3-5-0-0-1-1-0 19536812 28.7554 0.065224 1e-06 28.528
1-1-0-4-3-5-0-4-3-5-0-2-2-3-0 12653171 27.97 0.054431 1e-06 27.8333
1-1-0-4-3-5-0-4-3-5-0-4-3-5-0 66854831 40.3508 0.119307 0 40.0909
2-3-0-0-1-1-0-0-1-1-0-0-1-1-0 166498 10.0484 0.047278 2e-06 9.92691
2-3-0-0-1-1-0-0-1-1-0-2-2-3-0 248813 8.33671 0.025452 1e-06 8.24512
2-3-0-0-1-1-0-0-1-1-0-4-3-5-0 1824440 14.1228 0.030222 3e-06 14.0113
2-3-0-0-1-1-0-2-2-3-0-0-1-1-0 455112 8.39778 0.04365 1e-06 8.29279
2-3-0-0-1-1-0-2-2-3-0-2-2-3-0 360293 6.12555 0.023444 3e-06 6.03965
2-3-0-0-1-1-0-2-2-3-0-4-3-5-0 3093998 11.2215 0.019891 1e-06 11.1336
2-3-0-0-1-1-0-4-3-5-0-0-1-1-0 3581853 14.7279 0.048605 1e-06 14.592
2-3-0-0-1-1-0-4-3-5-0-2-2-3-0 2663360 14.038 0.032972 3e-06 13.9232
2-3-0-0-1-1-0-4-3-5-0-4-3-5-0 16161615 22.3046 0.051017 2e-06 22.1647
2-3-0-2-2-3-0-0-1-1-0-0-1-1-0 269113 5.70457 0.041143 1e-06 5.59297
2-3-0-2-2-3-0-0-1-1-0-2-2-3-0 408400 5.21093 0.024211 1e-06 5.1143
2-3-0-2-2-3-0-0-1-1-0-4-3-5-0 2995057 9.12004 0.021645 1e-06 8.95536
2-3-0-2-2-3-0-2-2-3-0-0-1-1-0 365222 5.21203 0.03994 1e-06 5.10752
2-3-0-2-2-3-0-2-2-3-0-2-2-3-0 266338 4.44866 0.02066 1e-06 4.36121
2-3-0-2-2-3-0-2-2-3-0-4-3-5-0 2350930 7.51919 0.02997 1e-06 7.41934
2-3-0-2-2-3-0-4-3-5-0-0-1-1-0 3246243 12.2382 0.049521 1e-06 12.1133
2-3-0-2-2-3-0-4-3-5-0-2-2-3-0 2515710 10.864 0.027952 1e-06 10.755
2-3-0-2-2-3-0-4-3-5-0-4-3-5-0 14812754 16.7047 0.048169 1e-06 16.5812
2-3-0-4-3-5-0-0-1-1-0-0-1-1-0 2005389 18.9232 0.052258 1e-06 18.792
2-3-0-4-3-5-0-0-1-1-0-2-2-3-0 2646121 15.5449 0.060779 2e-06 15.401
2-3-0-4-3-5-0-0-1-1-0-4-3-5-0 18159506 26.4108 0.056088 2e-06 26.1966
2-3-0-4-3-5-0-2-2-3-0-0-1-1-0 2939091 16.2921 0.055144 1e-06 16.1619
2-3-0-4-3-5-0-2-2-3-0-2-2-3-0 2187268 14.4804 0.031777 2e-06 14.3694
2-3-0-4-3-5-0-2-2-3-0-4-3-5-0 16400959 21.6708 0.042552 3e-06 21.5408
2-3-0-4-3-5-0-4-3-5-0-0-1-1-0 17228423 26.873 0.075144 1e-06 26.7091
2-3-0-4-3-5-0-4-3-5-0-2-2-3-0 11922624 25.206 0.073732 1e-06 24.9868
2-3-0-4-3-5-0-4-3-5-0-4-3-5-0 59130651 37.682 0.099781 1e-06 37.4722
3-5-0-0-1-1-0-0-1-1-0-0-1-1-0 1007175 18.3396 0.03483 1e-06 18.2376
3-5-0-0-1-1-0-0-1-1-0-2-2-3-0 988117 15.5271 0.035777 1e-06 15.4158
3-5-0-0-1-1-0-0-1-1-0-4-3-5-0 8148870 21.2839 0.048745 3e-06 21.1462
3-5-0-0-1-1-0-2-2-3-0-0-1-1-0 1862906 14.1536 0.034254 1e-06 14.0437
3-5-0-0-1-1-0-2-2-3-0-2-2-3-0 1307204 12.5239 0.035793 1e-06 12.4112
3-5-0-0-1-1-0-2-2-3-0-4-3-5-0 10491003 19.119 0.051783 3e-06 18.9739
3-5-0-0-1-1-0-4-3-5-0-0-1-1-0 14250721 24.059 0.046694 1e-06 23.9282
3-5-0-0-1-1-0-4-3-5-0-2-2-3-0 9085093 22.1001 0.050112 3e-06 21.9537
3-5-0-0-1-1-0-4-3-5-0-4-3-5-0 55174169 33.6868 0.104506 1e-06 33.4071
3-5-0-2-2-3-0-0-1-1-0-0-1-1-0 1056404 14.0798 0.033315 0 13.9585
3-5-0-2-2-3-0-0-1-1-0-2-2-3-0 1496081 12.1539 0.036841 1e-06 12.0433
3-5-0-2-2-3-0-0-1-1-0-4-3-5-0 10139913 18.6583 0.04696 3e-06 18.5188
3-5-0-2-2-3-0-2-2-3-0-0-1-1-0 1393155 11.5145 0.031234 2e-06 11.4104
3-5-0-2-2-3-0-2-2-3-0-2-2-3-0 939938 10.3577 0.032175 1e-06 10.2586
3-5-0-2-2-3-0-2-2-3-0-4-3-5-0 8004004 15.8589 0.04507 1e-06 15.6941
3-5-0-2-2-3-0-4-3-5-0-0-1-1-0 10539120 21.3895 0.045939 1e-06 21.2606
3-5-0-2-2-3-0-4-3-5-0-2-2-3-0 7520982 18.2146 0.057164 2e-06 18.0657
3-5-0-2-2-3-0-4-3-5-0-4-3-5-0 41179648 29.2612 0.113228 1e-06 29.0581
3-5-0-4-3-5-0-0-1-1-0-0-1-1-0 7765304 27.6158 0.062849 3e-06 27.4146
3-5-0-4-3-5-0-0-1-1-0-2-2-3-0 8091389 23.4529 0.045233 1e-06 23.3331
3-5-0-4-3-5-0-0-1-1-0-4-3-5-0 55175418 35.4752 0.104492 1e-06 35.2687
3-5-0-4-3-5-0-2-2-3-0-0-1-1-0 9092310 25.458 0.053933 1e-06 25.3165
3-5-0-4-3-5-0-2-2-3-0-2-2-3-0 6348703 22.2293 0.047216 1e-06 22.0968
3-5-0-4-3-5-0-2-2-3-0-4-3-5-0 45773415 32.9922 0.096823 3e-06 32.7898
3-5-0-4-3-5-0-4-3-5-0-0-1-1-0 52630265 37.2369 0.111142 1e-06 37.0189
3-5-0-4-3-5-0-4-3-5-0-2-2-3-0 32665634 35.2391 0.11938 1e-06 35.0138
3-5-0-4-3-5-0-4-3-5-0-4-3-5-0 166867136 49.0167 0.364427 1e-06 48.5405
