0-0-1-1-0-0-1-1-0-0-1-1-0-0-1 219989 11.0857 0.039497 1e-06 10.8653
0-0-1-1-0-0-1-1-0-0-1-1-0-2-2 166498 9.42975 0.049896 0 9.20431
0-0-1-1-0-0-1-1-0-0-1-1-0-4-3 1007175 11.887 0.040402 1e-06 11.661
0-0-1-1-0-0-1-1-0-2-2-3-0-0-1 227118 10.8062 0.030315 0 10.6066
0-0-1-1-0-0-1-1-0-2-2-3-0-2-2 269113 8.56617 0.046395 1e-06 8.34882
0-0-1-1-0-0-1-1-0-2-2-3-0-4-3 1056404 9.69202 0.031667 1e-06 9.48748
0-0-1-1-0-0-1-1-0-4-3-5-0-0-1 2382824 14.9694 0.039686 1e-06 14.7443
0-0-1-1-0-0-1-1-0-4-3-5-0-2-2 2005389 12.76 0.040478 1e-06 12.529
0-0-1-1-0-0-1-1-0-4-3-5-0-4-3 7765304 16.0098 0.047765 1e-06 15.7779
0-0-1-1-0-2-2-3-0-0-1-1-0-0-1 254087 8.36338 0.0299 1e-06 8.16123
0-0-1-1-0-2-2-3-0-0-1-1-0-2-2 455112 6.64222 0.041407 1e-06 6.43003
0-0-1-1-0-2-2-3-0-0-1-1-0-4-3 1862906 9.32372 0.049844 1e-06 9.09477
0-0-1-1-0-2-2-3-0-2-2-3-0-0-1 312856 7.28504 0.027628 1e-06 7.0865
0-0-1-1-0-2-2-3-0-2-2-3-0-2-2 365222 6.16863 0.045521 1e-06 5.94925
0-0-1-1-0-2-2-3-0-2-2-3-0-4-3 1393155 7.5222 0.029293 1e-06 7.32435
0-0-1-1-0-2-2-3-0-4-3-5-0-0-1 3006235 12.7566 0.039742 1e-06 12.5373
0-0-1-1-0-2-2-3-0-4-3-5-0-2-2 2939091 10.4933 0.037792 1e-06 10.2646
0-0-1-1-0-2-2-3-0-4-3-5-0-4-3 9092310 12.4277 0.046081 0 12.1966
0-0-1-1-0-4-3-5-0-0-1-1-0-0-1 2542069 17.4084 0.039896 0 17.1818
0-0-1-1-0-4-3-5-0-0-1-1-0-2-2 3581853 16.3087 0.039402 1e-06 16.0855
0-0-1-1-0-4-3-5-0-0-1-1-0-4-3 14250721 18.3556 0.082044 1e-06 18.0821
0-0-1-1-0-4-3-5-0-2-2-3-0-0-1 2736848 17.6541 0.045125 1e-06 17.4227
0-0-1-1-0-4-3-5-0-2-2-3-0-2-2 3246243 12.9935 0.04502 1e-06 12.7615
0-0-1-1-0-4-3-5-0-2-2-3-0-4-3 10539120 17.7131 0.053725 3e-06 17.4651
0-0-1-1-0-4-3-5-0-4-3-5-0-0-1 19536812 26.5733 0.108641 1e-06 26.2631
0-0-1-1-0-4-3-5-0-4-3-5-0-2-2 17228423 22.309 0.086721 1e-06 22.0183
0-0-1-1-0-4-3-5-0-4-3-5-0-4-3 52630265 27.6218 0.199772 0 27.2211
0-2-2-3-0-0-1-1-0-0-1-1-0-0-1 141290 7.77063 0.028903 1e-06 7.57238
0-2-2-3-0-0-1-1-0-0-1-1-0-2-2 248813 6.49508 0.050046 2e-06 6.26226
0-2-2-3-0-0-1-1-0-0-1-1-0-4-3 988117 7.49753 0.03148 1e-06 7.21852
0-2-2-3-0-0-1-1-0-2-2-3-0-0-1 308439 6.22211 0.026899 1e-06 6.02742
0-2-2-3-0-0-1-1-0-2-2-3-0-2-2 408400 4.66147 0.027593 0 4.46654
0-2-2-3-0-0-1-1-0-2-2-3-0-4-3 1496081 6.4642 0.02907 1e-06 6.26969
0-2-2-3-0-0-1-1-0-4-3-5-0-0-1 2694129 13.274 0.034237 1e-06 13.0561
0-2-2-3-0-0-1-1-0-4-3-5-0-2-2 2646121 9.73939 0.037299 1e-06 9.51786
0-2-2-3-0-0-1-1-0-4-3-5-0-4-3 8091389 11.8246 0.043946 0 11.5978
0-2-2-3-0-2-2-3-0-0-1-1-0-0-1 188377 6.17965 0.044181 1e-06 5.90067
0-2-2-3-0-2-2-3-0-0-1-1-0-2-2 360293 4.61708 0.045075 1e-06 4.32233
0-2-2-3-0-2-2-3-0-0-1-1-0-4-3 1307204 5.9106 0.030061 1e-06 5.7093
0-2-2-3-0-2-2-3-0-2-2-3-0-0-1 229664 4.45107 0.025217 1e-06 4.25811
0-2-2-3-0-2-2-3-0-2-2-3-0-2-2 266338 3.47247 0.027121 1e-06 3.28078
0-2-2-3-0-2-2-3-0-2-2-3-0-4-3 939938 4.26764 0.043279 1e-06 4.0525
0-2-2-3-0-2-2-3-0-4-3-5-0-0-1 2195693 8.46917 0.050566 1e-06 8.23181
0-2-2-3-0-2-2-3-0-4-3-5-0-2-2 2187268 6.30415 0.03424 1e-06 6.09239
0-2-2-3-0-2-2-3-0-4-3-5-0-4-3 6348703 8.26224 0.043971 1e-06 8.04036
0-2-2-3-0-4-3-5-0-0-1-1-0-0-1 1687902 13.7484 0.036708 0 13.5242
0-2-2-3-0-4-3-5-0-0-1-1-0-2-2 2663360 10.7889 0.037325 0 10.5692
0-2-2-3-0-4-3-5-0-0-1-1-0-4-3 9085093 14.7686 0.05308 1e-06 14.5249
0-2-2-3-0-4-3-5-0-2-2-3-0-0-1 2056435 12.1253 0.072482 1e-06 11.8604
0-2-2-3-0-4-3-5-0-2-2-3-0-2-2 2515710 10.2276 0.056095 1e-06 9.98002
0-2-2-3-0-4-3-5-0-2-2-3-0-4-3 7520982 14.1534 0.058226 1e-06 13.9054
0-2-2-3-0-4-3-5-0-4-3-5-0-0-1 12653171 21.567 0.1038 1e-06 21.2602
0-2-2-3-0-4-3-5-0-4-3-5-0-2-2 11922624 16.9464 0.089629 1e-06 16.657
0-2-2-3-0-4-3-5-0-4-3-5-0-4-3 32665634 22.3902 0.179846 0 22.0058
0-4-3-5-0-0-1-1-0-0-1-1-0-0-1 1332890 22.0792 0.049909 0 21.8329
0-4-3-5-0-0-1-1-0-0-1-1-0-2-2 1824440 18.5158 0.038207 1e-06 18.2928
0-4-3-5-0-0-1-1-0-0-1-1-0-4-3 8148870 20.9235 0.051069 1e-06 20.667
0-4-3-5-0-0-1-1-0-2-2-3-0-0-1 2318991 19.3954 0.035579 1e-06 19.1098
0-4-3-5-0-0-1-1-0-2-2-3-0-2-2 2995057 15.9923 0.036903 3e-06 15.7636
0-4-3-5-0-0-1-1-0-2-2-3-0-4-3 10139913 20.4743 0.050592 3e-06 20.1639
0-4-3-5-0-0-1-1-0-4-3-5-0-0-1 20205284 29.1234 0.115746 1e-06 28.806
0-4-3-5-0-0-1-1-0-4-3-5-0-2-2 18159506 23.65 0.057713 1e-06 23.3841
0-4-3-5-0-0-1-1-0-4-3-5-0-4-3 55175418 29.3383 0.198098 0 28.9267
0-4-3-5-0-2-2-3-0-0-1-1-0-0-1 1578412 17.3427 0.051369 2e-06 17.0981
0-4-3-5-0-2-2-3-0-0-1-1-0-2-2 3093998 15.1403 0.037698 3e-06 14.912
0-4-3-5-0-2-2-3-0-0-1-1-0-4-3 10491003 19.8974 0.054362 1e-06 19.6491
0-4-3-5-0-2-2-3-0-2-2-3-0-0-1 2036936 15.3109 0.03366 3e-06 15.0955
0-4-3-5-0-2-2-3-0-2-2-3-0-2-2 2350930 15.1149 0.052758 1e-06 14.873
0-4-3-5-0-2-2-3-0-2-2-3-0-4-3 8004004 15.3658 0.060705 1e-06 15.11
0-4-3-5-0-2-2-3-0-4-3-5-0-0-1 17189893 26.2359 0.104062 0 25.9264
0-4-3-5-0-2-2-3-0-4-3-5-0-2-2 16400959 20.1093 0.065685 1e-06 19.8453
0-4-3-5-0-2-2-3-0-4-3-5-0-4-3 45773415 25.5121 0.162017 1e-06 25.1441
0-4-3-5-0-4-3-5-0-0-1-1-0-0-1 12258976 31.0487 0.127218 1e-06 30.7032
0-4-3-5-0-4-3-5-0-0-1-1-0-2-2 16161615 26.7938 0.132479 1e-06 26.3958
0-4-3-5-0-4-3-5-0-0-1-1-0-4-3 55174169 31.4324 0.192747 1e-06 31.0273
0-4-3-5-0-4-3-5-0-2-2-3-0-0-1 12037649 29.4428 0.111715 1e-06 29.1241
0-4-3-5-0-4-3-5-0-2-2-3-0-2-2 14812754 25.4808 0.137062 1e-06 25.134
0-4-3-5-0-4-3-5-0-2-2-3-0-4-3 41179648 29.3023 0.158901 1e-06 28.8744
0-4-3-5-0-4-3-5-0-4-3-5-0-0-1 66854831 42.6765 0.389711 0 42.1044
0-4-3-5-0-4-3-5-0-4-3-5-0-2-2 59130651 35.7068 0.410734 1e-06 35.1824
0-4-3-5-0-4-3-5-0-4-3-5-0-4-3 166867136 44.6798 0.64368 1e-06 43.9226
1-1-0-0-1-1-0-0-1-1-0-0-1-1-0 219989 11.1868 0.06021 1e-06 11.0525
1-1-0-0-1-1-0-0-1-1-0-2-2-3-0 141290 10.068 0.037384 1e-06 9.95072
1-1-0-0-1-1-0-0-1-1-0-4-3-5-0 1332890 16.4049 0.041861 0 16.2682
1-1-0-0-1-1-0-2-2-3-0-0-1-1-0 254087 11.2495 0.03325 1e-06 11.1418
1-1-0-0-1-1-0-2-2-3-0-2-2-3-0 188377 8.85349 0.027755 3e-06 8.74989
1-1-0-0-1-1-0-2-2-3-0-4-3-5-0 1578412 14.4326 0.02921 1e-06 14.2487
1-1-0-0-1-1-0-4-3-5-0-0-1-1-0 2542069 17.5686 0.039476 1e-06 17.4431
1-1-0-0-1-1-0-4-3-5-0-2-2-3-0 1687902 16.482 0.03687 3e-06 16.3669
1-1-0-0-1-1-0-4-3-5-0-4-3-5-0 12258976 26.0761 0.04984 1e-06 25.9284
1-1-0-2-2-3-0-0-1-1-0-0-1-1-0 227118 8.84426 0.046265 1e-06 8.65283
1-1-0-2-2-3-0-0-1-1-0-2-2-3-0 308439 7.09883 0.028505 1e-06 6.99575
1-1-0-2-2-3-0-0-1-1-0-4-3-5-0 2318991 13.0783 0.029 1e-06 12.9788
1-1-0-2-2-3-0-2-2-3-0-0-1-1-0 312856 7.03125 0.025837 3e-06 6.9453
1-1-0-2-2-3-0-2-2-3-0-2-2-3-0 229664 5.04876 0.021682 3e-06 4.94131
1-1-0-2-2-3-0-2-2-3-0-4-3-5-0 2036936 9.33036 0.029295 1e-06 9.23503
1-1-0-2-2-3-0-4-3-5-0-0-1-1-0 2736848 12.8187 0.033626 3e-06 12.6946
1-1-0-2-2-3-0-4-3-5-0-2-2-3-0 2056435 12.6007 0.034061 1e-06 12.4845
1-1-0-2-2-3-0-4-3-5-0-4-3-5-0 12037649 19.6569 0.050695 1e-06 19.4893
1-1-0-4-3-5-0-0-1-1-0-0-1-1-0 2382824 20.5598 0.053303 1e-06 20.4292
1-1-0-4-3-5-0-0-1-1-0-2-2-3-0 2694129 18.7738 0.035237 1e-06 18.6077
1-1-0-4-3-5-0-0-1-1-0-4-3-5-0 20205284 27.2588 0.074576 1e-06 27.0878
1-1-0-4-3-5-0-2-2-3-0-0-1-1-0 3006235 18.9521 0.045293 1e-06 18.835
1-1-0-4-3-5-0-2-2-3-0-2-2-3-0 2195693 15.9784 0.039746 1e-06 15.8291
1-1-0-4-3-5-0-2-2-3-0-4-3-5-0 17189893 23.9053 0.058472 3e-06 23.7642
1-1-0-4-3-5-0-4-3-5-0-0-1-1-0 19536812 29.7993 0.113424 1e-06 29.5924
1-1-0-4-3-5-0-4-3-5-0-2-2-3-0 12653171 26.2624 0.085847 0 26.054
1-1-0-4-3-5-0-4-3-5-0-4-3-5-0 66854831 40.1174 0.20442 2e-06 39.8163
2-3-0-0-1-1-0-0-1-1-0-0-1-1-0 166498 9.95236 0.027617 1e-06 9.84613
2-3-0-0-1-1-0-0-1-1-0-2-2-3-0 248813 7.53262 0.026582 1e-06 7.42937
2-3-0-0-1-1-0-0-1-1-0-4-3-5-0 1824440 14.2783 0.038466 1e-06 14.1011
2-3-0-0-1-1-0-2-2-3-0-0-1-1-0 455112 8.56054 0.043233 0 8.44994
2-3-0-0-1-1-0-2-2-3-0-2-2-3-0 360293 7.07684 0.041324 2e-06 6.96988
2-3-0-0-1-1-0-2-2-3-0-4-3-5-0 3093998 11.7783 0.035226 2e-06 11.6676
2-3-0-0-1-1-0-4-3-5-0-0-1-1-0 3581853 14.959 0.032374 3e-06 14.8356
2-3-0-0-1-1-0-4-3-5-0-2-2-3-0 2663360 13.7276 0.035204 1e-06 13.6107
2-3-0-0-1-1-0-4-3-5-0-4-3-5-0 16161615 22.1584 0.065755 2e-06 22.0019
2-3-0-2-2-3-0-0-1-1-0-0-1-1-0 269113 7.2629 0.042326 1e-06 7.08146
2-3-0-2-2-3-0-0-1-1-0-2-2-3-0 408400 5.57617 0.041589 1e-06 5.45556
2-3-0-2-2-3-0-0-1-1-0-4-3-5-0 2995057 9.55021 0.02277 1e-06 9.4419
2-3-0-2-2-3-0-2-2-3-0-0-1-1-0 365222 4.92282 0.0371 1e-06 4.81875
2-3-0-2-2-3-0-2-2-3-0-2-2-3-0 266338 3.88227 0.019727 2e-06 3.79425
2-3-0-2-2-3-0-2-2-3-0-4-3-5-0 2350930 6.97275 0.031212 2e-06 6.87053
2-3-0-2-2-3-0-4-3-5-0-0-1-1-0 3246243 11.5582 0.03345 2e-06 11.4375
2-3-0-2-2-3-0-4-3-5-0-2-2-3-0 2515710 9.28803 0.047377 1e-06 9.15868
2-3-0-2-2-3-0-4-3-5-0-4-3-5-0 14812754 17.5314 0.049257 2e-06 17.4003
2-3-0-4-3-5-0-0-1-1-0-0-1-1-0 2005389 17.333 0.051271 2e-06 17.211
2-3-0-4-3-5-0-0-1-1-0-2-2-3-0 2646121 15.7465 0.051936 1e-06 15.5857
2-3-0-4-3-5-0-0-1-1-0-4-3-5-0 18159506 25.766 0.072279 1e-06 25.5908
2-3-0-4-3-5-0-2-2-3-0-0-1-1-0 2939091 17.0068 0.055376 1e-06 16.8782
2-3-0-4-3-5-0-2-2-3-0-2-2-3-0 2187268 13.5023 0.052789 1e-06 13.3656
2-3-0-4-3-5-0-2-2-3-0-4-3-5-0 16400959 21.3968 0.075124 3e-06 21.2293
2-3-0-4-3-5-0-4-3-5-0-0-1-1-0 17228423 27.1526 0.108677 2e-06 26.9535
2-3-0-4-3-5-0-4-3-5-0-2-2-3-0 11922624 23.1799 0.092458 3e-06 22.9406
2-3-0-4-3-5-0-4-3-5-0-4-3-5-0 59130651 35.4399 0.184553 1e-06 35.1389
3-5-0-0-1-1-0-0-1-1-0-0-1-1-0 1007175 17.6768 0.037075 2e-06 17.566
3-5-0-0-1-1-0-0-1-1-0-2-2-3-0 988117 13.4936 0.038361 3e-06 13.3771
3-5-0-0-1-1-0-0-1-1-0-4-3-5-0 8148870 21.8605 0.052054 1e-06 21.7117
3-5-0-0-1-1-0-2-2-3-0-0-1-1-0 1862906 14.5115 0.033971 2e-06 14.3506
3-5-0-0-1-1-0-2-2-3-0-2-2-3-0 1307204 13.3573 0.03685 1e-06 13.2428
3-5-0-0-1-1-0-2-2-3-0-4-3-5-0 10491003 18.2079 0.05667 1e-06 18.0322
3-5-0-0-1-1-0-4-3-5-0-0-1-1-0 14250721 23.3137 0.052888 1e-06 23.1799
3-5-0-0-1-1-0-4-3-5-0-2-2-3-0 9085093 20.3941 0.052661 1e-06 20.2488
3-5-0-0-1-1-0-4-3-5-0-4-3-5-0 55174169 31.5535 0.169092 1e-06 31.2243
3-5-0-2-2-3-0-0-1-1-0-0-1-1-0 1056404 15.0531 0.032906 1e-06 14.9494
3-5-0-2-2-3-0-0-1-1-0-2-2-3-0 1496081 12.7538 0.037571 3e-06 12.6423
3-5-0-2-2-3-0-0-1-1-0-4-3-5-0 10139913 19.9065 0.050313 2e-06 19.7656
3-5-0-2-2-3-0-2-2-3-0-0-1-1-0 1393155 11.7785 0.030097 1e-06 11.6224
3-5-0-2-2-3-0-2-2-3-0-2-2-3-0 939938 10.1608 0.034174 1e-06 10.0521
3-5-0-2-2-3-0-2-2-3-0-4-3-5-0 8004004 14.5254 0.049412 1e-06 14.3975
3-5-0-2-2-3-0-4-3-5-0-0-1-1-0 10539120 19.3026 0.051215 3e-06 19.1762
3-5-0-2-2-3-0-4-3-5-0-2-2-3-0 7520982 18.8955 0.059582 1e-06 18.753
3-5-0-2-2-3-0-4-3-5-0-4-3-5-0 41179648 28.7897 0.158902 1e-06 28.5268
3-5-0-4-3-5-0-0-1-1-0-0-1-1-0 7765304 27.6594 0.073154 1e-06 27.4494
3-5-0-4-3-5-0-0-1-1-0-2-2-3-0 8091389 26.5361 0.051516 1e-06 26.4044
3-5-0-4-3-5-0-0-1-1-0-4-3-5-0 55175418 36.0278 0.175165 0 35.755
3-5-0-4-3-5-0-2-2-3-0-0-1-1-0 9092310 25.2391 0.062207 2e-06 25.0539
3-5-0-4-3-5-0-2-2-3-0-2-2-3-0 6348703 22.7659 0.051831 1e-06 22.6222
3-5-0-4-3-5-0-2-2-3-0-4-3-5-0 45773415 32.3263 0.124444 1e-06 32.1077
3-5-0-4-3-5-0-4-3-5-0-0-1-1-0 52630265 38.7482 0.190025 1e-06 38.4507
3-5-0-4-3-5-0-4-3-5-0-2-2-3-0 32665634 35.3413 0.200683 1e-06 35.0227
3-5-0-4-3-5-0-4-3-5-0-4-3-5-0 166867136 49.8459 0.602159 1e-06 49.0633
