0-0-1-1-0-0-1-1-0-0-1 188528 6.19275 0.041651 0 6.0242
0-0-1-1-0-0-1-1-0-2-2 146148 4.00025 0.021755 1e-06 3.84464
0-0-1-1-0-0-1-1-0-4-3 863044 6.2184 0.064378 2e-06 5.96081
0-0-1-1-0-2-2-3-0-0-1 196108 5.08128 0.021044 0 4.89236
0-0-1-1-0-2-2-3-0-2-2 226712 3.07013 0.013127 2e-06 2.93651
0-0-1-1-0-2-2-3-0-4-3 902647 4.2069 0.01393 1e-06 4.06775
0-0-1-1-0-4-3-5-0-0-1 2034443 8.99769 0.033827 0 8.84759
0-0-1-1-0-4-3-5-0-2-2 1705498 6.71624 0.021851 0 6.52101
0-0-1-1-0-4-3-5-0-4-3 6631528 10.1304 0.030418 1e-06 9.98314
0-2-2-3-0-0-1-1-0-0-1 123077 2.60889 0.013547 2e-06 2.49185
0-2-2-3-0-0-1-1-0-2-2 219503 1.75904 0.020871 0 1.69092
0-2-2-3-0-0-1-1-0-4-3 850321 2.86091 0.011675 1e-06 2.78999
0-2-2-3-0-2-2-3-0-0-1 149919 1.62196 0.008901 1e-06 1.57036
0-2-2-3-0-2-2-3-0-2-2 163876 1.06288 0.010708 1e-06 1.00848
0-2-2-3-0-2-2-3-0-4-3 625402 1.7192 0.010944 1e-06 1.66027
0-2-2-3-0-4-3-5-0-0-1 1369799 4.26456 0.015417 1e-06 4.19889
0-2-2-3-0-4-3-5-0-2-2 1312522 2.94662 0.015347 0 2.80018
0-2-2-3-0-4-3-5-0-4-3 4190131 4.61721 0.02023 2e-06 4.48186
0-4-3-5-0-0-1-1-0-0-1 1139429 10.4106 0.016613 0 10.2576
0-4-3-5-0-0-1-1-0-2-2 1584734 7.66094 0.02952 2e-06 7.51511
0-4-3-5-0-0-1-1-0-4-3 6892753 11.2417 0.03101 1e-06 11.1217
0-4-3-5-0-2-2-3-0-0-1 1261874 9.97416 0.016063 1e-06 9.90497
0-4-3-5-0-2-2-3-0-2-2 1438868 6.83875 0.016794 1e-06 6.77278
0-4-3-5-0-2-2-3-0-4-3 5005518 9.50752 0.016635 2e-06 9.4348
0-4-3-5-0-4-3-5-0-0-1 10335808 16.4042 0.131192 0 16.2008
0-4-3-5-0-4-3-5-0-2-2 8888041 13.5037 0.029767 1e-06 13.4095
0-4-3-5-0-4-3-5-0-4-3 28500286 17.2165 0.08149 1e-06 17.0286
1-1-0-0-1-1-0-0-1-1-0 188528 5.31291 0.022251 1e-06 5.24143
1-1-0-0-1-1-0-2-2-3-0 123077 4.38474 0.010529 1e-06 4.31858
1-1-0-0-1-1-0-4-3-5-0 1139429 7.06107 0.011933 2e-06 6.99559
1-1-0-2-2-3-0-0-1-1-0 196108 2.96004 0.010581 1e-06 2.90961
1-1-0-2-2-3-0-2-2-3-0 149919 2.84414 0.009548 1e-06 2.79668
1-1-0-2-2-3-0-4-3-5-0 1261874 5.43018 0.0119 1e-06 5.37026
1-1-0-4-3-5-0-0-1-1-0 2034443 9.25233 0.015005 0 9.18923
1-1-0-4-3-5-0-2-2-3-0 1369799 8.49493 0.027632 1e-06 8.41125
1-1-0-4-3-5-0-4-3-5-0 10335808 15.0877 0.015031 1e-06 15.0074
2-3-0-0-1-1-0-0-1-1-0 146148 3.98185 0.011794 1e-06 3.92584
2-3-0-0-1-1-0-2-2-3-0 219503 3.3489 0.02012 1e-06 3.28235
2-3-0-0-1-1-0-4-3-5-0 1584734 5.83059 0.008619 1e-06 5.7598
2-3-0-2-2-3-0-0-1-1-0 226712 1.50949 0.009539 0 1.46295
2-3-0-2-2-3-0-2-2-3-0 163876 1.39665 0.00898 1e-06 1.35074
2-3-0-2-2-3-0-4-3-5-0 1438868 3.15694 0.009951 1e-06 3.10351
2-3-0-4-3-5-0-0-1-1-0 1705498 6.67486 0.011799 1e-06 6.61911
2-3-0-4-3-5-0-2-2-3-0 1312522 6.61882 0.013771 1e-06 6.55473
2-3-0-4-3-5-0-4-3-5-0 8888041 11.963 0.014732 1e-06 11.8844
3-5-0-0-1-1-0-0-1-1-0 863044 7.68277 0.014891 0 7.61845
3-5-0-0-1-1-0-2-2-3-0 850321 7.28076 0.015818 0 7.21708
3-5-0-0-1-1-0-4-3-5-0 6892753 11.8537 0.02168 0 11.7826
3-5-0-2-2-3-0-0-1-1-0 902647 6.43676 0.013862 1e-06 6.37593
3-5-0-2-2-3-0-2-2-3-0 625402 5.65367 0.014485 1e-06 5.59666
3-5-0-2-2-3-0-4-3-5-0 5005518 9.36885 0.022333 0 9.28792
3-5-0-4-3-5-0-0-1-1-0 6631528 13.6234 0.024259 0 13.5419
3-5-0-4-3-5-0-2-2-3-0 4190131 11.8782 0.02111 1e-06 11.8038
3-5-0-4-3-5-0-4-3-5-0 28500286 20.6902 0.049452 0 20.5788
