0-0-1-1-0-0-1-1-0-0-1-1-0-0-1 219989 10.3244 0.043505 1e-06 10.0951
0-0-1-1-0-0-1-1-0-0-1-1-0-2-2 166498 10.3037 0.033507 2e-06 10.0346
0-0-1-1-0-0-1-1-0-0-1-1-0-4-3 1007175 14.7146 0.063703 2e-06 14.4333
0-0-1-1-0-0-1-1-0-2-2-3-0-0-1 227118 11.877 0.031404 3e-06 11.5726
0-0-1-1-0-0-1-1-0-2-2-3-0-2-2 269113 9.1275 0.028835 2e-06 8.84052
0-0-1-1-0-0-1-1-0-2-2-3-0-4-3 1056404 11.7092 0.024464 3e-06 11.413
0-0-1-1-0-0-1-1-0-4-3-5-0-0-1 2382824 16.55 0.051512 2e-06 16.2938
0-0-1-1-0-0-1-1-0-4-3-5-0-2-2 2005389 15.6624 0.110982 2e-06 15.3278
0-0-1-1-0-0-1-1-0-4-3-5-0-4-3 7765304 18.0015 0.040909 0 17.8724
0-0-1-1-0-2-2-3-0-0-1-1-0-0-1 254087 9.58575 0.019493 1e-06 9.47259
0-0-1-1-0-2-2-3-0-0-1-1-0-2-2 455112 8.29398 0.029572 1e-06 8.20089
0-0-1-1-0-2-2-3-0-0-1-1-0-4-3 1862906 9.60623 0.021707 3e-06 9.44117
0-0-1-1-0-2-2-3-0-2-2-3-0-0-1 312856 6.72497 0.01593 1e-06 6.48047
0-0-1-1-0-2-2-3-0-2-2-3-0-2-2 365222 6.3137 0.015627 1e-06 6.06758
0-0-1-1-0-2-2-3-0-2-2-3-0-4-3 1393155 6.94549 0.018577 4e-06 6.74561
0-0-1-1-0-2-2-3-0-4-3-5-0-0-1 3006235 12.9816 0.021702 3e-06 12.7223
0-0-1-1-0-2-2-3-0-4-3-5-0-2-2 2939091 10.0758 0.022006 1e-06 9.8689
0-0-1-1-0-2-2-3-0-4-3-5-0-4-3 9092310 15.5655 0.029223 5e-06 15.2718
0-0-1-1-0-4-3-5-0-0-1-1-0-0-1 2542069 19.6903 0.029855 3e-06 19.399
0-0-1-1-0-4-3-5-0-0-1-1-0-2-2 3581853 16.3388 0.023158 1e-06 16.0696
0-0-1-1-0-4-3-5-0-0-1-1-0-4-3 14250721 19.7386 0.069457 1e-06 19.4639
0-0-1-1-0-4-3-5-0-2-2-3-0-0-1 2736848 18.4044 0.040739 1e-06 18.1679
0-0-1-1-0-4-3-5-0-2-2-3-0-2-2 3246243 14.5906 0.028703 1e-06 14.3688
0-0-1-1-0-4-3-5-0-2-2-3-0-4-3 10539120 18.3843 0.041025 3e-06 18.0736
0-0-1-1-0-4-3-5-0-4-3-5-0-0-1 19536812 26.2056 0.077168 2e-06 25.8781
0-0-1-1-0-4-3-5-0-4-3-5-0-2-2 17228423 22.8765 0.035797 0 22.6474
0-0-1-1-0-4-3-5-0-4-3-5-0-4-3 52630265 28.3388 0.197636 2e-06 27.9729
0-2-2-3-0-0-1-1-0-0-1-1-0-0-1 141290 9.27735 0.033352 1e-06 8.99525
0-2-2-3-0-0-1-1-0-0-1-1-0-2-2 248813 5.63436 0.020221 2e-06 5.39302
0-2-2-3-0-0-1-1-0-0-1-1-0-4-3 988117 7.47163 0.020331 0 7.27745
0-2-2-3-0-0-1-1-0-2-2-3-0-0-1 308439 5.53212 0.015593 1e-06 5.35216
0-2-2-3-0-0-1-1-0-2-2-3-0-2-2 408400 5.09761 0.015892 1e-06 4.9155
0-2-2-3-0-0-1-1-0-2-2-3-0-4-3 1496081 5.32969 0.01709 1e-06 5.14792
0-2-2-3-0-0-1-1-0-4-3-5-0-0-1 2694129 11.9941 0.033745 1e-06 11.7714
0-2-2-3-0-0-1-1-0-4-3-5-0-2-2 2646121 9.30893 0.024919 2e-06 9.02043
0-2-2-3-0-0-1-1-0-4-3-5-0-4-3 8091389 12.3518 0.039753 3e-06 12.0708
0-2-2-3-0-2-2-3-0-0-1-1-0-0-1 188377 4.92715 0.028091 3e-06 4.72588
0-2-2-3-0-2-2-3-0-0-1-1-0-2-2 360293 3.2918 0.016109 0 3.10967
0-2-2-3-0-2-2-3-0-0-1-1-0-4-3 1307204 5.08746 0.017985 3e-06 4.9015
0-2-2-3-0-2-2-3-0-2-2-3-0-0-1 229664 3.9751 0.015059 1e-06 3.79251
0-2-2-3-0-2-2-3-0-2-2-3-0-2-2 266338 3.22107 0.014687 1e-06 2.97727
0-2-2-3-0-2-2-3-0-2-2-3-0-4-3 939938 4.25683 0.017234 1e-06 4.00599
0-2-2-3-0-2-2-3-0-4-3-5-0-0-1 2195693 8.08108 0.018861 1e-06 7.83635
0-2-2-3-0-2-2-3-0-4-3-5-0-2-2 2187268 5.34762 0.02029 1e-06 5.15254
0-2-2-3-0-2-2-3-0-4-3-5-0-4-3 6348703 8.38618 0.023142 2e-06 8.1879
0-2-2-3-0-4-3-5-0-0-1-1-0-0-1 1687902 13.0464 0.021302 1e-06 12.8456
0-2-2-3-0-4-3-5-0-0-1-1-0-2-2 2663360 9.81793 0.022132 1e-06 9.61965
0-2-2-3-0-4-3-5-0-0-1-1-0-4-3 9085093 14.4411 0.025325 1e-06 14.2351
0-2-2-3-0-4-3-5-0-2-2-3-0-0-1 2056435 11.1378 0.022091 1e-06 10.9374
0-2-2-3-0-4-3-5-0-2-2-3-0-2-2 2515710 9.02616 0.022899 1e-06 8.82654
0-2-2-3-0-4-3-5-0-2-2-3-0-4-3 7520982 12.2802 0.023826 1e-06 12.0797
0-2-2-3-0-4-3-5-0-4-3-5-0-0-1 12653171 20.581 0.032163 2e-06 20.3669
0-2-2-3-0-4-3-5-0-4-3-5-0-2-2 11922624 16.5051 0.032333 1e-06 16.2784
0-2-2-3-0-4-3-5-0-4-3-5-0-4-3 32665634 21.064 0.048744 1e-06 20.7693
0-4-3-5-0-0-1-1-0-0-1-1-0-0-1 1332890 22.0387 0.022304 1e-06 21.8389
0-4-3-5-0-0-1-1-0-0-1-1-0-2-2 1824440 17.7237 0.032648 1e-06 17.5111
0-4-3-5-0-0-1-1-0-0-1-1-0-4-3 8148870 22.6661 0.024928 1e-06 22.4532
0-4-3-5-0-0-1-1-0-2-2-3-0-0-1 2318991 18.6668 0.019644 1e-06 18.4695
0-4-3-5-0-0-1-1-0-2-2-3-0-2-2 2995057 14.8074 0.019709 1e-06 14.6115
0-4-3-5-0-0-1-1-0-2-2-3-0-4-3 10139913 19.5267 0.027138 3e-06 19.3087
0-4-3-5-0-0-1-1-0-4-3-5-0-0-1 20205284 28.2054 0.042992 3e-06 27.9061
0-4-3-5-0-0-1-1-0-4-3-5-0-2-2 18159506 24.9659 0.027099 1e-06 24.6765
0-4-3-5-0-0-1-1-0-4-3-5-0-4-3 55175418 28.805 0.157276 2e-06 28.3912
0-4-3-5-0-2-2-3-0-0-1-1-0-0-1 1578412 18.7784 0.02321 1e-06 18.568
0-4-3-5-0-2-2-3-0-0-1-1-0-2-2 3093998 15.1662 0.02075 1e-06 14.9124
0-4-3-5-0-2-2-3-0-0-1-1-0-4-3 10491003 18.2147 0.027889 2e-06 17.9936
0-4-3-5-0-2-2-3-0-2-2-3-0-0-1 2036936 16.012 0.019138 1e-06 15.7571
0-4-3-5-0-2-2-3-0-2-2-3-0-2-2 2350930 13.9841 0.023023 1e-06 13.7778
0-4-3-5-0-2-2-3-0-2-2-3-0-4-3 8004004 15.8865 0.026672 1e-06 15.6022
0-4-3-5-0-2-2-3-0-4-3-5-0-0-1 17189893 25.1274 0.039469 1e-06 24.8308
0-4-3-5-0-2-2-3-0-4-3-5-0-2-2 16400959 20.5177 0.043896 3e-06 20.2843
0-4-3-5-0-2-2-3-0-4-3-5-0-4-3 45773415 25.2611 0.058275 1e-06 25.0013
0-4-3-5-0-4-3-5-0-0-1-1-0-0-1 12258976 31.7057 0.045746 4e-06 31.3917
0-4-3-5-0-4-3-5-0-0-1-1-0-2-2 16161615 27.1852 0.047975 1e-06 26.8796
0-4-3-5-0-4-3-5-0-0-1-1-0-4-3 55174169 33.3291 0.065677 1e-06 33.0121
0-4-3-5-0-4-3-5-0-2-2-3-0-0-1 12037649 29.9957 0.039832 2e-06 29.7489
0-4-3-5-0-4-3-5-0-2-2-3-0-2-2 14812754 23.5508 0.045869 1e-06 23.2499
0-4-3-5-0-4-3-5-0-2-2-3-0-4-3 41179648 30.9739 0.05158 2e-06 30.6703
0-4-3-5-0-4-3-5-0-4-3-5-0-0-1 66854831 42.2056 0.2293 1e-06 41.7624
0-4-3-5-0-4-3-5-0-4-3-5-0-2-2 59130651 37.1374 0.135554 1e-06 36.7357
0-4-3-5-0-4-3-5-0-4-3-5-0-4-3 166867136 42.9486 0.275248 2e-06 42.3891
1-1-0-0-1-1-0-0-1-1-0-0-1-1-0 219989 11.8932 0.019451 1e-06 11.6473
1-1-0-0-1-1-0-0-1-1-0-2-2-3-0 141290 10.927 0.017998 2e-06 10.7349
1-1-0-0-1-1-0-0-1-1-0-4-3-5-0 1332890 16.3072 0.018812 1e-06 16.0422
1-1-0-0-1-1-0-2-2-3-0-0-1-1-0 254087 9.46917 0.018143 1e-06 9.28435
1-1-0-0-1-1-0-2-2-3-0-2-2-3-0 188377 9.00774 0.016541 4e-06 8.82403
1-1-0-0-1-1-0-2-2-3-0-4-3-5-0 1578412 13.0495 0.017975 3e-06 12.8516
1-1-0-0-1-1-0-4-3-5-0-0-1-1-0 2542069 18.2282 0.036258 2e-06 17.9275
1-1-0-0-1-1-0-4-3-5-0-2-2-3-0 1687902 17.5852 0.022402 2e-06 17.3191
1-1-0-0-1-1-0-4-3-5-0-4-3-5-0 12258976 25.374 0.023167 1e-06 25.0996
1-1-0-2-2-3-0-0-1-1-0-0-1-1-0 227118 8.53987 0.018958 1e-06 8.29638
1-1-0-2-2-3-0-0-1-1-0-2-2-3-0 308439 7.63823 0.021789 2e-06 7.39582
1-1-0-2-2-3-0-0-1-1-0-4-3-5-0 2318991 11.3256 0.018275 1e-06 11.1329
1-1-0-2-2-3-0-2-2-3-0-0-1-1-0 312856 6.27123 0.01713 1e-06 6.09119
1-1-0-2-2-3-0-2-2-3-0-2-2-3-0 229664 5.13864 0.017407 3e-06 4.96029
1-1-0-2-2-3-0-2-2-3-0-4-3-5-0 2036936 8.23007 0.015375 1e-06 8.04435
1-1-0-2-2-3-0-4-3-5-0-0-1-1-0 2736848 14.4594 0.030539 1e-06 14.2341
1-1-0-2-2-3-0-4-3-5-0-2-2-3-0 2056435 12.9976 0.020793 1e-06 12.742
1-1-0-2-2-3-0-4-3-5-0-4-3-5-0 12037649 18.6917 0.025259 1e-06 18.4861
1-1-0-4-3-5-0-0-1-1-0-0-1-1-0 2382824 21.064 0.023226 1e-06 20.8488
1-1-0-4-3-5-0-0-1-1-0-2-2-3-0 2694129 18.1944 0.028577 1e-06 17.9304
1-1-0-4-3-5-0-0-1-1-0-4-3-5-0 20205284 27.3656 0.029649 1e-06 27.1362
1-1-0-4-3-5-0-2-2-3-0-0-1-1-0 3006235 16.8564 0.024497 1e-06 16.5921
1-1-0-4-3-5-0-2-2-3-0-2-2-3-0 2195693 16.5212 0.023601 1e-06 16.3085
1-1-0-4-3-5-0-2-2-3-0-4-3-5-0 17189893 24.2732 0.028361 1e-06 23.9836
1-1-0-4-3-5-0-4-3-5-0-0-1-1-0 19536812 30.7799 0.038536 0 30.4877
1-1-0-4-3-5-0-4-3-5-0-2-2-3-0 12653171 26.904 0.036471 1e-06 26.6618
1-1-0-4-3-5-0-4-3-5-0-4-3-5-0 66854831 38.754 0.068119 1e-06 38.4183
2-3-0-0-1-1-0-0-1-1-0-0-1-1-0 166498 9.30013 0.030835 2e-06 9.03553
2-3-0-0-1-1-0-0-1-1-0-2-2-3-0 248813 8.95767 0.030259 1e-06 8.75128
2-3-0-0-1-1-0-0-1-1-0-4-3-5-0 1824440 13.7449 0.016774 2e-06 13.5431
2-3-0-0-1-1-0-2-2-3-0-0-1-1-0 455112 7.67231 0.01922 0 7.43137
2-3-0-0-1-1-0-2-2-3-0-2-2-3-0 360293 6.23394 0.016983 1e-06 6.05204
2-3-0-0-1-1-0-2-2-3-0-4-3-5-0 3093998 10.3154 0.017168 2e-06 10.1223
2-3-0-0-1-1-0-4-3-5-0-0-1-1-0 3581853 15.2994 0.032311 2e-06 15.0773
2-3-0-0-1-1-0-4-3-5-0-2-2-3-0 2663360 12.4699 0.022376 1e-06 12.2692
2-3-0-0-1-1-0-4-3-5-0-4-3-5-0 16161615 21.5825 0.025549 1e-06 21.3609
2-3-0-2-2-3-0-0-1-1-0-0-1-1-0 269113 5.74367 0.017195 0 5.51037
2-3-0-2-2-3-0-0-1-1-0-2-2-3-0 408400 4.91681 0.016249 1e-06 4.73879
2-3-0-2-2-3-0-0-1-1-0-4-3-5-0 2995057 8.35568 0.014726 0 8.16723
2-3-0-2-2-3-0-2-2-3-0-0-1-1-0 365222 4.0627 0.015653 1e-06 3.8845
2-3-0-2-2-3-0-2-2-3-0-2-2-3-0 266338 3.6643 0.013763 2e-06 3.48905
2-3-0-2-2-3-0-2-2-3-0-4-3-5-0 2350930 6.77684 0.020485 1e-06 6.57787
2-3-0-2-2-3-0-4-3-5-0-0-1-1-0 3246243 12.1652 0.020919 2e-06 11.9581
2-3-0-2-2-3-0-4-3-5-0-2-2-3-0 2515710 9.49212 0.018802 1e-06 9.24065
2-3-0-2-2-3-0-4-3-5-0-4-3-5-0 14812754 16.7935 0.030217 1e-06 16.5633
2-3-0-4-3-5-0-0-1-1-0-0-1-1-0 2005389 17.6263 0.038112 1e-06 17.338
2-3-0-4-3-5-0-0-1-1-0-2-2-3-0 2646121 17.6839 0.036248 2e-06 17.3819
2-3-0-4-3-5-0-0-1-1-0-4-3-5-0 18159506 24.8598 0.026185 1e-06 24.578
2-3-0-4-3-5-0-2-2-3-0-0-1-1-0 2939091 15.3618 0.037909 1e-06 15.1423
2-3-0-4-3-5-0-2-2-3-0-2-2-3-0 2187268 13.7832 0.021747 2e-06 13.5701
2-3-0-4-3-5-0-2-2-3-0-4-3-5-0 16400959 20.6765 0.027661 3e-06 20.4082
2-3-0-4-3-5-0-4-3-5-0-0-1-1-0 17228423 25.8576 0.037746 1e-06 25.6213
2-3-0-4-3-5-0-4-3-5-0-2-2-3-0 11922624 24.2027 0.035086 2e-06 23.9171
2-3-0-4-3-5-0-4-3-5-0-4-3-5-0 59130651 36.3356 0.063026 1e-06 36.0556
3-5-0-0-1-1-0-0-1-1-0-0-1-1-0 1007175 17.094 0.022667 1e-06 16.8402
3-5-0-0-1-1-0-0-1-1-0-2-2-3-0 988117 14.6118 0.023711 1e-06 14.3545
3-5-0-0-1-1-0-0-1-1-0-4-3-5-0 8148870 22.3253 0.029829 1e-06 22.0413
3-5-0-0-1-1-0-2-2-3-0-0-1-1-0 1862906 14.6236 0.0218 2e-06 14.3688
3-5-0-0-1-1-0-2-2-3-0-2-2-3-0 1307204 12.9173 0.023011 1e-06 12.656
3-5-0-0-1-1-0-2-2-3-0-4-3-5-0 10491003 19.9236 0.031352 2e-06 19.6415
3-5-0-0-1-1-0-4-3-5-0-0-1-1-0 14250721 24.746 0.028981 1e-06 24.4658
3-5-0-0-1-1-0-4-3-5-0-2-2-3-0 9085093 22.5135 0.030523 1e-06 22.2317
3-5-0-0-1-1-0-4-3-5-0-4-3-5-0 55174169 32.7385 0.072198 1e-06 32.399
3-5-0-2-2-3-0-0-1-1-0-0-1-1-0 1056404 12.192 0.021172 2e-06 11.9433
3-5-0-2-2-3-0-0-1-1-0-2-2-3-0 1496081 12.3777 0.023194 1e-06 12.1771
3-5-0-2-2-3-0-0-1-1-0-4-3-5-0 10139913 19.8764 0.030266 3e-06 19.6029
3-5-0-2-2-3-0-2-2-3-0-0-1-1-0 1393155 11.8284 0.020869 0 11.5739
3-5-0-2-2-3-0-2-2-3-0-2-2-3-0 939938 9.93388 0.022095 1e-06 9.6836
3-5-0-2-2-3-0-2-2-3-0-4-3-5-0 8004004 15.5914 0.030085 1e-06 15.3176
3-5-0-2-2-3-0-4-3-5-0-0-1-1-0 10539120 20.3495 0.029334 1e-06 20.0791
3-5-0-2-2-3-0-4-3-5-0-2-2-3-0 7520982 18.6819 0.035573 1e-06 18.4563
3-5-0-2-2-3-0-4-3-5-0-4-3-5-0 41179648 27.4368 0.066125 1e-06 27.1124
3-5-0-4-3-5-0-0-1-1-0-0-1-1-0 7765304 28.9117 0.039539 1e-06 28.6194
3-5-0-4-3-5-0-0-1-1-0-2-2-3-0 8091389 23.8188 0.029631 1e-06 23.597
3-5-0-4-3-5-0-0-1-1-0-4-3-5-0 55175418 35.1575 0.072931 1e-06 34.8229
3-5-0-4-3-5-0-2-2-3-0-0-1-1-0 9092310 24.3377 0.034204 1e-06 24.1092
3-5-0-4-3-5-0-2-2-3-0-2-2-3-0 6348703 22.5582 0.03091 1e-06 22.2817
3-5-0-4-3-5-0-2-2-3-0-4-3-5-0 45773415 32.6246 0.057076 1e-06 32.3046
3-5-0-4-3-5-0-4-3-5-0-0-1-1-0 52630265 38.2666 0.075966 3e-06 37.9083
3-5-0-4-3-5-0-4-3-5-0-2-2-3-0 32665634 34.4117 0.080455 2e-06 34.0615
3-5-0-4-3-5-0-4-3-5-0-4-3-5-0 166867136 49.1992 0.183193 1e-06 48.7322
