0-0-1-1-0-0-1-1-0-0-1-1-0-0-1 219989 11.3446 0.042536 0 11.0639
0-0-1-1-0-0-1-1-0-0-1-1-0-2-2 166498 9.42295 0.037141 1e-06 9.20617
0-0-1-1-0-0-1-1-0-0-1-1-0-4-3 1007175 11.9521 0.04248 0 11.7231
0-0-1-1-0-0-1-1-0-2-2-3-0-0-1 227118 9.06543 0.055502 1e-06 8.83128
0-0-1-1-0-0-1-1-0-2-2-3-0-2-2 269113 8.2524 0.050497 1e-06 8.01111
0-0-1-1-0-0-1-1-0-2-2-3-0-4-3 1056404 9.9576 0.040267 1e-06 9.73866
0-0-1-1-0-0-1-1-0-4-3-5-0-0-1 2382824 17.5762 0.052386 1e-06 17.359
0-0-1-1-0-0-1-1-0-4-3-5-0-2-2 2005389 12.9262 0.048596 1e-06 12.7327
0-0-1-1-0-0-1-1-0-4-3-5-0-4-3 7765304 15.8827 0.063016 0 15.6503
0-0-1-1-0-2-2-3-0-0-1-1-0-0-1 254087 7.71916 0.035877 1e-06 7.59998
0-0-1-1-0-2-2-3-0-0-1-1-0-2-2 455112 6.8736 0.052836 1e-06 6.74096
0-0-1-1-0-2-2-3-0-0-1-1-0-4-3 1862906 8.24014 0.038802 1e-06 8.119
0-0-1-1-0-2-2-3-0-2-2-3-0-0-1 312856 6.65836 0.031052 1e-06 6.44826
0-0-1-1-0-2-2-3-0-2-2-3-0-2-2 365222 5.25693 0.030755 1e-06 5.05045
0-0-1-1-0-2-2-3-0-2-2-3-0-4-3 1393155 7.54386 0.032614 1e-06 7.34128
0-0-1-1-0-2-2-3-0-4-3-5-0-0-1 3006235 14.1778 0.071229 3e-06 13.9133
0-0-1-1-0-2-2-3-0-4-3-5-0-2-2 2939091 10.7535 0.04566 0 10.515
0-0-1-1-0-2-2-3-0-4-3-5-0-4-3 9092310 13.9552 0.064591 1e-06 13.7267
0-0-1-1-0-4-3-5-0-0-1-1-0-0-1 2542069 16.6364 0.055898 0 16.4805
0-0-1-1-0-4-3-5-0-0-1-1-0-2-2 3581853 15.2185 0.072874 1e-06 14.9412
0-0-1-1-0-4-3-5-0-0-1-1-0-4-3 14250721 20.9044 0.09903 1e-06 20.602
0-0-1-1-0-4-3-5-0-2-2-3-0-0-1 2736848 16.064 0.057326 0 15.8106
0-0-1-1-0-4-3-5-0-2-2-3-0-2-2 3246243 13.5647 0.065773 1e-06 13.292
0-0-1-1-0-4-3-5-0-2-2-3-0-4-3 10539120 16.7394 0.084433 1e-06 16.4424
0-0-1-1-0-4-3-5-0-4-3-5-0-0-1 19536812 26.5876 0.160996 0 26.2018
0-0-1-1-0-4-3-5-0-4-3-5-0-2-2 17228423 22.5767 0.154894 3e-06 22.1934
0-0-1-1-0-4-3-5-0-4-3-5-0-4-3 52630265 26.9304 0.333915 0 26.3471
0-2-2-3-0-0-1-1-0-0-1-1-0-0-1 141290 7.00289 0.032989 1e-06 6.88429
0-2-2-3-0-0-1-1-0-0-1-1-0-2-2 248813 6.82866 0.052706 0 6.69507
0-2-2-3-0-0-1-1-0-0-1-1-0-4-3 988117 7.63653 0.053393 1e-06 7.49525
0-2-2-3-0-0-1-1-0-2-2-3-0-0-1 308439 5.21821 0.028375 0 5.11343
0-2-2-3-0-0-1-1-0-2-2-3-0-2-2 408400 4.76846 0.032735 3e-06 4.66863
0-2-2-3-0-0-1-1-0-2-2-3-0-4-3 1496081 5.84287 0.031811 1e-06 5.71233
0-2-2-3-0-0-1-1-0-4-3-5-0-0-1 2694129 10.4968 0.043488 1e-06 10.2566
0-2-2-3-0-0-1-1-0-4-3-5-0-2-2 2646121 7.91712 0.048349 1e-06 7.67716
0-2-2-3-0-0-1-1-0-4-3-5-0-4-3 8091389 11.4125 0.059784 0 11.1626
0-2-2-3-0-2-2-3-0-0-1-1-0-0-1 188377 4.87216 0.030338 1e-06 4.67072
0-2-2-3-0-2-2-3-0-0-1-1-0-2-2 360293 3.41112 0.031476 1e-06 3.20005
0-2-2-3-0-2-2-3-0-0-1-1-0-4-3 1307204 5.67135 0.035295 1e-06 5.45688
0-2-2-3-0-2-2-3-0-2-2-3-0-0-1 229664 3.63724 0.0292 1e-06 3.43398
0-2-2-3-0-2-2-3-0-2-2-3-0-2-2 266338 3.13279 0.033341 1e-06 2.91818
0-2-2-3-0-2-2-3-0-2-2-3-0-4-3 939938 3.97058 0.031364 0 3.76928
0-2-2-3-0-2-2-3-0-4-3-5-0-0-1 2195693 8.52821 0.045221 0 8.29085
0-2-2-3-0-2-2-3-0-4-3-5-0-2-2 2187268 5.73451 0.042662 1e-06 5.5012
0-2-2-3-0-2-2-3-0-4-3-5-0-4-3 6348703 9.31938 0.05464 1e-06 9.07079
0-2-2-3-0-4-3-5-0-0-1-1-0-0-1 1687902 13.952 0.064554 1e-06 13.6905
0-2-2-3-0-4-3-5-0-0-1-1-0-2-2 2663360 10.9525 0.047964 1e-06 10.7029
0-2-2-3-0-4-3-5-0-0-1-1-0-4-3 9085093 13.7841 0.084215 1e-06 13.4867
0-2-2-3-0-4-3-5-0-2-2-3-0-0-1 2056435 13.3428 0.051976 0 13.034
0-2-2-3-0-4-3-5-0-2-2-3-0-2-2 2515710 9.12211 0.074341 2e-06 8.85052
0-2-2-3-0-4-3-5-0-2-2-3-0-4-3 7520982 12.5684 0.090037 1e-06 12.266
0-2-2-3-0-4-3-5-0-4-3-5-0-0-1 12653171 20.6902 0.149531 1e-06 20.2708
0-2-2-3-0-4-3-5-0-4-3-5-0-2-2 11922624 16.2906 0.148568 1e-06 15.9294
0-2-2-3-0-4-3-5-0-4-3-5-0-4-3 32665634 21.6866 0.296274 1e-06 21.1761
0-4-3-5-0-0-1-1-0-0-1-1-0-0-1 1332890 20.618 0.046383 0 20.3681
0-4-3-5-0-0-1-1-0-0-1-1-0-2-2 1824440 18.8075 0.048452 0 18.5569
0-4-3-5-0-0-1-1-0-0-1-1-0-4-3 8148870 21.1524 0.076579 1e-06 20.8561
0-4-3-5-0-0-1-1-0-2-2-3-0-0-1 2318991 17.6616 0.043889 2e-06 17.4142
0-4-3-5-0-0-1-1-0-2-2-3-0-2-2 2995057 15.3323 0.047928 1e-06 15.0736
0-4-3-5-0-0-1-1-0-2-2-3-0-4-3 10139913 19.2872 0.07484 3e-06 19.0023
0-4-3-5-0-0-1-1-0-4-3-5-0-0-1 20205284 28.708 0.212449 3e-06 28.2033
0-4-3-5-0-0-1-1-0-4-3-5-0-2-2 18159506 24.2156 0.077721 1e-06 23.8546
0-4-3-5-0-0-1-1-0-4-3-5-0-4-3 55175418 30.1001 0.36839 2e-06 29.5206
0-4-3-5-0-2-2-3-0-0-1-1-0-0-1 1578412 19.3288 0.053092 0 19.1775
0-4-3-5-0-2-2-3-0-0-1-1-0-2-2 3093998 16.231 0.046745 2e-06 16.0861
0-4-3-5-0-2-2-3-0-0-1-1-0-4-3 10491003 19.5534 0.085837 3e-06 19.3614
0-4-3-5-0-2-2-3-0-2-2-3-0-0-1 2036936 16.1194 0.041328 0 15.9864
0-4-3-5-0-2-2-3-0-2-2-3-0-2-2 2350930 13.5875 0.045114 1e-06 13.4625
0-4-3-5-0-2-2-3-0-2-2-3-0-4-3 8004004 15.8321 0.074029 1e-06 15.6297
0-4-3-5-0-2-2-3-0-4-3-5-0-0-1 17189893 24.2547 0.189075 1e-06 23.9542
0-4-3-5-0-2-2-3-0-4-3-5-0-2-2 16400959 22.0218 0.115209 1e-06 21.7957
0-4-3-5-0-2-2-3-0-4-3-5-0-4-3 45773415 27.0674 0.276737 1e-06 26.6777
0-4-3-5-0-4-3-5-0-0-1-1-0-0-1 12258976 32.3384 0.232853 1e-06 31.9819
0-4-3-5-0-4-3-5-0-0-1-1-0-2-2 16161615 27.2957 0.237882 1e-06 26.8571
0-4-3-5-0-4-3-5-0-0-1-1-0-4-3 55174169 31.4837 0.354373 3e-06 30.8676
0-4-3-5-0-4-3-5-0-2-2-3-0-0-1 12037649 29.1863 0.205004 2e-06 28.8585
0-4-3-5-0-4-3-5-0-2-2-3-0-2-2 14812754 26.5229 0.219669 1e-06 26.0281
0-4-3-5-0-4-3-5-0-2-2-3-0-4-3 41179648 29.1956 0.274738 1e-06 28.7337
0-4-3-5-0-4-3-5-0-4-3-5-0-0-1 66854831 42.4335 0.648026 2e-06 41.6692
0-4-3-5-0-4-3-5-0-4-3-5-0-2-2 59130651 36.4098 0.769752 2e-06 35.3486
0-4-3-5-0-4-3-5-0-4-3-5-0-4-3 166867136 44.6205 1.16572 1e-06 43.2328
1-1-0-0-1-1-0-0-1-1-0-0-1-1-0 219989 10.8909 0.057465 1e-06 10.6318
1-1-0-0-1-1-0-0-1-1-0-2-2-3-0 141290 10.9475 0.049895 1e-06 10.7956
1-1-0-0-1-1-0-0-1-1-0-4-3-5-0 1332890 15.1239 0.041578 1e-06 14.9505
1-1-0-0-1-1-0-2-2-3-0-0-1-1-0 254087 9.75196 0.035712 1e-06 9.63869
1-1-0-0-1-1-0-2-2-3-0-2-2-3-0 188377 8.46516 0.031229 1e-06 8.33774
1-1-0-0-1-1-0-2-2-3-0-4-3-5-0 1578412 13.6081 0.037355 1e-06 13.4919
1-1-0-0-1-1-0-4-3-5-0-0-1-1-0 2542069 16.7603 0.056035 2e-06 16.5962
1-1-0-0-1-1-0-4-3-5-0-2-2-3-0 1687902 16.2937 0.053058 2e-06 16.1385
1-1-0-0-1-1-0-4-3-5-0-4-3-5-0 12258976 24.8943 0.082072 3e-06 24.6905
1-1-0-2-2-3-0-0-1-1-0-0-1-1-0 227118 8.37213 0.033683 1e-06 8.23054
1-1-0-2-2-3-0-0-1-1-0-2-2-3-0 308439 6.1911 0.033357 1e-06 6.08862
1-1-0-2-2-3-0-0-1-1-0-4-3-5-0 2318991 11.4252 0.037128 2e-06 11.2948
1-1-0-2-2-3-0-2-2-3-0-0-1-1-0 312856 6.8277 0.03396 2e-06 6.70007
1-1-0-2-2-3-0-2-2-3-0-2-2-3-0 229664 5.48698 0.030323 0 5.3572
1-1-0-2-2-3-0-2-2-3-0-4-3-5-0 2036936 8.35586 0.032611 3e-06 8.24904
1-1-0-2-2-3-0-4-3-5-0-0-1-1-0 2736848 13.3015 0.046306 3e-06 13.1619
1-1-0-2-2-3-0-4-3-5-0-2-2-3-0 2056435 12.2468 0.044306 3e-06 12.1139
1-1-0-2-2-3-0-4-3-5-0-4-3-5-0 12037649 19.3498 0.080783 2e-06 19.1614
1-1-0-4-3-5-0-0-1-1-0-0-1-1-0 2382824 19.0788 0.049132 2e-06 18.9436
1-1-0-4-3-5-0-0-1-1-0-2-2-3-0 2694129 18.3736 0.049819 3e-06 18.2317
1-1-0-4-3-5-0-0-1-1-0-4-3-5-0 20205284 29.1314 0.124002 3e-06 28.8476
1-1-0-4-3-5-0-2-2-3-0-0-1-1-0 3006235 19.3366 0.080163 2e-06 19.1638
1-1-0-4-3-5-0-2-2-3-0-2-2-3-0 2195693 16.2278 0.060644 0 16.0199
1-1-0-4-3-5-0-2-2-3-0-4-3-5-0 17189893 24.4665 0.093599 3e-06 24.2741
1-1-0-4-3-5-0-4-3-5-0-0-1-1-0 19536812 31.7062 0.189474 1e-06 31.4027
1-1-0-4-3-5-0-4-3-5-0-2-2-3-0 12653171 27.1621 0.152976 2e-06 26.8321
1-1-0-4-3-5-0-4-3-5-0-4-3-5-0 66854831 39.6222 0.370408 2e-06 39.1317
2-3-0-0-1-1-0-0-1-1-0-0-1-1-0 166498 9.17688 0.052269 1e-06 9.02104
2-3-0-0-1-1-0-0-1-1-0-2-2-3-0 248813 8.66552 0.033984 1e-06 8.50345
2-3-0-0-1-1-0-0-1-1-0-4-3-5-0 1824440 13.595 0.033688 1e-06 13.4589
2-3-0-0-1-1-0-2-2-3-0-0-1-1-0 455112 8.76172 0.03318 0 8.64793
2-3-0-0-1-1-0-2-2-3-0-2-2-3-0 360293 6.25745 0.030662 3e-06 6.15792
2-3-0-0-1-1-0-2-2-3-0-4-3-5-0 3093998 10.5149 0.046431 2e-06 10.3932
2-3-0-0-1-1-0-4-3-5-0-0-1-1-0 3581853 14.0827 0.055787 1e-06 13.9095
2-3-0-0-1-1-0-4-3-5-0-2-2-3-0 2663360 13.4685 0.07026 1e-06 13.2981
2-3-0-0-1-1-0-4-3-5-0-4-3-5-0 16161615 22.8057 0.09294 1e-06 22.622
2-3-0-2-2-3-0-0-1-1-0-0-1-1-0 269113 5.97507 0.030341 1e-06 5.85542
2-3-0-2-2-3-0-0-1-1-0-2-2-3-0 408400 4.55061 0.030432 0 4.45284
2-3-0-2-2-3-0-0-1-1-0-4-3-5-0 2995057 8.23661 0.033675 1e-06 8.12677
2-3-0-2-2-3-0-2-2-3-0-0-1-1-0 365222 4.5854 0.029933 0 4.4845
2-3-0-2-2-3-0-2-2-3-0-2-2-3-0 266338 3.54446 0.024461 1e-06 3.45654
2-3-0-2-2-3-0-2-2-3-0-4-3-5-0 2350930 6.02803 0.026075 1e-06 5.93304
2-3-0-2-2-3-0-4-3-5-0-0-1-1-0 3246243 12.2901 0.06786 1e-06 12.1466
2-3-0-2-2-3-0-4-3-5-0-2-2-3-0 2515710 8.87508 0.05754 1e-06 8.73943
2-3-0-2-2-3-0-4-3-5-0-4-3-5-0 14812754 15.7719 0.102055 3e-06 15.5799
2-3-0-4-3-5-0-0-1-1-0-0-1-1-0 2005389 17.322 0.045054 3e-06 17.167
2-3-0-4-3-5-0-0-1-1-0-2-2-3-0 2646121 15.09 0.049638 1e-06 14.9572
2-3-0-4-3-5-0-0-1-1-0-4-3-5-0 18159506 23.0756 0.104756 1e-06 22.8718
2-3-0-4-3-5-0-2-2-3-0-0-1-1-0 2939091 15.4747 0.05909 3e-06 15.3261
2-3-0-4-3-5-0-2-2-3-0-2-2-3-0 2187268 13.9802 0.053373 1e-06 13.8366
2-3-0-4-3-5-0-2-2-3-0-4-3-5-0 16400959 20.248 0.09789 1e-06 20.0443
2-3-0-4-3-5-0-4-3-5-0-0-1-1-0 17228423 26.9899 0.190552 1e-06 26.6453
2-3-0-4-3-5-0-4-3-5-0-2-2-3-0 11922624 23.1652 0.15889 1e-06 22.9111
2-3-0-4-3-5-0-4-3-5-0-4-3-5-0 59130651 37.4715 0.309453 0 37.0579
3-5-0-0-1-1-0-0-1-1-0-0-1-1-0 1007175 16.4137 0.043695 0 16.2095
3-5-0-0-1-1-0-0-1-1-0-2-2-3-0 988117 14.8104 0.048724 2e-06 14.6835
3-5-0-0-1-1-0-0-1-1-0-4-3-5-0 8148870 21.2802 0.083018 1e-06 21.0872
3-5-0-0-1-1-0-2-2-3-0-0-1-1-0 1862906 13.9325 0.042594 2e-06 13.8024
3-5-0-0-1-1-0-2-2-3-0-2-2-3-0 1307204 11.313 0.04776 1e-06 11.1716
3-5-0-0-1-1-0-2-2-3-0-4-3-5-0 10491003 17.2841 0.086975 3e-06 17.0922
3-5-0-0-1-1-0-4-3-5-0-0-1-1-0 14250721 23.126 0.074818 1e-06 22.8885
3-5-0-0-1-1-0-4-3-5-0-2-2-3-0 9085093 21.2319 0.071984 2e-06 21.0603
3-5-0-0-1-1-0-4-3-5-0-4-3-5-0 55174169 31.4866 0.288676 1e-06 31.0772
3-5-0-2-2-3-0-0-1-1-0-0-1-1-0 1056404 12.9077 0.038302 3e-06 12.7856
3-5-0-2-2-3-0-0-1-1-0-2-2-3-0 1496081 10.8373 0.042984 1e-06 10.7168
3-5-0-2-2-3-0-0-1-1-0-4-3-5-0 10139913 16.3986 0.067251 1e-06 16.2371
3-5-0-2-2-3-0-2-2-3-0-0-1-1-0 1393155 10.7317 0.036781 2e-06 10.6116
3-5-0-2-2-3-0-2-2-3-0-2-2-3-0 939938 9.15393 0.041066 3e-06 8.99251
3-5-0-2-2-3-0-2-2-3-0-4-3-5-0 8004004 15.8986 0.070857 2e-06 15.7214
3-5-0-2-2-3-0-4-3-5-0-0-1-1-0 10539120 20.8038 0.075427 3e-06 20.6252
3-5-0-2-2-3-0-4-3-5-0-2-2-3-0 7520982 18.4293 0.087341 1e-06 18.2497
3-5-0-2-2-3-0-4-3-5-0-4-3-5-0 41179648 27.8339 0.237984 2e-06 27.477
3-5-0-4-3-5-0-0-1-1-0-0-1-1-0 7765304 26.3951 0.123603 1e-06 26.0677
3-5-0-4-3-5-0-0-1-1-0-2-2-3-0 8091389 23.7383 0.071927 3e-06 23.5706
3-5-0-4-3-5-0-0-1-1-0-4-3-5-0 55175418 34.369 0.305973 0 33.9191
3-5-0-4-3-5-0-2-2-3-0-0-1-1-0 9092310 24.7084 0.089117 2e-06 24.5225
3-5-0-4-3-5-0-2-2-3-0-2-2-3-0 6348703 22.3111 0.085736 3e-06 22.0873
3-5-0-4-3-5-0-2-2-3-0-4-3-5-0 45773415 33.2287 0.223895 3e-06 32.8742
3-5-0-4-3-5-0-4-3-5-0-0-1-1-0 52630265 38.0611 0.344437 1e-06 37.575
3-5-0-4-3-5-0-4-3-5-0-2-2-3-0 32665634 36.0364 0.339128 1e-06 35.555
3-5-0-4-3-5-0-4-3-5-0-4-3-5-0 166867136 48.6643 0.984098 1e-06 47.4842
