0-0-1-1-0-0-1-1-0-0-1-1-0 385077 7.5713 0.067208 1e-06 7.34143
0-0-1-1-0-0-1-1-0-2-2-3-0 314630 7.97166 0.035495 2e-06 7.71274
0-0-1-1-0-0-1-1-0-4-3-5-0 2876689 12.9057 0.039504 0 12.6374
0-0-1-1-0-2-2-3-0-0-1-1-0 605877 7.42908 0.018705 1e-06 7.26441
0-0-1-1-0-2-2-3-0-2-2-3-0 428137 5.00713 0.013791 1e-06 4.85102
0-0-1-1-0-2-2-3-0-4-3-5-0 3702635 8.53683 0.020092 1e-06 8.36362
0-0-1-1-0-4-3-5-0-0-1-1-0 5480740 13.282 0.027573 1e-06 13.0942
0-0-1-1-0-4-3-5-0-2-2-3-0 3633311 12.4278 0.021085 1e-06 12.2508
0-0-1-1-0-4-3-5-0-4-3-5-0 24609554 19.5714 0.103458 0 19.3036
0-2-2-3-0-0-1-1-0-0-1-1-0 314630 4.56006 0.014734 1e-06 4.3976
0-2-2-3-0-0-1-1-0-2-2-3-0 467252 4.06954 0.01408 1e-06 3.91211
0-2-2-3-0-0-1-1-0-4-3-5-0 3373925 7.14037 0.015916 1e-06 6.97633
0-2-2-3-0-2-2-3-0-0-1-1-0 428137 2.90075 0.022927 1e-06 2.73085
0-2-2-3-0-2-2-3-0-2-2-3-0 301270 2.56972 0.012521 1e-06 2.41751
0-2-2-3-0-2-2-3-0-4-3-5-0 2689339 5.13169 0.018502 1e-06 4.95731
0-2-2-3-0-4-3-5-0-0-1-1-0 3633311 8.87311 0.029408 1e-06 8.63403
0-2-2-3-0-4-3-5-0-2-2-3-0 2725374 7.68961 0.018114 0 7.51931
0-2-2-3-0-4-3-5-0-4-3-5-0 16058905 14.9547 0.026331 1e-06 14.7729
0-4-3-5-0-0-1-1-0-0-1-1-0 2876689 16.1117 0.019458 1e-06 15.9312
0-4-3-5-0-0-1-1-0-2-2-3-0 3373925 13.8163 0.018488 1e-06 13.5861
0-4-3-5-0-0-1-1-0-4-3-5-0 26070955 22.5631 0.043381 2e-06 22.3586
0-4-3-5-0-2-2-3-0-0-1-1-0 3702635 13.5097 0.022349 2e-06 13.326
0-4-3-5-0-2-2-3-0-2-2-3-0 2689339 12.6418 0.020722 1e-06 12.4112
0-4-3-5-0-2-2-3-0-4-3-5-0 21938451 18.6756 0.031721 0 18.4324
0-4-3-5-0-4-3-5-0-0-1-1-0 24609554 23.8808 0.049432 1e-06 23.6588
0-4-3-5-0-4-3-5-0-2-2-3-0 16058905 22.1745 0.034804 1e-06 21.916
0-4-3-5-0-4-3-5-0-4-3-5-0 86376943 32.4707 0.218865 0 32.0238
1-1-0-0-1-1-0-0-1-1-0-0-1 173807 9.11597 0.029984 1e-06 8.87014
1-1-0-0-1-1-0-0-1-1-0-2-2 78091 6.3267 0.014707 0 6.10229
1-1-0-0-1-1-0-0-1-1-0-4-3 475465 8.3139 0.016226 1e-06 8.13984
1-1-0-0-1-1-0-2-2-3-0-0-1 106572 8.03714 0.014488 1e-06 7.82236
1-1-0-0-1-1-0-2-2-3-0-2-2 112583 5.67657 0.023974 0 5.44802
1-1-0-0-1-1-0-2-2-3-0-4-3 413472 6.83502 0.014343 2e-06 6.67535
1-1-0-0-1-1-0-4-3-5-0-0-1 1039297 12.623 0.01737 0 12.4458
1-1-0-0-1-1-0-4-3-5-0-2-2 811057 10.6997 0.032584 3e-06 10.4518
1-1-0-0-1-1-0-4-3-5-0-4-3 3251126 13.4236 0.015992 1e-06 13.2535
1-1-0-2-2-3-0-0-1-1-0-0-1 106572 5.30529 0.0137 0 5.15002
1-1-0-2-2-3-0-0-1-1-0-2-2 161109 4.04604 0.013222 1e-06 3.88859
1-1-0-2-2-3-0-0-1-1-0-4-3 618519 5.5605 0.014135 1e-06 5.4017
1-1-0-2-2-3-0-2-2-3-0-0-1 126798 3.92497 0.012123 2e-06 3.77227
1-1-0-2-2-3-0-2-2-3-0-2-2 135529 3.69671 0.022828 1e-06 3.51881
1-1-0-2-2-3-0-2-2-3-0-4-3 492375 4.56142 0.01245 1e-06 4.33374
1-1-0-2-2-3-0-4-3-5-0-0-1 1087723 9.29366 0.026504 1e-06 9.04884
1-1-0-2-2-3-0-4-3-5-0-2-2 1039476 7.43152 0.021319 1e-06 7.18433
1-1-0-2-2-3-0-4-3-5-0-4-3 3229172 9.32267 0.017182 1e-06 9.15457
1-1-0-4-3-5-0-0-1-1-0-0-1 1039297 14.1182 0.018322 1e-06 13.9441
1-1-0-4-3-5-0-0-1-1-0-2-2 1354836 11.5925 0.030717 1e-06 11.4011
1-1-0-4-3-5-0-0-1-1-0-4-3 5607921 15.2658 0.019197 1e-06 15.0187
1-1-0-4-3-5-0-2-2-3-0-0-1 1087723 13.5211 0.021228 1e-06 13.2968
1-1-0-4-3-5-0-2-2-3-0-2-2 1250680 10.0496 0.019914 1e-06 9.88113
1-1-0-4-3-5-0-2-2-3-0-4-3 4149373 13.7699 0.031376 2e-06 13.5792
1-1-0-4-3-5-0-4-3-5-0-0-1 8529188 22.0224 0.037932 0 21.8099
1-1-0-4-3-5-0-4-3-5-0-2-2 7341684 17.1602 0.037891 0 16.8839
1-1-0-4-3-5-0-4-3-5-0-4-3 22903283 22.365 0.029456 1e-06 22.1051
2-3-0-0-1-1-0-0-1-1-0-0-1 78091 6.21313 0.017287 1e-06 6.05475
2-3-0-0-1-1-0-0-1-1-0-2-2 152128 4.23437 0.013764 1e-06 4.08091
2-3-0-0-1-1-0-0-1-1-0-4-3 451039 7.05684 0.013498 2e-06 6.89909
2-3-0-0-1-1-0-2-2-3-0-0-1 161109 5.02653 0.022593 1e-06 4.84551
2-3-0-0-1-1-0-2-2-3-0-2-2 231730 3.76556 0.016378 2e-06 3.53199
2-3-0-0-1-1-0-2-2-3-0-4-3 728268 5.14298 0.01204 1e-06 4.92549
2-3-0-0-1-1-0-4-3-5-0-0-1 1354836 9.26695 0.025127 1e-06 9.03725
2-3-0-0-1-1-0-4-3-5-0-2-2 1354897 7.65011 0.01775 0 7.4779
2-3-0-0-1-1-0-4-3-5-0-4-3 4173093 9.9108 0.017051 2e-06 9.69678
2-3-0-2-2-3-0-0-1-1-0-0-1 112583 3.57564 0.022941 2e-06 3.40922
2-3-0-2-2-3-0-0-1-1-0-2-2 231730 2.51775 0.013082 1e-06 2.36254
2-3-0-2-2-3-0-0-1-1-0-4-3 708078 3.50008 0.01324 1e-06 3.29511
2-3-0-2-2-3-0-2-2-3-0-0-1 135529 2.69502 0.012276 2e-06 2.49917
2-3-0-2-2-3-0-2-2-3-0-2-2 186363 2.11821 0.013739 0 1.91714
2-3-0-2-2-3-0-2-2-3-0-4-3 524137 2.4921 0.011054 2e-06 2.29237
2-3-0-2-2-3-0-4-3-5-0-0-1 1250680 5.94614 0.014442 1e-06 5.7335
2-3-0-2-2-3-0-4-3-5-0-2-2 1280966 4.40236 0.016434 2e-06 4.19603
2-3-0-2-2-3-0-4-3-5-0-4-3 3699360 6.21097 0.030008 1e-06 6.01136
2-3-0-4-3-5-0-0-1-1-0-0-1 811057 11.8002 0.030615 1e-06 11.5482
2-3-0-4-3-5-0-0-1-1-0-2-2 1354897 9.49886 0.020765 1e-06 9.31944
2-3-0-4-3-5-0-0-1-1-0-4-3 4700966 13.5697 0.029081 2e-06 13.3166
2-3-0-4-3-5-0-2-2-3-0-0-1 1039476 11.8006 0.034252 2e-06 11.5491
2-3-0-4-3-5-0-2-2-3-0-2-2 1280966 9.24672 0.033395 1e-06 8.98151
2-3-0-4-3-5-0-2-2-3-0-4-3 3916148 11.6011 0.03219 1e-06 11.3385
2-3-0-4-3-5-0-4-3-5-0-0-1 7341684 18.3901 0.035336 1e-06 18.1805
2-3-0-4-3-5-0-4-3-5-0-2-2 7062360 15.1043 0.030424 1e-06 14.8585
2-3-0-4-3-5-0-4-3-5-0-4-3 19470406 18.2296 0.028336 1e-06 17.9703
3-5-0-0-1-1-0-0-1-1-0-0-1 475465 13.0963 0.019487 1e-06 12.8635
3-5-0-0-1-1-0-0-1-1-0-2-2 451039 9.35514 0.030142 1e-06 9.11757
3-5-0-0-1-1-0-0-1-1-0-4-3 2958680 12.4554 0.022005 1e-06 12.2097
3-5-0-0-1-1-0-2-2-3-0-0-1 618519 11.5699 0.027632 2e-06 11.3392
3-5-0-0-1-1-0-2-2-3-0-2-2 708078 8.54086 0.016458 3e-06 8.30812
3-5-0-0-1-1-0-2-2-3-0-4-3 2989271 11.9193 0.022902 1e-06 11.6939
3-5-0-0-1-1-0-4-3-5-0-0-1 5607921 17.6025 0.02509 3e-06 17.3614
3-5-0-0-1-1-0-4-3-5-0-2-2 4700966 14.8551 0.030453 1e-06 14.6052
3-5-0-0-1-1-0-4-3-5-0-4-3 18362821 19.1547 0.034776 1e-06 18.8914
3-5-0-2-2-3-0-0-1-1-0-0-1 413472 10.2218 0.017092 1e-06 10.0053
3-5-0-2-2-3-0-0-1-1-0-2-2 728268 8.48713 0.016519 1e-06 8.27158
3-5-0-2-2-3-0-0-1-1-0-4-3 2989271 10.5052 0.021165 1e-06 10.327
3-5-0-2-2-3-0-2-2-3-0-0-1 492375 8.67575 0.015346 0 8.46132
3-5-0-2-2-3-0-2-2-3-0-2-2 524137 6.74433 0.015994 1e-06 6.52716
3-5-0-2-2-3-0-2-2-3-0-4-3 2170955 9.21931 0.021944 1e-06 8.99752
3-5-0-2-2-3-0-4-3-5-0-0-1 4149373 14.0611 0.024917 0 13.8791
3-5-0-2-2-3-0-4-3-5-0-2-2 3916148 11.666 0.046959 1e-06 11.4511
3-5-0-2-2-3-0-4-3-5-0-4-3 12675068 15.7293 0.03237 1e-06 15.4671
3-5-0-4-3-5-0-0-1-1-0-0-1 3251126 19.7032 0.032205 2e-06 19.4939
3-5-0-4-3-5-0-0-1-1-0-2-2 4173093 16.4256 0.02244 1e-06 16.1915
3-5-0-4-3-5-0-0-1-1-0-4-3 18362821 22.023 0.03741 2e-06 21.7557
3-5-0-4-3-5-0-2-2-3-0-0-1 3229172 18.9251 0.028339 1e-06 18.6812
3-5-0-4-3-5-0-2-2-3-0-2-2 3699360 15.6388 0.037403 2e-06 15.3741
3-5-0-4-3-5-0-2-2-3-0-4-3 12675068 18.4292 0.030298 0 18.1598
3-5-0-4-3-5-0-4-3-5-0-0-1 22903283 29.8444 0.070379 1e-06 29.5537
3-5-0-4-3-5-0-4-3-5-0-2-2 19470406 24.7078 0.057435 1e-06 24.4621
3-5-0-4-3-5-0-4-3-5-0-4-3 64565795 28.9675 0.083633 1e-06 28.6525
