0-0-1-1-0-0-1-1-0 335557 3.00558 0.039411 1e-06 2.83017
0-0-1-1-0-2-2-3-0 268471 2.9659 0.021445 0 2.80876
0-0-1-1-0-4-3-5-0 2432007 4.96353 0.038764 0 4.82562
0-2-2-3-0-0-1-1-0 268471 0.942202 0.015808 1e-06 0.894213
0-2-2-3-0-2-2-3-0 190956 0.812416 0.007946 0 0.773538
0-2-2-3-0-4-3-5-0 1621994 2.29887 0.043702 1e-06 2.21001
0-4-3-5-0-0-1-1-0 2432007 6.91925 0.019107 0 6.84524
0-4-3-5-0-2-2-3-0 1621994 5.45169 0.015758 0 5.37096
0-4-3-5-0-4-3-5-0 12688413 11.0713 0.111069 0 10.9133
1-1-0-0-1-1-0-0-1 153801 3.28522 0.021817 0 3.19231
1-1-0-0-1-1-0-2-2 67241 2.03013 0.015828 1e-06 1.96146
1-1-0-0-1-1-0-4-3 396994 3.13654 0.0162 0 3.06592
1-1-0-2-2-3-0-0-1 87814 1.74074 0.006963 0 1.68773
1-1-0-2-2-3-0-2-2 88874 1.2089 0.012501 1e-06 1.15823
1-1-0-2-2-3-0-4-3 331471 1.7605 0.007941 1e-06 1.70958
1-1-0-4-3-5-0-0-1 836840 5.09121 0.008916 1e-06 5.03605
1-1-0-4-3-5-0-2-2 643365 3.48966 0.010543 1e-06 3.43169
1-1-0-4-3-5-0-4-3 2611622 4.93099 0.011365 0 4.86884
2-3-0-0-1-1-0-0-1 67241 1.81249 0.007346 1e-06 1.72444
2-3-0-0-1-1-0-2-2 137950 1.0005 0.014568 0 0.943494
2-3-0-0-1-1-0-4-3 380406 1.70615 0.006203 1e-06 1.64834
2-3-0-2-2-3-0-0-1 88874 1.0499 0.011027 1e-06 0.997704
2-3-0-2-2-3-0-2-2 127045 0.768079 0.011105 0 0.707987
2-3-0-2-2-3-0-4-3 333878 1.19289 0.014733 0 1.12571
2-3-0-4-3-5-0-0-1 643365 3.72145 0.008233 0 3.65787
2-3-0-4-3-5-0-2-2 640634 2.04254 0.00976 0 1.98868
2-3-0-4-3-5-0-4-3 1988788 3.70584 0.00565 1e-06 3.65262
3-5-0-0-1-1-0-0-1 396994 4.10527 0.011062 0 4.05519
3-5-0-0-1-1-0-2-2 380406 3.32251 0.010601 1e-06 3.27215
3-5-0-0-1-1-0-4-3 2529240 4.71064 0.01383 1e-06 4.65162
3-5-0-2-2-3-0-0-1 331471 4.00082 0.009274 1e-06 3.94798
3-5-0-2-2-3-0-2-2 333878 2.46426 0.010086 0 2.41189
3-5-0-2-2-3-0-4-3 1490343 4.7115 0.019307 0 4.64377
3-5-0-4-3-5-0-0-1 2611622 8.19059 0.018761 1e-06 8.09781
3-5-0-4-3-5-0-2-2 1988788 7.27938 0.025277 0 7.204
3-5-0-4-3-5-0-4-3 8847469 9.43225 0.022546 0 9.3579
