0-0-1-1-0 285299 0.321141 0.029142 0 0.218078
0-2-2-3-0 121022 0.19467 0.008141 0 0.119864
0-4-3-5-0 1015379 1.33277 0.130824 1e-06 1.12663
1-1-0-0-1 136551 0.260134 0.007695 0 0.181712
1-1-0-2-2 53154 0.204111 0.007037 1e-06 0.128396
1-1-0-4-3 315769 0.363556 0.007386 1e-06 0.282328
2-3-0-0-1 53154 0.14782 0.005871 0 0.073164
2-3-0-2-2 88299 0.125726 0.005075 0 0.05352
2-3-0-4-3 178486 0.178788 0.005051 0 0.102825
3-5-0-0-1 315769 0.565834 0.023203 0 0.465133
3-5-0-2-2 178486 0.259288 0.005796 0 0.227837
3-5-0-4-3 1388715 0.746641 0.01764 0 0.705743
