0-0-1-1-0 285299 0.328493 0.031472 1e-06 0.21779
0-2-2-3-0 121022 0.187021 0.008884 0 0.111831
0-4-3-5-0 1015379 1.17174 0.026705 0 1.07231
1-1-0-0-1 136551 0.253875 0.006461 0 0.186193
1-1-0-2-2 53154 0.203494 0.007112 0 0.129233
1-1-0-4-3 315769 0.365779 0.006916 0 0.286927
2-3-0-0-1 53154 0.13842 0.005048 1e-06 0.066525
2-3-0-2-2 88299 0.130173 0.005056 0 0.055878
2-3-0-4-3 178486 0.188171 0.004644 0 0.111897
3-5-0-0-1 315769 0.372914 0.017823 1e-06 0.28249
3-5-0-2-2 178486 0.408293 0.012577 1e-06 0.331627
3-5-0-4-3 1388715 0.806531 0.016391 1e-06 0.712956
