0-0-1-1-0-0-1-1-0-0-1-1-0-0-1 219989 0.051205 0.030484 0 0
0-0-1-1-0-0-1-1-0-0-1-1-0-2-2 166498 0.030914 0.019009 0 0
0-0-1-1-0-0-1-1-0-0-1-1-0-4-3 1007175 0.0339 0.021185 0 0
0-0-1-1-0-0-1-1-0-2-2-3-0-0-1 227118 0.032206 0.018788 0 0
0-0-1-1-0-0-1-1-0-2-2-3-0-2-2 269113 0.031303 0.018481 0 0
0-0-1-1-0-0-1-1-0-2-2-3-0-4-3 1056404 0.031661 0.018905 0 0
0-0-1-1-0-0-1-1-0-4-3-5-0-0-1 2382824 0.039487 0.023162 0 0
0-0-1-1-0-0-1-1-0-4-3-5-0-2-2 2005389 0.035102 0.020672 0 0
0-0-1-1-0-0-1-1-0-4-3-5-0-4-3 7765304 0.036325 0.022332 0 0
0-0-1-1-0-2-2-3-0-0-1-1-0-0-1 254087 0.029171 0.017221 0 0
0-0-1-1-0-2-2-3-0-0-1-1-0-2-2 455112 0.029123 0.017124 0 0
0-0-1-1-0-2-2-3-0-0-1-1-0-4-3 1862906 0.030663 0.018027 0 0
0-0-1-1-0-2-2-3-0-2-2-3-0-0-1 312856 0.02712 0.016599 0 0
0-0-1-1-0-2-2-3-0-2-2-3-0-2-2 365222 0.027366 0.016648 0 0
0-0-1-1-0-2-2-3-0-2-2-3-0-4-3 1393155 0.028235 0.017197 0 0
0-0-1-1-0-2-2-3-0-4-3-5-0-0-1 3006235 0.031878 0.020067 0 0
0-0-1-1-0-2-2-3-0-4-3-5-0-2-2 2939091 0.030117 0.018854 0 0
0-0-1-1-0-2-2-3-0-4-3-5-0-4-3 9092310 0.035363 0.024065 0 0
0-0-1-1-0-4-3-5-0-0-1-1-0-0-1 2542069 0.033338 0.020554 0 0
0-0-1-1-0-4-3-5-0-0-1-1-0-2-2 3581853 0.033128 0.020544 0 0
0-0-1-1-0-4-3-5-0-0-1-1-0-4-3 14250721 0.055934 0.042054 0 0
0-0-1-1-0-4-3-5-0-2-2-3-0-0-1 2736848 0.032644 0.019787 0 0
0-0-1-1-0-4-3-5-0-2-2-3-0-2-2 3246243 0.047137 0.028494 0 0
0-0-1-1-0-4-3-5-0-2-2-3-0-4-3 10539120 0.035816 0.021295 0 0
0-0-1-1-0-4-3-5-0-4-3-5-0-0-1 19536812 0.127729 0.110113 0 0
0-0-1-1-0-4-3-5-0-4-3-5-0-2-2 17228423 0.057907 0.039385 0 0
0-0-1-1-0-4-3-5-0-4-3-5-0-4-3 52630265 0.130202 0.112298 0 0
0-2-2-3-0-0-1-1-0-0-1-1-0-0-1 141290 0.027906 0.017497 0 0
0-2-2-3-0-0-1-1-0-0-1-1-0-2-2 248813 0.027502 0.016938 0 0
0-2-2-3-0-0-1-1-0-0-1-1-0-4-3 988117 0.027655 0.017145 0 0
0-2-2-3-0-0-1-1-0-2-2-3-0-0-1 308439 0.027665 0.017059 0 0
0-2-2-3-0-0-1-1-0-2-2-3-0-2-2 408400 0.027901 0.017221 0 0
0-2-2-3-0-0-1-1-0-2-2-3-0-4-3 1496081 0.027939 0.017584 0 0
0-2-2-3-0-0-1-1-0-4-3-5-0-0-1 2694129 0.032163 0.018746 0 0
0-2-2-3-0-0-1-1-0-4-3-5-0-2-2 2646121 0.029968 0.018889 0 0
0-2-2-3-0-0-1-1-0-4-3-5-0-4-3 8091389 0.033059 0.020841 0 0
0-2-2-3-0-2-2-3-0-0-1-1-0-0-1 188377 0.027462 0.017144 0 0
0-2-2-3-0-2-2-3-0-0-1-1-0-2-2 360293 0.028133 0.017599 0 0
0-2-2-3-0-2-2-3-0-0-1-1-0-4-3 1307204 0.027335 0.017304 0 0
0-2-2-3-0-2-2-3-0-2-2-3-0-0-1 229664 0.02817 0.017112 0 0
0-2-2-3-0-2-2-3-0-2-2-3-0-2-2 266338 0.027424 0.017288 0 0
0-2-2-3-0-2-2-3-0-2-2-3-0-4-3 939938 0.026954 0.017384 0 0
0-2-2-3-0-2-2-3-0-4-3-5-0-0-1 2195693 0.029788 0.018169 0 0
0-2-2-3-0-2-2-3-0-4-3-5-0-2-2 2187268 0.029566 0.018525 0 0
0-2-2-3-0-2-2-3-0-4-3-5-0-4-3 6348703 0.030649 0.019688 0 0
0-2-2-3-0-4-3-5-0-0-1-1-0-0-1 1687902 0.033277 0.01908 0 0
0-2-2-3-0-4-3-5-0-0-1-1-0-2-2 2663360 0.035678 0.019675 0 0
0-2-2-3-0-4-3-5-0-0-1-1-0-4-3 9085093 0.036506 0.021961 0 0
0-2-2-3-0-4-3-5-0-2-2-3-0-0-1 2056435 0.031536 0.018557 0 0
0-2-2-3-0-4-3-5-0-2-2-3-0-2-2 2515710 0.03084 0.01908 0 0
0-2-2-3-0-4-3-5-0-2-2-3-0-4-3 7520982 0.032253 0.019901 0 0
0-2-2-3-0-4-3-5-0-4-3-5-0-0-1 12653171 0.045425 0.029087 0 0
0-2-2-3-0-4-3-5-0-4-3-5-0-2-2 11922624 0.045864 0.030869 0 0
0-2-2-3-0-4-3-5-0-4-3-5-0-4-3 32665634 0.057913 0.041764 0 0
0-4-3-5-0-0-1-1-0-0-1-1-0-0-1 1332890 0.037401 0.018212 0 0
0-4-3-5-0-0-1-1-0-0-1-1-0-2-2 1824440 0.035478 0.01837 0 0
0-4-3-5-0-0-1-1-0-0-1-1-0-4-3 8148870 0.03747 0.02007 0 0
0-4-3-5-0-0-1-1-0-2-2-3-0-0-1 2318991 0.035849 0.018476 0 0
0-4-3-5-0-0-1-1-0-2-2-3-0-2-2 2995057 0.036226 0.018908 0 0
0-4-3-5-0-0-1-1-0-2-2-3-0-4-3 10139913 0.036852 0.019847 0 0
0-4-3-5-0-0-1-1-0-4-3-5-0-0-1 20205284 0.053206 0.034659 0 0
0-4-3-5-0-0-1-1-0-4-3-5-0-2-2 18159506 0.05935 0.037399 0 0
0-4-3-5-0-0-1-1-0-4-3-5-0-4-3 55175418 0.091831 0.068528 0 0
0-4-3-5-0-2-2-3-0-0-1-1-0-0-1 1578412 0.039141 0.019304 0 0
0-4-3-5-0-2-2-3-0-0-1-1-0-2-2 3093998 0.039724 0.020207 0 0
0-4-3-5-0-2-2-3-0-0-1-1-0-4-3 10491003 0.040854 0.021355 0 0
0-4-3-5-0-2-2-3-0-2-2-3-0-0-1 2036936 0.039309 0.019823 0 0
0-4-3-5-0-2-2-3-0-2-2-3-0-2-2 2350930 0.039079 0.020098 0 0
0-4-3-5-0-2-2-3-0-2-2-3-0-4-3 8004004 0.041651 0.021724 0 0
0-4-3-5-0-2-2-3-0-4-3-5-0-0-1 17189893 0.05191 0.031253 0 0
0-4-3-5-0-2-2-3-0-4-3-5-0-2-2 16400959 0.055885 0.034229 0 0
0-4-3-5-0-2-2-3-0-4-3-5-0-4-3 45773415 0.067839 0.046213 0 0
0-4-3-5-0-4-3-5-0-0-1-1-0-0-1 12258976 0.060062 0.036951 0 0
0-4-3-5-0-4-3-5-0-0-1-1-0-2-2 16161615 0.058772 0.037588 0 0
0-4-3-5-0-4-3-5-0-0-1-1-0-4-3 55174169 0.077583 0.055529 0 0
0-4-3-5-0-4-3-5-0-2-2-3-0-0-1 12037649 0.053585 0.033923 0 0
0-4-3-5-0-4-3-5-0-2-2-3-0-2-2 14812754 0.059452 0.037467 0 0
0-4-3-5-0-4-3-5-0-2-2-3-0-4-3 41179648 0.066994 0.044019 0 0
0-4-3-5-0-4-3-5-0-4-3-5-0-0-1 66854831 0.245173 0.220799 0 0
0-4-3-5-0-4-3-5-0-4-3-5-0-2-2 59130651 0.136443 0.111824 0 0
0-4-3-5-0-4-3-5-0-4-3-5-0-4-3 166867136 0.279575 0.255523 0 0
1-1-0-0-1-1-0-0-1-1-0-0-1-1-0 219989 0.026667 0.014515 0 0
1-1-0-0-1-1-0-0-1-1-0-2-2-3-0 141290 0.026765 0.014247 0 0
1-1-0-0-1-1-0-0-1-1-0-4-3-5-0 1332890 0.027707 0.014658 0 0
1-1-0-0-1-1-0-2-2-3-0-0-1-1-0 254087 0.023331 0.013945 0 0
1-1-0-0-1-1-0-2-2-3-0-2-2-3-0 188377 0.024164 0.013608 0 0
1-1-0-0-1-1-0-2-2-3-0-4-3-5-0 1578412 0.026374 0.014558 0 0
1-1-0-0-1-1-0-4-3-5-0-0-1-1-0 2542069 0.028523 0.014746 0 0
1-1-0-0-1-1-0-4-3-5-0-2-2-3-0 1687902 0.027464 0.014741 0 0
1-1-0-0-1-1-0-4-3-5-0-4-3-5-0 12258976 0.0335 0.018552 0 0
1-1-0-2-2-3-0-0-1-1-0-0-1-1-0 227118 0.022185 0.013968 0 0
1-1-0-2-2-3-0-0-1-1-0-2-2-3-0 308439 0.023022 0.01391 0 0
1-1-0-2-2-3-0-0-1-1-0-4-3-5-0 2318991 0.026296 0.014604 0 0
1-1-0-2-2-3-0-2-2-3-0-0-1-1-0 312856 0.022869 0.013745 0 0
1-1-0-2-2-3-0-2-2-3-0-2-2-3-0 229664 0.023072 0.013458 0 0
1-1-0-2-2-3-0-2-2-3-0-4-3-5-0 2036936 0.024419 0.014248 0 0
1-1-0-2-2-3-0-4-3-5-0-0-1-1-0 2736848 0.026934 0.014739 0 0
1-1-0-2-2-3-0-4-3-5-0-2-2-3-0 2056435 0.026935 0.014872 0 0
1-1-0-2-2-3-0-4-3-5-0-4-3-5-0 12037649 0.032271 0.018703 0 0
1-1-0-4-3-5-0-0-1-1-0-0-1-1-0 2382824 0.032682 0.0147 0 0
1-1-0-4-3-5-0-0-1-1-0-2-2-3-0 2694129 0.032727 0.014695 0 0
1-1-0-4-3-5-0-0-1-1-0-4-3-5-0 20205284 0.041307 0.021784 0 0
1-1-0-4-3-5-0-2-2-3-0-0-1-1-0 3006235 0.035461 0.015713 0 0
1-1-0-4-3-5-0-2-2-3-0-2-2-3-0 2195693 0.032433 0.014786 0 0
1-1-0-4-3-5-0-2-2-3-0-4-3-5-0 17189893 0.036737 0.019244 0 0
1-1-0-4-3-5-0-4-3-5-0-0-1-1-0 19536812 0.041724 0.023772 0 0
1-1-0-4-3-5-0-4-3-5-0-2-2-3-0 12653171 0.047319 0.023788 0 0
1-1-0-4-3-5-0-4-3-5-0-4-3-5-0 66854831 0.07868 0.05773 0 0
2-3-0-0-1-1-0-0-1-1-0-0-1-1-0 166498 0.020119 0.007773 0 0
2-3-0-0-1-1-0-0-1-1-0-2-2-3-0 248813 0.020873 0.007625 0 0
2-3-0-0-1-1-0-0-1-1-0-4-3-5-0 1824440 0.021839 0.008537 0 0
2-3-0-0-1-1-0-2-2-3-0-0-1-1-0 455112 0.019791 0.008174 0 0
2-3-0-0-1-1-0-2-2-3-0-2-2-3-0 360293 0.018462 0.007764 0 0
2-3-0-0-1-1-0-2-2-3-0-4-3-5-0 3093998 0.022455 0.008574 0 0
2-3-0-0-1-1-0-4-3-5-0-0-1-1-0 3581853 0.024515 0.009274 0 0
2-3-0-0-1-1-0-4-3-5-0-2-2-3-0 2663360 0.022276 0.009142 0 0
2-3-0-0-1-1-0-4-3-5-0-4-3-5-0 16161615 0.030103 0.014414 0 0
2-3-0-2-2-3-0-0-1-1-0-0-1-1-0 269113 0.018603 0.007897 0 0
2-3-0-2-2-3-0-0-1-1-0-2-2-3-0 408400 0.0188 0.008149 0 0
2-3-0-2-2-3-0-0-1-1-0-4-3-5-0 2995057 0.021649 0.008802 0 0
2-3-0-2-2-3-0-2-2-3-0-0-1-1-0 365222 0.017141 0.008041 0 0
2-3-0-2-2-3-0-2-2-3-0-2-2-3-0 266338 0.017297 0.007822 0 0
2-3-0-2-2-3-0-2-2-3-0-4-3-5-0 2350930 0.019501 0.008515 0 0
2-3-0-2-2-3-0-4-3-5-0-0-1-1-0 3246243 0.021711 0.009038 0 0
2-3-0-2-2-3-0-4-3-5-0-2-2-3-0 2515710 0.021281 0.009112 0 0
2-3-0-2-2-3-0-4-3-5-0-4-3-5-0 14812754 0.028683 0.013883 0 0
2-3-0-4-3-5-0-0-1-1-0-0-1-1-0 2005389 0.02924 0.012536 0 0
2-3-0-4-3-5-0-0-1-1-0-2-2-3-0 2646121 0.024586 0.009179 0 0
2-3-0-4-3-5-0-0-1-1-0-4-3-5-0 18159506 0.031011 0.014917 0 0
2-3-0-4-3-5-0-2-2-3-0-0-1-1-0 2939091 0.026457 0.008682 0 0
2-3-0-4-3-5-0-2-2-3-0-2-2-3-0 2187268 0.024246 0.009034 0 0
2-3-0-4-3-5-0-2-2-3-0-4-3-5-0 16400959 0.028632 0.01353 0 0
2-3-0-4-3-5-0-4-3-5-0-0-1-1-0 17228423 0.034602 0.017026 0 0
2-3-0-4-3-5-0-4-3-5-0-2-2-3-0 11922624 0.035783 0.017174 0 0
2-3-0-4-3-5-0-4-3-5-0-4-3-5-0 59130651 0.065982 0.04644 0 0
3-5-0-0-1-1-0-0-1-1-0-0-1-1-0 1007175 0.048036 0.03093 0 0
3-5-0-0-1-1-0-0-1-1-0-2-2-3-0 988117 0.046644 0.030207 0 0
3-5-0-0-1-1-0-0-1-1-0-4-3-5-0 8148870 0.051821 0.032319 0 0
3-5-0-0-1-1-0-2-2-3-0-0-1-1-0 1862906 0.047849 0.030124 0 0
3-5-0-0-1-1-0-2-2-3-0-2-2-3-0 1307204 0.046691 0.030174 0 0
3-5-0-0-1-1-0-2-2-3-0-4-3-5-0 10491003 0.047851 0.031985 0 0
3-5-0-0-1-1-0-4-3-5-0-0-1-1-0 14250721 0.058642 0.034139 0 0
3-5-0-0-1-1-0-4-3-5-0-2-2-3-0 9085093 0.056487 0.033801 0 0
3-5-0-0-1-1-0-4-3-5-0-4-3-5-0 55174169 0.07477 0.053205 0 0
3-5-0-2-2-3-0-0-1-1-0-0-1-1-0 1056404 0.045497 0.029867 0 0
3-5-0-2-2-3-0-0-1-1-0-2-2-3-0 1496081 0.046998 0.03005 0 0
3-5-0-2-2-3-0-0-1-1-0-4-3-5-0 10139913 0.049053 0.032308 0 0
3-5-0-2-2-3-0-2-2-3-0-0-1-1-0 1393155 0.044428 0.029682 0 0
3-5-0-2-2-3-0-2-2-3-0-2-2-3-0 939938 0.044209 0.029491 0 0
3-5-0-2-2-3-0-2-2-3-0-4-3-5-0 8004004 0.047666 0.031018 0 0
3-5-0-2-2-3-0-4-3-5-0-0-1-1-0 10539120 0.055286 0.03595 0 0
3-5-0-2-2-3-0-4-3-5-0-2-2-3-0 7520982 0.051489 0.032538 0 0
3-5-0-2-2-3-0-4-3-5-0-4-3-5-0 41179648 0.069385 0.050566 0 0
3-5-0-4-3-5-0-0-1-1-0-0-1-1-0 7765304 0.061383 0.032835 0 0
3-5-0-4-3-5-0-0-1-1-0-2-2-3-0 8091389 0.060632 0.032637 0 0
3-5-0-4-3-5-0-0-1-1-0-4-3-5-0 55175418 0.080997 0.052881 0 0
3-5-0-4-3-5-0-2-2-3-0-0-1-1-0 9092310 0.058089 0.032241 0 0
3-5-0-4-3-5-0-2-2-3-0-2-2-3-0 6348703 0.058714 0.032745 0 0
3-5-0-4-3-5-0-2-2-3-0-4-3-5-0 45773415 0.074355 0.048065 0 0
3-5-0-4-3-5-0-4-3-5-0-0-1-1-0 52630265 0.095126 0.063109 0 0
3-5-0-4-3-5-0-4-3-5-0-2-2-3-0 32665634 0.089158 0.05655 0 0
3-5-0-4-3-5-0-4-3-5-0-4-3-5-0 166867136 0.192723 0.147798 0 0
