0-0-1-1-0-0-1-1-0-0-1-1-0-0-1 219989 0.060122 0.040546 0 0
0-0-1-1-0-0-1-1-0-0-1-1-0-2-2 166498 0.050779 0.031171 0 0
0-0-1-1-0-0-1-1-0-0-1-1-0-4-3 1007175 0.051221 0.031709 0 0
0-0-1-1-0-0-1-1-0-2-2-3-0-0-1 227118 0.05142 0.030565 0 0
0-0-1-1-0-0-1-1-0-2-2-3-0-2-2 269113 0.051411 0.030717 0 0
0-0-1-1-0-0-1-1-0-2-2-3-0-4-3 1056404 0.052693 0.031497 0 0
0-0-1-1-0-0-1-1-0-4-3-5-0-0-1 2382824 0.060129 0.03415 0 0
0-0-1-1-0-0-1-1-0-4-3-5-0-2-2 2005389 0.062442 0.036733 0 0
0-0-1-1-0-0-1-1-0-4-3-5-0-4-3 7765304 0.063203 0.038213 0 0
0-0-1-1-0-2-2-3-0-0-1-1-0-0-1 254087 0.053566 0.031591 0 0
0-0-1-1-0-2-2-3-0-0-1-1-0-2-2 455112 0.054245 0.031957 0 0
0-0-1-1-0-2-2-3-0-0-1-1-0-4-3 1862906 0.053575 0.03213 0 0
0-0-1-1-0-2-2-3-0-2-2-3-0-0-1 312856 0.053294 0.030774 0 0
0-0-1-1-0-2-2-3-0-2-2-3-0-2-2 365222 0.052208 0.030846 0 0
0-0-1-1-0-2-2-3-0-2-2-3-0-4-3 1393155 0.052563 0.031686 0 0
0-0-1-1-0-2-2-3-0-4-3-5-0-0-1 3006235 0.058037 0.033831 0 0
0-0-1-1-0-2-2-3-0-4-3-5-0-2-2 2939091 0.059339 0.034238 0 0
0-0-1-1-0-2-2-3-0-4-3-5-0-4-3 9092310 0.061892 0.038872 0 0
0-0-1-1-0-4-3-5-0-0-1-1-0-0-1 2542069 0.064859 0.03726 0 0
0-0-1-1-0-4-3-5-0-0-1-1-0-2-2 3581853 0.065603 0.037073 0 0
0-0-1-1-0-4-3-5-0-0-1-1-0-4-3 14250721 0.07908 0.055008 0 0
0-0-1-1-0-4-3-5-0-2-2-3-0-0-1 2736848 0.056143 0.034853 0 0
0-0-1-1-0-4-3-5-0-2-2-3-0-2-2 3246243 0.057799 0.035385 0 0
0-0-1-1-0-4-3-5-0-2-2-3-0-4-3 10539120 0.059333 0.03653 0 0
0-0-1-1-0-4-3-5-0-4-3-5-0-0-1 19536812 0.133522 0.104866 0 0
0-0-1-1-0-4-3-5-0-4-3-5-0-2-2 17228423 0.098692 0.067896 0 0
0-0-1-1-0-4-3-5-0-4-3-5-0-4-3 52630265 0.149122 0.1219 0 0
0-2-2-3-0-0-1-1-0-0-1-1-0-0-1 141290 0.047822 0.031016 0 0
0-2-2-3-0-0-1-1-0-0-1-1-0-2-2 248813 0.051863 0.031015 0 0
0-2-2-3-0-0-1-1-0-0-1-1-0-4-3 988117 0.050991 0.031546 0 0
0-2-2-3-0-0-1-1-0-2-2-3-0-0-1 308439 0.050399 0.031315 0 0
0-2-2-3-0-0-1-1-0-2-2-3-0-2-2 408400 0.049794 0.031152 0 0
0-2-2-3-0-0-1-1-0-2-2-3-0-4-3 1496081 0.049548 0.031578 0 0
0-2-2-3-0-0-1-1-0-4-3-5-0-0-1 2694129 0.050344 0.032664 0 0
0-2-2-3-0-0-1-1-0-4-3-5-0-2-2 2646121 0.055171 0.03322 0 0
0-2-2-3-0-0-1-1-0-4-3-5-0-4-3 8091389 0.05507 0.037526 0 0
0-2-2-3-0-2-2-3-0-0-1-1-0-0-1 188377 0.045085 0.030197 0 0
0-2-2-3-0-2-2-3-0-0-1-1-0-2-2 360293 0.045548 0.030329 0 0
0-2-2-3-0-2-2-3-0-0-1-1-0-4-3 1307204 0.044747 0.030685 0 0
0-2-2-3-0-2-2-3-0-2-2-3-0-0-1 229664 0.044595 0.030061 0 0
0-2-2-3-0-2-2-3-0-2-2-3-0-2-2 266338 0.046218 0.030558 0 0
0-2-2-3-0-2-2-3-0-2-2-3-0-4-3 939938 0.044054 0.030513 0 0
0-2-2-3-0-2-2-3-0-4-3-5-0-0-1 2195693 0.049522 0.031504 0 0
0-2-2-3-0-2-2-3-0-4-3-5-0-2-2 2187268 0.047936 0.031666 0 0
0-2-2-3-0-2-2-3-0-4-3-5-0-4-3 6348703 0.050464 0.033285 0 0
0-2-2-3-0-4-3-5-0-0-1-1-0-0-1 1687902 0.049155 0.030969 0 0
0-2-2-3-0-4-3-5-0-0-1-1-0-2-2 2663360 0.049096 0.031162 0 0
0-2-2-3-0-4-3-5-0-0-1-1-0-4-3 9085093 0.052304 0.034461 0 0
0-2-2-3-0-4-3-5-0-2-2-3-0-0-1 2056435 0.049391 0.030168 0 0
0-2-2-3-0-4-3-5-0-2-2-3-0-2-2 2515710 0.050418 0.030913 0 0
0-2-2-3-0-4-3-5-0-2-2-3-0-4-3 7520982 0.051558 0.032207 0 0
0-2-2-3-0-4-3-5-0-4-3-5-0-0-1 12653171 0.068427 0.046562 0 0
0-2-2-3-0-4-3-5-0-4-3-5-0-2-2 11922624 0.070964 0.048991 0 0
0-2-2-3-0-4-3-5-0-4-3-5-0-4-3 32665634 0.08732 0.066673 0 0
0-4-3-5-0-0-1-1-0-0-1-1-0-0-1 1332890 0.05657 0.029692 0 0
0-4-3-5-0-0-1-1-0-0-1-1-0-2-2 1824440 0.052112 0.029972 0 0
0-4-3-5-0-0-1-1-0-0-1-1-0-4-3 8148870 0.057513 0.032222 0 0
0-4-3-5-0-0-1-1-0-2-2-3-0-0-1 2318991 0.055418 0.030408 0 0
0-4-3-5-0-0-1-1-0-2-2-3-0-2-2 2995057 0.053618 0.031081 0 0
0-4-3-5-0-0-1-1-0-2-2-3-0-4-3 10139913 0.05665 0.031945 0 0
0-4-3-5-0-0-1-1-0-4-3-5-0-0-1 20205284 0.081584 0.055269 0 0
0-4-3-5-0-0-1-1-0-4-3-5-0-2-2 18159506 0.090855 0.059307 0 0
0-4-3-5-0-0-1-1-0-4-3-5-0-4-3 55175418 0.120363 0.08967 0 0
0-4-3-5-0-2-2-3-0-0-1-1-0-0-1 1578412 0.055637 0.030022 0 0
0-4-3-5-0-2-2-3-0-0-1-1-0-2-2 3093998 0.053381 0.030199 0 0
0-4-3-5-0-2-2-3-0-0-1-1-0-4-3 10491003 0.062352 0.032922 0 0
0-4-3-5-0-2-2-3-0-2-2-3-0-0-1 2036936 0.058741 0.030411 0 0
0-4-3-5-0-2-2-3-0-2-2-3-0-2-2 2350930 0.054994 0.031247 0 0
0-4-3-5-0-2-2-3-0-2-2-3-0-4-3 8004004 0.056933 0.032115 0 0
0-4-3-5-0-2-2-3-0-4-3-5-0-0-1 17189893 0.076142 0.048636 0 0
0-4-3-5-0-2-2-3-0-4-3-5-0-2-2 16400959 0.084643 0.053449 0 0
0-4-3-5-0-2-2-3-0-4-3-5-0-4-3 45773415 0.105096 0.074301 0 0
0-4-3-5-0-4-3-5-0-0-1-1-0-0-1 12258976 0.092535 0.059366 0 0
0-4-3-5-0-4-3-5-0-0-1-1-0-2-2 16161615 0.095425 0.061036 0 0
0-4-3-5-0-4-3-5-0-0-1-1-0-4-3 55174169 0.113232 0.083397 0 0
0-4-3-5-0-4-3-5-0-2-2-3-0-0-1 12037649 0.088221 0.056974 0 0
0-4-3-5-0-4-3-5-0-2-2-3-0-2-2 14812754 0.097585 0.06367 0 0
0-4-3-5-0-4-3-5-0-2-2-3-0-4-3 41179648 0.096854 0.06724 0 0
0-4-3-5-0-4-3-5-0-4-3-5-0-0-1 66854831 0.260488 0.227524 0 0
0-4-3-5-0-4-3-5-0-4-3-5-0-2-2 59130651 0.214873 0.179214 0 0
0-4-3-5-0-4-3-5-0-4-3-5-0-4-3 166867136 0.336736 0.30117 0 0
1-1-0-0-1-1-0-0-1-1-0-0-1-1-0 219989 0.039647 0.023213 0 0
1-1-0-0-1-1-0-0-1-1-0-2-2-3-0 141290 0.036738 0.021169 0 0
1-1-0-0-1-1-0-0-1-1-0-4-3-5-0 1332890 0.04343 0.022402 0 0
1-1-0-0-1-1-0-2-2-3-0-0-1-1-0 254087 0.034771 0.020921 0 0
1-1-0-0-1-1-0-2-2-3-0-2-2-3-0 188377 0.035674 0.020893 0 0
1-1-0-0-1-1-0-2-2-3-0-4-3-5-0 1578412 0.038974 0.021746 0 0
1-1-0-0-1-1-0-4-3-5-0-0-1-1-0 2542069 0.047782 0.022253 0 0
1-1-0-0-1-1-0-4-3-5-0-2-2-3-0 1687902 0.039879 0.022502 0 0
1-1-0-0-1-1-0-4-3-5-0-4-3-5-0 12258976 0.049717 0.028905 0 0
1-1-0-2-2-3-0-0-1-1-0-0-1-1-0 227118 0.039882 0.021269 0 0
1-1-0-2-2-3-0-0-1-1-0-2-2-3-0 308439 0.035524 0.021717 0 0
1-1-0-2-2-3-0-0-1-1-0-4-3-5-0 2318991 0.039595 0.022581 0 0
1-1-0-2-2-3-0-2-2-3-0-0-1-1-0 312856 0.036297 0.020966 0 0
1-1-0-2-2-3-0-2-2-3-0-2-2-3-0 229664 0.03709 0.020662 0 0
1-1-0-2-2-3-0-2-2-3-0-4-3-5-0 2036936 0.038812 0.021711 0 0
1-1-0-2-2-3-0-4-3-5-0-0-1-1-0 2736848 0.041828 0.022284 0 0
1-1-0-2-2-3-0-4-3-5-0-2-2-3-0 2056435 0.040449 0.022494 0 0
1-1-0-2-2-3-0-4-3-5-0-4-3-5-0 12037649 0.051724 0.029183 0 0
1-1-0-4-3-5-0-0-1-1-0-0-1-1-0 2382824 0.05227 0.022822 0 0
1-1-0-4-3-5-0-0-1-1-0-2-2-3-0 2694129 0.053067 0.02346 0 0
1-1-0-4-3-5-0-0-1-1-0-4-3-5-0 20205284 0.065108 0.036739 0 0
1-1-0-4-3-5-0-2-2-3-0-0-1-1-0 3006235 0.045625 0.022104 0 0
1-1-0-4-3-5-0-2-2-3-0-2-2-3-0 2195693 0.044109 0.022184 0 0
1-1-0-4-3-5-0-2-2-3-0-4-3-5-0 17189893 0.056072 0.030711 0 0
1-1-0-4-3-5-0-4-3-5-0-0-1-1-0 19536812 0.062728 0.036885 0 0
1-1-0-4-3-5-0-4-3-5-0-2-2-3-0 12653171 0.062355 0.03595 0 0
1-1-0-4-3-5-0-4-3-5-0-4-3-5-0 66854831 0.120468 0.091095 0 0
2-3-0-0-1-1-0-0-1-1-0-0-1-1-0 166498 0.031473 0.011395 0 0
2-3-0-0-1-1-0-0-1-1-0-2-2-3-0 248813 0.029229 0.011205 0 0
2-3-0-0-1-1-0-0-1-1-0-4-3-5-0 1824440 0.032625 0.01286 0 0
2-3-0-0-1-1-0-2-2-3-0-0-1-1-0 455112 0.031409 0.011266 0 0
2-3-0-0-1-1-0-2-2-3-0-2-2-3-0 360293 0.029155 0.011456 0 0
2-3-0-0-1-1-0-2-2-3-0-4-3-5-0 3093998 0.038238 0.015105 0 0
2-3-0-0-1-1-0-4-3-5-0-0-1-1-0 3581853 0.034191 0.013262 0 0
2-3-0-0-1-1-0-4-3-5-0-2-2-3-0 2663360 0.033668 0.01317 0 0
2-3-0-0-1-1-0-4-3-5-0-4-3-5-0 16161615 0.045875 0.022508 0 0
2-3-0-2-2-3-0-0-1-1-0-0-1-1-0 269113 0.027223 0.011396 0 0
2-3-0-2-2-3-0-0-1-1-0-2-2-3-0 408400 0.027933 0.011569 0 0
2-3-0-2-2-3-0-0-1-1-0-4-3-5-0 2995057 0.031029 0.012612 0 0
2-3-0-2-2-3-0-2-2-3-0-0-1-1-0 365222 0.026721 0.011589 0 0
2-3-0-2-2-3-0-2-2-3-0-2-2-3-0 266338 0.025643 0.01123 0 0
2-3-0-2-2-3-0-2-2-3-0-4-3-5-0 2350930 0.03166 0.012315 0 0
2-3-0-2-2-3-0-4-3-5-0-0-1-1-0 3246243 0.033374 0.013061 0 0
2-3-0-2-2-3-0-4-3-5-0-2-2-3-0 2515710 0.031101 0.012964 0 0
2-3-0-2-2-3-0-4-3-5-0-4-3-5-0 14812754 0.04378 0.020882 0 0
2-3-0-4-3-5-0-0-1-1-0-0-1-1-0 2005389 0.038576 0.012625 0 0
2-3-0-4-3-5-0-0-1-1-0-2-2-3-0 2646121 0.037303 0.013375 0 0
2-3-0-4-3-5-0-0-1-1-0-4-3-5-0 18159506 0.049548 0.023214 0 0
2-3-0-4-3-5-0-2-2-3-0-0-1-1-0 2939091 0.036609 0.012416 0 0
2-3-0-4-3-5-0-2-2-3-0-2-2-3-0 2187268 0.033852 0.012816 0 0
2-3-0-4-3-5-0-2-2-3-0-4-3-5-0 16400959 0.043727 0.020211 0 0
2-3-0-4-3-5-0-4-3-5-0-0-1-1-0 17228423 0.051122 0.025656 0 0
2-3-0-4-3-5-0-4-3-5-0-2-2-3-0 11922624 0.052506 0.025604 0 0
2-3-0-4-3-5-0-4-3-5-0-4-3-5-0 59130651 0.097271 0.067509 0 0
3-5-0-0-1-1-0-0-1-1-0-0-1-1-0 1007175 0.068577 0.046928 0 0
3-5-0-0-1-1-0-0-1-1-0-2-2-3-0 988117 0.071325 0.046647 0 0
3-5-0-0-1-1-0-0-1-1-0-4-3-5-0 8148870 0.074384 0.049617 0 0
3-5-0-0-1-1-0-2-2-3-0-0-1-1-0 1862906 0.073529 0.046243 0 0
3-5-0-0-1-1-0-2-2-3-0-2-2-3-0 1307204 0.075837 0.04659 0 0
3-5-0-0-1-1-0-2-2-3-0-4-3-5-0 10491003 0.074801 0.048895 0 0
3-5-0-0-1-1-0-4-3-5-0-0-1-1-0 14250721 0.096069 0.053158 0 0
3-5-0-0-1-1-0-4-3-5-0-2-2-3-0 9085093 0.087552 0.05269 0 0
3-5-0-0-1-1-0-4-3-5-0-4-3-5-0 55174169 0.116754 0.08627 0 0
3-5-0-2-2-3-0-0-1-1-0-0-1-1-0 1056404 0.068715 0.046085 0 0
3-5-0-2-2-3-0-0-1-1-0-2-2-3-0 1496081 0.070696 0.045996 0 0
3-5-0-2-2-3-0-0-1-1-0-4-3-5-0 10139913 0.076631 0.048508 0 0
3-5-0-2-2-3-0-2-2-3-0-0-1-1-0 1393155 0.070365 0.045709 0 0
3-5-0-2-2-3-0-2-2-3-0-2-2-3-0 939938 0.067593 0.045555 0 0
3-5-0-2-2-3-0-2-2-3-0-4-3-5-0 8004004 0.070738 0.047766 0 0
3-5-0-2-2-3-0-4-3-5-0-0-1-1-0 10539120 0.086899 0.051684 0 0
3-5-0-2-2-3-0-4-3-5-0-2-2-3-0 7520982 0.077493 0.049694 0 0
3-5-0-2-2-3-0-4-3-5-0-4-3-5-0 41179648 0.10861 0.078401 0 0
3-5-0-4-3-5-0-0-1-1-0-0-1-1-0 7765304 0.086746 0.050757 0 0
3-5-0-4-3-5-0-0-1-1-0-2-2-3-0 8091389 0.09232 0.051698 0 0
3-5-0-4-3-5-0-0-1-1-0-4-3-5-0 55175418 0.130678 0.0898 0 0
3-5-0-4-3-5-0-2-2-3-0-0-1-1-0 9092310 0.088369 0.050475 0 0
3-5-0-4-3-5-0-2-2-3-0-2-2-3-0 6348703 0.088977 0.051043 0 0
3-5-0-4-3-5-0-2-2-3-0-4-3-5-0 45773415 0.115676 0.076337 0 0
3-5-0-4-3-5-0-4-3-5-0-0-1-1-0 52630265 0.136237 0.092512 0 0
3-5-0-4-3-5-0-4-3-5-0-2-2-3-0 32665634 0.146968 0.100047 0 0
3-5-0-4-3-5-0-4-3-5-0-4-3-5-0 166867136 0.278621 0.23098 0 0
