0-0-1-1-0-0-1-1-0-0-1 188528 0.040182 0.023769 0 0
0-0-1-1-0-0-1-1-0-2-2 146148 0.023905 0.01438 0 0
0-0-1-1-0-0-1-1-0-4-3 863044 0.021425 0.013329 0 0
0-0-1-1-0-2-2-3-0-0-1 196108 0.019607 0.011625 0 0
0-0-1-1-0-2-2-3-0-2-2 226712 0.019117 0.011655 0 0
0-0-1-1-0-2-2-3-0-4-3 902647 0.020392 0.012174 0 0
0-0-1-1-0-4-3-5-0-0-1 2034443 0.046742 0.033764 0 0
0-0-1-1-0-4-3-5-0-2-2 1705498 0.027873 0.016984 0 0
0-0-1-1-0-4-3-5-0-4-3 6631528 0.033213 0.021052 0 0
0-2-2-3-0-0-1-1-0-0-1 123077 0.021386 0.011881 0 0
0-2-2-3-0-0-1-1-0-2-2 219503 0.020474 0.011839 0 0
0-2-2-3-0-0-1-1-0-4-3 850321 0.020909 0.012098 0 0
0-2-2-3-0-2-2-3-0-0-1 149919 0.019716 0.011595 0 0
0-2-2-3-0-2-2-3-0-2-2 163876 0.018964 0.011358 0 0
0-2-2-3-0-2-2-3-0-4-3 625402 0.020162 0.01174 0 0
0-2-2-3-0-4-3-5-0-0-1 1369799 0.022149 0.013005 0 0
0-2-2-3-0-4-3-5-0-2-2 1312522 0.021992 0.013093 0 0
0-2-2-3-0-4-3-5-0-4-3 4190131 0.02294 0.014223 0 0
0-4-3-5-0-0-1-1-0-0-1 1139429 0.024322 0.014657 0 0
0-4-3-5-0-0-1-1-0-2-2 1584734 0.022901 0.0134 0 0
0-4-3-5-0-0-1-1-0-4-3 6892753 0.027428 0.016923 0 0
0-4-3-5-0-2-2-3-0-0-1 1261874 0.022047 0.012638 0 0
0-4-3-5-0-2-2-3-0-2-2 1438868 0.02202 0.012952 0 0
0-4-3-5-0-2-2-3-0-4-3 5005518 0.021976 0.013495 0 0
0-4-3-5-0-4-3-5-0-0-1 10335808 0.086775 0.069944 0 0
0-4-3-5-0-4-3-5-0-2-2 8888041 0.038539 0.024135 0 0
0-4-3-5-0-4-3-5-0-4-3 28500286 0.084901 0.072818 0 0
1-1-0-0-1-1-0-0-1-1-0 188528 0.01716 0.009561 0 0
1-1-0-0-1-1-0-2-2-3-0 123077 0.016243 0.009157 0 0
1-1-0-0-1-1-0-4-3-5-0 1139429 0.030025 0.016882 0 0
1-1-0-2-2-3-0-0-1-1-0 196108 0.018837 0.012502 0 0
1-1-0-2-2-3-0-2-2-3-0 149919 0.014992 0.008831 0 0
1-1-0-2-2-3-0-4-3-5-0 1261874 0.018422 0.009572 0 0
1-1-0-4-3-5-0-0-1-1-0 2034443 0.021326 0.010005 0 0
1-1-0-4-3-5-0-2-2-3-0 1369799 0.020159 0.009805 0 0
1-1-0-4-3-5-0-4-3-5-0 10335808 0.02544 0.013816 0 0
2-3-0-0-1-1-0-0-1-1-0 146148 0.012085 0.005289 0 0
2-3-0-0-1-1-0-2-2-3-0 219503 0.012524 0.005431 0 0
2-3-0-0-1-1-0-4-3-5-0 1584734 0.014345 0.005957 0 0
2-3-0-2-2-3-0-0-1-1-0 226712 0.012416 0.005324 0 0
2-3-0-2-2-3-0-2-2-3-0 163876 0.011662 0.005203 0 0
2-3-0-2-2-3-0-4-3-5-0 1438868 0.014502 0.005867 0 0
2-3-0-4-3-5-0-0-1-1-0 1705498 0.018357 0.00596 0 0
2-3-0-4-3-5-0-2-2-3-0 1312522 0.019621 0.005959 0 0
2-3-0-4-3-5-0-4-3-5-0 8888041 0.021365 0.008975 0 0
3-5-0-0-1-1-0-0-1-1-0 863044 0.032043 0.021189 0 0
3-5-0-0-1-1-0-2-2-3-0 850321 0.030018 0.019455 0 0
3-5-0-0-1-1-0-4-3-5-0 6892753 0.035827 0.022221 0 0
3-5-0-2-2-3-0-0-1-1-0 902647 0.030226 0.019563 0 0
3-5-0-2-2-3-0-2-2-3-0 625402 0.031279 0.019251 0 0
3-5-0-2-2-3-0-4-3-5-0 5005518 0.033218 0.020778 0 0
3-5-0-4-3-5-0-0-1-1-0 6631528 0.042673 0.022462 0 0
3-5-0-4-3-5-0-2-2-3-0 4190131 0.039318 0.022341 0 0
3-5-0-4-3-5-0-4-3-5-0 28500286 0.062853 0.046303 0 0
