0-0-1-1-0-0-1 160792 0.053851 0.041198 0 0
0-0-1-1-0-2-2 122977 0.014448 0.009033 0 0
0-0-1-1-0-4-3 719976 0.013113 0.009161 0 0
0-2-2-3-0-0-1 98344 0.009916 0.00631 0 0
0-2-2-3-0-2-2 102281 0.009399 0.006095 0 0
0-2-2-3-0-4-3 406341 0.011015 0.006723 0 0
0-4-3-5-0-0-1 904361 0.036815 0.028894 0 0
0-4-3-5-0-2-2 705440 0.013315 0.008386 0 0
0-4-3-5-0-4-3 3004893 0.016798 0.011576 0 0
1-1-0-0-1-1-0 160792 0.009736 0.005072 0 0
1-1-0-2-2-3-0 98344 0.008592 0.004809 0 0
1-1-0-4-3-5-0 904361 0.010913 0.00585 0 0
2-3-0-0-1-1-0 122977 0.007699 0.002673 0 0
2-3-0-2-2-3-0 102281 0.007193 0.002705 0 0
2-3-0-4-3-5-0 705440 0.008747 0.00303 0 0
3-5-0-0-1-1-0 719976 0.031421 0.023286 0 0
3-5-0-2-2-3-0 406341 0.015405 0.010075 0 0
3-5-0-4-3-5-0 3004893 0.049993 0.040089 0 0
