0-0-1-1-0-0-1-1-0-0-1-1-0-0-1 219989 0.078344 0.043261 0 0
0-0-1-1-0-0-1-1-0-0-1-1-0-2-2 166498 0.069507 0.038162 0 0
0-0-1-1-0-0-1-1-0-0-1-1-0-4-3 1007175 0.073904 0.039587 0 0
0-0-1-1-0-0-1-1-0-2-2-3-0-0-1 227118 0.07136 0.036833 0 0
0-0-1-1-0-0-1-1-0-2-2-3-0-2-2 269113 0.070518 0.037505 0 0
0-0-1-1-0-0-1-1-0-2-2-3-0-4-3 1056404 0.07004 0.039143 0 0
0-0-1-1-0-0-1-1-0-4-3-5-0-0-1 2382824 0.089501 0.045761 0 0
0-0-1-1-0-0-1-1-0-4-3-5-0-2-2 2005389 0.094837 0.052379 0 0
0-0-1-1-0-0-1-1-0-4-3-5-0-4-3 7765304 0.100482 0.060816 0 0
0-0-1-1-0-2-2-3-0-0-1-1-0-0-1 254087 0.07746 0.046294 0 0
0-0-1-1-0-2-2-3-0-0-1-1-0-2-2 455112 0.084578 0.05015 0 0
0-0-1-1-0-2-2-3-0-0-1-1-0-4-3 1862906 0.08106 0.04726 0 0
0-0-1-1-0-2-2-3-0-2-2-3-0-0-1 312856 0.073437 0.045202 0 0
0-0-1-1-0-2-2-3-0-2-2-3-0-2-2 365222 0.077779 0.046756 0 0
0-0-1-1-0-2-2-3-0-2-2-3-0-4-3 1393155 0.079395 0.050507 0 0
0-0-1-1-0-2-2-3-0-4-3-5-0-0-1 3006235 0.086925 0.052028 0 0
0-0-1-1-0-2-2-3-0-4-3-5-0-2-2 2939091 0.085675 0.052518 0 0
0-0-1-1-0-2-2-3-0-4-3-5-0-4-3 9092310 0.096596 0.061794 0 0
0-0-1-1-0-4-3-5-0-0-1-1-0-0-1 2542069 0.101431 0.060014 0 0
0-0-1-1-0-4-3-5-0-0-1-1-0-2-2 3581853 0.105162 0.060211 0 0
0-0-1-1-0-4-3-5-0-0-1-1-0-4-3 14250721 0.127694 0.082625 0 0
0-0-1-1-0-4-3-5-0-2-2-3-0-0-1 2736848 0.107826 0.062525 0 0
0-0-1-1-0-4-3-5-0-2-2-3-0-2-2 3246243 0.107875 0.062161 0 0
0-0-1-1-0-4-3-5-0-2-2-3-0-4-3 10539120 0.109705 0.065585 0 0
0-0-1-1-0-4-3-5-0-4-3-5-0-0-1 19536812 0.186831 0.139948 0 0
0-0-1-1-0-4-3-5-0-4-3-5-0-2-2 17228423 0.174496 0.12555 0 0
0-0-1-1-0-4-3-5-0-4-3-5-0-4-3 52630265 0.230932 0.183631 0 0
0-2-2-3-0-0-1-1-0-0-1-1-0-0-1 141290 0.081453 0.054322 0 0
0-2-2-3-0-0-1-1-0-0-1-1-0-2-2 248813 0.085243 0.054395 0 0
0-2-2-3-0-0-1-1-0-0-1-1-0-4-3 988117 0.087953 0.055828 0 0
0-2-2-3-0-0-1-1-0-2-2-3-0-0-1 308439 0.08394 0.055093 0 0
0-2-2-3-0-0-1-1-0-2-2-3-0-2-2 408400 0.082053 0.055484 0 0
0-2-2-3-0-0-1-1-0-2-2-3-0-4-3 1496081 0.083486 0.055885 0 0
0-2-2-3-0-0-1-1-0-4-3-5-0-0-1 2694129 0.09217 0.057483 0 0
0-2-2-3-0-0-1-1-0-4-3-5-0-2-2 2646121 0.093777 0.059859 0 0
0-2-2-3-0-0-1-1-0-4-3-5-0-4-3 8091389 0.097757 0.065348 0 0
0-2-2-3-0-2-2-3-0-0-1-1-0-0-1 188377 0.081824 0.05506 0 0
0-2-2-3-0-2-2-3-0-0-1-1-0-2-2 360293 0.084416 0.058566 0 0
0-2-2-3-0-2-2-3-0-0-1-1-0-4-3 1307204 0.083099 0.055846 0 0
0-2-2-3-0-2-2-3-0-2-2-3-0-0-1 229664 0.082302 0.054421 0 0
0-2-2-3-0-2-2-3-0-2-2-3-0-2-2 266338 0.081401 0.054914 0 0
0-2-2-3-0-2-2-3-0-2-2-3-0-4-3 939938 0.080336 0.055491 0 0
0-2-2-3-0-2-2-3-0-4-3-5-0-0-1 2195693 0.090475 0.057508 0 0
0-2-2-3-0-2-2-3-0-4-3-5-0-2-2 2187268 0.089372 0.057679 0 0
0-2-2-3-0-2-2-3-0-4-3-5-0-4-3 6348703 0.09064 0.061038 0 0
0-2-2-3-0-4-3-5-0-0-1-1-0-0-1 1687902 0.095056 0.059573 0 0
0-2-2-3-0-4-3-5-0-0-1-1-0-2-2 2663360 0.093575 0.059916 0 0
0-2-2-3-0-4-3-5-0-0-1-1-0-4-3 9085093 0.100831 0.065771 0 0
0-2-2-3-0-4-3-5-0-2-2-3-0-0-1 2056435 0.09498 0.059713 0 0
0-2-2-3-0-4-3-5-0-2-2-3-0-2-2 2515710 0.098104 0.061029 0 0
0-2-2-3-0-4-3-5-0-2-2-3-0-4-3 7520982 0.104099 0.064384 0 0
0-2-2-3-0-4-3-5-0-4-3-5-0-0-1 12653171 0.134706 0.093672 0 0
0-2-2-3-0-4-3-5-0-4-3-5-0-2-2 11922624 0.139795 0.097844 0 0
0-2-2-3-0-4-3-5-0-4-3-5-0-4-3 32665634 0.175148 0.134245 0 0
0-4-3-5-0-0-1-1-0-0-1-1-0-0-1 1332890 0.106334 0.058461 0 0
0-4-3-5-0-0-1-1-0-0-1-1-0-2-2 1824440 0.107591 0.059055 0 0
0-4-3-5-0-0-1-1-0-0-1-1-0-4-3 8148870 0.109428 0.06222 0 0
0-4-3-5-0-0-1-1-0-2-2-3-0-0-1 2318991 0.103129 0.058915 0 0
0-4-3-5-0-0-1-1-0-2-2-3-0-2-2 2995057 0.102954 0.060459 0 0
0-4-3-5-0-0-1-1-0-2-2-3-0-4-3 10139913 0.108509 0.062627 0 0
0-4-3-5-0-0-1-1-0-4-3-5-0-0-1 20205284 0.156033 0.109726 0 0
0-4-3-5-0-0-1-1-0-4-3-5-0-2-2 18159506 0.167959 0.113711 0 0
0-4-3-5-0-0-1-1-0-4-3-5-0-4-3 55175418 0.231998 0.179277 0 0
0-4-3-5-0-2-2-3-0-0-1-1-0-0-1 1578412 0.103793 0.058745 0 0
0-4-3-5-0-2-2-3-0-0-1-1-0-2-2 3093998 0.10528 0.059726 0 0
0-4-3-5-0-2-2-3-0-0-1-1-0-4-3 10491003 0.107332 0.063101 0 0
0-4-3-5-0-2-2-3-0-2-2-3-0-0-1 2036936 0.100015 0.059267 0 0
0-4-3-5-0-2-2-3-0-2-2-3-0-2-2 2350930 0.099732 0.05985 0 0
0-4-3-5-0-2-2-3-0-2-2-3-0-4-3 8004004 0.103197 0.061678 0 0
0-4-3-5-0-2-2-3-0-4-3-5-0-0-1 17189893 0.140693 0.092195 0 0
0-4-3-5-0-2-2-3-0-4-3-5-0-2-2 16400959 0.148059 0.100462 0 0
0-4-3-5-0-2-2-3-0-4-3-5-0-4-3 45773415 0.18936 0.139396 0 0
0-4-3-5-0-4-3-5-0-0-1-1-0-0-1 12258976 0.170653 0.113918 0 0
0-4-3-5-0-4-3-5-0-0-1-1-0-2-2 16161615 0.175069 0.120351 0 0
0-4-3-5-0-4-3-5-0-0-1-1-0-4-3 55174169 0.221626 0.162117 0 0
0-4-3-5-0-4-3-5-0-2-2-3-0-0-1 12037649 0.154817 0.099721 0 0
0-4-3-5-0-4-3-5-0-2-2-3-0-2-2 14812754 0.163862 0.110437 0 0
0-4-3-5-0-4-3-5-0-2-2-3-0-4-3 41179648 0.193243 0.135841 0 0
0-4-3-5-0-4-3-5-0-4-3-5-0-0-1 66854831 0.417383 0.357231 0 0
0-4-3-5-0-4-3-5-0-4-3-5-0-2-2 59130651 0.444411 0.375148 0 0
0-4-3-5-0-4-3-5-0-4-3-5-0-4-3 166867136 0.610675 0.545622 0 0
1-1-0-0-1-1-0-0-1-1-0-0-1-1-0 219989 0.075112 0.041878 0 0
1-1-0-0-1-1-0-0-1-1-0-2-2-3-0 141290 0.069424 0.040973 0 0
1-1-0-0-1-1-0-0-1-1-0-4-3-5-0 1332890 0.073143 0.042456 0 0
1-1-0-0-1-1-0-2-2-3-0-0-1-1-0 254087 0.069548 0.03991 0 0
1-1-0-0-1-1-0-2-2-3-0-2-2-3-0 188377 0.064829 0.039669 0 0
1-1-0-0-1-1-0-2-2-3-0-4-3-5-0 1578412 0.071617 0.041394 0 0
1-1-0-0-1-1-0-4-3-5-0-0-1-1-0 2542069 0.078063 0.043462 0 0
1-1-0-0-1-1-0-4-3-5-0-2-2-3-0 1687902 0.078651 0.044212 0 0
1-1-0-0-1-1-0-4-3-5-0-4-3-5-0 12258976 0.095563 0.055729 0 0
1-1-0-2-2-3-0-0-1-1-0-0-1-1-0 227118 0.06579 0.039681 0 0
1-1-0-2-2-3-0-0-1-1-0-2-2-3-0 308439 0.064685 0.040133 0 0
1-1-0-2-2-3-0-0-1-1-0-4-3-5-0 2318991 0.068803 0.041352 0 0
1-1-0-2-2-3-0-2-2-3-0-0-1-1-0 312856 0.063147 0.039197 0 0
1-1-0-2-2-3-0-2-2-3-0-2-2-3-0 229664 0.062731 0.038651 0 0
1-1-0-2-2-3-0-2-2-3-0-4-3-5-0 2036936 0.06591 0.040288 0 0
1-1-0-2-2-3-0-4-3-5-0-0-1-1-0 2736848 0.070346 0.042052 0 0
1-1-0-2-2-3-0-4-3-5-0-2-2-3-0 2056435 0.070924 0.042164 0 0
1-1-0-2-2-3-0-4-3-5-0-4-3-5-0 12037649 0.088059 0.053141 0 0
1-1-0-4-3-5-0-0-1-1-0-0-1-1-0 2382824 0.094723 0.047217 0 0
1-1-0-4-3-5-0-0-1-1-0-2-2-3-0 2694129 0.083289 0.043864 0 0
1-1-0-4-3-5-0-0-1-1-0-4-3-5-0 20205284 0.106856 0.065644 0 0
1-1-0-4-3-5-0-2-2-3-0-0-1-1-0 3006235 0.077629 0.043234 0 0
1-1-0-4-3-5-0-2-2-3-0-2-2-3-0 2195693 0.078668 0.043854 0 0
1-1-0-4-3-5-0-2-2-3-0-4-3-5-0 17189893 0.100979 0.058581 0 0
1-1-0-4-3-5-0-4-3-5-0-0-1-1-0 19536812 0.116236 0.071642 0 0
1-1-0-4-3-5-0-4-3-5-0-2-2-3-0 12653171 0.115018 0.070702 0 0
1-1-0-4-3-5-0-4-3-5-0-4-3-5-0 66854831 0.218944 0.172555 0 0
2-3-0-0-1-1-0-0-1-1-0-0-1-1-0 166498 0.049937 0.020763 0 0
2-3-0-0-1-1-0-0-1-1-0-2-2-3-0 248813 0.046427 0.020873 0 0
2-3-0-0-1-1-0-0-1-1-0-4-3-5-0 1824440 0.051199 0.022565 0 0
2-3-0-0-1-1-0-2-2-3-0-0-1-1-0 455112 0.047256 0.021419 0 0
2-3-0-0-1-1-0-2-2-3-0-2-2-3-0 360293 0.044837 0.021058 0 0
2-3-0-0-1-1-0-2-2-3-0-4-3-5-0 3093998 0.052125 0.023357 0 0
2-3-0-0-1-1-0-4-3-5-0-0-1-1-0 3581853 0.056256 0.02413 0 0
2-3-0-0-1-1-0-4-3-5-0-2-2-3-0 2663360 0.053503 0.024241 0 0
2-3-0-0-1-1-0-4-3-5-0-4-3-5-0 16161615 0.077724 0.042076 0 0
2-3-0-2-2-3-0-0-1-1-0-0-1-1-0 269113 0.043976 0.021688 0 0
2-3-0-2-2-3-0-0-1-1-0-2-2-3-0 408400 0.045222 0.021373 0 0
2-3-0-2-2-3-0-0-1-1-0-4-3-5-0 2995057 0.051589 0.02291 0 0
2-3-0-2-2-3-0-2-2-3-0-0-1-1-0 365222 0.04343 0.021017 0 0
2-3-0-2-2-3-0-2-2-3-0-2-2-3-0 266338 0.043908 0.020843 0 0
2-3-0-2-2-3-0-2-2-3-0-4-3-5-0 2350930 0.049899 0.02222 0 0
2-3-0-2-2-3-0-4-3-5-0-0-1-1-0 3246243 0.054774 0.023522 0 0
2-3-0-2-2-3-0-4-3-5-0-2-2-3-0 2515710 0.051047 0.023551 0 0
2-3-0-2-2-3-0-4-3-5-0-4-3-5-0 14812754 0.070653 0.038813 0 0
2-3-0-4-3-5-0-0-1-1-0-0-1-1-0 2005389 0.054881 0.023709 0 0
2-3-0-4-3-5-0-0-1-1-0-2-2-3-0 2646121 0.054116 0.024001 0 0
2-3-0-4-3-5-0-0-1-1-0-4-3-5-0 18159506 0.07948 0.043419 0 0
2-3-0-4-3-5-0-2-2-3-0-0-1-1-0 2939091 0.054743 0.02357 0 0
2-3-0-4-3-5-0-2-2-3-0-2-2-3-0 2187268 0.052519 0.023818 0 0
2-3-0-4-3-5-0-2-2-3-0-4-3-5-0 16400959 0.068795 0.037466 0 0
2-3-0-4-3-5-0-4-3-5-0-0-1-1-0 17228423 0.087496 0.050213 0 0
2-3-0-4-3-5-0-4-3-5-0-2-2-3-0 11922624 0.093383 0.050442 0 0
2-3-0-4-3-5-0-4-3-5-0-4-3-5-0 59130651 0.174815 0.131742 0 0
3-5-0-0-1-1-0-0-1-1-0-0-1-1-0 1007175 0.133146 0.095814 0 0
3-5-0-0-1-1-0-0-1-1-0-2-2-3-0 988117 0.133545 0.095153 0 0
3-5-0-0-1-1-0-0-1-1-0-4-3-5-0 8148870 0.147076 0.100999 0 0
3-5-0-0-1-1-0-2-2-3-0-0-1-1-0 1862906 0.13352 0.094848 0 0
3-5-0-0-1-1-0-2-2-3-0-2-2-3-0 1307204 0.133679 0.095372 0 0
3-5-0-0-1-1-0-2-2-3-0-4-3-5-0 10491003 0.1435 0.100051 0 0
3-5-0-0-1-1-0-4-3-5-0-0-1-1-0 14250721 0.158266 0.11029 0 0
3-5-0-0-1-1-0-4-3-5-0-2-2-3-0 9085093 0.160943 0.107719 0 0
3-5-0-0-1-1-0-4-3-5-0-4-3-5-0 55174169 0.210232 0.161913 0 0
3-5-0-2-2-3-0-0-1-1-0-0-1-1-0 1056404 0.129846 0.093984 0 0
3-5-0-2-2-3-0-0-1-1-0-2-2-3-0 1496081 0.131232 0.095224 0 0
3-5-0-2-2-3-0-0-1-1-0-4-3-5-0 10139913 0.144578 0.100066 0 0
3-5-0-2-2-3-0-2-2-3-0-0-1-1-0 1393155 0.129337 0.093851 0 0
3-5-0-2-2-3-0-2-2-3-0-2-2-3-0 939938 0.129933 0.094038 0 0
3-5-0-2-2-3-0-2-2-3-0-4-3-5-0 8004004 0.136943 0.097702 0 0
3-5-0-2-2-3-0-4-3-5-0-0-1-1-0 10539120 0.146609 0.102451 0 0
3-5-0-2-2-3-0-4-3-5-0-2-2-3-0 7520982 0.145186 0.102032 0 0
3-5-0-2-2-3-0-4-3-5-0-4-3-5-0 41179648 0.196706 0.150615 0 0
3-5-0-4-3-5-0-0-1-1-0-0-1-1-0 7765304 0.170344 0.109887 0 0
3-5-0-4-3-5-0-0-1-1-0-2-2-3-0 8091389 0.174109 0.113177 0 0
3-5-0-4-3-5-0-0-1-1-0-4-3-5-0 55175418 0.229261 0.169494 0 0
3-5-0-4-3-5-0-2-2-3-0-0-1-1-0 9092310 0.161383 0.107011 0 0
3-5-0-4-3-5-0-2-2-3-0-2-2-3-0 6348703 0.160167 0.108017 0 0
3-5-0-4-3-5-0-2-2-3-0-4-3-5-0 45773415 0.211103 0.152373 0 0
3-5-0-4-3-5-0-4-3-5-0-0-1-1-0 52630265 0.233539 0.174835 0 0
3-5-0-4-3-5-0-4-3-5-0-2-2-3-0 32665634 0.24596 0.18101 0 0
3-5-0-4-3-5-0-4-3-5-0-4-3-5-0 166867136 0.502867 0.430534 0 0
