0-0-1-1-0-0-1-1-0-0-1-1-0-0-1 219989 0.079114 0.043344 0 0
0-0-1-1-0-0-1-1-0-0-1-1-0-2-2 166498 0.07619 0.039242 0 0
0-0-1-1-0-0-1-1-0-0-1-1-0-4-3 1007175 0.074767 0.040257 0 0
0-0-1-1-0-0-1-1-0-2-2-3-0-0-1 227118 0.075381 0.038379 0 0
0-0-1-1-0-0-1-1-0-2-2-3-0-2-2 269113 0.07297 0.038654 0 0
0-0-1-1-0-0-1-1-0-2-2-3-0-4-3 1056404 0.078556 0.040549 0 0
0-0-1-1-0-0-1-1-0-4-3-5-0-0-1 2382824 0.119901 0.067413 0 0
0-0-1-1-0-0-1-1-0-4-3-5-0-2-2 2005389 0.121957 0.068811 0 0
0-0-1-1-0-0-1-1-0-4-3-5-0-4-3 7765304 0.140153 0.082359 0 0
0-0-1-1-0-2-2-3-0-0-1-1-0-0-1 254087 0.1072 0.065008 0 0
0-0-1-1-0-2-2-3-0-0-1-1-0-2-2 455112 0.101979 0.060191 0 0
0-0-1-1-0-2-2-3-0-0-1-1-0-4-3 1862906 0.101601 0.060915 0 0
0-0-1-1-0-2-2-3-0-2-2-3-0-0-1 312856 0.10322 0.059612 0 0
0-0-1-1-0-2-2-3-0-2-2-3-0-2-2 365222 0.096026 0.059487 0 0
0-0-1-1-0-2-2-3-0-2-2-3-0-4-3 1393155 0.099806 0.060609 0 0
0-0-1-1-0-2-2-3-0-4-3-5-0-0-1 3006235 0.115201 0.066589 0 0
0-0-1-1-0-2-2-3-0-4-3-5-0-2-2 2939091 0.115201 0.06922 0 0
0-0-1-1-0-2-2-3-0-4-3-5-0-4-3 9092310 0.124805 0.082459 0 0
0-0-1-1-0-4-3-5-0-0-1-1-0-0-1 2542069 0.143049 0.083415 0 0
0-0-1-1-0-4-3-5-0-0-1-1-0-2-2 3581853 0.14132 0.083409 0 0
0-0-1-1-0-4-3-5-0-0-1-1-0-4-3 14250721 0.160724 0.104789 0 0
0-0-1-1-0-4-3-5-0-2-2-3-0-0-1 2736848 0.146401 0.081852 0 0
0-0-1-1-0-4-3-5-0-2-2-3-0-2-2 3246243 0.125465 0.075564 0 0
0-0-1-1-0-4-3-5-0-2-2-3-0-4-3 10539120 0.134227 0.083548 0 0
0-0-1-1-0-4-3-5-0-4-3-5-0-0-1 19536812 0.240312 0.183289 0 0
0-0-1-1-0-4-3-5-0-4-3-5-0-2-2 17228423 0.303961 0.221953 0 0
0-0-1-1-0-4-3-5-0-4-3-5-0-4-3 52630265 0.388441 0.313052 0 0
0-2-2-3-0-0-1-1-0-0-1-1-0-0-1 141290 0.11335 0.071026 0 0
0-2-2-3-0-0-1-1-0-0-1-1-0-2-2 248813 0.109317 0.07031 0 0
0-2-2-3-0-0-1-1-0-0-1-1-0-4-3 988117 0.11293 0.071634 0 0
0-2-2-3-0-0-1-1-0-2-2-3-0-0-1 308439 0.107243 0.069967 0 0
0-2-2-3-0-0-1-1-0-2-2-3-0-2-2 408400 0.108221 0.070353 0 0
0-2-2-3-0-0-1-1-0-2-2-3-0-4-3 1496081 0.108198 0.071169 0 0
0-2-2-3-0-0-1-1-0-4-3-5-0-0-1 2694129 0.121868 0.074621 0 0
0-2-2-3-0-0-1-1-0-4-3-5-0-2-2 2646121 0.124374 0.078132 0 0
0-2-2-3-0-0-1-1-0-4-3-5-0-4-3 8091389 0.141911 0.091976 0 0
0-2-2-3-0-2-2-3-0-0-1-1-0-0-1 188377 0.108271 0.069237 0 0
0-2-2-3-0-2-2-3-0-0-1-1-0-2-2 360293 0.108905 0.07004 0 0
0-2-2-3-0-2-2-3-0-0-1-1-0-4-3 1307204 0.105098 0.069495 0 0
0-2-2-3-0-2-2-3-0-2-2-3-0-0-1 229664 0.102167 0.069038 0 0
0-2-2-3-0-2-2-3-0-2-2-3-0-2-2 266338 0.107277 0.069109 0 0
0-2-2-3-0-2-2-3-0-2-2-3-0-4-3 939938 0.107022 0.070093 0 0
0-2-2-3-0-2-2-3-0-4-3-5-0-0-1 2195693 0.116388 0.072797 0 0
0-2-2-3-0-2-2-3-0-4-3-5-0-2-2 2187268 0.114007 0.073271 0 0
0-2-2-3-0-2-2-3-0-4-3-5-0-4-3 6348703 0.127466 0.084507 0 0
0-2-2-3-0-4-3-5-0-0-1-1-0-0-1 1687902 0.121155 0.067399 0 0
0-2-2-3-0-4-3-5-0-0-1-1-0-2-2 2663360 0.126816 0.070992 0 0
0-2-2-3-0-4-3-5-0-0-1-1-0-4-3 9085093 0.139199 0.087136 0 0
0-2-2-3-0-4-3-5-0-2-2-3-0-0-1 2056435 0.113657 0.065834 0 0
0-2-2-3-0-4-3-5-0-2-2-3-0-2-2 2515710 0.116298 0.068954 0 0
0-2-2-3-0-4-3-5-0-2-2-3-0-4-3 7520982 0.122653 0.07591 0 0
0-2-2-3-0-4-3-5-0-4-3-5-0-0-1 12653171 0.201591 0.144355 0 0
0-2-2-3-0-4-3-5-0-4-3-5-0-2-2 11922624 0.212581 0.15387 0 0
0-2-2-3-0-4-3-5-0-4-3-5-0-4-3 32665634 0.296347 0.232938 0 0
0-4-3-5-0-0-1-1-0-0-1-1-0-0-1 1332890 0.148267 0.074975 0 0
0-4-3-5-0-0-1-1-0-0-1-1-0-2-2 1824440 0.148045 0.077036 0 0
0-4-3-5-0-0-1-1-0-0-1-1-0-4-3 8148870 0.155735 0.085977 0 0
0-4-3-5-0-0-1-1-0-2-2-3-0-0-1 2318991 0.15374 0.07863 0 0
0-4-3-5-0-0-1-1-0-2-2-3-0-2-2 2995057 0.147954 0.080507 0 0
0-4-3-5-0-0-1-1-0-2-2-3-0-4-3 10139913 0.154052 0.086866 0 0
0-4-3-5-0-0-1-1-0-4-3-5-0-0-1 20205284 0.264854 0.191482 0 0
0-4-3-5-0-0-1-1-0-4-3-5-0-2-2 18159506 0.274474 0.200711 0 0
0-4-3-5-0-0-1-1-0-4-3-5-0-4-3 55175418 0.361156 0.288974 0 0
0-4-3-5-0-2-2-3-0-0-1-1-0-0-1 1578412 0.115227 0.063872 0 0
0-4-3-5-0-2-2-3-0-0-1-1-0-2-2 3093998 0.124929 0.069242 0 0
0-4-3-5-0-2-2-3-0-0-1-1-0-4-3 10491003 0.130113 0.076024 0 0
0-4-3-5-0-2-2-3-0-2-2-3-0-0-1 2036936 0.118675 0.064773 0 0
0-4-3-5-0-2-2-3-0-2-2-3-0-2-2 2350930 0.116027 0.066757 0 0
0-4-3-5-0-2-2-3-0-2-2-3-0-4-3 8004004 0.122057 0.071312 0 0
0-4-3-5-0-2-2-3-0-4-3-5-0-0-1 17189893 0.199182 0.141627 0 0
0-4-3-5-0-2-2-3-0-4-3-5-0-2-2 16400959 0.219809 0.158712 0 0
0-4-3-5-0-2-2-3-0-4-3-5-0-4-3 45773415 0.298484 0.237169 0 0
0-4-3-5-0-4-3-5-0-0-1-1-0-0-1 12258976 0.268201 0.192382 0 0
0-4-3-5-0-4-3-5-0-0-1-1-0-2-2 16161615 0.26783 0.200422 0 0
0-4-3-5-0-4-3-5-0-0-1-1-0-4-3 55174169 0.391045 0.305811 0 0
0-4-3-5-0-4-3-5-0-2-2-3-0-0-1 12037649 0.238472 0.170186 0 0
0-4-3-5-0-4-3-5-0-2-2-3-0-2-2 14812754 0.260477 0.195777 0 0
0-4-3-5-0-4-3-5-0-2-2-3-0-4-3 41179648 0.295012 0.229941 0 0
0-4-3-5-0-4-3-5-0-4-3-5-0-0-1 66854831 0.731892 0.629579 0 0
0-4-3-5-0-4-3-5-0-4-3-5-0-2-2 59130651 0.812319 0.709219 0 0
0-4-3-5-0-4-3-5-0-4-3-5-0-4-3 166867136 1.16295 1.05761 0 0
1-1-0-0-1-1-0-0-1-1-0-0-1-1-0 219989 0.095515 0.052217 0 0
1-1-0-0-1-1-0-0-1-1-0-2-2-3-0 141290 0.095681 0.053094 0 0
1-1-0-0-1-1-0-0-1-1-0-4-3-5-0 1332890 0.102678 0.053643 0 0
1-1-0-0-1-1-0-2-2-3-0-0-1-1-0 254087 0.093308 0.052051 0 0
1-1-0-0-1-1-0-2-2-3-0-2-2-3-0 188377 0.087737 0.051792 0 0
1-1-0-0-1-1-0-2-2-3-0-4-3-5-0 1578412 0.096044 0.054371 0 0
1-1-0-0-1-1-0-4-3-5-0-0-1-1-0 2542069 0.107414 0.057095 0 0
1-1-0-0-1-1-0-4-3-5-0-2-2-3-0 1687902 0.101883 0.056472 0 0
1-1-0-0-1-1-0-4-3-5-0-4-3-5-0 12258976 0.145166 0.086421 0 0
1-1-0-2-2-3-0-0-1-1-0-0-1-1-0 227118 0.087423 0.052354 0 0
1-1-0-2-2-3-0-0-1-1-0-2-2-3-0 308439 0.085594 0.052806 0 0
1-1-0-2-2-3-0-0-1-1-0-4-3-5-0 2318991 0.096696 0.055794 0 0
1-1-0-2-2-3-0-2-2-3-0-0-1-1-0 312856 0.088767 0.052798 0 0
1-1-0-2-2-3-0-2-2-3-0-2-2-3-0 229664 0.084457 0.051832 0 0
1-1-0-2-2-3-0-2-2-3-0-4-3-5-0 2036936 0.094091 0.054428 0 0
1-1-0-2-2-3-0-4-3-5-0-0-1-1-0 2736848 0.103579 0.05659 0 0
1-1-0-2-2-3-0-4-3-5-0-2-2-3-0 2056435 0.095553 0.055423 0 0
1-1-0-2-2-3-0-4-3-5-0-4-3-5-0 12037649 0.129214 0.081546 0 0
1-1-0-4-3-5-0-0-1-1-0-0-1-1-0 2382824 0.114411 0.059995 0 0
1-1-0-4-3-5-0-0-1-1-0-2-2-3-0 2694129 0.11069 0.059776 0 0
1-1-0-4-3-5-0-0-1-1-0-4-3-5-0 20205284 0.164219 0.107301 0 0
1-1-0-4-3-5-0-2-2-3-0-0-1-1-0 3006235 0.105132 0.056254 0 0
1-1-0-4-3-5-0-2-2-3-0-2-2-3-0 2195693 0.101566 0.057378 0 0
1-1-0-4-3-5-0-2-2-3-0-4-3-5-0 17189893 0.138992 0.088213 0 0
1-1-0-4-3-5-0-4-3-5-0-0-1-1-0 19536812 0.178548 0.120879 0 0
1-1-0-4-3-5-0-4-3-5-0-2-2-3-0 12653171 0.181017 0.121218 0 0
1-1-0-4-3-5-0-4-3-5-0-4-3-5-0 66854831 0.37883 0.318538 0 0
2-3-0-0-1-1-0-0-1-1-0-0-1-1-0 166498 0.059077 0.02479 0 0
2-3-0-0-1-1-0-0-1-1-0-2-2-3-0 248813 0.054207 0.025232 0 0
2-3-0-0-1-1-0-0-1-1-0-4-3-5-0 1824440 0.064578 0.028122 0 0
2-3-0-0-1-1-0-2-2-3-0-0-1-1-0 455112 0.055938 0.025579 0 0
2-3-0-0-1-1-0-2-2-3-0-2-2-3-0 360293 0.053402 0.025485 0 0
2-3-0-0-1-1-0-2-2-3-0-4-3-5-0 3093998 0.065948 0.029735 0 0
2-3-0-0-1-1-0-4-3-5-0-0-1-1-0 3581853 0.07021 0.03317 0 0
2-3-0-0-1-1-0-4-3-5-0-2-2-3-0 2663360 0.0674 0.032887 0 0
2-3-0-0-1-1-0-4-3-5-0-4-3-5-0 16161615 0.107342 0.066745 0 0
2-3-0-2-2-3-0-0-1-1-0-0-1-1-0 269113 0.055827 0.025317 0 0
2-3-0-2-2-3-0-0-1-1-0-2-2-3-0 408400 0.053257 0.025179 0 0
2-3-0-2-2-3-0-0-1-1-0-4-3-5-0 2995057 0.062036 0.029634 0 0
2-3-0-2-2-3-0-2-2-3-0-0-1-1-0 365222 0.053642 0.025604 0 0
2-3-0-2-2-3-0-2-2-3-0-2-2-3-0 266338 0.048659 0.024687 0 0
2-3-0-2-2-3-0-2-2-3-0-4-3-5-0 2350930 0.059279 0.027621 0 0
2-3-0-2-2-3-0-4-3-5-0-0-1-1-0 3246243 0.066487 0.03098 0 0
2-3-0-2-2-3-0-4-3-5-0-2-2-3-0 2515710 0.064552 0.031249 0 0
2-3-0-2-2-3-0-4-3-5-0-4-3-5-0 14812754 0.098334 0.061207 0 0
2-3-0-4-3-5-0-0-1-1-0-0-1-1-0 2005389 0.074115 0.031726 0 0
2-3-0-4-3-5-0-0-1-1-0-2-2-3-0 2646121 0.06861 0.033042 0 0
2-3-0-4-3-5-0-0-1-1-0-4-3-5-0 18159506 0.11081 0.07057 0 0
2-3-0-4-3-5-0-2-2-3-0-0-1-1-0 2939091 0.068349 0.031316 0 0
2-3-0-4-3-5-0-2-2-3-0-2-2-3-0 2187268 0.064178 0.032761 0 0
2-3-0-4-3-5-0-2-2-3-0-4-3-5-0 16400959 0.099094 0.06139 0 0
2-3-0-4-3-5-0-4-3-5-0-0-1-1-0 17228423 0.123685 0.082239 0 0
2-3-0-4-3-5-0-4-3-5-0-2-2-3-0 11922624 0.125698 0.083195 0 0
2-3-0-4-3-5-0-4-3-5-0-4-3-5-0 59130651 0.294957 0.245923 0 0
3-5-0-0-1-1-0-0-1-1-0-0-1-1-0 1007175 0.176653 0.115404 0 0
3-5-0-0-1-1-0-0-1-1-0-2-2-3-0 988117 0.173076 0.116671 0 0
3-5-0-0-1-1-0-0-1-1-0-4-3-5-0 8148870 0.197316 0.128533 0 0
3-5-0-0-1-1-0-2-2-3-0-0-1-1-0 1862906 0.17889 0.117399 0 0
3-5-0-0-1-1-0-2-2-3-0-2-2-3-0 1307204 0.171227 0.118039 0 0
3-5-0-0-1-1-0-2-2-3-0-4-3-5-0 10491003 0.216065 0.13234 0 0
3-5-0-0-1-1-0-4-3-5-0-0-1-1-0 14250721 0.214905 0.148147 0 0
3-5-0-0-1-1-0-4-3-5-0-2-2-3-0 9085093 0.214612 0.147305 0 0
3-5-0-0-1-1-0-4-3-5-0-4-3-5-0 55174169 0.336457 0.271577 0 0
3-5-0-2-2-3-0-0-1-1-0-0-1-1-0 1056404 0.167122 0.11704 0 0
3-5-0-2-2-3-0-0-1-1-0-2-2-3-0 1496081 0.163699 0.116872 0 0
3-5-0-2-2-3-0-0-1-1-0-4-3-5-0 10139913 0.182536 0.12796 0 0
3-5-0-2-2-3-0-2-2-3-0-0-1-1-0 1393155 0.169007 0.118099 0 0
3-5-0-2-2-3-0-2-2-3-0-2-2-3-0 939938 0.163886 0.118759 0 0
3-5-0-2-2-3-0-2-2-3-0-4-3-5-0 8004004 0.174193 0.125283 0 0
3-5-0-2-2-3-0-4-3-5-0-0-1-1-0 10539120 0.189701 0.131129 0 0
3-5-0-2-2-3-0-4-3-5-0-2-2-3-0 7520982 0.188769 0.132379 0 0
3-5-0-2-2-3-0-4-3-5-0-4-3-5-0 41179648 0.276445 0.219381 0 0
3-5-0-4-3-5-0-0-1-1-0-0-1-1-0 7765304 0.21096 0.139926 0 0
3-5-0-4-3-5-0-0-1-1-0-2-2-3-0 8091389 0.212318 0.141806 0 0
3-5-0-4-3-5-0-0-1-1-0-4-3-5-0 55175418 0.335646 0.265663 0 0
3-5-0-4-3-5-0-2-2-3-0-0-1-1-0 9092310 0.194585 0.130698 0 0
3-5-0-4-3-5-0-2-2-3-0-2-2-3-0 6348703 0.202388 0.137658 0 0
3-5-0-4-3-5-0-2-2-3-0-4-3-5-0 45773415 0.281021 0.217186 0 0
3-5-0-4-3-5-0-4-3-5-0-0-1-1-0 52630265 0.378035 0.293646 0 0
3-5-0-4-3-5-0-4-3-5-0-2-2-3-0 32665634 0.372225 0.284806 0 0
3-5-0-4-3-5-0-4-3-5-0-4-3-5-0 166867136 0.887842 0.797069 0 0
