0-0-1-1-0-0-1-1-0-0-1-1-0 385077 0.069354 0.046813 0 0
0-0-1-1-0-0-1-1-0-2-2-3-0 314630 0.029321 0.017506 0 0
0-0-1-1-0-0-1-1-0-4-3-5-0 2876689 0.043622 0.030309 0 0
0-0-1-1-0-2-2-3-0-0-1-1-0 605877 0.026091 0.015575 0 0
0-0-1-1-0-2-2-3-0-2-2-3-0 428137 0.025266 0.015172 0 0
0-0-1-1-0-2-2-3-0-4-3-5-0 3702635 0.029253 0.017381 0 0
0-0-1-1-0-4-3-5-0-0-1-1-0 5480740 0.0385 0.024948 0 0
0-0-1-1-0-4-3-5-0-2-2-3-0 3633311 0.031772 0.018464 0 0
0-0-1-1-0-4-3-5-0-4-3-5-0 24609554 0.096704 0.08041 0 0
0-2-2-3-0-0-1-1-0-0-1-1-0 314630 0.026731 0.015646 0 0
0-2-2-3-0-0-1-1-0-2-2-3-0 467252 0.024769 0.01549 0 0
0-2-2-3-0-0-1-1-0-4-3-5-0 3373925 0.02889 0.016581 0 0
0-2-2-3-0-2-2-3-0-0-1-1-0 428137 0.02435 0.015455 0 0
0-2-2-3-0-2-2-3-0-2-2-3-0 301270 0.024934 0.015438 0 0
0-2-2-3-0-2-2-3-0-4-3-5-0 2689339 0.025991 0.016234 0 0
0-2-2-3-0-4-3-5-0-0-1-1-0 3633311 0.02775 0.016951 0 0
0-2-2-3-0-4-3-5-0-2-2-3-0 2725374 0.027651 0.016984 0 0
0-2-2-3-0-4-3-5-0-4-3-5-0 16058905 0.036046 0.024133 0 0
0-4-3-5-0-0-1-1-0-0-1-1-0 2876689 0.030419 0.016654 0 0
0-4-3-5-0-0-1-1-0-2-2-3-0 3373925 0.032254 0.016989 0 0
0-4-3-5-0-0-1-1-0-4-3-5-0 26070955 0.062587 0.04726 0 0
0-4-3-5-0-2-2-3-0-0-1-1-0 3702635 0.031798 0.016438 0 0
0-4-3-5-0-2-2-3-0-2-2-3-0 2689339 0.031476 0.016641 0 0
0-4-3-5-0-2-2-3-0-4-3-5-0 21938451 0.049404 0.033932 0 0
0-4-3-5-0-4-3-5-0-0-1-1-0 24609554 0.060324 0.042159 0 0
0-4-3-5-0-4-3-5-0-2-2-3-0 16058905 0.050033 0.031823 0 0
0-4-3-5-0-4-3-5-0-4-3-5-0 86376943 0.404382 0.385672 0 0
1-1-0-0-1-1-0-0-1-1-0-0-1 173807 0.027846 0.014607 0 0
1-1-0-0-1-1-0-0-1-1-0-2-2 78091 0.024911 0.012973 0 0
1-1-0-0-1-1-0-0-1-1-0-4-3 475465 0.0261 0.013666 0 0
1-1-0-0-1-1-0-2-2-3-0-0-1 106572 0.023967 0.012567 0 0
1-1-0-0-1-1-0-2-2-3-0-2-2 112583 0.024263 0.012557 0 0
1-1-0-0-1-1-0-2-2-3-0-4-3 413472 0.022823 0.012886 0 0
1-1-0-0-1-1-0-4-3-5-0-0-1 1039297 0.027991 0.013765 0 0
1-1-0-0-1-1-0-4-3-5-0-2-2 811057 0.026286 0.013701 0 0
1-1-0-0-1-1-0-4-3-5-0-4-3 3251126 0.028126 0.014394 0 0
1-1-0-2-2-3-0-0-1-1-0-0-1 106572 0.021858 0.012435 0 0
1-1-0-2-2-3-0-0-1-1-0-2-2 161109 0.021113 0.012468 0 0
1-1-0-2-2-3-0-0-1-1-0-4-3 618519 0.020808 0.012933 0 0
1-1-0-2-2-3-0-2-2-3-0-0-1 126798 0.020376 0.012201 0 0
1-1-0-2-2-3-0-2-2-3-0-2-2 135529 0.022363 0.012126 0 0
1-1-0-2-2-3-0-2-2-3-0-4-3 492375 0.02059 0.012492 0 0
1-1-0-2-2-3-0-4-3-5-0-0-1 1087723 0.024725 0.013414 0 0
1-1-0-2-2-3-0-4-3-5-0-2-2 1039476 0.023791 0.013446 0 0
1-1-0-2-2-3-0-4-3-5-0-4-3 3229172 0.025908 0.014218 0 0
1-1-0-4-3-5-0-0-1-1-0-0-1 1039297 0.029196 0.013735 0 0
1-1-0-4-3-5-0-0-1-1-0-2-2 1354836 0.030077 0.013815 0 0
1-1-0-4-3-5-0-0-1-1-0-4-3 5607921 0.031694 0.014956 0 0
1-1-0-4-3-5-0-2-2-3-0-0-1 1087723 0.030595 0.013443 0 0
1-1-0-4-3-5-0-2-2-3-0-2-2 1250680 0.028716 0.013656 0 0
1-1-0-4-3-5-0-2-2-3-0-4-3 4149373 0.030188 0.014126 0 0
1-1-0-4-3-5-0-4-3-5-0-0-1 8529188 0.040045 0.021696 0 0
1-1-0-4-3-5-0-4-3-5-0-2-2 7341684 0.039145 0.020948 0 0
1-1-0-4-3-5-0-4-3-5-0-4-3 22903283 0.047051 0.028758 0 0
2-3-0-0-1-1-0-0-1-1-0-0-1 78091 0.018704 0.007345 0 0
2-3-0-0-1-1-0-0-1-1-0-2-2 152128 0.019395 0.007189 0 0
2-3-0-0-1-1-0-0-1-1-0-4-3 451039 0.018716 0.007889 0 0
2-3-0-0-1-1-0-2-2-3-0-0-1 161109 0.020097 0.007141 0 0
2-3-0-0-1-1-0-2-2-3-0-2-2 231730 0.019312 0.007165 0 0
2-3-0-0-1-1-0-2-2-3-0-4-3 728268 0.01849 0.007512 0 0
2-3-0-0-1-1-0-4-3-5-0-0-1 1354836 0.02365 0.008353 0 0
2-3-0-0-1-1-0-4-3-5-0-2-2 1354897 0.022072 0.008423 0 0
2-3-0-0-1-1-0-4-3-5-0-4-3 4173093 0.023349 0.009358 0 0
2-3-0-2-2-3-0-0-1-1-0-0-1 112583 0.016974 0.007263 0 0
2-3-0-2-2-3-0-0-1-1-0-2-2 231730 0.017177 0.007257 0 0
2-3-0-2-2-3-0-0-1-1-0-4-3 708078 0.017017 0.007899 0 0
2-3-0-2-2-3-0-2-2-3-0-0-1 135529 0.016997 0.007165 0 0
2-3-0-2-2-3-0-2-2-3-0-2-2 186363 0.016217 0.007154 0 0
2-3-0-2-2-3-0-2-2-3-0-4-3 524137 0.016369 0.007416 0 0
2-3-0-2-2-3-0-4-3-5-0-0-1 1250680 0.021113 0.008112 0 0
2-3-0-2-2-3-0-4-3-5-0-2-2 1280966 0.019158 0.008258 0 0
2-3-0-2-2-3-0-4-3-5-0-4-3 3699360 0.020244 0.008922 0 0
2-3-0-4-3-5-0-0-1-1-0-0-1 811057 0.023388 0.008126 0 0
2-3-0-4-3-5-0-0-1-1-0-2-2 1354897 0.022514 0.008274 0 0
2-3-0-4-3-5-0-0-1-1-0-4-3 4700966 0.023258 0.009213 0 0
2-3-0-4-3-5-0-2-2-3-0-0-1 1039476 0.022217 0.007999 0 0
2-3-0-4-3-5-0-2-2-3-0-2-2 1280966 0.022352 0.008285 0 0
2-3-0-4-3-5-0-2-2-3-0-4-3 3916148 0.02152 0.008659 0 0
2-3-0-4-3-5-0-4-3-5-0-0-1 7341684 0.028237 0.013318 0 0
2-3-0-4-3-5-0-4-3-5-0-2-2 7062360 0.02985 0.014392 0 0
2-3-0-4-3-5-0-4-3-5-0-4-3 19470406 0.035338 0.020254 0 0
3-5-0-0-1-1-0-0-1-1-0-0-1 475465 0.043979 0.027311 0 0
3-5-0-0-1-1-0-0-1-1-0-2-2 451039 0.042841 0.026994 0 0
3-5-0-0-1-1-0-0-1-1-0-4-3 2958680 0.043122 0.028105 0 0
3-5-0-0-1-1-0-2-2-3-0-0-1 618519 0.043148 0.025434 0 0
3-5-0-0-1-1-0-2-2-3-0-2-2 708078 0.041609 0.025449 0 0
3-5-0-0-1-1-0-2-2-3-0-4-3 2989271 0.041528 0.026291 0 0
3-5-0-0-1-1-0-4-3-5-0-0-1 5607921 0.05155 0.02933 0 0
3-5-0-0-1-1-0-4-3-5-0-2-2 4700966 0.049018 0.029971 0 0
3-5-0-0-1-1-0-4-3-5-0-4-3 18362821 0.054738 0.03447 0 0
3-5-0-2-2-3-0-0-1-1-0-0-1 413472 0.043165 0.02541 0 0
3-5-0-2-2-3-0-0-1-1-0-2-2 728268 0.040377 0.025408 0 0
3-5-0-2-2-3-0-0-1-1-0-4-3 2989271 0.041274 0.026209 0 0
3-5-0-2-2-3-0-2-2-3-0-0-1 492375 0.040513 0.024942 0 0
3-5-0-2-2-3-0-2-2-3-0-2-2 524137 0.040314 0.024739 0 0
3-5-0-2-2-3-0-2-2-3-0-4-3 2170955 0.039411 0.025466 0 0
3-5-0-2-2-3-0-4-3-5-0-0-1 4149373 0.046521 0.027403 0 0
3-5-0-2-2-3-0-4-3-5-0-2-2 3916148 0.042669 0.027563 0 0
3-5-0-2-2-3-0-4-3-5-0-4-3 12675068 0.047787 0.029761 0 0
3-5-0-4-3-5-0-0-1-1-0-0-1 3251126 0.055847 0.028823 0 0
3-5-0-4-3-5-0-0-1-1-0-2-2 4173093 0.05456 0.028814 0 0
3-5-0-4-3-5-0-0-1-1-0-4-3 18362821 0.056482 0.032038 0 0
3-5-0-4-3-5-0-2-2-3-0-0-1 3229172 0.050927 0.028505 0 0
3-5-0-4-3-5-0-2-2-3-0-2-2 3699360 0.05188 0.028343 0 0
3-5-0-4-3-5-0-2-2-3-0-4-3 12675068 0.054106 0.029525 0 0
3-5-0-4-3-5-0-4-3-5-0-0-1 22903283 0.06568 0.042637 0 0
3-5-0-4-3-5-0-4-3-5-0-2-2 19470406 0.082814 0.052458 0 0
3-5-0-4-3-5-0-4-3-5-0-4-3 64565795 0.085296 0.059121 0 0
