0-0-1-1-0-0-1-1-0 335557 0.057353 0.042851 0 0
0-0-1-1-0-2-2-3-0 268471 0.018243 0.011397 0 0
0-0-1-1-0-4-3-5-0 2432007 0.035542 0.026853 0 0
0-2-2-3-0-0-1-1-0 268471 0.016914 0.011193 0 0
0-2-2-3-0-2-2-3-0 190956 0.014799 0.009111 0 0
0-2-2-3-0-4-3-5-0 1621994 0.017342 0.010321 0 0
0-4-3-5-0-0-1-1-0 2432007 0.031487 0.020285 0 0
0-4-3-5-0-2-2-3-0 1621994 0.016867 0.009813 0 0
0-4-3-5-0-4-3-5-0 12688413 0.121249 0.105403 0 0
1-1-0-0-1-1-0-0-1 153801 0.01575 0.007913 0 0
1-1-0-0-1-1-0-2-2 67241 0.013652 0.007535 0 0
1-1-0-0-1-1-0-4-3 396994 0.014149 0.007643 0 0
1-1-0-2-2-3-0-0-1 87814 0.01292 0.007073 0 0
1-1-0-2-2-3-0-2-2 88874 0.01261 0.007047 0 0
1-1-0-2-2-3-0-4-3 331471 0.013373 0.007433 0 0
1-1-0-4-3-5-0-0-1 836840 0.016362 0.00793 0 0
1-1-0-4-3-5-0-2-2 643365 0.016354 0.007877 0 0
1-1-0-4-3-5-0-4-3 2611622 0.017715 0.008789 0 0
2-3-0-0-1-1-0-0-1 67241 0.010957 0.004118 0 0
2-3-0-0-1-1-0-2-2 137950 0.010302 0.004084 0 0
2-3-0-0-1-1-0-4-3 380406 0.010719 0.004118 0 0
2-3-0-2-2-3-0-0-1 88874 0.010692 0.004105 0 0
2-3-0-2-2-3-0-2-2 127045 0.010564 0.004097 0 0
2-3-0-2-2-3-0-4-3 333878 0.01162 0.004729 0 0
2-3-0-4-3-5-0-0-1 643365 0.014865 0.004609 0 0
2-3-0-4-3-5-0-2-2 640634 0.013552 0.004641 0 0
2-3-0-4-3-5-0-4-3 1988788 0.013416 0.005218 0 0
3-5-0-0-1-1-0-0-1 396994 0.024464 0.016116 0 0
3-5-0-0-1-1-0-2-2 380406 0.02451 0.015626 0 0
3-5-0-0-1-1-0-4-3 2529240 0.02525 0.016549 0 0
3-5-0-2-2-3-0-0-1 331471 0.023452 0.015441 0 0
3-5-0-2-2-3-0-2-2 333878 0.022868 0.015033 0 0
3-5-0-2-2-3-0-4-3 1490343 0.024305 0.015867 0 0
3-5-0-4-3-5-0-0-1 2611622 0.031845 0.017607 0 0
3-5-0-4-3-5-0-2-2 1988788 0.030398 0.017667 0 0
3-5-0-4-3-5-0-4-3 8847469 0.057619 0.040112 0 0
