0-0-1-1-0 285299 1.29105 0.031671 1e-06 1.14235
0-2-2-3-0 121022 0.590762 0.005325 0 0.481416
0-4-3-5-0 1015379 1.72878 0.017248 0 1.57997
1-1-0-0-1 136551 1.03686 0.006719 0 0.909306
1-1-0-2-2 53154 0.685846 0.002362 0 0.580532
1-1-0-4-3 315769 0.995569 0.004306 0 0.89132
2-3-0-0-1 53154 0.892499 0.001471 0 0.804214
2-3-0-2-2 88299 0.509285 0.001461 0 0.426696
2-3-0-4-3 178486 0.865174 0.001524 1e-06 0.770627
3-5-0-0-1 315769 1.42911 0.010447 0 1.32056
3-5-0-2-2 178486 1.05426 0.005069 0 0.956152
3-5-0-4-3 1388715 1.29844 0.010967 0 1.18969
