0-0-1-1-0-0-1-1-0 335557 4.55561 0.074551 0 3.93586
0-0-1-1-0-2-2-3-0 268471 2.62198 0.01086 1e-06 2.22202
0-0-1-1-0-4-3-5-0 2432007 5.11134 0.023578 0 4.79511
0-2-2-3-0-0-1-1-0 268471 2.97878 0.008956 0 2.69551
0-2-2-3-0-2-2-3-0 190956 1.6884 0.006099 0 1.4061
0-2-2-3-0-4-3-5-0 1621994 4.04854 0.015256 0 3.73474
0-4-3-5-0-0-1-1-0 2432007 4.03134 0.014814 0 3.71814
0-4-3-5-0-2-2-3-0 1621994 2.89025 0.011965 1e-06 2.58643
0-4-3-5-0-4-3-5-0 12688413 5.25082 0.034494 0 4.90177
1-1-0-0-1-1-0-0-1 153801 3.49472 0.007556 1e-06 3.19263
1-1-0-0-1-1-0-2-2 67241 2.75434 0.007901 0 2.4143
1-1-0-0-1-1-0-4-3 396994 3.3699 0.010286 0 3.03626
1-1-0-2-2-3-0-0-1 87814 2.54755 0.006039 1e-06 2.25381
1-1-0-2-2-3-0-2-2 88874 1.79643 0.00601 0 1.50289
1-1-0-2-2-3-0-4-3 331471 2.32227 0.008118 1e-06 2.0053
1-1-0-4-3-5-0-0-1 836840 4.29748 0.011207 0 3.9616
1-1-0-4-3-5-0-2-2 643365 3.63683 0.010122 1e-06 3.30338
1-1-0-4-3-5-0-4-3 2611622 4.31688 0.008685 0 3.96973
2-3-0-0-1-1-0-0-1 67241 3.42174 0.00412 0 3.09771
2-3-0-0-1-1-0-2-2 137950 2.61499 0.005202 0 2.29842
2-3-0-0-1-1-0-4-3 380406 3.30352 0.005272 1e-06 2.94168
2-3-0-2-2-3-0-0-1 88874 2.46798 0.004001 1e-06 2.14292
2-3-0-2-2-3-0-2-2 127045 1.67899 0.004232 1e-06 1.35918
2-3-0-2-2-3-0-4-3 333878 2.32973 0.007507 2e-06 1.97941
2-3-0-4-3-5-0-0-1 643365 4.17845 0.009749 0 3.81412
2-3-0-4-3-5-0-2-2 640634 3.39778 0.007917 0 3.05117
2-3-0-4-3-5-0-4-3 1988788 3.97792 0.006545 0 3.61152
3-5-0-0-1-1-0-0-1 396994 3.75321 0.010654 1e-06 3.40286
3-5-0-0-1-1-0-2-2 380406 2.99227 0.010129 0 2.64063
3-5-0-0-1-1-0-4-3 2529240 3.63597 0.01528 0 3.25569
3-5-0-2-2-3-0-0-1 331471 3.02716 0.009219 0 2.66919
3-5-0-2-2-3-0-2-2 333878 2.21853 0.009097 0 1.87393
3-5-0-2-2-3-0-4-3 1490343 2.83518 0.013706 1e-06 2.46117
3-5-0-4-3-5-0-0-1 2611622 4.66559 0.015323 0 4.28209
3-5-0-4-3-5-0-2-2 1988788 3.86487 0.013935 1e-06 3.48645
3-5-0-4-3-5-0-4-3 8847469 4.46358 0.024687 1e-06 4.06038
