0-0-1-1-0-0-1 160792 2.25579 0.027318 1e-06 2.0488
0-0-1-1-0-2-2 122977 1.45116 0.0144 0 1.26675
0-0-1-1-0-4-3 719976 2.023 0.02734 0 1.74219
0-2-2-3-0-0-1 98344 1.65325 0.005567 0 1.41748
0-2-2-3-0-2-2 102281 0.970815 0.005005 1e-06 0.815687
0-2-2-3-0-4-3 406341 1.4749 0.010131 1e-06 1.27883
0-4-3-5-0-0-1 904361 2.64181 0.025917 0 2.43155
0-4-3-5-0-2-2 705440 2.19407 0.010381 0 1.99572
0-4-3-5-0-4-3 3004893 2.50367 0.011772 1e-06 2.29717
1-1-0-0-1-1-0 160792 1.79767 0.006127 0 1.61806
1-1-0-2-2-3-0 98344 1.13401 0.004815 0 0.940977
1-1-0-4-3-5-0 904361 2.71355 0.006346 1e-06 2.5192
2-3-0-0-1-1-0 122977 1.76635 0.00298 0 1.59134
2-3-0-2-2-3-0 102281 1.00787 0.002775 0 0.840426
2-3-0-4-3-5-0 705440 2.71739 0.003068 0 2.52582
3-5-0-0-1-1-0 719976 2.31054 0.009846 0 2.11482
3-5-0-2-2-3-0 406341 1.52647 0.008419 1e-06 1.34264
3-5-0-4-3-5-0 3004893 3.22567 0.014997 0 3.01045
