0-0-1-1-0-0-1-1-0-0-1 188528 5.64104 0.03388 1e-06 4.81913
0-0-1-1-0-0-1-1-0-2-2 146148 3.95605 0.017569 1e-06 3.53198
0-0-1-1-0-0-1-1-0-4-3 863044 4.17099 0.014254 0 3.76817
0-0-1-1-0-2-2-3-0-0-1 196108 3.38784 0.009288 1e-06 3.00241
0-0-1-1-0-2-2-3-0-2-2 226712 2.55924 0.009806 1e-06 2.17986
0-0-1-1-0-2-2-3-0-4-3 902647 3.33783 0.01648 1e-06 2.92373
0-0-1-1-0-4-3-5-0-0-1 2034443 5.77236 0.027959 1e-06 5.32149
0-0-1-1-0-4-3-5-0-2-2 1705498 5.0851 0.016315 0 4.55183
0-0-1-1-0-4-3-5-0-4-3 6631528 5.80961 0.022322 0 5.3552
0-2-2-3-0-0-1-1-0-0-1 123077 4.65103 0.007123 1e-06 4.22684
0-2-2-3-0-0-1-1-0-2-2 219503 3.71693 0.009509 1e-06 3.30036
0-2-2-3-0-0-1-1-0-4-3 850321 4.43893 0.010538 0 3.99412
0-2-2-3-0-2-2-3-0-0-1 149919 3.35085 0.0069 1e-06 2.94674
0-2-2-3-0-2-2-3-0-2-2 163876 2.38771 0.007182 1e-06 1.97935
0-2-2-3-0-2-2-3-0-4-3 625402 3.17189 0.009185 1e-06 2.73837
0-2-2-3-0-4-3-5-0-0-1 1369799 5.70905 0.015019 1e-06 5.25945
0-2-2-3-0-4-3-5-0-2-2 1312522 4.87914 0.018265 0 4.40894
0-2-2-3-0-4-3-5-0-4-3 4190131 5.76319 0.015444 1e-06 5.2923
0-4-3-5-0-0-1-1-0-0-1 1139429 6.06397 0.017339 2e-06 5.59507
0-4-3-5-0-0-1-1-0-2-2 1584734 5.20833 0.014953 0 4.74726
0-4-3-5-0-0-1-1-0-4-3 6892753 5.99608 0.01875 2e-06 5.51329
0-4-3-5-0-2-2-3-0-0-1 1261874 5.1131 0.012324 1e-06 4.65314
0-4-3-5-0-2-2-3-0-2-2 1438868 4.00533 0.012243 0 3.54494
0-4-3-5-0-2-2-3-0-4-3 5005518 4.88081 0.013858 1e-06 4.39343
0-4-3-5-0-4-3-5-0-0-1 10335808 7.69956 0.023392 0 7.19913
0-4-3-5-0-4-3-5-0-2-2 8888041 6.57784 0.019374 0 6.06432
0-4-3-5-0-4-3-5-0-4-3 28500286 7.32602 0.072142 1e-06 6.76308
1-1-0-0-1-1-0-0-1-1-0 188528 5.00765 0.009537 0 4.6096
1-1-0-0-1-1-0-2-2-3-0 123077 3.55242 0.009173 1e-06 3.14416
1-1-0-0-1-1-0-4-3-5-0 1139429 6.82634 0.011201 1e-06 6.39862
1-1-0-2-2-3-0-0-1-1-0 196108 4.51854 0.007631 1e-06 4.12601
1-1-0-2-2-3-0-2-2-3-0 149919 2.85799 0.009731 0 2.45589
1-1-0-2-2-3-0-4-3-5-0 1261874 6.20019 0.010063 0 5.7563
1-1-0-4-3-5-0-0-1-1-0 2034443 6.44369 0.015232 0 6.01588
1-1-0-4-3-5-0-2-2-3-0 1369799 4.84476 0.013267 1e-06 4.42293
1-1-0-4-3-5-0-4-3-5-0 10335808 8.05075 0.012925 0 7.61537
2-3-0-0-1-1-0-0-1-1-0 146148 5.25431 0.005516 1e-06 4.85417
2-3-0-0-1-1-0-2-2-3-0 219503 3.64814 0.007375 0 3.25114
2-3-0-0-1-1-0-4-3-5-0 1584734 6.94136 0.00589 1e-06 6.52965
2-3-0-2-2-3-0-0-1-1-0 226712 4.36342 0.005731 1e-06 3.97802
2-3-0-2-2-3-0-2-2-3-0 163876 2.7016 0.005846 1e-06 2.31704
2-3-0-2-2-3-0-4-3-5-0 1438868 5.92614 0.005835 0 5.51442
2-3-0-4-3-5-0-0-1-1-0 1705498 6.18911 0.011368 1e-06 5.77565
2-3-0-4-3-5-0-2-2-3-0 1312522 4.63218 0.010724 0 4.22343
2-3-0-4-3-5-0-4-3-5-0 8888041 7.87575 0.00953 1e-06 7.45381
3-5-0-0-1-1-0-0-1-1-0 863044 5.79741 0.013115 0 5.39223
3-5-0-0-1-1-0-2-2-3-0 850321 4.25304 0.012886 1e-06 3.84557
3-5-0-0-1-1-0-4-3-5-0 6892753 7.55222 0.017404 1e-06 7.12296
3-5-0-2-2-3-0-0-1-1-0 902647 4.9065 0.011132 1e-06 4.50712
3-5-0-2-2-3-0-2-2-3-0 625402 3.29776 0.010644 1e-06 2.90104
3-5-0-2-2-3-0-4-3-5-0 5005518 6.61344 0.013748 0 6.18549
3-5-0-4-3-5-0-0-1-1-0 6631528 6.88333 0.017801 1e-06 6.42834
3-5-0-4-3-5-0-2-2-3-0 4190131 5.13514 0.017381 2e-06 4.69738
3-5-0-4-3-5-0-4-3-5-0 28500286 8.41461 0.043991 1e-06 7.94074
