0-0-1-1-0-0-1-1-0-0-1-1-0-0-1 219989 11.212 0.086773 1e-06 9.70624
0-0-1-1-0-0-1-1-0-0-1-1-0-2-2 166498 7.47545 0.032685 1e-06 6.70514
0-0-1-1-0-0-1-1-0-0-1-1-0-4-3 1007175 8.90974 0.034842 3e-06 7.87383
0-0-1-1-0-0-1-1-0-2-2-3-0-0-1 227118 7.22027 0.023745 1e-06 6.46148
0-0-1-1-0-0-1-1-0-2-2-3-0-2-2 269113 5.26081 0.024245 1e-06 4.54889
0-0-1-1-0-0-1-1-0-2-2-3-0-4-3 1056404 6.35213 0.028454 2e-06 5.60811
0-0-1-1-0-0-1-1-0-4-3-5-0-0-1 2382824 9.60707 0.035175 1e-06 8.85361
0-0-1-1-0-0-1-1-0-4-3-5-0-2-2 2005389 8.96428 0.03603 1e-06 8.22015
0-0-1-1-0-0-1-1-0-4-3-5-0-4-3 7765304 10.6602 0.039673 1e-06 9.90218
0-0-1-1-0-2-2-3-0-0-1-1-0-0-1 254087 8.14981 0.020012 1e-06 7.42685
0-0-1-1-0-2-2-3-0-0-1-1-0-2-2 455112 6.797 0.024966 1e-06 6.06887
0-0-1-1-0-2-2-3-0-0-1-1-0-4-3 1862906 8.18586 0.024656 3e-06 7.46206
0-0-1-1-0-2-2-3-0-2-2-3-0-0-1 312856 6.42223 0.023638 1e-06 5.72637
0-0-1-1-0-2-2-3-0-2-2-3-0-2-2 365222 5.0117 0.021916 1e-06 4.30873
0-0-1-1-0-2-2-3-0-2-2-3-0-4-3 1393155 6.23692 0.029712 1e-06 5.50859
0-0-1-1-0-2-2-3-0-4-3-5-0-0-1 3006235 10.1944 0.031264 1e-06 9.42676
0-0-1-1-0-2-2-3-0-4-3-5-0-2-2 2939091 8.51049 0.034024 1e-06 7.78294
0-0-1-1-0-2-2-3-0-4-3-5-0-4-3 9092310 9.7754 0.037574 1e-06 9.03087
0-0-1-1-0-4-3-5-0-0-1-1-0-0-1 2542069 10.5673 0.039224 1e-06 9.70662
0-0-1-1-0-4-3-5-0-0-1-1-0-2-2 3581853 8.86497 0.035956 0 8.10628
0-0-1-1-0-4-3-5-0-0-1-1-0-4-3 14250721 10.195 0.042568 1e-06 9.42281
0-0-1-1-0-4-3-5-0-2-2-3-0-0-1 2736848 8.65439 0.033665 1e-06 7.9036
0-0-1-1-0-4-3-5-0-2-2-3-0-2-2 3246243 7.35434 0.032194 1e-06 6.60852
0-0-1-1-0-4-3-5-0-2-2-3-0-4-3 10539120 8.65928 0.038355 3e-06 7.85818
0-0-1-1-0-4-3-5-0-4-3-5-0-0-1 19536812 12.4482 0.05803 0 11.5955
0-0-1-1-0-4-3-5-0-4-3-5-0-2-2 17228423 11.1428 0.045066 1e-06 10.3468
0-0-1-1-0-4-3-5-0-4-3-5-0-4-3 52630265 11.8525 0.09947 1e-06 10.9915
0-2-2-3-0-0-1-1-0-0-1-1-0-0-1 141290 9.05369 0.018051 2e-06 8.33951
0-2-2-3-0-0-1-1-0-0-1-1-0-2-2 248813 7.73625 0.025127 1e-06 6.96811
0-2-2-3-0-0-1-1-0-0-1-1-0-4-3 988117 9.3818 0.020131 1e-06 8.66732
0-2-2-3-0-0-1-1-0-2-2-3-0-0-1 308439 8.03168 0.022918 3e-06 7.33217
0-2-2-3-0-0-1-1-0-2-2-3-0-2-2 408400 6.44252 0.023323 1e-06 5.74069
0-2-2-3-0-0-1-1-0-2-2-3-0-4-3 1496081 7.83366 0.027202 3e-06 7.11136
0-2-2-3-0-0-1-1-0-4-3-5-0-0-1 2694129 12.4557 0.031478 0 11.7224
0-2-2-3-0-0-1-1-0-4-3-5-0-2-2 2646121 9.2441 0.032228 0 8.49957
0-2-2-3-0-0-1-1-0-4-3-5-0-4-3 8091389 12.1126 0.032924 1e-06 11.3677
0-2-2-3-0-2-2-3-0-0-1-1-0-0-1 188377 9.25165 0.019457 0 8.53319
0-2-2-3-0-2-2-3-0-0-1-1-0-2-2 360293 7.43935 0.021528 3e-06 6.73035
0-2-2-3-0-2-2-3-0-0-1-1-0-4-3 1307204 8.71354 0.0216 1e-06 7.99057
0-2-2-3-0-2-2-3-0-2-2-3-0-0-1 229664 6.85129 0.019419 1e-06 6.14735
0-2-2-3-0-2-2-3-0-2-2-3-0-2-2 266338 5.07323 0.02106 2e-06 4.35374
0-2-2-3-0-2-2-3-0-2-2-3-0-4-3 939938 6.36374 0.026951 1e-06 5.64343
0-2-2-3-0-2-2-3-0-4-3-5-0-0-1 2195693 10.946 0.028345 0 10.2201
0-2-2-3-0-2-2-3-0-4-3-5-0-2-2 2187268 9.23961 0.029502 1e-06 8.52218
0-2-2-3-0-2-2-3-0-4-3-5-0-4-3 6348703 10.7478 0.031927 1e-06 9.77037
0-2-2-3-0-4-3-5-0-0-1-1-0-0-1 1687902 11.314 0.036461 1e-06 10.5586
0-2-2-3-0-4-3-5-0-0-1-1-0-2-2 2663360 9.81679 0.036464 0 9.08109
0-2-2-3-0-4-3-5-0-0-1-1-0-4-3 9085093 11.2796 0.041687 4e-06 10.5293
0-2-2-3-0-4-3-5-0-2-2-3-0-0-1 2056435 9.27479 0.034174 1e-06 8.55285
0-2-2-3-0-4-3-5-0-2-2-3-0-2-2 2515710 7.93758 0.035016 1e-06 7.20931
0-2-2-3-0-4-3-5-0-2-2-3-0-4-3 7520982 9.48759 0.038101 1e-06 8.726
0-2-2-3-0-4-3-5-0-4-3-5-0-0-1 12653171 13.9492 0.045559 0 13.1949
0-2-2-3-0-4-3-5-0-4-3-5-0-2-2 11922624 12.2674 0.043843 0 11.5102
0-2-2-3-0-4-3-5-0-4-3-5-0-4-3 32665634 13.4788 0.053013 1e-06 12.6919
0-4-3-5-0-0-1-1-0-0-1-1-0-0-1 1332890 11.3622 0.033199 1e-06 10.6429
0-4-3-5-0-0-1-1-0-0-1-1-0-2-2 1824440 9.67222 0.033175 3e-06 8.93442
0-4-3-5-0-0-1-1-0-0-1-1-0-4-3 8148870 11.4193 0.035981 3e-06 10.6703
0-4-3-5-0-0-1-1-0-2-2-3-0-0-1 2318991 9.60932 0.030572 1e-06 8.8876
0-4-3-5-0-0-1-1-0-2-2-3-0-2-2 2995057 7.91254 0.032177 1e-06 7.17386
0-4-3-5-0-0-1-1-0-2-2-3-0-4-3 10139913 9.27814 0.036414 3e-06 8.53379
0-4-3-5-0-0-1-1-0-4-3-5-0-0-1 20205284 13.9092 0.052848 1e-06 13.1226
0-4-3-5-0-0-1-1-0-4-3-5-0-2-2 18159506 12.2602 0.048408 1e-06 11.5019
0-4-3-5-0-0-1-1-0-4-3-5-0-4-3 55175418 13.628 0.055879 1e-06 12.844
0-4-3-5-0-2-2-3-0-0-1-1-0-0-1 1578412 9.85773 0.027247 1e-06 9.12539
0-4-3-5-0-2-2-3-0-0-1-1-0-2-2 3093998 8.49962 0.029914 3e-06 7.78019
0-4-3-5-0-2-2-3-0-0-1-1-0-4-3 10491003 9.98908 0.029002 1e-06 9.24976
0-4-3-5-0-2-2-3-0-2-2-3-0-0-1 2036936 7.5546 0.031171 3e-06 6.80873
0-4-3-5-0-2-2-3-0-2-2-3-0-2-2 2350930 5.85455 0.027398 0 5.13795
0-4-3-5-0-2-2-3-0-2-2-3-0-4-3 8004004 7.31422 0.030212 3e-06 6.59997
0-4-3-5-0-2-2-3-0-4-3-5-0-0-1 17189893 12.0233 0.03834 1e-06 11.2877
0-4-3-5-0-2-2-3-0-4-3-5-0-2-2 16400959 10.6259 0.039142 1e-06 9.87456
0-4-3-5-0-2-2-3-0-4-3-5-0-4-3 45773415 12.7418 0.044571 1e-06 11.4322
0-4-3-5-0-4-3-5-0-0-1-1-0-0-1 12258976 12.6858 0.040542 1e-06 11.9269
0-4-3-5-0-4-3-5-0-0-1-1-0-2-2 16161615 10.8646 0.040486 3e-06 10.1226
0-4-3-5-0-4-3-5-0-0-1-1-0-4-3 55174169 12.3302 0.069336 1e-06 11.5426
0-4-3-5-0-4-3-5-0-2-2-3-0-0-1 12037649 10.5735 0.038322 2e-06 9.82591
0-4-3-5-0-4-3-5-0-2-2-3-0-2-2 14812754 9.31006 0.037042 1e-06 8.56901
0-4-3-5-0-4-3-5-0-2-2-3-0-4-3 41179648 10.55 0.056994 0 9.77425
0-4-3-5-0-4-3-5-0-4-3-5-0-0-1 66854831 15.141 0.092065 1e-06 14.2199
0-4-3-5-0-4-3-5-0-4-3-5-0-2-2 59130651 12.8268 0.066624 2e-06 11.9589
0-4-3-5-0-4-3-5-0-4-3-5-0-4-3 166867136 13.9585 0.196034 2e-06 13.0207
1-1-0-0-1-1-0-0-1-1-0-0-1-1-0 219989 10.5785 0.027812 1e-06 9.67778
1-1-0-0-1-1-0-0-1-1-0-2-2-3-0 141290 8.0271 0.02419 1e-06 7.32524
1-1-0-0-1-1-0-0-1-1-0-4-3-5-0 1332890 13.1286 0.026176 2e-06 12.3886
1-1-0-0-1-1-0-2-2-3-0-0-1-1-0 254087 9.06654 0.021166 1e-06 8.29554
1-1-0-0-1-1-0-2-2-3-0-2-2-3-0 188377 6.36475 0.020809 1e-06 5.63688
1-1-0-0-1-1-0-2-2-3-0-4-3-5-0 1578412 10.841 0.025792 1e-06 10.1417
1-1-0-0-1-1-0-4-3-5-0-0-1-1-0 2542069 11.3297 0.033321 1e-06 10.6453
1-1-0-0-1-1-0-4-3-5-0-2-2-3-0 1687902 9.46698 0.031386 1e-06 8.74954
1-1-0-0-1-1-0-4-3-5-0-4-3-5-0 12258976 14.7607 0.033559 1e-06 13.9984
1-1-0-2-2-3-0-0-1-1-0-0-1-1-0 227118 9.57192 0.01727 1e-06 8.87288
1-1-0-2-2-3-0-0-1-1-0-2-2-3-0 308439 7.14401 0.023124 0 6.42265
1-1-0-2-2-3-0-0-1-1-0-4-3-5-0 2318991 11.5727 0.022525 1e-06 10.8493
1-1-0-2-2-3-0-2-2-3-0-0-1-1-0 312856 7.49677 0.020069 1e-06 6.80772
1-1-0-2-2-3-0-2-2-3-0-2-2-3-0 229664 5.26233 0.019124 1e-06 4.56938
1-1-0-2-2-3-0-2-2-3-0-4-3-5-0 2036936 10.482 0.024326 1e-06 9.75505
1-1-0-2-2-3-0-4-3-5-0-0-1-1-0 2736848 11.4891 0.033641 1e-06 10.7545
1-1-0-2-2-3-0-4-3-5-0-2-2-3-0 2056435 8.87134 0.031643 1e-06 8.14785
1-1-0-2-2-3-0-4-3-5-0-4-3-5-0 12037649 13.6992 0.033047 1e-06 12.951
1-1-0-4-3-5-0-0-1-1-0-0-1-1-0 2382824 11.4691 0.033147 1e-06 10.6904
1-1-0-4-3-5-0-0-1-1-0-2-2-3-0 2694129 9.00783 0.03232 0 8.26954
1-1-0-4-3-5-0-0-1-1-0-4-3-5-0 20205284 13.9565 0.044603 1e-06 13.1819
1-1-0-4-3-5-0-2-2-3-0-0-1-1-0 3006235 9.91056 0.028958 1e-06 9.14376
1-1-0-4-3-5-0-2-2-3-0-2-2-3-0 2195693 7.23843 0.027594 0 6.5058
1-1-0-4-3-5-0-2-2-3-0-4-3-5-0 17189893 12.1957 0.032265 1e-06 11.4491
1-1-0-4-3-5-0-4-3-5-0-0-1-1-0 19536812 13.0077 0.040457 1e-06 12.2485
1-1-0-4-3-5-0-4-3-5-0-2-2-3-0 12653171 10.8164 0.038198 1e-06 10.0635
1-1-0-4-3-5-0-4-3-5-0-4-3-5-0 66854831 15.6195 0.065187 1e-06 14.8077
2-3-0-0-1-1-0-0-1-1-0-0-1-1-0 166498 10.382 0.013334 1e-06 9.62981
2-3-0-0-1-1-0-0-1-1-0-2-2-3-0 248813 7.85505 0.016613 1e-06 7.13173
2-3-0-0-1-1-0-0-1-1-0-4-3-5-0 1824440 12.7382 0.016556 1e-06 11.9742
2-3-0-0-1-1-0-2-2-3-0-0-1-1-0 455112 8.62686 0.0181 1e-06 7.91995
2-3-0-0-1-1-0-2-2-3-0-2-2-3-0 360293 6.15512 0.021855 1e-06 5.40369
2-3-0-0-1-1-0-2-2-3-0-4-3-5-0 3093998 11.0143 0.016015 1e-06 10.292
2-3-0-0-1-1-0-4-3-5-0-0-1-1-0 3581853 12.1189 0.026129 1e-06 11.3852
2-3-0-0-1-1-0-4-3-5-0-2-2-3-0 2663360 9.57333 0.023401 0 8.84922
2-3-0-0-1-1-0-4-3-5-0-4-3-5-0 16161615 14.409 0.026505 1e-06 13.6491
2-3-0-2-2-3-0-0-1-1-0-0-1-1-0 269113 9.31672 0.013504 1e-06 8.61462
2-3-0-2-2-3-0-0-1-1-0-2-2-3-0 408400 6.89135 0.01726 1e-06 6.183
2-3-0-2-2-3-0-0-1-1-0-4-3-5-0 2995057 11.9561 0.017212 1e-06 11.2018
2-3-0-2-2-3-0-2-2-3-0-0-1-1-0 365222 7.67856 0.013753 1e-06 6.98069
2-3-0-2-2-3-0-2-2-3-0-2-2-3-0 266338 5.05917 0.013411 1e-06 4.36861
2-3-0-2-2-3-0-2-2-3-0-4-3-5-0 2350930 10.2389 0.014013 1e-06 9.52477
2-3-0-2-2-3-0-4-3-5-0-0-1-1-0 3246243 11.4574 0.025755 1e-06 10.6943
2-3-0-2-2-3-0-4-3-5-0-2-2-3-0 2515710 8.64436 0.024002 1e-06 7.90999
2-3-0-2-2-3-0-4-3-5-0-4-3-5-0 14812754 10.947 0.024651 1e-06 10.2176
2-3-0-4-3-5-0-0-1-1-0-0-1-1-0 2005389 9.0286 0.02847 1e-06 8.29933
2-3-0-4-3-5-0-0-1-1-0-2-2-3-0 2646121 6.97815 0.027373 1e-06 6.25616
2-3-0-4-3-5-0-0-1-1-0-4-3-5-0 18159506 11.0917 0.030399 2e-06 10.3487
2-3-0-4-3-5-0-2-2-3-0-0-1-1-0 2939091 7.87237 0.024843 1e-06 7.15366
2-3-0-4-3-5-0-2-2-3-0-2-2-3-0 2187268 5.96315 0.023259 1e-06 5.25285
2-3-0-4-3-5-0-2-2-3-0-4-3-5-0 16400959 9.86503 0.02609 1e-06 9.13284
2-3-0-4-3-5-0-4-3-5-0-0-1-1-0 17228423 10.5254 0.0343 1e-06 9.78305
2-3-0-4-3-5-0-4-3-5-0-2-2-3-0 11922624 8.5699 0.030495 1e-06 7.83214
2-3-0-4-3-5-0-4-3-5-0-4-3-5-0 59130651 12.4122 0.052119 1e-06 11.6353
3-5-0-0-1-1-0-0-1-1-0-0-1-1-0 1007175 8.62465 0.03236 1e-06 7.90845
3-5-0-0-1-1-0-0-1-1-0-2-2-3-0 988117 6.86625 0.031211 1e-06 6.14553
3-5-0-0-1-1-0-0-1-1-0-4-3-5-0 8148870 10.9391 0.040605 1e-06 10.1961
3-5-0-0-1-1-0-2-2-3-0-0-1-1-0 1862906 7.55102 0.028203 1e-06 6.83986
3-5-0-0-1-1-0-2-2-3-0-2-2-3-0 1307204 5.53948 0.032367 1e-06 4.78336
3-5-0-0-1-1-0-2-2-3-0-4-3-5-0 10491003 9.71351 0.033551 1e-06 8.98528
3-5-0-0-1-1-0-4-3-5-0-0-1-1-0 14250721 10.6071 0.048232 1e-06 9.85034
3-5-0-0-1-1-0-4-3-5-0-2-2-3-0 9085093 8.48415 0.04571 1e-06 7.73084
3-5-0-0-1-1-0-4-3-5-0-4-3-5-0 55174169 12.4646 0.066301 0 11.6563
3-5-0-2-2-3-0-0-1-1-0-0-1-1-0 1056404 8.24211 0.023977 1e-06 7.50333
3-5-0-2-2-3-0-0-1-1-0-2-2-3-0 1496081 6.31328 0.032082 0 5.56138
3-5-0-2-2-3-0-0-1-1-0-4-3-5-0 10139913 10.4072 0.035862 1e-06 9.67163
3-5-0-2-2-3-0-2-2-3-0-0-1-1-0 1393155 6.87369 0.024473 1e-06 6.16989
3-5-0-2-2-3-0-2-2-3-0-2-2-3-0 939938 4.78816 0.028092 1e-06 4.08752
3-5-0-2-2-3-0-2-2-3-0-4-3-5-0 8004004 8.52757 0.033762 1e-06 7.84644
3-5-0-2-2-3-0-4-3-5-0-0-1-1-0 10539120 9.29976 0.041607 1e-06 8.5465
3-5-0-2-2-3-0-4-3-5-0-2-2-3-0 7520982 7.45409 0.045727 1e-06 6.71643
3-5-0-2-2-3-0-4-3-5-0-4-3-5-0 41179648 11.729 0.066706 1e-06 10.9213
3-5-0-4-3-5-0-0-1-1-0-0-1-1-0 7765304 9.56241 0.040928 1e-06 8.81369
3-5-0-4-3-5-0-0-1-1-0-2-2-3-0 8091389 7.56024 0.045953 1e-06 6.80104
3-5-0-4-3-5-0-0-1-1-0-4-3-5-0 55175418 11.2629 0.06594 1e-06 10.4573
3-5-0-4-3-5-0-2-2-3-0-0-1-1-0 9092310 7.96534 0.036345 1e-06 7.1982
3-5-0-4-3-5-0-2-2-3-0-2-2-3-0 6348703 6.01442 0.033353 1e-06 5.28603
3-5-0-4-3-5-0-2-2-3-0-4-3-5-0 45773415 10.7073 0.060905 1e-06 9.98255
3-5-0-4-3-5-0-4-3-5-0-0-1-1-0 52630265 11.2262 0.063594 1e-06 10.4238
3-5-0-4-3-5-0-4-3-5-0-2-2-3-0 32665634 8.54355 0.055545 0 7.79698
3-5-0-4-3-5-0-4-3-5-0-4-3-5-0 166867136 11.9719 0.176135 1e-06 11.0556
