0-0-1-1-0-0-1-1-0-0-1-1-0-0-1 219989 11.1171 0.065435 2e-06 10.1666
0-0-1-1-0-0-1-1-0-0-1-1-0-2-2 166498 9.78052 0.060898 1e-06 8.86536
0-0-1-1-0-0-1-1-0-0-1-1-0-4-3 1007175 11.4358 0.063178 2e-06 10.5803
0-0-1-1-0-0-1-1-0-2-2-3-0-0-1 227118 9.73551 0.053054 3e-06 8.92003
0-0-1-1-0-0-1-1-0-2-2-3-0-2-2 269113 7.59419 0.050384 0 6.84178
0-0-1-1-0-0-1-1-0-2-2-3-0-4-3 1056404 9.64223 0.059423 1e-06 8.75748
0-0-1-1-0-0-1-1-0-4-3-5-0-0-1 2382824 12.4898 0.078776 1e-06 11.6457
0-0-1-1-0-0-1-1-0-4-3-5-0-2-2 2005389 13.0372 0.07144 1e-06 12.1839
0-0-1-1-0-0-1-1-0-4-3-5-0-4-3 7765304 14.8132 0.086495 1e-06 13.9765
0-0-1-1-0-2-2-3-0-0-1-1-0-0-1 254087 11.2664 0.043409 0 10.4588
0-0-1-1-0-2-2-3-0-0-1-1-0-2-2 455112 9.47047 0.051956 1e-06 8.71436
0-0-1-1-0-2-2-3-0-0-1-1-0-4-3 1862906 11.608 0.052714 1e-06 10.8146
0-0-1-1-0-2-2-3-0-2-2-3-0-0-1 312856 8.96117 0.047572 1e-06 8.10593
0-0-1-1-0-2-2-3-0-2-2-3-0-2-2 365222 6.81457 0.046188 1e-06 6.02665
0-0-1-1-0-2-2-3-0-2-2-3-0-4-3 1393155 8.99607 0.048831 1e-06 8.23216
0-0-1-1-0-2-2-3-0-4-3-5-0-0-1 3006235 12.9629 0.055899 1e-06 12.1918
0-0-1-1-0-2-2-3-0-4-3-5-0-2-2 2939091 10.6648 0.044643 1e-06 9.82898
0-0-1-1-0-2-2-3-0-4-3-5-0-4-3 9092310 10.7623 0.069261 1e-06 10.0341
0-0-1-1-0-4-3-5-0-0-1-1-0-0-1 2542069 12.3421 0.064439 1e-06 11.5793
0-0-1-1-0-4-3-5-0-0-1-1-0-2-2 3581853 9.51427 0.0549 3e-06 8.77486
0-0-1-1-0-4-3-5-0-0-1-1-0-4-3 14250721 10.5836 0.081845 4e-06 9.80629
0-0-1-1-0-4-3-5-0-2-2-3-0-0-1 2736848 8.53237 0.045879 1e-06 7.83743
0-0-1-1-0-4-3-5-0-2-2-3-0-2-2 3246243 6.49291 0.043437 0 5.84142
0-0-1-1-0-4-3-5-0-2-2-3-0-4-3 10539120 8.21781 0.05714 1e-06 7.54626
0-0-1-1-0-4-3-5-0-4-3-5-0-0-1 19536812 10.7821 0.07714 1e-06 10.0658
0-0-1-1-0-4-3-5-0-4-3-5-0-2-2 17228423 9.61763 0.069053 1e-06 8.92084
0-0-1-1-0-4-3-5-0-4-3-5-0-4-3 52630265 11.2886 0.182157 2e-06 9.96597
0-2-2-3-0-0-1-1-0-0-1-1-0-0-1 141290 7.61024 0.016871 1e-06 7.00488
0-2-2-3-0-0-1-1-0-0-1-1-0-2-2 248813 6.48888 0.027556 1e-06 5.8696
0-2-2-3-0-0-1-1-0-0-1-1-0-4-3 988117 9.19695 0.033338 2e-06 8.39317
0-2-2-3-0-0-1-1-0-2-2-3-0-0-1 308439 7.25293 0.041816 2e-06 6.44603
0-2-2-3-0-0-1-1-0-2-2-3-0-2-2 408400 5.84006 0.039302 1e-06 5.03429
0-2-2-3-0-0-1-1-0-2-2-3-0-4-3 1496081 7.57879 0.04574 1e-06 6.76288
0-2-2-3-0-0-1-1-0-4-3-5-0-0-1 2694129 11.0831 0.057116 0 10.242
0-2-2-3-0-0-1-1-0-4-3-5-0-2-2 2646121 9.718 0.052882 0 8.88915
0-2-2-3-0-0-1-1-0-4-3-5-0-4-3 8091389 11.0327 0.048005 2e-06 10.3158
0-2-2-3-0-2-2-3-0-0-1-1-0-0-1 188377 8.59005 0.03472 1e-06 7.61309
0-2-2-3-0-2-2-3-0-0-1-1-0-2-2 360293 6.13714 0.025085 1e-06 5.52419
0-2-2-3-0-2-2-3-0-0-1-1-0-4-3 1307204 7.21247 0.022486 1e-06 6.60256
0-2-2-3-0-2-2-3-0-2-2-3-0-0-1 229664 6.15007 0.035619 1.9e-05 5.47642
0-2-2-3-0-2-2-3-0-2-2-3-0-2-2 266338 4.40928 0.033671 1e-06 3.75752
0-2-2-3-0-2-2-3-0-2-2-3-0-4-3 939938 6.14913 0.039485 1e-06 5.48053
0-2-2-3-0-2-2-3-0-4-3-5-0-0-1 2195693 9.86063 0.046816 1e-06 9.14913
0-2-2-3-0-2-2-3-0-4-3-5-0-2-2 2187268 8.4979 0.053382 2e-06 7.76864
0-2-2-3-0-2-2-3-0-4-3-5-0-4-3 6348703 9.84279 0.061726 2e-06 9.13416
0-2-2-3-0-4-3-5-0-0-1-1-0-0-1 1687902 10.2141 0.059791 0 9.46404
0-2-2-3-0-4-3-5-0-0-1-1-0-2-2 2663360 9.11385 0.060883 0 8.41188
0-2-2-3-0-4-3-5-0-0-1-1-0-4-3 9085093 10.8784 0.085656 2e-06 10.1229
0-2-2-3-0-4-3-5-0-2-2-3-0-0-1 2056435 8.50143 0.057987 1e-06 7.80234
0-2-2-3-0-4-3-5-0-2-2-3-0-2-2 2515710 6.95367 0.057449 1e-06 6.26059
0-2-2-3-0-4-3-5-0-2-2-3-0-4-3 7520982 8.41309 0.06567 1e-06 7.68813
0-2-2-3-0-4-3-5-0-4-3-5-0-0-1 12653171 11.3444 0.096884 1e-06 10.5618
0-2-2-3-0-4-3-5-0-4-3-5-0-2-2 11922624 10.1109 0.086901 1e-06 9.35748
0-2-2-3-0-4-3-5-0-4-3-5-0-4-3 32665634 11.5928 0.135722 1e-06 10.7724
0-4-3-5-0-0-1-1-0-0-1-1-0-0-1 1332890 9.00722 0.054463 1e-06 8.29415
0-4-3-5-0-0-1-1-0-0-1-1-0-2-2 1824440 7.95438 0.056648 0 7.24197
0-4-3-5-0-0-1-1-0-0-1-1-0-4-3 8148870 10.2385 0.066995 1e-06 9.48348
0-4-3-5-0-0-1-1-0-2-2-3-0-0-1 2318991 8.10999 0.052668 1e-06 7.37916
0-4-3-5-0-0-1-1-0-2-2-3-0-2-2 2995057 6.50504 0.052352 0 5.80095
0-4-3-5-0-0-1-1-0-2-2-3-0-4-3 10139913 8.58175 0.066469 1e-06 7.85782
0-4-3-5-0-0-1-1-0-4-3-5-0-0-1 20205284 12.8415 0.11446 1e-06 12.0438
0-4-3-5-0-0-1-1-0-4-3-5-0-2-2 18159506 11.1413 0.104232 1e-06 10.3533
0-4-3-5-0-0-1-1-0-4-3-5-0-4-3 55175418 13.5902 0.141218 1e-06 12.7402
0-4-3-5-0-2-2-3-0-0-1-1-0-0-1 1578412 8.72819 0.030724 1e-06 8.10165
0-4-3-5-0-2-2-3-0-0-1-1-0-2-2 3093998 7.30619 0.04113 1e-06 6.64245
0-4-3-5-0-2-2-3-0-0-1-1-0-4-3 10491003 8.90052 0.045261 1e-06 8.24142
0-4-3-5-0-2-2-3-0-2-2-3-0-0-1 2036936 6.73671 0.03048 1e-06 6.11432
0-4-3-5-0-2-2-3-0-2-2-3-0-2-2 2350930 5.12748 0.033542 1e-06 4.49848
0-4-3-5-0-2-2-3-0-2-2-3-0-4-3 8004004 6.29612 0.039392 1e-06 5.66748
0-4-3-5-0-2-2-3-0-4-3-5-0-0-1 17189893 9.53531 0.06293 1e-06 8.86579
0-4-3-5-0-2-2-3-0-4-3-5-0-2-2 16400959 8.77186 0.059247 1e-06 8.11116
0-4-3-5-0-2-2-3-0-4-3-5-0-4-3 45773415 9.59087 0.08946 1e-06 8.8918
0-4-3-5-0-4-3-5-0-0-1-1-0-0-1 12258976 10.8301 0.081615 0 10.0225
0-4-3-5-0-4-3-5-0-0-1-1-0-2-2 16161615 9.89498 0.087556 2e-06 9.11626
0-4-3-5-0-4-3-5-0-0-1-1-0-4-3 55174169 11.6688 0.163421 2e-06 10.8118
0-4-3-5-0-4-3-5-0-2-2-3-0-0-1 12037649 9.77352 0.075237 1e-06 9.02229
0-4-3-5-0-4-3-5-0-2-2-3-0-2-2 14812754 8.18118 0.075167 1e-06 7.43405
0-4-3-5-0-4-3-5-0-2-2-3-0-4-3 41179648 9.77834 0.147128 0 8.95772
0-4-3-5-0-4-3-5-0-4-3-5-0-0-1 66854831 13.2048 0.196054 1e-06 12.0486
0-4-3-5-0-4-3-5-0-4-3-5-0-2-2 59130651 10.8565 0.15293 1e-06 10.0362
0-4-3-5-0-4-3-5-0-4-3-5-0-4-3 166867136 11.3825 0.39724 1e-06 10.3228
1-1-0-0-1-1-0-0-1-1-0-0-1-1-0 219989 8.44067 0.042165 1e-06 7.75527
1-1-0-0-1-1-0-0-1-1-0-2-2-3-0 141290 6.65759 0.04115 1e-06 5.96613
1-1-0-0-1-1-0-0-1-1-0-4-3-5-0 1332890 10.9481 0.044257 2e-06 10.1904
1-1-0-0-1-1-0-2-2-3-0-0-1-1-0 254087 7.94915 0.034075 1e-06 7.28074
1-1-0-0-1-1-0-2-2-3-0-2-2-3-0 188377 5.38701 0.03417 1e-06 4.72373
1-1-0-0-1-1-0-2-2-3-0-4-3-5-0 1578412 9.83038 0.044381 1e-06 9.08784
1-1-0-0-1-1-0-4-3-5-0-0-1-1-0 2542069 10.2987 0.056012 2e-06 9.56851
1-1-0-0-1-1-0-4-3-5-0-2-2-3-0 1687902 8.47675 0.054742 0 7.77512
1-1-0-0-1-1-0-4-3-5-0-4-3-5-0 12258976 11.8616 0.069144 1e-06 11.0978
1-1-0-2-2-3-0-0-1-1-0-0-1-1-0 227118 7.89146 0.027941 1e-06 7.2337
1-1-0-2-2-3-0-0-1-1-0-2-2-3-0 308439 6.51729 0.03632 0 5.86259
1-1-0-2-2-3-0-0-1-1-0-4-3-5-0 2318991 10.5885 0.037233 1e-06 9.88613
1-1-0-2-2-3-0-2-2-3-0-0-1-1-0 312856 6.57112 0.032335 1e-06 5.91356
1-1-0-2-2-3-0-2-2-3-0-2-2-3-0 229664 4.90479 0.031206 1e-06 4.25857
1-1-0-2-2-3-0-2-2-3-0-4-3-5-0 2036936 9.98074 0.046299 1e-06 9.28892
1-1-0-2-2-3-0-4-3-5-0-0-1-1-0 2736848 10.7331 0.053843 1e-06 10.0214
1-1-0-2-2-3-0-4-3-5-0-2-2-3-0 2056435 8.52726 0.054532 1e-06 7.8244
1-1-0-2-2-3-0-4-3-5-0-4-3-5-0 12037649 12.9616 0.067962 1e-06 12.2305
1-1-0-4-3-5-0-0-1-1-0-0-1-1-0 2382824 10.4589 0.055568 0 9.71144
1-1-0-4-3-5-0-0-1-1-0-2-2-3-0 2694129 7.90917 0.053222 1e-06 7.19173
1-1-0-4-3-5-0-0-1-1-0-4-3-5-0 20205284 12.6551 0.080817 1e-06 11.8767
1-1-0-4-3-5-0-2-2-3-0-0-1-1-0 3006235 9.00101 0.046667 1e-06 8.30374
1-1-0-4-3-5-0-2-2-3-0-2-2-3-0 2195693 6.56238 0.048116 1e-06 5.85943
1-1-0-4-3-5-0-2-2-3-0-4-3-5-0 17189893 10.6832 0.064961 1e-06 9.94864
1-1-0-4-3-5-0-4-3-5-0-0-1-1-0 19536812 10.7405 0.085232 1e-06 9.9844
1-1-0-4-3-5-0-4-3-5-0-2-2-3-0 12653171 9.09211 0.076944 1e-06 8.34355
1-1-0-4-3-5-0-4-3-5-0-4-3-5-0 66854831 12.954 0.173602 1e-06 12.096
2-3-0-0-1-1-0-0-1-1-0-0-1-1-0 166498 8.06443 0.019891 1e-06 7.41078
2-3-0-0-1-1-0-0-1-1-0-2-2-3-0 248813 6.39879 0.026367 1e-06 5.73812
2-3-0-0-1-1-0-0-1-1-0-4-3-5-0 1824440 10.9046 0.024572 1e-06 10.2003
2-3-0-0-1-1-0-2-2-3-0-0-1-1-0 455112 7.21638 0.02604 0 6.55371
2-3-0-0-1-1-0-2-2-3-0-2-2-3-0 360293 5.02507 0.035129 1e-06 4.37342
2-3-0-0-1-1-0-2-2-3-0-4-3-5-0 3093998 9.57947 0.028022 1e-06 8.91011
2-3-0-0-1-1-0-4-3-5-0-0-1-1-0 3581853 10.0231 0.044364 1e-06 9.31923
2-3-0-0-1-1-0-4-3-5-0-2-2-3-0 2663360 8.04378 0.042199 1e-06 7.35576
2-3-0-0-1-1-0-4-3-5-0-4-3-5-0 16161615 11.9158 0.062914 1e-06 11.1866
2-3-0-2-2-3-0-0-1-1-0-0-1-1-0 269113 7.7463 0.020028 1e-06 7.10099
2-3-0-2-2-3-0-0-1-1-0-2-2-3-0 408400 6.4522 0.027246 1e-06 5.80411
2-3-0-2-2-3-0-0-1-1-0-4-3-5-0 2995057 10.4966 0.025252 1e-06 9.8306
2-3-0-2-2-3-0-2-2-3-0-0-1-1-0 365222 6.38155 0.020139 0 5.74179
2-3-0-2-2-3-0-2-2-3-0-2-2-3-0 266338 4.38074 0.020835 1e-06 3.75088
2-3-0-2-2-3-0-2-2-3-0-4-3-5-0 2350930 8.69151 0.023462 1e-06 8.01055
2-3-0-2-2-3-0-4-3-5-0-0-1-1-0 3246243 9.57758 0.043141 0 8.89153
2-3-0-2-2-3-0-4-3-5-0-2-2-3-0 2515710 7.78805 0.041263 1e-06 7.11282
2-3-0-2-2-3-0-4-3-5-0-4-3-5-0 14812754 11.3679 0.058784 1e-06 10.6421
2-3-0-4-3-5-0-0-1-1-0-0-1-1-0 2005389 9.4781 0.047818 1e-06 8.77368
2-3-0-4-3-5-0-0-1-1-0-2-2-3-0 2646121 7.82545 0.046216 1e-06 7.13342
2-3-0-4-3-5-0-0-1-1-0-4-3-5-0 18159506 12.5227 0.080212 1e-06 11.7636
2-3-0-4-3-5-0-2-2-3-0-0-1-1-0 2939091 8.69766 0.038912 0 8.01439
2-3-0-4-3-5-0-2-2-3-0-2-2-3-0 2187268 6.33674 0.039591 0 5.66224
2-3-0-4-3-5-0-2-2-3-0-4-3-5-0 16400959 11.1986 0.053337 1e-06 10.4888
2-3-0-4-3-5-0-4-3-5-0-0-1-1-0 17228423 11.5139 0.070874 1e-06 10.7582
2-3-0-4-3-5-0-4-3-5-0-2-2-3-0 11922624 9.22032 0.064043 1e-06 8.49832
2-3-0-4-3-5-0-4-3-5-0-4-3-5-0 59130651 13.2819 0.145065 1e-06 12.454
3-5-0-0-1-1-0-0-1-1-0-0-1-1-0 1007175 9.18209 0.051753 2e-06 8.47671
3-5-0-0-1-1-0-0-1-1-0-2-2-3-0 988117 7.26098 0.051733 1e-06 6.56834
3-5-0-0-1-1-0-0-1-1-0-4-3-5-0 8148870 11.9052 0.070915 2e-06 11.1647
3-5-0-0-1-1-0-2-2-3-0-0-1-1-0 1862906 8.23657 0.045182 0 7.5473
3-5-0-0-1-1-0-2-2-3-0-2-2-3-0 1307204 6.60593 0.060388 1e-06 5.91226
3-5-0-0-1-1-0-2-2-3-0-4-3-5-0 10491003 11.3322 0.058452 1e-06 10.6228
3-5-0-0-1-1-0-4-3-5-0-0-1-1-0 14250721 11.7809 0.085636 1e-06 10.9978
3-5-0-0-1-1-0-4-3-5-0-2-2-3-0 9085093 9.49565 0.061581 1e-06 8.76294
3-5-0-0-1-1-0-4-3-5-0-4-3-5-0 55174169 12.9799 0.133692 1e-06 12.1859
3-5-0-2-2-3-0-0-1-1-0-0-1-1-0 1056404 8.37807 0.025176 0 7.76147
3-5-0-2-2-3-0-0-1-1-0-2-2-3-0 1496081 6.34984 0.033521 1e-06 5.72919
3-5-0-2-2-3-0-0-1-1-0-4-3-5-0 10139913 10.858 0.048778 1e-06 10.1608
3-5-0-2-2-3-0-2-2-3-0-0-1-1-0 1393155 7.69549 0.044931 1e-06 7.01163
3-5-0-2-2-3-0-2-2-3-0-2-2-3-0 939938 5.15535 0.044149 1e-06 4.48974
3-5-0-2-2-3-0-2-2-3-0-4-3-5-0 8004004 10.0936 0.056012 1e-06 9.37593
3-5-0-2-2-3-0-4-3-5-0-0-1-1-0 10539120 11.0906 0.067978 1e-06 10.3545
3-5-0-2-2-3-0-4-3-5-0-2-2-3-0 7520982 8.35527 0.045811 1e-06 7.68307
3-5-0-2-2-3-0-4-3-5-0-4-3-5-0 41179648 12.6677 0.128176 1e-06 11.852
3-5-0-4-3-5-0-0-1-1-0-0-1-1-0 7765304 10.3911 0.066502 1e-06 9.65032
3-5-0-4-3-5-0-0-1-1-0-2-2-3-0 8091389 8.36549 0.072932 0 7.63516
3-5-0-4-3-5-0-0-1-1-0-4-3-5-0 55175418 13.0748 0.150399 1e-06 12.2027
3-5-0-4-3-5-0-2-2-3-0-0-1-1-0 9092310 9.62752 0.061262 0 8.8674
3-5-0-4-3-5-0-2-2-3-0-2-2-3-0 6348703 7.22912 0.068458 1e-06 6.48801
3-5-0-4-3-5-0-2-2-3-0-4-3-5-0 45773415 11.5842 0.123186 1e-06 10.7647
3-5-0-4-3-5-0-4-3-5-0-0-1-1-0 52630265 11.7204 0.133212 1e-06 10.8932
3-5-0-4-3-5-0-4-3-5-0-2-2-3-0 32665634 9.6095 0.114539 1e-06 8.78977
3-5-0-4-3-5-0-4-3-5-0-4-3-5-0 166867136 14.2139 0.415309 1e-06 13.0572
