0-0-1-1-0-0-1-1-0-0-1-1-0 385077 8.40445 0.084946 3e-06 7.34372
0-0-1-1-0-0-1-1-0-2-2-3-0 314630 5.37408 0.016472 1e-06 4.80246
0-0-1-1-0-0-1-1-0-4-3-5-0 2876689 9.02536 0.022506 1e-06 8.47411
0-0-1-1-0-2-2-3-0-0-1-1-0 605877 6.19856 0.015704 0 5.6437
0-0-1-1-0-2-2-3-0-2-2-3-0 428137 4.11162 0.010771 1e-06 3.59191
0-0-1-1-0-2-2-3-0-4-3-5-0 3702635 7.96528 0.014752 0 7.40982
0-0-1-1-0-4-3-5-0-0-1-1-0 5480740 8.54783 0.033802 1e-06 7.93873
0-0-1-1-0-4-3-5-0-2-2-3-0 3633311 6.25891 0.02034 1e-06 5.68465
0-0-1-1-0-4-3-5-0-4-3-5-0 24609554 9.63786 0.062954 1e-06 9.00272
0-2-2-3-0-0-1-1-0-0-1-1-0 314630 6.39062 0.008806 1e-06 5.84796
0-2-2-3-0-0-1-1-0-2-2-3-0 467252 4.54289 0.012475 1e-06 3.99954
0-2-2-3-0-0-1-1-0-4-3-5-0 3373925 8.25655 0.012853 1e-06 7.68924
0-2-2-3-0-2-2-3-0-0-1-1-0 428137 5.20233 0.009241 1e-06 4.65527
0-2-2-3-0-2-2-3-0-2-2-3-0 301270 3.41421 0.010354 0 2.87119
0-2-2-3-0-2-2-3-0-4-3-5-0 2689339 7.15393 0.015397 1e-06 6.56891
0-2-2-3-0-4-3-5-0-0-1-1-0 3633311 7.77817 0.024289 1e-06 7.1833
0-2-2-3-0-4-3-5-0-2-2-3-0 2725374 5.8649 0.018833 1e-06 5.28062
0-2-2-3-0-4-3-5-0-4-3-5-0 16058905 9.51343 0.023234 1e-06 8.8971
0-4-3-5-0-0-1-1-0-0-1-1-0 2876689 7.65361 0.017118 1e-06 7.07416
0-4-3-5-0-0-1-1-0-2-2-3-0 3373925 5.82878 0.016495 1e-06 5.255
0-4-3-5-0-0-1-1-0-4-3-5-0 26070955 9.45787 0.03467 1e-06 8.85243
0-4-3-5-0-2-2-3-0-0-1-1-0 3702635 6.49866 0.015124 0 5.91081
0-4-3-5-0-2-2-3-0-2-2-3-0 2689339 4.25841 0.014008 1e-06 3.69724
0-4-3-5-0-2-2-3-0-4-3-5-0 21938451 7.59124 0.02055 1e-06 6.97987
0-4-3-5-0-4-3-5-0-0-1-1-0 24609554 8.10115 0.02648 1e-06 7.49361
0-4-3-5-0-4-3-5-0-2-2-3-0 16058905 6.72297 0.021154 0 6.12485
0-4-3-5-0-4-3-5-0-4-3-5-0 86376943 10.356 0.155851 1e-06 9.59794
1-1-0-0-1-1-0-0-1-1-0-0-1 173807 6.80527 0.012287 1e-06 6.27402
1-1-0-0-1-1-0-0-1-1-0-2-2 78091 5.7853 0.01219 0 5.22889
1-1-0-0-1-1-0-0-1-1-0-4-3 475465 6.66235 0.012803 2e-06 6.114
1-1-0-0-1-1-0-2-2-3-0-0-1 106572 5.44946 0.01066 1e-06 4.91324
1-1-0-0-1-1-0-2-2-3-0-2-2 112583 4.24999 0.010669 1e-06 3.71584
1-1-0-0-1-1-0-2-2-3-0-4-3 413472 5.20979 0.01395 1e-06 4.64974
1-1-0-0-1-1-0-4-3-5-0-0-1 1039297 8.8671 0.016977 1e-06 8.11784
1-1-0-0-1-1-0-4-3-5-0-2-2 811057 7.5635 0.015016 1e-06 6.82854
1-1-0-0-1-1-0-4-3-5-0-4-3 3251126 8.23033 0.01683 1e-06 7.64199
1-1-0-2-2-3-0-0-1-1-0-0-1 106572 5.97881 0.009011 1e-06 5.46393
1-1-0-2-2-3-0-0-1-1-0-2-2 161109 4.91256 0.010612 0 4.38579
1-1-0-2-2-3-0-0-1-1-0-4-3 618519 5.95408 0.011499 1e-06 5.40525
1-1-0-2-2-3-0-2-2-3-0-0-1 126798 4.81099 0.009869 1e-06 4.26559
1-1-0-2-2-3-0-2-2-3-0-2-2 135529 3.60956 0.010603 1e-06 3.0806
1-1-0-2-2-3-0-2-2-3-0-4-3 492375 4.56353 0.013373 1e-06 4.01337
1-1-0-2-2-3-0-4-3-5-0-0-1 1087723 7.89323 0.015282 1e-06 7.34449
1-1-0-2-2-3-0-4-3-5-0-2-2 1039476 6.64406 0.015011 1e-06 6.11193
1-1-0-2-2-3-0-4-3-5-0-4-3 3229172 7.5826 0.017084 0 7.02885
1-1-0-4-3-5-0-0-1-1-0-0-1 1039297 8.01314 0.015981 0 7.46826
1-1-0-4-3-5-0-0-1-1-0-2-2 1354836 6.80329 0.015519 1e-06 6.25845
1-1-0-4-3-5-0-0-1-1-0-4-3 5607921 7.82793 0.019714 1e-06 7.26752
1-1-0-4-3-5-0-2-2-3-0-0-1 1087723 6.62515 0.014337 0 6.09221
1-1-0-4-3-5-0-2-2-3-0-2-2 1250680 5.3923 0.0145 0 4.864
1-1-0-4-3-5-0-2-2-3-0-4-3 4149373 6.32392 0.014711 1e-06 5.78246
1-1-0-4-3-5-0-4-3-5-0-0-1 8529188 9.59333 0.018203 1e-06 9.03962
1-1-0-4-3-5-0-4-3-5-0-2-2 7341684 8.28537 0.017428 1e-06 7.73624
1-1-0-4-3-5-0-4-3-5-0-4-3 22903283 9.27015 0.02336 1e-06 8.67678
2-3-0-0-1-1-0-0-1-1-0-0-1 78091 6.8166 0.006697 1e-06 6.29692
2-3-0-0-1-1-0-0-1-1-0-2-2 152128 5.695 0.007743 2e-06 5.16696
2-3-0-0-1-1-0-0-1-1-0-4-3 451039 6.48362 0.008024 2e-06 5.94557
2-3-0-0-1-1-0-2-2-3-0-0-1 161109 5.3384 0.010348 1e-06 4.80947
2-3-0-0-1-1-0-2-2-3-0-2-2 231730 4.21173 0.009061 0 3.65931
2-3-0-0-1-1-0-2-2-3-0-4-3 728268 4.77724 0.012386 0 4.23192
2-3-0-0-1-1-0-4-3-5-0-0-1 1354836 7.32477 0.012348 2e-06 6.77862
2-3-0-0-1-1-0-4-3-5-0-2-2 1354897 6.31578 0.010504 1e-06 5.78338
2-3-0-0-1-1-0-4-3-5-0-4-3 4173093 6.99754 0.014045 1e-06 6.44622
2-3-0-2-2-3-0-0-1-1-0-0-1 112583 5.85001 0.006554 1e-06 5.33806
2-3-0-2-2-3-0-0-1-1-0-2-2 231730 4.52365 0.007687 1e-06 4.00499
2-3-0-2-2-3-0-0-1-1-0-4-3 708078 5.75858 0.008297 1e-06 5.2164
2-3-0-2-2-3-0-2-2-3-0-0-1 135529 4.56658 0.006809 1e-06 4.03298
2-3-0-2-2-3-0-2-2-3-0-2-2 186363 3.28925 0.006863 1e-06 2.77429
2-3-0-2-2-3-0-2-2-3-0-4-3 524137 4.18816 0.007315 1e-06 3.66567
2-3-0-2-2-3-0-4-3-5-0-0-1 1250680 7.36736 0.011171 1e-06 6.83113
2-3-0-2-2-3-0-4-3-5-0-2-2 1280966 6.49728 0.01077 0 5.96851
2-3-0-2-2-3-0-4-3-5-0-4-3 3699360 7.44762 0.014693 1e-06 6.89339
2-3-0-4-3-5-0-0-1-1-0-0-1 811057 8.14418 0.014641 1e-06 7.53581
2-3-0-4-3-5-0-0-1-1-0-2-2 1354897 6.46914 0.013073 1e-06 5.92849
2-3-0-4-3-5-0-0-1-1-0-4-3 4700966 6.97885 0.01997 1e-06 6.40691
2-3-0-4-3-5-0-2-2-3-0-0-1 1039476 5.91789 0.012014 1e-06 5.39283
2-3-0-4-3-5-0-2-2-3-0-2-2 1280966 4.87302 0.012067 1e-06 4.35023
2-3-0-4-3-5-0-2-2-3-0-4-3 3916148 5.83179 0.011697 1e-06 5.29294
2-3-0-4-3-5-0-4-3-5-0-0-1 7341684 9.07985 0.016508 1e-06 8.52574
2-3-0-4-3-5-0-4-3-5-0-2-2 7062360 8.15009 0.014228 1e-06 7.59469
2-3-0-4-3-5-0-4-3-5-0-4-3 19470406 9.01492 0.01735 1e-06 8.43642
3-5-0-0-1-1-0-0-1-1-0-0-1 475465 7.39381 0.015818 1e-06 6.86205
3-5-0-0-1-1-0-0-1-1-0-2-2 451039 6.22244 0.015211 1e-06 5.68589
3-5-0-0-1-1-0-0-1-1-0-4-3 2958680 7.24168 0.019389 3e-06 6.69367
3-5-0-0-1-1-0-2-2-3-0-0-1 618519 6.00391 0.014074 0 5.47872
3-5-0-0-1-1-0-2-2-3-0-2-2 708078 4.77078 0.014178 1e-06 4.24442
3-5-0-0-1-1-0-2-2-3-0-4-3 2989271 5.79241 0.019539 2e-06 5.24512
3-5-0-0-1-1-0-4-3-5-0-0-1 5607921 9.09386 0.023287 1e-06 8.53871
3-5-0-0-1-1-0-4-3-5-0-2-2 4700966 7.83993 0.022696 1e-06 7.29421
3-5-0-0-1-1-0-4-3-5-0-4-3 18362821 8.61458 0.028502 1e-06 8.04369
3-5-0-2-2-3-0-0-1-1-0-0-1 413472 6.70224 0.012055 1e-06 6.17758
3-5-0-2-2-3-0-0-1-1-0-2-2 728268 5.46998 0.015366 1e-06 4.93588
3-5-0-2-2-3-0-0-1-1-0-4-3 2989271 6.50499 0.017338 2e-06 5.95352
3-5-0-2-2-3-0-2-2-3-0-0-1 492375 4.95254 0.012936 1e-06 4.42704
3-5-0-2-2-3-0-2-2-3-0-2-2 524137 3.78223 0.013547 1e-06 3.25477
3-5-0-2-2-3-0-2-2-3-0-4-3 2170955 4.74191 0.017114 2e-06 4.19825
3-5-0-2-2-3-0-4-3-5-0-0-1 4149373 7.96535 0.020778 1e-06 7.38387
3-5-0-2-2-3-0-4-3-5-0-2-2 3916148 7.04078 0.022198 1e-06 6.48337
3-5-0-2-2-3-0-4-3-5-0-4-3 12675068 7.83669 0.027953 1e-06 7.26432
3-5-0-4-3-5-0-0-1-1-0-0-1 3251126 8.32235 0.020256 0 7.76355
3-5-0-4-3-5-0-0-1-1-0-2-2 4173093 6.27153 0.021913 1e-06 5.72194
3-5-0-4-3-5-0-0-1-1-0-4-3 18362821 7.4294 0.029337 1e-06 6.83039
3-5-0-4-3-5-0-2-2-3-0-0-1 3229172 6.52381 0.018342 1e-06 5.95923
3-5-0-4-3-5-0-2-2-3-0-2-2 3699360 5.57287 0.018612 1e-06 5.01574
3-5-0-4-3-5-0-2-2-3-0-4-3 12675068 6.67496 0.023429 1e-06 6.10117
3-5-0-4-3-5-0-4-3-5-0-0-1 22903283 9.70185 0.030213 1e-06 9.12341
3-5-0-4-3-5-0-4-3-5-0-2-2 19470406 8.82167 0.027064 1e-06 8.24141
3-5-0-4-3-5-0-4-3-5-0-4-3 64565795 9.54775 0.0377 1e-06 8.95071
