0-0-1-1-0 285299 1.3337 0.033091 0 1.17431
0-2-2-3-0 121022 0.654332 0.005151 0 0.540256
0-4-3-5-0 1015379 2.04494 0.01907 0 1.90682
1-1-0-0-1 136551 1.20829 0.002759 0 1.11583
1-1-0-2-2 53154 0.794019 0.002384 0 0.707294
1-1-0-4-3 315769 1.16221 0.002593 0 1.05862
2-3-0-0-1 53154 1.12656 0.001481 0 1.0246
2-3-0-2-2 88299 0.631926 0.001657 1e-06 0.546269
2-3-0-4-3 178486 0.894135 0.001535 0 0.799397
3-5-0-0-1 315769 1.36563 0.008341 1e-06 1.26331
3-5-0-2-2 178486 0.999113 0.006893 0 0.906
3-5-0-4-3 1388715 1.37004 0.010659 1e-06 1.25325
