0-0-1-1-0-0-1-1-0-0-1-1-0-0-1 219989 11.8071 0.091772 1e-06 10.1605
0-0-1-1-0-0-1-1-0-0-1-1-0-2-2 166498 8.1554 0.024486 1e-06 7.3982
0-0-1-1-0-0-1-1-0-0-1-1-0-4-3 1007175 9.05033 0.029267 3e-06 8.31382
0-0-1-1-0-0-1-1-0-2-2-3-0-0-1 227118 7.52524 0.013738 1e-06 6.8087
0-0-1-1-0-0-1-1-0-2-2-3-0-2-2 269113 6.09368 0.01532 1e-06 5.40024
0-0-1-1-0-0-1-1-0-2-2-3-0-4-3 1056404 7.33245 0.019296 1e-06 6.57585
0-0-1-1-0-0-1-1-0-4-3-5-0-0-1 2382824 11.1966 0.026559 1e-06 10.4629
0-0-1-1-0-0-1-1-0-4-3-5-0-2-2 2005389 9.92187 0.027168 1e-06 9.15133
0-0-1-1-0-0-1-1-0-4-3-5-0-4-3 7765304 10.7642 0.025295 1e-06 10.0301
0-0-1-1-0-2-2-3-0-0-1-1-0-0-1 254087 8.29548 0.011985 2e-06 7.58683
0-0-1-1-0-2-2-3-0-0-1-1-0-2-2 455112 6.85683 0.016068 1e-06 6.11167
0-0-1-1-0-2-2-3-0-0-1-1-0-4-3 1862906 7.90395 0.01535 3e-06 7.15342
0-0-1-1-0-2-2-3-0-2-2-3-0-0-1 312856 6.49313 0.014123 1e-06 5.72373
0-0-1-1-0-2-2-3-0-2-2-3-0-2-2 365222 5.1355 0.012906 1e-06 4.41812
0-0-1-1-0-2-2-3-0-2-2-3-0-4-3 1393155 6.27539 0.019872 1e-06 5.48799
0-0-1-1-0-2-2-3-0-4-3-5-0-0-1 3006235 10.4782 0.020461 2e-06 9.73311
0-0-1-1-0-2-2-3-0-4-3-5-0-2-2 2939091 8.94373 0.019909 2e-06 8.20806
0-0-1-1-0-2-2-3-0-4-3-5-0-4-3 9092310 10.113 0.025836 1e-06 9.36337
0-0-1-1-0-4-3-5-0-0-1-1-0-0-1 2542069 10.9707 0.025065 1e-06 10.1813
0-0-1-1-0-4-3-5-0-0-1-1-0-2-2 3581853 9.7083 0.024026 1e-06 8.89316
0-0-1-1-0-4-3-5-0-0-1-1-0-4-3 14250721 10.5846 0.033662 1e-06 9.80176
0-0-1-1-0-4-3-5-0-2-2-3-0-0-1 2736848 9.14809 0.019228 1e-06 8.40306
0-0-1-1-0-4-3-5-0-2-2-3-0-2-2 3246243 7.63454 0.021607 1e-06 6.87418
0-0-1-1-0-4-3-5-0-2-2-3-0-4-3 10539120 8.80334 0.023965 1e-06 8.02567
0-0-1-1-0-4-3-5-0-4-3-5-0-0-1 19536812 12.9435 0.05067 2e-06 12.1194
0-0-1-1-0-4-3-5-0-4-3-5-0-2-2 17228423 11.4039 0.028286 2e-06 10.5941
0-0-1-1-0-4-3-5-0-4-3-5-0-4-3 52630265 12.6076 0.116102 1e-06 11.699
0-2-2-3-0-0-1-1-0-0-1-1-0-0-1 141290 9.25131 0.010235 1e-06 8.51132
0-2-2-3-0-0-1-1-0-0-1-1-0-2-2 248813 7.73459 0.014253 1e-06 7.03029
0-2-2-3-0-0-1-1-0-0-1-1-0-4-3 988117 8.92939 0.012604 1e-06 8.21796
0-2-2-3-0-0-1-1-0-2-2-3-0-0-1 308439 7.41042 0.014718 1e-06 6.70532
0-2-2-3-0-0-1-1-0-2-2-3-0-2-2 408400 5.92636 0.01352 1e-06 5.2419
0-2-2-3-0-0-1-1-0-2-2-3-0-4-3 1496081 7.14253 0.018573 1e-06 6.38809
0-2-2-3-0-0-1-1-0-4-3-5-0-0-1 2694129 11.0965 0.019093 1e-06 10.3835
0-2-2-3-0-0-1-1-0-4-3-5-0-2-2 2646121 9.6649 0.017596 3e-06 8.96395
0-2-2-3-0-0-1-1-0-4-3-5-0-4-3 8091389 10.6407 0.019237 1e-06 9.92865
0-2-2-3-0-2-2-3-0-0-1-1-0-0-1 188377 7.85427 0.011262 1e-06 7.18518
0-2-2-3-0-2-2-3-0-0-1-1-0-2-2 360293 6.51332 0.012496 1e-06 5.83231
0-2-2-3-0-2-2-3-0-0-1-1-0-4-3 1307204 7.6917 0.013179 1e-06 7.00182
0-2-2-3-0-2-2-3-0-2-2-3-0-0-1 229664 6.07211 0.011335 1e-06 5.40953
0-2-2-3-0-2-2-3-0-2-2-3-0-2-2 266338 4.87391 0.01185 3e-06 3.95566
0-2-2-3-0-2-2-3-0-2-2-3-0-4-3 939938 5.89245 0.014112 2e-06 5.18669
0-2-2-3-0-2-2-3-0-4-3-5-0-0-1 2195693 9.84995 0.01581 1e-06 9.15173
0-2-2-3-0-2-2-3-0-4-3-5-0-2-2 2187268 8.38704 0.019241 2e-06 7.68404
0-2-2-3-0-2-2-3-0-4-3-5-0-4-3 6348703 9.51527 0.01974 1e-06 8.80047
0-2-2-3-0-4-3-5-0-0-1-1-0-0-1 1687902 10.5316 0.020455 1e-06 9.82205
0-2-2-3-0-4-3-5-0-0-1-1-0-2-2 2663360 9.11684 0.020329 1e-06 8.41246
0-2-2-3-0-4-3-5-0-0-1-1-0-4-3 9085093 10.197 0.024006 1e-06 9.47952
0-2-2-3-0-4-3-5-0-2-2-3-0-0-1 2056435 8.63424 0.01933 2e-06 7.94904
0-2-2-3-0-4-3-5-0-2-2-3-0-2-2 2515710 7.13284 0.019809 1e-06 6.43145
0-2-2-3-0-4-3-5-0-2-2-3-0-4-3 7520982 8.31087 0.021007 3e-06 7.60023
0-2-2-3-0-4-3-5-0-4-3-5-0-0-1 12653171 12.3617 0.025481 1e-06 11.6437
0-2-2-3-0-4-3-5-0-4-3-5-0-2-2 11922624 10.8762 0.024861 2e-06 10.1636
0-2-2-3-0-4-3-5-0-4-3-5-0-4-3 32665634 11.7549 0.030624 1e-06 11.0154
0-4-3-5-0-0-1-1-0-0-1-1-0-0-1 1332890 10.4292 0.018865 1e-06 9.73948
0-4-3-5-0-0-1-1-0-0-1-1-0-2-2 1824440 8.91965 0.018557 3e-06 8.22441
0-4-3-5-0-0-1-1-0-0-1-1-0-4-3 8148870 10.0243 0.021876 1e-06 9.31774
0-4-3-5-0-0-1-1-0-2-2-3-0-0-1 2318991 8.58198 0.017461 2e-06 7.89275
0-4-3-5-0-0-1-1-0-2-2-3-0-2-2 2995057 7.03755 0.017731 2e-06 6.34482
0-4-3-5-0-0-1-1-0-2-2-3-0-4-3 10139913 8.16924 0.02106 1e-06 7.46608
0-4-3-5-0-0-1-1-0-4-3-5-0-0-1 20205284 12.2932 0.029501 1e-06 11.5726
0-4-3-5-0-0-1-1-0-4-3-5-0-2-2 18159506 10.8688 0.028535 4e-06 10.1561
0-4-3-5-0-0-1-1-0-4-3-5-0-4-3 55175418 11.859 0.040006 1e-06 11.1253
0-4-3-5-0-2-2-3-0-0-1-1-0-0-1 1578412 9.17145 0.014735 1e-06 8.48457
0-4-3-5-0-2-2-3-0-0-1-1-0-2-2 3093998 7.80148 0.020214 1e-06 7.10542
0-4-3-5-0-2-2-3-0-0-1-1-0-4-3 10491003 8.91313 0.021086 1e-06 8.21629
0-4-3-5-0-2-2-3-0-2-2-3-0-0-1 2036936 7.30106 0.017327 1e-06 6.62783
0-4-3-5-0-2-2-3-0-2-2-3-0-2-2 2350930 5.88303 0.015299 1e-06 5.16986
0-4-3-5-0-2-2-3-0-2-2-3-0-4-3 8004004 7.03612 0.017288 1e-06 6.31352
0-4-3-5-0-2-2-3-0-4-3-5-0-0-1 17189893 11.0798 0.023857 1e-06 10.3542
0-4-3-5-0-2-2-3-0-4-3-5-0-2-2 16400959 9.65698 0.021892 2e-06 8.94037
0-4-3-5-0-2-2-3-0-4-3-5-0-4-3 45773415 10.6389 0.024067 2e-06 9.90459
0-4-3-5-0-4-3-5-0-0-1-1-0-0-1 12258976 11.6767 0.022981 1e-06 10.9566
0-4-3-5-0-4-3-5-0-0-1-1-0-2-2 16161615 10.2295 0.022962 1e-06 9.53045
0-4-3-5-0-4-3-5-0-0-1-1-0-4-3 55174169 11.4214 0.050834 1e-06 10.6257
0-4-3-5-0-4-3-5-0-2-2-3-0-0-1 12037649 9.76781 0.021279 1e-06 9.05433
0-4-3-5-0-4-3-5-0-2-2-3-0-2-2 14812754 8.22829 0.021987 2e-06 7.51287
0-4-3-5-0-4-3-5-0-2-2-3-0-4-3 41179648 9.39081 0.033335 1e-06 8.67305
0-4-3-5-0-4-3-5-0-4-3-5-0-0-1 66854831 13.4309 0.071018 1e-06 12.6561
0-4-3-5-0-4-3-5-0-4-3-5-0-2-2 59130651 11.9616 0.039051 2e-06 11.2291
0-4-3-5-0-4-3-5-0-4-3-5-0-4-3 166867136 13.1196 0.21998 1e-06 12.1874
1-1-0-0-1-1-0-0-1-1-0-0-1-1-0 219989 9.23167 0.015359 1e-06 8.54738
1-1-0-0-1-1-0-0-1-1-0-2-2-3-0 141290 7.27369 0.014564 1e-06 6.51955
1-1-0-0-1-1-0-0-1-1-0-4-3-5-0 1332890 11.5855 0.015237 2e-06 10.8553
1-1-0-0-1-1-0-2-2-3-0-0-1-1-0 254087 7.91503 0.012986 2e-06 7.23578
1-1-0-0-1-1-0-2-2-3-0-2-2-3-0 188377 5.59324 0.012371 2e-06 4.92604
1-1-0-0-1-1-0-2-2-3-0-4-3-5-0 1578412 10.1062 0.014819 1e-06 9.40429
1-1-0-0-1-1-0-4-3-5-0-0-1-1-0 2542069 10.9711 0.019002 1e-06 10.2715
1-1-0-0-1-1-0-4-3-5-0-2-2-3-0 1687902 8.75278 0.018155 1e-06 8.06356
1-1-0-0-1-1-0-4-3-5-0-4-3-5-0 12258976 13.1445 0.018821 2e-06 12.3864
1-1-0-2-2-3-0-0-1-1-0-0-1-1-0 227118 8.55797 0.010354 1e-06 7.89019
1-1-0-2-2-3-0-0-1-1-0-2-2-3-0 308439 6.41044 0.013353 1e-06 5.7381
1-1-0-2-2-3-0-0-1-1-0-4-3-5-0 2318991 10.7833 0.013267 1e-06 10.0957
1-1-0-2-2-3-0-2-2-3-0-0-1-1-0 312856 7.12533 0.011536 1e-06 6.46521
1-1-0-2-2-3-0-2-2-3-0-2-2-3-0 229664 4.81853 0.012017 1e-06 4.16166
1-1-0-2-2-3-0-2-2-3-0-4-3-5-0 2036936 9.32968 0.014689 2e-06 8.63826
1-1-0-2-2-3-0-4-3-5-0-0-1-1-0 2736848 10.2582 0.018453 1e-06 9.56167
1-1-0-2-2-3-0-4-3-5-0-2-2-3-0 2056435 7.98879 0.018526 2e-06 7.28432
1-1-0-2-2-3-0-4-3-5-0-4-3-5-0 12037649 12.369 0.020924 1e-06 11.6159
1-1-0-4-3-5-0-0-1-1-0-0-1-1-0 2382824 10.4695 0.018694 1e-06 9.75911
1-1-0-4-3-5-0-0-1-1-0-2-2-3-0 2694129 8.27565 0.018172 1e-06 7.58146
1-1-0-4-3-5-0-0-1-1-0-4-3-5-0 20205284 12.6078 0.024905 2e-06 11.8854
1-1-0-4-3-5-0-2-2-3-0-0-1-1-0 3006235 8.86981 0.016573 1e-06 8.18565
1-1-0-4-3-5-0-2-2-3-0-2-2-3-0 2195693 6.72041 0.016416 2e-06 6.03447
1-1-0-4-3-5-0-2-2-3-0-4-3-5-0 17189893 11.1659 0.019696 1e-06 10.4458
1-1-0-4-3-5-0-4-3-5-0-0-1-1-0 19536812 11.9532 0.024392 1e-06 11.2399
1-1-0-4-3-5-0-4-3-5-0-2-2-3-0 12653171 9.76862 0.022985 2e-06 9.06678
1-1-0-4-3-5-0-4-3-5-0-4-3-5-0 66854831 13.3571 0.037212 1e-06 12.6068
2-3-0-0-1-1-0-0-1-1-0-0-1-1-0 166498 9.29642 0.008408 0 8.59201
2-3-0-0-1-1-0-0-1-1-0-2-2-3-0 248813 7.09212 0.010846 2e-06 6.40506
2-3-0-0-1-1-0-0-1-1-0-4-3-5-0 1824440 11.4169 0.008736 1e-06 10.7253
2-3-0-0-1-1-0-2-2-3-0-0-1-1-0 455112 7.84127 0.010569 3e-06 7.16745
2-3-0-0-1-1-0-2-2-3-0-2-2-3-0 360293 5.59471 0.012811 1e-06 4.92772
2-3-0-0-1-1-0-2-2-3-0-4-3-5-0 3093998 10.0413 0.011697 1e-06 9.34506
2-3-0-0-1-1-0-4-3-5-0-0-1-1-0 3581853 10.9654 0.015935 2e-06 10.2799
2-3-0-0-1-1-0-4-3-5-0-2-2-3-0 2663360 8.64395 0.014041 2e-06 7.96384
2-3-0-0-1-1-0-4-3-5-0-4-3-5-0 16161615 13.0076 0.015573 1e-06 12.3122
2-3-0-2-2-3-0-0-1-1-0-0-1-1-0 269113 8.47791 0.008398 1e-06 7.8223
2-3-0-2-2-3-0-0-1-1-0-2-2-3-0 408400 6.23538 0.010639 1e-06 5.57208
2-3-0-2-2-3-0-0-1-1-0-4-3-5-0 2995057 10.7282 0.00926 1e-06 10.03
2-3-0-2-2-3-0-2-2-3-0-0-1-1-0 365222 6.98107 0.008643 3e-06 6.28844
2-3-0-2-2-3-0-2-2-3-0-2-2-3-0 266338 4.70233 0.008419 1e-06 4.02873
2-3-0-2-2-3-0-2-2-3-0-4-3-5-0 2350930 9.10137 0.008704 2e-06 8.42865
2-3-0-2-2-3-0-4-3-5-0-0-1-1-0 3246243 10.0975 0.014548 1e-06 9.41722
2-3-0-2-2-3-0-4-3-5-0-2-2-3-0 2515710 7.8321 0.014318 1e-06 7.16354
2-3-0-2-2-3-0-4-3-5-0-4-3-5-0 14812754 12.1548 0.014926 1e-06 11.4638
2-3-0-4-3-5-0-0-1-1-0-0-1-1-0 2005389 10.3094 0.016753 0 9.62638
2-3-0-4-3-5-0-0-1-1-0-2-2-3-0 2646121 8.10269 0.016153 1e-06 7.42494
2-3-0-4-3-5-0-0-1-1-0-4-3-5-0 18159506 12.4134 0.022818 1e-06 11.6812
2-3-0-4-3-5-0-2-2-3-0-0-1-1-0 2939091 8.79452 0.016861 1e-06 8.11112
2-3-0-4-3-5-0-2-2-3-0-2-2-3-0 2187268 6.47734 0.013906 2e-06 5.77736
2-3-0-4-3-5-0-2-2-3-0-4-3-5-0 16400959 11.0374 0.015007 1e-06 10.3273
2-3-0-4-3-5-0-4-3-5-0-0-1-1-0 17228423 11.7715 0.019862 1e-06 11.074
2-3-0-4-3-5-0-4-3-5-0-2-2-3-0 11922624 9.60661 0.018427 2e-06 8.91412
2-3-0-4-3-5-0-4-3-5-0-4-3-5-0 59130651 13.8513 0.031376 2e-06 13.1245
3-5-0-0-1-1-0-0-1-1-0-0-1-1-0 1007175 9.76995 0.018301 1e-06 9.07626
3-5-0-0-1-1-0-0-1-1-0-2-2-3-0 988117 7.65176 0.018144 2e-06 6.93992
3-5-0-0-1-1-0-0-1-1-0-4-3-5-0 8148870 11.93 0.023024 1e-06 11.21
3-5-0-0-1-1-0-2-2-3-0-0-1-1-0 1862906 8.32393 0.016556 2e-06 7.63079
3-5-0-0-1-1-0-2-2-3-0-2-2-3-0 1307204 6.14046 0.018649 1e-06 5.45281
3-5-0-0-1-1-0-2-2-3-0-4-3-5-0 10491003 10.5732 0.019492 1e-06 9.87017
3-5-0-0-1-1-0-4-3-5-0-0-1-1-0 14250721 11.4129 0.027011 1e-06 10.6937
3-5-0-0-1-1-0-4-3-5-0-2-2-3-0 9085093 9.09886 0.026242 3e-06 8.38784
3-5-0-0-1-1-0-4-3-5-0-4-3-5-0 55174169 13.4245 0.038288 2e-06 12.6848
3-5-0-2-2-3-0-0-1-1-0-0-1-1-0 1056404 8.9068 0.014026 1e-06 8.23327
3-5-0-2-2-3-0-0-1-1-0-2-2-3-0 1496081 6.83742 0.020371 1e-06 6.13834
3-5-0-2-2-3-0-0-1-1-0-4-3-5-0 10139913 11.1929 0.020848 1e-06 10.4956
3-5-0-2-2-3-0-2-2-3-0-0-1-1-0 1393155 7.49281 0.015813 1e-06 6.82536
3-5-0-2-2-3-0-2-2-3-0-2-2-3-0 939938 5.20495 0.01629 1e-06 4.53626
3-5-0-2-2-3-0-2-2-3-0-4-3-5-0 8004004 9.63236 0.018125 2e-06 8.94345
3-5-0-2-2-3-0-4-3-5-0-0-1-1-0 10539120 10.5322 0.024273 2e-06 9.82867
3-5-0-2-2-3-0-4-3-5-0-2-2-3-0 7520982 8.32595 0.025623 2e-06 7.63065
3-5-0-2-2-3-0-4-3-5-0-4-3-5-0 41179648 12.7775 0.037209 1e-06 12.0416
3-5-0-4-3-5-0-0-1-1-0-0-1-1-0 7765304 10.8074 0.022973 1e-06 10.0937
3-5-0-4-3-5-0-0-1-1-0-2-2-3-0 8091389 8.6602 0.024581 1e-06 7.94521
3-5-0-4-3-5-0-0-1-1-0-4-3-5-0 55175418 13.0845 0.037669 1e-06 12.3071
3-5-0-4-3-5-0-2-2-3-0-0-1-1-0 9092310 9.41531 0.020794 1e-06 8.71154
3-5-0-4-3-5-0-2-2-3-0-2-2-3-0 6348703 7.06849 0.024413 1e-06 6.36615
3-5-0-4-3-5-0-2-2-3-0-4-3-5-0 45773415 11.5851 0.035544 1e-06 10.8389
3-5-0-4-3-5-0-4-3-5-0-0-1-1-0 52630265 12.3927 0.034352 1e-06 11.6514
3-5-0-4-3-5-0-4-3-5-0-2-2-3-0 32665634 10.1707 0.03222 3e-06 9.42234
3-5-0-4-3-5-0-4-3-5-0-4-3-5-0 166867136 14.3418 0.112602 1e-06 13.5084
