0-0-1-1-0-0-1-1-0-0-1-1-0-0-1 219989 11.4321 0.107304 1e-06 9.95719
0-0-1-1-0-0-1-1-0-0-1-1-0-2-2 166498 8.62473 0.045955 3e-06 7.8205
0-0-1-1-0-0-1-1-0-0-1-1-0-4-3 1007175 10.2981 0.05391 8e-06 9.50927
0-0-1-1-0-0-1-1-0-2-2-3-0-0-1 227118 8.45356 0.043228 3e-06 7.72447
0-0-1-1-0-0-1-1-0-2-2-3-0-2-2 269113 6.80771 0.039344 1e-06 6.09677
0-0-1-1-0-0-1-1-0-2-2-3-0-4-3 1056404 8.28827 0.045723 3e-06 7.54486
0-0-1-1-0-0-1-1-0-4-3-5-0-0-1 2382824 10.9326 0.061025 1e-06 10.0894
0-0-1-1-0-0-1-1-0-4-3-5-0-2-2 2005389 10.2003 0.055932 1e-06 9.43559
0-0-1-1-0-0-1-1-0-4-3-5-0-4-3 7765304 10.1281 0.061626 2e-06 9.30608
0-0-1-1-0-2-2-3-0-0-1-1-0-0-1 254087 8.1037 0.032844 1e-06 7.36982
0-0-1-1-0-2-2-3-0-0-1-1-0-2-2 455112 6.9532 0.040308 2e-06 6.21025
0-0-1-1-0-2-2-3-0-0-1-1-0-4-3 1862906 8.17621 0.040803 1e-06 7.31856
0-0-1-1-0-2-2-3-0-2-2-3-0-0-1 312856 6.28397 0.035184 1e-06 5.5893
0-0-1-1-0-2-2-3-0-2-2-3-0-2-2 365222 4.89538 0.033986 1e-06 4.20009
0-0-1-1-0-2-2-3-0-2-2-3-0-4-3 1393155 6.37014 0.046161 3e-06 5.62932
0-0-1-1-0-2-2-3-0-4-3-5-0-0-1 3006235 10.1168 0.049723 1e-06 9.3293
0-0-1-1-0-2-2-3-0-4-3-5-0-2-2 2939091 8.82112 0.056487 1e-06 8.03937
0-0-1-1-0-2-2-3-0-4-3-5-0-4-3 9092310 9.46867 0.06116 1e-06 8.70184
0-0-1-1-0-4-3-5-0-0-1-1-0-0-1 2542069 10.625 0.060602 1e-06 9.86979
0-0-1-1-0-4-3-5-0-0-1-1-0-2-2 3581853 9.88789 0.059076 1e-06 9.14743
0-0-1-1-0-4-3-5-0-0-1-1-0-4-3 14250721 11.7973 0.07538 3e-06 10.9918
0-0-1-1-0-4-3-5-0-2-2-3-0-0-1 2736848 9.62367 0.057256 2e-06 8.81407
0-0-1-1-0-4-3-5-0-2-2-3-0-2-2 3246243 7.83335 0.055511 1e-06 7.06685
0-0-1-1-0-4-3-5-0-2-2-3-0-4-3 10539120 9.42596 0.06287 2e-06 8.62681
0-0-1-1-0-4-3-5-0-4-3-5-0-0-1 19536812 12.7472 0.086724 1e-06 11.9212
0-0-1-1-0-4-3-5-0-4-3-5-0-2-2 17228423 10.3422 0.075997 1e-06 9.50765
0-0-1-1-0-4-3-5-0-4-3-5-0-4-3 52630265 10.8875 0.130387 2e-06 10.0118
0-2-2-3-0-0-1-1-0-0-1-1-0-0-1 141290 8.32282 0.027183 1e-06 7.61281
0-2-2-3-0-0-1-1-0-0-1-1-0-2-2 248813 7.18121 0.039442 3e-06 6.38915
0-2-2-3-0-0-1-1-0-0-1-1-0-4-3 988117 8.36926 0.031742 4e-06 7.67578
0-2-2-3-0-0-1-1-0-2-2-3-0-0-1 308439 6.68762 0.03654 1e-06 5.98276
0-2-2-3-0-0-1-1-0-2-2-3-0-2-2 408400 5.39053 0.038923 1e-06 4.69255
0-2-2-3-0-0-1-1-0-2-2-3-0-4-3 1496081 6.52801 0.043329 3e-06 5.7839
0-2-2-3-0-0-1-1-0-4-3-5-0-0-1 2694129 10.0283 0.050621 0 9.27592
0-2-2-3-0-0-1-1-0-4-3-5-0-2-2 2646121 8.82426 0.04973 1e-06 8.03312
0-2-2-3-0-0-1-1-0-4-3-5-0-4-3 8091389 9.91148 0.054347 1e-06 9.09722
0-2-2-3-0-2-2-3-0-0-1-1-0-0-1 188377 7.05265 0.030148 1e-06 6.35076
0-2-2-3-0-2-2-3-0-0-1-1-0-2-2 360293 5.90464 0.034334 1e-06 5.19044
0-2-2-3-0-2-2-3-0-0-1-1-0-4-3 1307204 7.56166 0.039285 1e-06 6.79885
0-2-2-3-0-2-2-3-0-2-2-3-0-0-1 229664 5.74797 0.031683 1e-06 5.02766
0-2-2-3-0-2-2-3-0-2-2-3-0-2-2 266338 4.35768 0.031504 1e-06 3.65967
0-2-2-3-0-2-2-3-0-2-2-3-0-4-3 939938 5.87852 0.038345 4e-06 5.15951
0-2-2-3-0-2-2-3-0-4-3-5-0-0-1 2195693 10.205 0.046096 1e-06 9.45773
0-2-2-3-0-2-2-3-0-4-3-5-0-2-2 2187268 8.75059 0.048649 1e-06 8.01667
0-2-2-3-0-2-2-3-0-4-3-5-0-4-3 6348703 10.5341 0.053276 1e-06 9.76911
0-2-2-3-0-4-3-5-0-0-1-1-0-0-1 1687902 11.6984 0.05955 1e-06 10.8982
0-2-2-3-0-4-3-5-0-0-1-1-0-2-2 2663360 9.35774 0.058621 1e-06 8.60034
0-2-2-3-0-4-3-5-0-0-1-1-0-4-3 9085093 10.5208 0.068934 3e-06 9.74476
0-2-2-3-0-4-3-5-0-2-2-3-0-0-1 2056435 8.73134 0.057649 0 7.9804
0-2-2-3-0-4-3-5-0-2-2-3-0-2-2 2515710 7.43035 0.055308 0 6.68918
0-2-2-3-0-4-3-5-0-2-2-3-0-4-3 7520982 8.932 0.059843 3e-06 8.16883
0-2-2-3-0-4-3-5-0-4-3-5-0-0-1 12653171 12.6326 0.076701 1e-06 11.8367
0-2-2-3-0-4-3-5-0-4-3-5-0-2-2 11922624 10.6873 0.070845 1e-06 9.91178
0-2-2-3-0-4-3-5-0-4-3-5-0-4-3 32665634 11.8694 0.092816 1e-06 10.9962
0-4-3-5-0-0-1-1-0-0-1-1-0-0-1 1332890 9.94267 0.053485 1e-06 9.18504
0-4-3-5-0-0-1-1-0-0-1-1-0-2-2 1824440 8.68463 0.058991 1e-06 7.90934
0-4-3-5-0-0-1-1-0-0-1-1-0-4-3 8148870 9.97253 0.062818 3e-06 9.18692
0-4-3-5-0-0-1-1-0-2-2-3-0-0-1 2318991 8.74728 0.052672 1e-06 7.99836
0-4-3-5-0-0-1-1-0-2-2-3-0-2-2 2995057 7.23062 0.055709 1e-06 6.42893
0-4-3-5-0-0-1-1-0-2-2-3-0-4-3 10139913 8.50978 0.058967 4e-06 7.74691
0-4-3-5-0-0-1-1-0-4-3-5-0-0-1 20205284 13.2521 0.091896 1e-06 12.4354
0-4-3-5-0-0-1-1-0-4-3-5-0-2-2 18159506 11.6867 0.086314 1e-06 10.8531
0-4-3-5-0-0-1-1-0-4-3-5-0-4-3 55175418 12.5317 0.094859 1e-06 11.7073
0-4-3-5-0-2-2-3-0-0-1-1-0-0-1 1578412 9.02731 0.044175 2e-06 8.28093
0-4-3-5-0-2-2-3-0-0-1-1-0-2-2 3093998 7.75849 0.05124 2e-06 7.01266
0-4-3-5-0-2-2-3-0-0-1-1-0-4-3 10491003 9.36758 0.049908 3e-06 8.61036
0-4-3-5-0-2-2-3-0-2-2-3-0-0-1 2036936 7.28463 0.045524 1e-06 6.54939
0-4-3-5-0-2-2-3-0-2-2-3-0-2-2 2350930 5.76126 0.053651 0 5.02466
0-4-3-5-0-2-2-3-0-2-2-3-0-4-3 8004004 7.1975 0.049902 3e-06 6.45004
0-4-3-5-0-2-2-3-0-4-3-5-0-0-1 17189893 11.306 0.067778 0 10.5275
0-4-3-5-0-2-2-3-0-4-3-5-0-2-2 16400959 9.74881 0.065279 0 8.94878
0-4-3-5-0-2-2-3-0-4-3-5-0-4-3 45773415 10.2219 0.073359 1e-06 9.43323
0-4-3-5-0-4-3-5-0-0-1-1-0-0-1 12258976 9.96176 0.068832 0 9.17231
0-4-3-5-0-4-3-5-0-0-1-1-0-2-2 16161615 9.00877 0.07048 0 8.2066
0-4-3-5-0-4-3-5-0-0-1-1-0-4-3 55174169 10.1587 0.115992 2e-06 9.31452
0-4-3-5-0-4-3-5-0-2-2-3-0-0-1 12037649 8.78148 0.0657 1e-06 8.00338
0-4-3-5-0-4-3-5-0-2-2-3-0-2-2 14812754 7.83178 0.065547 1e-06 7.06327
0-4-3-5-0-4-3-5-0-2-2-3-0-4-3 41179648 9.94506 0.103235 2e-06 9.10057
0-4-3-5-0-4-3-5-0-4-3-5-0-0-1 66854831 12.7638 0.136908 0 11.8898
0-4-3-5-0-4-3-5-0-4-3-5-0-2-2 59130651 11.708 0.116924 1e-06 10.8541
0-4-3-5-0-4-3-5-0-4-3-5-0-4-3 166867136 12.7132 0.278185 2e-06 11.6819
1-1-0-0-1-1-0-0-1-1-0-0-1-1-0 219989 8.97259 0.042618 1e-06 8.23202
1-1-0-0-1-1-0-0-1-1-0-2-2-3-0 141290 6.90382 0.039969 1e-06 6.1794
1-1-0-0-1-1-0-0-1-1-0-4-3-5-0 1332890 11.4408 0.044195 1e-06 10.637
1-1-0-0-1-1-0-2-2-3-0-0-1-1-0 254087 7.75582 0.034405 0 7.03814
1-1-0-0-1-1-0-2-2-3-0-2-2-3-0 188377 5.06822 0.032067 0 4.35992
1-1-0-0-1-1-0-2-2-3-0-4-3-5-0 1578412 8.9297 0.041106 1e-06 8.17627
1-1-0-0-1-1-0-4-3-5-0-0-1-1-0 2542069 9.12001 0.053823 1e-06 8.36396
1-1-0-0-1-1-0-4-3-5-0-2-2-3-0 1687902 7.94649 0.051676 1e-06 7.1575
1-1-0-0-1-1-0-4-3-5-0-4-3-5-0 12258976 11.3824 0.054718 1e-06 10.6085
1-1-0-2-2-3-0-0-1-1-0-0-1-1-0 227118 7.58127 0.028732 1e-06 6.86878
1-1-0-2-2-3-0-0-1-1-0-2-2-3-0 308439 5.9329 0.036051 1e-06 5.22025
1-1-0-2-2-3-0-0-1-1-0-4-3-5-0 2318991 9.66163 0.036607 1e-06 8.92557
1-1-0-2-2-3-0-2-2-3-0-0-1-1-0 312856 6.44622 0.033322 1e-06 5.68899
1-1-0-2-2-3-0-2-2-3-0-2-2-3-0 229664 4.20141 0.030768 1e-06 3.49605
1-1-0-2-2-3-0-2-2-3-0-4-3-5-0 2036936 8.47079 0.043498 1e-06 7.72402
1-1-0-2-2-3-0-4-3-5-0-0-1-1-0 2736848 9.35057 0.053057 1e-06 8.59426
1-1-0-2-2-3-0-4-3-5-0-2-2-3-0 2056435 7.56221 0.051481 1e-06 6.82217
1-1-0-2-2-3-0-4-3-5-0-4-3-5-0 12037649 11.7108 0.056094 1e-06 10.9269
1-1-0-4-3-5-0-0-1-1-0-0-1-1-0 2382824 9.66495 0.053258 1e-06 8.91
1-1-0-4-3-5-0-0-1-1-0-2-2-3-0 2694129 7.75008 0.051858 1e-06 6.92937
1-1-0-4-3-5-0-0-1-1-0-4-3-5-0 20205284 11.2954 0.062033 1e-06 10.5241
1-1-0-4-3-5-0-2-2-3-0-0-1-1-0 3006235 7.94235 0.045023 1e-06 7.21184
1-1-0-4-3-5-0-2-2-3-0-2-2-3-0 2195693 6.31049 0.043324 1e-06 5.2719
1-1-0-4-3-5-0-2-2-3-0-4-3-5-0 17189893 10.4653 0.050062 2e-06 9.71387
1-1-0-4-3-5-0-4-3-5-0-0-1-1-0 19536812 9.88624 0.067693 1e-06 9.08937
1-1-0-4-3-5-0-4-3-5-0-2-2-3-0 12653171 9.16061 0.065235 1e-06 8.36633
1-1-0-4-3-5-0-4-3-5-0-4-3-5-0 66854831 12.949 0.117753 1e-06 12.0825
2-3-0-0-1-1-0-0-1-1-0-0-1-1-0 166498 8.3881 0.020253 1e-06 7.67828
2-3-0-0-1-1-0-0-1-1-0-2-2-3-0 248813 6.50895 0.026729 1e-06 5.76484
2-3-0-0-1-1-0-0-1-1-0-4-3-5-0 1824440 10.9109 0.02478 1e-06 9.84834
2-3-0-0-1-1-0-2-2-3-0-0-1-1-0 455112 7.56968 0.0273 1e-06 6.85511
2-3-0-0-1-1-0-2-2-3-0-2-2-3-0 360293 5.34867 0.034595 1e-06 4.63367
2-3-0-0-1-1-0-2-2-3-0-4-3-5-0 3093998 10.1063 0.027269 1e-06 9.38113
2-3-0-0-1-1-0-4-3-5-0-0-1-1-0 3581853 10.2146 0.041548 1e-06 9.47027
2-3-0-0-1-1-0-4-3-5-0-2-2-3-0 2663360 8.26828 0.038125 1e-06 7.55438
2-3-0-0-1-1-0-4-3-5-0-4-3-5-0 16161615 12.2821 0.045088 1e-06 11.5344
2-3-0-2-2-3-0-0-1-1-0-0-1-1-0 269113 7.88087 0.023362 3e-06 7.16575
2-3-0-2-2-3-0-0-1-1-0-2-2-3-0 408400 5.96943 0.026176 1e-06 5.24244
2-3-0-2-2-3-0-0-1-1-0-4-3-5-0 2995057 10.116 0.023368 1e-06 9.40702
2-3-0-2-2-3-0-2-2-3-0-0-1-1-0 365222 6.61057 0.02182 1e-06 5.90196
2-3-0-2-2-3-0-2-2-3-0-2-2-3-0 266338 4.35721 0.020418 1e-06 3.68634
2-3-0-2-2-3-0-2-2-3-0-4-3-5-0 2350930 8.76947 0.022973 1e-06 8.07037
2-3-0-2-2-3-0-4-3-5-0-0-1-1-0 3246243 9.70811 0.040578 1e-06 8.95229
2-3-0-2-2-3-0-4-3-5-0-2-2-3-0 2515710 8.06851 0.039106 1e-06 7.31244
2-3-0-2-2-3-0-4-3-5-0-4-3-5-0 14812754 12.1926 0.044509 1e-06 11.4456
2-3-0-4-3-5-0-0-1-1-0-0-1-1-0 2005389 9.83172 0.048555 1e-06 9.07281
2-3-0-4-3-5-0-0-1-1-0-2-2-3-0 2646121 8.34626 0.045553 1e-06 7.22301
2-3-0-4-3-5-0-0-1-1-0-4-3-5-0 18159506 12.5454 0.062212 1e-06 11.7649
2-3-0-4-3-5-0-2-2-3-0-0-1-1-0 2939091 8.56898 0.039841 1e-06 7.8392
2-3-0-4-3-5-0-2-2-3-0-2-2-3-0 2187268 6.7477 0.038531 0 6.02912
2-3-0-4-3-5-0-2-2-3-0-4-3-5-0 16400959 11.3237 0.042622 2e-06 10.563
2-3-0-4-3-5-0-4-3-5-0-0-1-1-0 17228423 11.9811 0.056091 1e-06 11.2217
2-3-0-4-3-5-0-4-3-5-0-2-2-3-0 11922624 9.59789 0.055556 1e-06 8.82056
2-3-0-4-3-5-0-4-3-5-0-4-3-5-0 59130651 13.3947 0.094088 1e-06 12.5567
3-5-0-0-1-1-0-0-1-1-0-0-1-1-0 1007175 9.07288 0.052919 1e-06 8.33243
3-5-0-0-1-1-0-0-1-1-0-2-2-3-0 988117 7.62529 0.051519 1e-06 6.88393
3-5-0-0-1-1-0-0-1-1-0-4-3-5-0 8148870 12.8838 0.068867 1e-06 12.0806
3-5-0-0-1-1-0-2-2-3-0-0-1-1-0 1862906 9.01136 0.046695 1e-06 8.25534
3-5-0-0-1-1-0-2-2-3-0-2-2-3-0 1307204 6.37283 0.05221 1e-06 5.63528
3-5-0-0-1-1-0-2-2-3-0-4-3-5-0 10491003 11.1884 0.055057 1e-06 10.4267
3-5-0-0-1-1-0-4-3-5-0-0-1-1-0 14250721 11.5502 0.07956 1e-06 10.7683
3-5-0-0-1-1-0-4-3-5-0-2-2-3-0 9085093 9.37288 0.075567 1e-06 8.59302
3-5-0-0-1-1-0-4-3-5-0-4-3-5-0 55174169 13.7582 0.110809 1e-06 12.9325
3-5-0-2-2-3-0-0-1-1-0-0-1-1-0 1056404 9.06831 0.037605 1e-06 8.35875
3-5-0-2-2-3-0-0-1-1-0-2-2-3-0 1496081 6.87758 0.049885 1e-06 6.1261
3-5-0-2-2-3-0-0-1-1-0-4-3-5-0 10139913 11.6032 0.058912 1e-06 10.8612
3-5-0-2-2-3-0-2-2-3-0-0-1-1-0 1393155 7.55623 0.044065 1e-06 6.85229
3-5-0-2-2-3-0-2-2-3-0-2-2-3-0 939938 6.11192 0.043442 0 5.41747
3-5-0-2-2-3-0-2-2-3-0-4-3-5-0 8004004 10.2064 0.052217 1e-06 9.47935
3-5-0-2-2-3-0-4-3-5-0-0-1-1-0 10539120 10.777 0.065791 0 10.026
3-5-0-2-2-3-0-4-3-5-0-2-2-3-0 7520982 8.48781 0.06229 0 7.74481
3-5-0-2-2-3-0-4-3-5-0-4-3-5-0 41179648 12.7478 0.102557 1e-06 11.9479
3-5-0-4-3-5-0-0-1-1-0-0-1-1-0 7765304 10.542 0.067585 0 9.76462
3-5-0-4-3-5-0-0-1-1-0-2-2-3-0 8091389 8.60912 0.069931 1e-06 7.85397
3-5-0-4-3-5-0-0-1-1-0-4-3-5-0 55175418 13.2769 0.105081 1e-06 12.4371
3-5-0-4-3-5-0-2-2-3-0-0-1-1-0 9092310 9.59814 0.059403 1e-06 8.84959
3-5-0-4-3-5-0-2-2-3-0-2-2-3-0 6348703 7.18473 0.063073 0 6.43537
3-5-0-4-3-5-0-2-2-3-0-4-3-5-0 45773415 11.8946 0.093256 1e-06 11.0987
3-5-0-4-3-5-0-4-3-5-0-0-1-1-0 52630265 12.4262 0.103667 1e-06 11.5793
3-5-0-4-3-5-0-4-3-5-0-2-2-3-0 32665634 10.3178 0.092585 1e-06 9.52094
3-5-0-4-3-5-0-4-3-5-0-4-3-5-0 166867136 15.6655 0.265641 1e-06 14.3575
