0-0-1-1-0-0-1-1-0-0-1 188528 0.050384 0.020232 3.5e-05 0.016614
0-0-1-1-0-0-1-1-0-2-2 146148 0.033449 0.012189 3e-06 0.013299
0-0-1-1-0-0-1-1-0-4-3 863044 0.032305 0.011149 4e-06 0.013593
0-0-1-1-0-2-2-3-0-0-1 196108 0.030372 0.009658 3e-06 0.012946
0-0-1-1-0-2-2-3-0-2-2 226712 0.030868 0.009679 3e-06 0.01325
0-0-1-1-0-2-2-3-0-4-3 902647 0.031229 0.010058 2e-06 0.013556
0-0-1-1-0-4-3-5-0-0-1 2034443 0.053368 0.022202 5e-06 0.01978
0-0-1-1-0-4-3-5-0-2-2 1705498 0.045712 0.014869 6e-06 0.019809
0-0-1-1-0-4-3-5-0-4-3 6631528 0.048656 0.017656 5e-06 0.019925
0-2-2-3-0-0-1-1-0-0-1 123077 0.037164 0.010337 1e-06 0.017485
0-2-2-3-0-0-1-1-0-2-2 219503 0.035086 0.009611 6e-06 0.016465
0-2-2-3-0-0-1-1-0-4-3 850321 0.03719 0.010272 5e-06 0.016422
0-2-2-3-0-2-2-3-0-0-1 149919 0.033964 0.008929 3e-06 0.014238
0-2-2-3-0-2-2-3-0-2-2 163876 0.030946 0.008304 1e-06 0.01408
0-2-2-3-0-2-2-3-0-4-3 625402 0.03257 0.009359 3e-06 0.013844
0-2-2-3-0-4-3-5-0-0-1 1369799 0.042976 0.013329 1e-06 0.019269
0-2-2-3-0-4-3-5-0-2-2 1312522 0.042329 0.01319 4e-06 0.018323
0-2-2-3-0-4-3-5-0-4-3 4190131 0.045345 0.014188 6e-06 0.018367
0-4-3-5-0-0-1-1-0-0-1 1139429 0.046427 0.013938 7e-06 0.021072
0-4-3-5-0-0-1-1-0-2-2 1584734 0.043574 0.013559 5e-06 0.020611
0-4-3-5-0-0-1-1-0-4-3 6892753 0.048314 0.017016 4e-06 0.021324
0-4-3-5-0-2-2-3-0-0-1 1261874 0.042477 0.011801 2e-06 0.021431
0-4-3-5-0-2-2-3-0-2-2 1438868 0.042444 0.012506 2e-06 0.020146
0-4-3-5-0-2-2-3-0-4-3 5005518 0.044128 0.013378 3e-06 0.020237
0-4-3-5-0-4-3-5-0-0-1 10335808 0.068348 0.027491 4e-06 0.026876
0-4-3-5-0-4-3-5-0-2-2 8888041 0.057088 0.018535 5e-06 0.026699
0-4-3-5-0-4-3-5-0-4-3 28500286 0.135599 0.092619 4e-06 0.027208
1-1-0-0-1-1-0-0-1-1-0 188528 0.045827 0.017325 3e-06 0.014986
1-1-0-0-1-1-0-2-2-3-0 123077 0.034174 0.01025 4e-06 0.013205
1-1-0-0-1-1-0-4-3-5-0 1139429 0.047015 0.012564 2e-06 0.018619
1-1-0-2-2-3-0-0-1-1-0 196108 0.032566 0.01014 2e-06 0.012797
1-1-0-2-2-3-0-2-2-3-0 149919 0.027532 0.009118 5e-06 0.010726
1-1-0-2-2-3-0-4-3-5-0 1261874 0.040197 0.010621 2e-06 0.015894
1-1-0-4-3-5-0-0-1-1-0 2034443 0.045251 0.01469 4e-06 0.017641
1-1-0-4-3-5-0-2-2-3-0 1369799 0.040343 0.014125 4e-06 0.015433
1-1-0-4-3-5-0-4-3-5-0 10335808 0.053364 0.016905 6e-06 0.020169
2-3-0-0-1-1-0-0-1-1-0 146148 0.032979 0.010057 1e-06 0.01299
2-3-0-0-1-1-0-2-2-3-0 219503 0.028351 0.00917 3e-06 0.011183
2-3-0-0-1-1-0-4-3-5-0 1584734 0.040767 0.011066 5e-06 0.01628
2-3-0-2-2-3-0-0-1-1-0 226712 0.027377 0.009052 4e-06 0.010848
2-3-0-2-2-3-0-2-2-3-0 163876 0.024807 0.008384 5e-06 0.009249
2-3-0-2-2-3-0-4-3-5-0 1438868 0.03503 0.009392 6e-06 0.013791
2-3-0-4-3-5-0-0-1-1-0 1705498 0.040607 0.013648 4e-06 0.015218
2-3-0-4-3-5-0-2-2-3-0 1312522 0.035768 0.012725 6e-06 0.012956
2-3-0-4-3-5-0-4-3-5-0 8888041 0.048328 0.015719 2e-06 0.017851
3-5-0-0-1-1-0-0-1-1-0 863044 0.043586 0.01391 5e-06 0.017974
3-5-0-0-1-1-0-2-2-3-0 850321 0.039458 0.013204 6e-06 0.016052
3-5-0-0-1-1-0-4-3-5-0 6892753 0.049111 0.014259 4e-06 0.021542
3-5-0-2-2-3-0-0-1-1-0 902647 0.041841 0.013134 1e-06 0.017146
3-5-0-2-2-3-0-2-2-3-0 625402 0.036211 0.011943 8e-06 0.014787
3-5-0-2-2-3-0-4-3-5-0 5005518 0.047273 0.013305 2e-06 0.020047
3-5-0-4-3-5-0-0-1-1-0 6631528 0.051288 0.016591 3e-06 0.022632
3-5-0-4-3-5-0-2-2-3-0 4190131 0.050821 0.017836 4e-06 0.02095
3-5-0-4-3-5-0-4-3-5-0 28500286 0.098899 0.057709 3e-06 0.025849
