0-0-1-1-0-0-1 160792 0.033686 0.015456 1e-06 0.00678
0-0-1-1-0-2-2 122977 0.015474 0.006652 0 0.004664
0-0-1-1-0-4-3 719976 0.015859 0.007447 1e-06 0.005174
0-2-2-3-0-0-1 98344 0.012055 0.004019 1e-06 0.004795
0-2-2-3-0-2-2 102281 0.011634 0.004103 3e-06 0.004701
0-2-2-3-0-4-3 406341 0.012756 0.004326 0 0.005007
0-4-3-5-0-0-1 904361 0.029681 0.015164 1e-06 0.007503
0-4-3-5-0-2-2 705440 0.020299 0.007968 2e-06 0.007533
0-4-3-5-0-4-3 3004893 0.023917 0.009419 8.67362e-19 0.007754
1-1-0-0-1-1-0 160792 0.017964 0.007055 1e-06 0.006465
1-1-0-2-2-3-0 98344 0.014723 0.004942 0 0.005639
1-1-0-4-3-5-0 904361 0.019198 0.005777 2e-06 0.008265
2-3-0-0-1-1-0 122977 0.014704 0.004383 2e-06 0.00544
2-3-0-2-2-3-0 102281 0.011005 0.004085 1e-06 0.003382
2-3-0-4-3-5-0 705440 0.016678 0.004585 1e-06 0.00613
3-5-0-0-1-1-0 719976 0.020412 0.008216 1e-06 0.006893
3-5-0-2-2-3-0 406341 0.018187 0.007549 1e-06 0.005696
3-5-0-4-3-5-0 3004893 0.026172 0.010382 2e-06 0.008514
