0-0-1-1-0-0-1-1-0-0-1-1-0-0-1 219989 0.125476 0.044827 1.7e-05 0.028653
0-0-1-1-0-0-1-1-0-0-1-1-0-2-2 166498 0.106861 0.037918 1.5e-05 0.025751
0-0-1-1-0-0-1-1-0-0-1-1-0-4-3 1007175 0.123408 0.042721 1.2e-05 0.02664
0-0-1-1-0-0-1-1-0-2-2-3-0-0-1 227118 0.102213 0.034554 1.1e-05 0.023781
0-0-1-1-0-0-1-1-0-2-2-3-0-2-2 269113 0.114026 0.038227 7e-06 0.023331
0-0-1-1-0-0-1-1-0-2-2-3-0-4-3 1056404 0.132148 0.052721 1.2e-05 0.026492
0-0-1-1-0-0-1-1-0-4-3-5-0-0-1 2382824 0.179541 0.07135 1e-05 0.034929
0-0-1-1-0-0-1-1-0-4-3-5-0-2-2 2005389 0.185025 0.075092 7e-06 0.034353
0-0-1-1-0-0-1-1-0-4-3-5-0-4-3 7765304 0.20375 0.08847 7e-06 0.035024
0-0-1-1-0-2-2-3-0-0-1-1-0-0-1 254087 0.131103 0.054919 7e-06 0.027108
0-0-1-1-0-2-2-3-0-0-1-1-0-2-2 455112 0.129076 0.053871 9e-06 0.026272
0-0-1-1-0-2-2-3-0-0-1-1-0-4-3 1862906 0.137705 0.056763 1e-06 0.025002
0-0-1-1-0-2-2-3-0-2-2-3-0-0-1 312856 0.116205 0.049546 1e-05 0.021205
0-0-1-1-0-2-2-3-0-2-2-3-0-2-2 365222 0.115208 0.052856 7e-06 0.020834
0-0-1-1-0-2-2-3-0-2-2-3-0-4-3 1393155 0.129122 0.060134 8e-06 0.021648
0-0-1-1-0-2-2-3-0-4-3-5-0-0-1 3006235 0.171659 0.077361 7e-06 0.030691
0-0-1-1-0-2-2-3-0-4-3-5-0-2-2 2939091 0.16733 0.077354 1.3e-05 0.02928
0-0-1-1-0-2-2-3-0-4-3-5-0-4-3 9092310 0.186662 0.085194 9e-06 0.033061
0-0-1-1-0-4-3-5-0-0-1-1-0-0-1 2542069 0.197402 0.08358 1.2e-05 0.039986
0-0-1-1-0-4-3-5-0-0-1-1-0-2-2 3581853 0.192725 0.085416 1e-05 0.039469
0-0-1-1-0-4-3-5-0-0-1-1-0-4-3 14250721 0.205643 0.10037 1.2e-05 0.034941
0-0-1-1-0-4-3-5-0-2-2-3-0-0-1 2736848 0.184516 0.07856 9e-06 0.040858
0-0-1-1-0-4-3-5-0-2-2-3-0-2-2 3246243 0.1838 0.077557 8e-06 0.037588
0-0-1-1-0-4-3-5-0-2-2-3-0-4-3 10539120 0.194259 0.086871 8e-06 0.0363
0-0-1-1-0-4-3-5-0-4-3-5-0-0-1 19536812 0.24214 0.121606 6e-06 0.042725
0-0-1-1-0-4-3-5-0-4-3-5-0-2-2 17228423 0.228826 0.110108 1e-05 0.045922
0-0-1-1-0-4-3-5-0-4-3-5-0-4-3 52630265 0.385467 0.230162 1e-05 0.045517
0-2-2-3-0-0-1-1-0-0-1-1-0-0-1 141290 0.125641 0.05769 5e-06 0.024151
0-2-2-3-0-0-1-1-0-0-1-1-0-2-2 248813 0.123884 0.057691 1.2e-05 0.023751
0-2-2-3-0-0-1-1-0-0-1-1-0-4-3 988117 0.128068 0.058668 1.1e-05 0.023821
0-2-2-3-0-0-1-1-0-2-2-3-0-0-1 308439 0.110522 0.052697 9e-06 0.020239
0-2-2-3-0-0-1-1-0-2-2-3-0-2-2 408400 0.110851 0.053767 1.3e-05 0.019258
0-2-2-3-0-0-1-1-0-2-2-3-0-4-3 1496081 0.115141 0.055225 7e-06 0.020039
0-2-2-3-0-0-1-1-0-4-3-5-0-0-1 2694129 0.162961 0.074908 4e-06 0.028854
0-2-2-3-0-0-1-1-0-4-3-5-0-2-2 2646121 0.156181 0.073716 1e-05 0.027633
0-2-2-3-0-0-1-1-0-4-3-5-0-4-3 8091389 0.172531 0.078225 1.2e-05 0.028301
0-2-2-3-0-2-2-3-0-0-1-1-0-0-1 188377 0.108014 0.053876 9e-06 0.019875
0-2-2-3-0-2-2-3-0-0-1-1-0-2-2 360293 0.105471 0.053949 9e-06 0.01994
0-2-2-3-0-2-2-3-0-0-1-1-0-4-3 1307204 0.116718 0.057262 6e-06 0.020427
0-2-2-3-0-2-2-3-0-2-2-3-0-0-1 229664 0.109581 0.057351 4e-06 0.017743
0-2-2-3-0-2-2-3-0-2-2-3-0-2-2 266338 0.108423 0.057223 7e-06 0.016467
0-2-2-3-0-2-2-3-0-2-2-3-0-4-3 939938 0.105154 0.051556 1.1e-05 0.016692
0-2-2-3-0-2-2-3-0-4-3-5-0-0-1 2195693 0.144529 0.069047 1.1e-05 0.025957
0-2-2-3-0-2-2-3-0-4-3-5-0-2-2 2187268 0.137801 0.06676 1.1e-05 0.023623
0-2-2-3-0-2-2-3-0-4-3-5-0-4-3 6348703 0.154638 0.072621 9e-06 0.024625
0-2-2-3-0-4-3-5-0-0-1-1-0-0-1 1687902 0.15739 0.072705 7e-06 0.02991
0-2-2-3-0-4-3-5-0-0-1-1-0-2-2 2663360 0.155833 0.074485 7e-06 0.028209
0-2-2-3-0-4-3-5-0-0-1-1-0-4-3 9085093 0.17469 0.084519 5e-06 0.027964
0-2-2-3-0-4-3-5-0-2-2-3-0-0-1 2056435 0.139692 0.064961 6e-06 0.026266
0-2-2-3-0-4-3-5-0-2-2-3-0-2-2 2515710 0.136535 0.06636 7e-06 0.024592
0-2-2-3-0-4-3-5-0-2-2-3-0-4-3 7520982 0.146033 0.071155 1.1e-05 0.024309
0-2-2-3-0-4-3-5-0-4-3-5-0-0-1 12653171 0.204483 0.101531 1e-05 0.034257
0-2-2-3-0-4-3-5-0-4-3-5-0-2-2 11922624 0.201619 0.102424 5e-06 0.033023
0-2-2-3-0-4-3-5-0-4-3-5-0-4-3 32665634 0.244517 0.143331 6e-06 0.034447
0-4-3-5-0-0-1-1-0-0-1-1-0-0-1 1332890 0.162843 0.073722 1e-05 0.033509
0-4-3-5-0-0-1-1-0-0-1-1-0-2-2 1824440 0.156854 0.0738 5e-06 0.032031
0-4-3-5-0-0-1-1-0-0-1-1-0-4-3 8148870 0.183465 0.082461 1.1e-05 0.032735
0-4-3-5-0-0-1-1-0-2-2-3-0-0-1 2318991 0.14839 0.06846 1.3e-05 0.029628
0-4-3-5-0-0-1-1-0-2-2-3-0-2-2 2995057 0.149433 0.070066 1e-05 0.027871
0-4-3-5-0-0-1-1-0-2-2-3-0-4-3 10139913 0.160701 0.076953 8e-06 0.0289
0-4-3-5-0-0-1-1-0-4-3-5-0-0-1 20205284 0.219261 0.106578 8e-06 0.037754
0-4-3-5-0-0-1-1-0-4-3-5-0-2-2 18159506 0.205925 0.099298 1.2e-05 0.035761
0-4-3-5-0-0-1-1-0-4-3-5-0-4-3 55175418 0.269698 0.15228 1.4e-05 0.036471
0-4-3-5-0-2-2-3-0-0-1-1-0-0-1 1578412 0.142371 0.068534 1.1e-05 0.02918
0-4-3-5-0-2-2-3-0-0-1-1-0-2-2 3093998 0.145231 0.070383 7e-06 0.027341
0-4-3-5-0-2-2-3-0-0-1-1-0-4-3 10491003 0.159916 0.075329 7e-06 0.028832
0-4-3-5-0-2-2-3-0-2-2-3-0-0-1 2036936 0.130306 0.062764 1.1e-05 0.025117
0-4-3-5-0-2-2-3-0-2-2-3-0-2-2 2350930 0.130595 0.063736 1.1e-05 0.024048
0-4-3-5-0-2-2-3-0-2-2-3-0-4-3 8004004 0.143094 0.0691 1e-05 0.02467
0-4-3-5-0-2-2-3-0-4-3-5-0-0-1 17189893 0.190957 0.094445 1e-05 0.03383
0-4-3-5-0-2-2-3-0-4-3-5-0-2-2 16400959 0.190803 0.09137 1.3e-05 0.035903
0-4-3-5-0-2-2-3-0-4-3-5-0-4-3 45773415 0.238081 0.126951 1.3e-05 0.036929
0-4-3-5-0-4-3-5-0-0-1-1-0-0-1 12258976 0.210412 0.095495 1.1e-05 0.041203
0-4-3-5-0-4-3-5-0-0-1-1-0-2-2 16161615 0.208042 0.097268 1.4e-05 0.039373
0-4-3-5-0-4-3-5-0-0-1-1-0-4-3 55174169 0.281813 0.153422 8e-06 0.040051
0-4-3-5-0-4-3-5-0-2-2-3-0-0-1 12037649 0.205357 0.095222 1e-05 0.038782
0-4-3-5-0-4-3-5-0-2-2-3-0-2-2 14812754 0.195582 0.09287 1.5e-05 0.037214
0-4-3-5-0-4-3-5-0-2-2-3-0-4-3 41179648 0.234887 0.122712 1.2e-05 0.034347
0-4-3-5-0-4-3-5-0-4-3-5-0-0-1 66854831 0.340763 0.200165 9e-06 0.043495
0-4-3-5-0-4-3-5-0-4-3-5-0-2-2 59130651 0.307415 0.171738 1e-05 0.042186
0-4-3-5-0-4-3-5-0-4-3-5-0-4-3 166867136 0.55178 0.398501 1.1e-05 0.043704
1-1-0-0-1-1-0-0-1-1-0-0-1-1-0 219989 0.143165 0.064748 6e-06 0.026259
1-1-0-0-1-1-0-0-1-1-0-2-2-3-0 141290 0.137184 0.063794 9e-06 0.022701
1-1-0-0-1-1-0-0-1-1-0-4-3-5-0 1332890 0.17282 0.069303 6e-06 0.032548
1-1-0-0-1-1-0-2-2-3-0-0-1-1-0 254087 0.129781 0.062256 1.1e-05 0.021839
1-1-0-0-1-1-0-2-2-3-0-2-2-3-0 188377 0.123753 0.060048 6e-06 0.018706
1-1-0-0-1-1-0-2-2-3-0-4-3-5-0 1578412 0.150116 0.062467 8e-06 0.026615
1-1-0-0-1-1-0-4-3-5-0-0-1-1-0 2542069 0.181245 0.080808 1e-05 0.031463
1-1-0-0-1-1-0-4-3-5-0-2-2-3-0 1687902 0.166881 0.077976 1.1e-05 0.027204
1-1-0-0-1-1-0-4-3-5-0-4-3-5-0 12258976 0.231668 0.117229 1e-05 0.035295
1-1-0-2-2-3-0-0-1-1-0-0-1-1-0 227118 0.135657 0.059515 8e-06 0.024176
1-1-0-2-2-3-0-0-1-1-0-2-2-3-0 308439 0.128367 0.059738 9e-06 0.020053
1-1-0-2-2-3-0-0-1-1-0-4-3-5-0 2318991 0.156909 0.064089 9e-06 0.027768
1-1-0-2-2-3-0-2-2-3-0-0-1-1-0 312856 0.118627 0.05773 7e-06 0.018416
1-1-0-2-2-3-0-2-2-3-0-2-2-3-0 229664 0.107306 0.050841 1e-05 0.01596
1-1-0-2-2-3-0-2-2-3-0-4-3-5-0 2036936 0.138727 0.058922 1.1e-05 0.023428
1-1-0-2-2-3-0-4-3-5-0-0-1-1-0 2736848 0.163423 0.07597 7e-06 0.026759
1-1-0-2-2-3-0-4-3-5-0-2-2-3-0 2056435 0.156043 0.074461 1.4e-05 0.023213
1-1-0-2-2-3-0-4-3-5-0-4-3-5-0 12037649 0.205599 0.105491 1e-05 0.031576
1-1-0-4-3-5-0-0-1-1-0-0-1-1-0 2382824 0.17863 0.080797 8e-06 0.030636
1-1-0-4-3-5-0-0-1-1-0-2-2-3-0 2694129 0.166163 0.079158 7e-06 0.027337
1-1-0-4-3-5-0-0-1-1-0-4-3-5-0 20205284 0.236794 0.119455 9e-06 0.035445
1-1-0-4-3-5-0-2-2-3-0-0-1-1-0 3006235 0.161837 0.073761 1.1e-05 0.027214
1-1-0-4-3-5-0-2-2-3-0-2-2-3-0 2195693 0.149764 0.072353 1e-05 0.02318
1-1-0-4-3-5-0-2-2-3-0-4-3-5-0 17189893 0.195487 0.098276 7e-06 0.032327
1-1-0-4-3-5-0-4-3-5-0-0-1-1-0 19536812 0.23627 0.120818 6e-06 0.035545
1-1-0-4-3-5-0-4-3-5-0-2-2-3-0 12653171 0.203849 0.106099 4e-06 0.032867
1-1-0-4-3-5-0-4-3-5-0-4-3-5-0 66854831 0.377246 0.252784 1.3e-05 0.040065
2-3-0-0-1-1-0-0-1-1-0-0-1-1-0 166498 0.142337 0.058828 1.3e-05 0.023696
2-3-0-0-1-1-0-0-1-1-0-2-2-3-0 248813 0.136838 0.061397 1e-05 0.020202
2-3-0-0-1-1-0-0-1-1-0-4-3-5-0 1824440 0.170293 0.064265 5e-06 0.029216
2-3-0-0-1-1-0-2-2-3-0-0-1-1-0 455112 0.122415 0.056767 6e-06 0.019865
2-3-0-0-1-1-0-2-2-3-0-2-2-3-0 360293 0.117962 0.054817 3e-06 0.016359
2-3-0-0-1-1-0-2-2-3-0-4-3-5-0 3093998 0.14691 0.059083 9e-06 0.024567
2-3-0-0-1-1-0-4-3-5-0-0-1-1-0 3581853 0.17847 0.079153 1e-05 0.028685
2-3-0-0-1-1-0-4-3-5-0-2-2-3-0 2663360 0.161541 0.074409 1.4e-05 0.024953
2-3-0-0-1-1-0-4-3-5-0-4-3-5-0 16161615 0.232519 0.117123 4e-06 0.033254
2-3-0-2-2-3-0-0-1-1-0-0-1-1-0 269113 0.134369 0.056517 9e-06 0.021148
2-3-0-2-2-3-0-0-1-1-0-2-2-3-0 408400 0.124573 0.056177 1.1e-05 0.016493
2-3-0-2-2-3-0-0-1-1-0-4-3-5-0 2995057 0.151023 0.060417 1.3e-05 0.024643
2-3-0-2-2-3-0-2-2-3-0-0-1-1-0 365222 0.119982 0.053877 9e-06 0.016643
2-3-0-2-2-3-0-2-2-3-0-2-2-3-0 266338 0.109393 0.05117 1e-05 0.01362
2-3-0-2-2-3-0-2-2-3-0-4-3-5-0 2350930 0.13871 0.056859 1.2e-05 0.021056
2-3-0-2-2-3-0-4-3-5-0-0-1-1-0 3246243 0.172984 0.076353 1.3e-05 0.024566
2-3-0-2-2-3-0-4-3-5-0-2-2-3-0 2515710 0.149295 0.067774 1e-05 0.020812
2-3-0-2-2-3-0-4-3-5-0-4-3-5-0 14812754 0.206316 0.106443 7e-06 0.02984
2-3-0-4-3-5-0-0-1-1-0-0-1-1-0 2005389 0.175184 0.075467 9e-06 0.029075
2-3-0-4-3-5-0-0-1-1-0-2-2-3-0 2646121 0.160739 0.072786 9e-06 0.024778
2-3-0-4-3-5-0-0-1-1-0-4-3-5-0 18159506 0.22669 0.115239 7e-06 0.033217
2-3-0-4-3-5-0-2-2-3-0-0-1-1-0 2939091 0.157211 0.068205 1e-05 0.025648
2-3-0-4-3-5-0-2-2-3-0-2-2-3-0 2187268 0.145812 0.067476 1e-05 0.021603
2-3-0-4-3-5-0-2-2-3-0-4-3-5-0 16400959 0.203568 0.099071 1e-06 0.029441
2-3-0-4-3-5-0-4-3-5-0-0-1-1-0 17228423 0.241319 0.120856 1.3e-05 0.034164
2-3-0-4-3-5-0-4-3-5-0-2-2-3-0 11922624 0.211381 0.102024 1.1e-05 0.030683
2-3-0-4-3-5-0-4-3-5-0-4-3-5-0 59130651 0.381158 0.253455 6e-06 0.038423
3-5-0-0-1-1-0-0-1-1-0-0-1-1-0 1007175 0.170178 0.071811 1.2e-05 0.032882
3-5-0-0-1-1-0-0-1-1-0-2-2-3-0 988117 0.158622 0.071236 8e-06 0.028542
3-5-0-0-1-1-0-0-1-1-0-4-3-5-0 8148870 0.194959 0.080939 1.1e-05 0.037209
3-5-0-0-1-1-0-2-2-3-0-0-1-1-0 1862906 0.153554 0.06771 1.1e-05 0.028061
3-5-0-0-1-1-0-2-2-3-0-2-2-3-0 1307204 0.145275 0.066378 7e-06 0.0247
3-5-0-0-1-1-0-2-2-3-0-4-3-5-0 10491003 0.171424 0.074795 8e-06 0.03272
3-5-0-0-1-1-0-4-3-5-0-0-1-1-0 14250721 0.214298 0.096395 1.3e-05 0.036583
3-5-0-0-1-1-0-4-3-5-0-2-2-3-0 9085093 0.1927 0.089373 8e-06 0.03347
3-5-0-0-1-1-0-4-3-5-0-4-3-5-0 55174169 0.292254 0.162076 1.1e-05 0.04152
3-5-0-2-2-3-0-0-1-1-0-0-1-1-0 1056404 0.157235 0.069788 8e-06 0.028552
3-5-0-2-2-3-0-0-1-1-0-2-2-3-0 1496081 0.148965 0.068617 4e-06 0.024276
3-5-0-2-2-3-0-0-1-1-0-4-3-5-0 10139913 0.181072 0.076665 1e-05 0.033897
3-5-0-2-2-3-0-2-2-3-0-0-1-1-0 1393155 0.140684 0.06557 9e-06 0.024523
3-5-0-2-2-3-0-2-2-3-0-2-2-3-0 939938 0.135827 0.064963 1.1e-05 0.020785
3-5-0-2-2-3-0-2-2-3-0-4-3-5-0 8004004 0.162132 0.070036 9e-06 0.029861
3-5-0-2-2-3-0-4-3-5-0-0-1-1-0 10539120 0.193341 0.086927 9e-06 0.034156
3-5-0-2-2-3-0-4-3-5-0-2-2-3-0 7520982 0.184643 0.082817 8e-06 0.031119
3-5-0-2-2-3-0-4-3-5-0-4-3-5-0 41179648 0.277218 0.155202 1.8e-05 0.038009
3-5-0-4-3-5-0-0-1-1-0-0-1-1-0 7765304 0.210637 0.091483 8e-06 0.037336
3-5-0-4-3-5-0-0-1-1-0-2-2-3-0 8091389 0.195505 0.092766 1.1e-05 0.034491
3-5-0-4-3-5-0-0-1-1-0-4-3-5-0 55175418 0.315723 0.180389 1.9e-05 0.042996
3-5-0-4-3-5-0-2-2-3-0-0-1-1-0 9092310 0.196415 0.089218 6e-06 0.033782
3-5-0-4-3-5-0-2-2-3-0-2-2-3-0 6348703 0.180653 0.086401 8e-06 0.030129
3-5-0-4-3-5-0-2-2-3-0-4-3-5-0 45773415 0.289225 0.164813 9e-06 0.03856
3-5-0-4-3-5-0-4-3-5-0-0-1-1-0 52630265 0.311588 0.174061 1.5e-05 0.041898
3-5-0-4-3-5-0-4-3-5-0-2-2-3-0 32665634 0.269415 0.139394 1.3e-05 0.038892
3-5-0-4-3-5-0-4-3-5-0-4-3-5-0 166867136 0.610756 0.450064 1e-05 0.046929
