0-0-1-1-0-0-1-1-0-0-1-1-0-0-1 219989 0.100385 0.041831 1.3e-05 0.024924
0-0-1-1-0-0-1-1-0-0-1-1-0-2-2 166498 0.085833 0.033608 1e-05 0.027637
0-0-1-1-0-0-1-1-0-0-1-1-0-4-3 1007175 0.097159 0.037487 1.6e-05 0.027796
0-0-1-1-0-0-1-1-0-2-2-3-0-0-1 227118 0.084004 0.030673 7e-06 0.026111
0-0-1-1-0-0-1-1-0-2-2-3-0-2-2 269113 0.083555 0.031028 1e-05 0.026158
0-0-1-1-0-0-1-1-0-2-2-3-0-4-3 1056404 0.088209 0.033161 1.1e-05 0.027096
0-0-1-1-0-0-1-1-0-4-3-5-0-0-1 2382824 0.127634 0.04513 9e-06 0.033489
0-0-1-1-0-0-1-1-0-4-3-5-0-2-2 2005389 0.11691 0.041089 1e-05 0.031934
0-0-1-1-0-0-1-1-0-4-3-5-0-4-3 7765304 0.124102 0.048449 1.1e-05 0.031899
0-0-1-1-0-2-2-3-0-0-1-1-0-0-1 254087 0.082366 0.030601 9e-06 0.025685
0-0-1-1-0-2-2-3-0-0-1-1-0-2-2 455112 0.0818 0.030534 6e-06 0.022664
0-0-1-1-0-2-2-3-0-0-1-1-0-4-3 1862906 0.105779 0.032197 2.3e-05 0.042876
0-0-1-1-0-2-2-3-0-2-2-3-0-0-1 312856 0.075002 0.028475 5e-06 0.018903
0-0-1-1-0-2-2-3-0-2-2-3-0-2-2 365222 0.075308 0.028821 9e-06 0.018707
0-0-1-1-0-2-2-3-0-2-2-3-0-4-3 1393155 0.095035 0.038204 7e-06 0.01933
0-0-1-1-0-2-2-3-0-4-3-5-0-0-1 3006235 0.127317 0.04939 1e-05 0.034762
0-0-1-1-0-2-2-3-0-4-3-5-0-2-2 2939091 0.121943 0.049181 8e-06 0.030731
0-0-1-1-0-2-2-3-0-4-3-5-0-4-3 9092310 0.128865 0.05369 1e-05 0.031927
0-0-1-1-0-4-3-5-0-0-1-1-0-0-1 2542069 0.132502 0.052224 1e-05 0.03718
0-0-1-1-0-4-3-5-0-0-1-1-0-2-2 3581853 0.126858 0.050765 1.2e-05 0.035722
0-0-1-1-0-4-3-5-0-0-1-1-0-4-3 14250721 0.146404 0.066318 8e-06 0.037114
0-0-1-1-0-4-3-5-0-2-2-3-0-0-1 2736848 0.132192 0.048103 8e-06 0.042864
0-0-1-1-0-4-3-5-0-2-2-3-0-2-2 3246243 0.128783 0.048108 1.1e-05 0.040303
0-0-1-1-0-4-3-5-0-2-2-3-0-4-3 10539120 0.138791 0.055054 6e-06 0.038498
0-0-1-1-0-4-3-5-0-4-3-5-0-0-1 19536812 0.184528 0.083765 1.4e-05 0.048794
0-0-1-1-0-4-3-5-0-4-3-5-0-2-2 17228423 0.171959 0.070618 1.4e-05 0.04994
0-0-1-1-0-4-3-5-0-4-3-5-0-4-3 52630265 0.268443 0.149427 1e-05 0.054303
0-2-2-3-0-0-1-1-0-0-1-1-0-0-1 141290 0.109561 0.043167 1.3e-05 0.028944
0-2-2-3-0-0-1-1-0-0-1-1-0-2-2 248813 0.098312 0.041349 9e-06 0.021154
0-2-2-3-0-0-1-1-0-0-1-1-0-4-3 988117 0.10802 0.044955 5e-06 0.021344
0-2-2-3-0-0-1-1-0-2-2-3-0-0-1 308439 0.089195 0.038287 8e-06 0.017954
0-2-2-3-0-0-1-1-0-2-2-3-0-2-2 408400 0.087327 0.038893 1.2e-05 0.017616
0-2-2-3-0-0-1-1-0-2-2-3-0-4-3 1496081 0.100701 0.046177 8e-06 0.018929
0-2-2-3-0-0-1-1-0-4-3-5-0-0-1 2694129 0.15136 0.060302 1e-05 0.034493
0-2-2-3-0-0-1-1-0-4-3-5-0-2-2 2646121 0.141119 0.055015 7e-06 0.033263
0-2-2-3-0-0-1-1-0-4-3-5-0-4-3 8091389 0.151124 0.060122 9e-06 0.03389
0-2-2-3-0-2-2-3-0-0-1-1-0-0-1 188377 0.09858 0.041103 1.8e-05 0.024475
0-2-2-3-0-2-2-3-0-0-1-1-0-2-2 360293 0.099529 0.040916 1e-05 0.025511
0-2-2-3-0-2-2-3-0-0-1-1-0-4-3 1307204 0.107956 0.043076 1.4e-05 0.025067
0-2-2-3-0-2-2-3-0-2-2-3-0-0-1 229664 0.098958 0.044102 1.4e-05 0.022529
0-2-2-3-0-2-2-3-0-2-2-3-0-2-2 266338 0.095488 0.044695 1.1e-05 0.021587
0-2-2-3-0-2-2-3-0-2-2-3-0-4-3 939938 0.094445 0.039673 6e-06 0.021976
0-2-2-3-0-2-2-3-0-4-3-5-0-0-1 2195693 0.129735 0.050891 1.2e-05 0.030849
0-2-2-3-0-2-2-3-0-4-3-5-0-2-2 2187268 0.123192 0.052131 9e-06 0.027649
0-2-2-3-0-2-2-3-0-4-3-5-0-4-3 6348703 0.13017 0.055895 1.4e-05 0.030487
0-2-2-3-0-4-3-5-0-0-1-1-0-0-1 1687902 0.131985 0.053669 1.5e-05 0.034304
0-2-2-3-0-4-3-5-0-0-1-1-0-2-2 2663360 0.127268 0.053766 1e-05 0.032934
0-2-2-3-0-4-3-5-0-0-1-1-0-4-3 9085093 0.150663 0.061219 1.3e-05 0.0339
0-2-2-3-0-4-3-5-0-2-2-3-0-0-1 2056435 0.112716 0.047544 1.7e-05 0.027467
0-2-2-3-0-4-3-5-0-2-2-3-0-2-2 2515710 0.114782 0.04811 1.2e-05 0.026133
0-2-2-3-0-4-3-5-0-2-2-3-0-4-3 7520982 0.125361 0.056195 1.4e-05 0.026992
0-2-2-3-0-4-3-5-0-4-3-5-0-0-1 12653171 0.168181 0.076407 8e-06 0.036684
0-2-2-3-0-4-3-5-0-4-3-5-0-2-2 11922624 0.163163 0.073178 9e-06 0.03593
0-2-2-3-0-4-3-5-0-4-3-5-0-4-3 32665634 0.19542 0.103064 9e-06 0.037182
0-4-3-5-0-0-1-1-0-0-1-1-0-0-1 1332890 0.135408 0.057809 9e-06 0.033365
0-4-3-5-0-0-1-1-0-0-1-1-0-2-2 1824440 0.125473 0.055793 1.1e-05 0.033957
0-4-3-5-0-0-1-1-0-0-1-1-0-4-3 8148870 0.141746 0.061608 1.1e-05 0.03327
0-4-3-5-0-0-1-1-0-2-2-3-0-0-1 2318991 0.121156 0.052301 8e-06 0.030061
0-4-3-5-0-0-1-1-0-2-2-3-0-2-2 2995057 0.123574 0.053765 6e-06 0.028615
0-4-3-5-0-0-1-1-0-2-2-3-0-4-3 10139913 0.130769 0.057523 9e-06 0.02898
0-4-3-5-0-0-1-1-0-4-3-5-0-0-1 20205284 0.178224 0.082397 1.2e-05 0.03921
0-4-3-5-0-0-1-1-0-4-3-5-0-2-2 18159506 0.168811 0.07476 1e-05 0.039534
0-4-3-5-0-0-1-1-0-4-3-5-0-4-3 55175418 0.199929 0.108241 1e-05 0.037787
0-4-3-5-0-2-2-3-0-0-1-1-0-0-1 1578412 0.13069 0.053971 1.5e-05 0.030024
0-4-3-5-0-2-2-3-0-0-1-1-0-2-2 3093998 0.11921 0.053835 1.4e-05 0.028115
0-4-3-5-0-2-2-3-0-0-1-1-0-4-3 10491003 0.137454 0.058305 6e-06 0.029117
0-4-3-5-0-2-2-3-0-2-2-3-0-0-1 2036936 0.112549 0.049488 9e-06 0.025839
0-4-3-5-0-2-2-3-0-2-2-3-0-2-2 2350930 0.108195 0.049752 1.1e-05 0.024518
0-4-3-5-0-2-2-3-0-2-2-3-0-4-3 8004004 0.116809 0.053334 9e-06 0.025015
0-4-3-5-0-2-2-3-0-4-3-5-0-0-1 17189893 0.153968 0.069122 8e-06 0.035424
0-4-3-5-0-2-2-3-0-4-3-5-0-2-2 16400959 0.150734 0.070274 1.1e-05 0.033759
0-4-3-5-0-2-2-3-0-4-3-5-0-4-3 45773415 0.174237 0.085989 1e-05 0.035646
0-4-3-5-0-4-3-5-0-0-1-1-0-0-1 12258976 0.165637 0.071375 1e-05 0.038141
0-4-3-5-0-4-3-5-0-0-1-1-0-2-2 16161615 0.155734 0.070184 1.1e-05 0.037792
0-4-3-5-0-4-3-5-0-0-1-1-0-4-3 55174169 0.187601 0.098373 1e-05 0.037456
0-4-3-5-0-4-3-5-0-2-2-3-0-0-1 12037649 0.143778 0.064965 9e-06 0.03424
0-4-3-5-0-4-3-5-0-2-2-3-0-2-2 14812754 0.144862 0.066619 9e-06 0.033317
0-4-3-5-0-4-3-5-0-2-2-3-0-4-3 41179648 0.164579 0.080135 1.1e-05 0.033252
0-4-3-5-0-4-3-5-0-4-3-5-0-0-1 66854831 0.233799 0.131495 1.6e-05 0.042457
0-4-3-5-0-4-3-5-0-4-3-5-0-2-2 59130651 0.202443 0.104248 6e-06 0.041507
0-4-3-5-0-4-3-5-0-4-3-5-0-4-3 166867136 0.402012 0.288194 9e-06 0.042342
1-1-0-0-1-1-0-0-1-1-0-0-1-1-0 219989 0.115822 0.050941 1.2e-05 0.026144
1-1-0-0-1-1-0-0-1-1-0-2-2-3-0 141290 0.104677 0.048093 1.9e-05 0.022472
1-1-0-0-1-1-0-0-1-1-0-4-3-5-0 1332890 0.132221 0.051425 8e-06 0.030974
1-1-0-0-1-1-0-2-2-3-0-0-1-1-0 254087 0.101596 0.047745 7e-06 0.021661
1-1-0-0-1-1-0-2-2-3-0-2-2-3-0 188377 0.097444 0.046209 5e-06 0.018948
1-1-0-0-1-1-0-2-2-3-0-4-3-5-0 1578412 0.116542 0.04799 6e-06 0.027259
1-1-0-0-1-1-0-4-3-5-0-0-1-1-0 2542069 0.150679 0.062526 1e-05 0.030656
1-1-0-0-1-1-0-4-3-5-0-2-2-3-0 1687902 0.132946 0.061305 6e-06 0.028597
1-1-0-0-1-1-0-4-3-5-0-4-3-5-0 12258976 0.174862 0.07619 1e-05 0.035378
1-1-0-2-2-3-0-0-1-1-0-0-1-1-0 227118 0.106921 0.047378 8e-06 0.023361
1-1-0-2-2-3-0-0-1-1-0-2-2-3-0 308439 0.09789 0.047113 1.1e-05 0.019448
1-1-0-2-2-3-0-0-1-1-0-4-3-5-0 2318991 0.123204 0.049014 8e-06 0.027074
1-1-0-2-2-3-0-2-2-3-0-0-1-1-0 312856 0.094007 0.046181 3e-06 0.018972
1-1-0-2-2-3-0-2-2-3-0-2-2-3-0 229664 0.081859 0.038665 5e-06 0.016438
1-1-0-2-2-3-0-2-2-3-0-4-3-5-0 2036936 0.109531 0.045372 1e-05 0.024322
1-1-0-2-2-3-0-4-3-5-0-0-1-1-0 2736848 0.126466 0.058122 7e-06 0.027327
1-1-0-2-2-3-0-4-3-5-0-2-2-3-0 2056435 0.120125 0.057038 1.4e-05 0.02311
1-1-0-2-2-3-0-4-3-5-0-4-3-5-0 12037649 0.158296 0.068893 1e-05 0.031929
1-1-0-4-3-5-0-0-1-1-0-0-1-1-0 2382824 0.139055 0.061889 6e-06 0.030702
1-1-0-4-3-5-0-0-1-1-0-2-2-3-0 2694129 0.126585 0.060412 5e-06 0.027083
1-1-0-4-3-5-0-0-1-1-0-4-3-5-0 20205284 0.168873 0.079208 1e-05 0.034859
1-1-0-4-3-5-0-2-2-3-0-0-1-1-0 3006235 0.126567 0.058985 6e-06 0.028214
1-1-0-4-3-5-0-2-2-3-0-2-2-3-0 2195693 0.118839 0.05738 8e-06 0.02305
1-1-0-4-3-5-0-2-2-3-0-4-3-5-0 17189893 0.149758 0.068361 5e-06 0.032211
1-1-0-4-3-5-0-4-3-5-0-0-1-1-0 19536812 0.173979 0.086272 1.2e-05 0.036754
1-1-0-4-3-5-0-4-3-5-0-2-2-3-0 12653171 0.162577 0.076822 8e-06 0.034073
1-1-0-4-3-5-0-4-3-5-0-4-3-5-0 66854831 0.258679 0.153149 1.2e-05 0.040596
2-3-0-0-1-1-0-0-1-1-0-0-1-1-0 166498 0.110341 0.04888 8e-06 0.023709
2-3-0-0-1-1-0-0-1-1-0-2-2-3-0 248813 0.101563 0.045988 7e-06 0.019907
2-3-0-0-1-1-0-0-1-1-0-4-3-5-0 1824440 0.126972 0.04904 1.1e-05 0.028232
2-3-0-0-1-1-0-2-2-3-0-0-1-1-0 455112 0.096002 0.04534 7e-06 0.019391
2-3-0-0-1-1-0-2-2-3-0-2-2-3-0 360293 0.091428 0.042745 6e-06 0.017232
2-3-0-0-1-1-0-2-2-3-0-4-3-5-0 3093998 0.112838 0.04599 9e-06 0.024222
2-3-0-0-1-1-0-4-3-5-0-0-1-1-0 3581853 0.140082 0.059934 7e-06 0.028536
2-3-0-0-1-1-0-4-3-5-0-2-2-3-0 2663360 0.124537 0.057468 9e-06 0.024529
2-3-0-0-1-1-0-4-3-5-0-4-3-5-0 16161615 0.164007 0.07383 1.1e-05 0.032217
2-3-0-2-2-3-0-0-1-1-0-0-1-1-0 269113 0.099216 0.044857 7e-06 0.020676
2-3-0-2-2-3-0-0-1-1-0-2-2-3-0 408400 0.093869 0.04389 1e-05 0.016469
2-3-0-2-2-3-0-0-1-1-0-4-3-5-0 2995057 0.119322 0.046434 7e-06 0.02494
2-3-0-2-2-3-0-2-2-3-0-0-1-1-0 365222 0.090261 0.041935 7e-06 0.016874
2-3-0-2-2-3-0-2-2-3-0-2-2-3-0 266338 0.083088 0.03977 1.2e-05 0.013789
2-3-0-2-2-3-0-2-2-3-0-4-3-5-0 2350930 0.109182 0.042854 6e-06 0.020734
2-3-0-2-2-3-0-4-3-5-0-0-1-1-0 3246243 0.13604 0.055491 9e-06 0.03525
2-3-0-2-2-3-0-4-3-5-0-2-2-3-0 2515710 0.120553 0.055452 4e-06 0.02027
2-3-0-2-2-3-0-4-3-5-0-4-3-5-0 14812754 0.155298 0.069986 5e-06 0.028091
2-3-0-4-3-5-0-0-1-1-0-0-1-1-0 2005389 0.126955 0.057209 1.3e-05 0.02795
2-3-0-4-3-5-0-0-1-1-0-2-2-3-0 2646121 0.118483 0.056057 7e-06 0.024253
2-3-0-4-3-5-0-0-1-1-0-4-3-5-0 18159506 0.161566 0.074826 8e-06 0.032724
2-3-0-4-3-5-0-2-2-3-0-0-1-1-0 2939091 0.122146 0.054917 1.1e-05 0.026411
2-3-0-4-3-5-0-2-2-3-0-2-2-3-0 2187268 0.111856 0.053395 7e-06 0.0205
2-3-0-4-3-5-0-2-2-3-0-4-3-5-0 16400959 0.145312 0.064888 7e-06 0.028824
2-3-0-4-3-5-0-4-3-5-0-0-1-1-0 17228423 0.165678 0.081093 5e-06 0.032647
2-3-0-4-3-5-0-4-3-5-0-2-2-3-0 11922624 0.155366 0.073523 1.6e-05 0.03025
2-3-0-4-3-5-0-4-3-5-0-4-3-5-0 59130651 0.250699 0.150423 1.8e-05 0.036925
3-5-0-0-1-1-0-0-1-1-0-0-1-1-0 1007175 0.136383 0.061679 8e-06 0.031596
3-5-0-0-1-1-0-0-1-1-0-2-2-3-0 988117 0.129808 0.0598 6e-06 0.031883
3-5-0-0-1-1-0-0-1-1-0-4-3-5-0 8148870 0.154686 0.065596 8e-06 0.035289
3-5-0-0-1-1-0-2-2-3-0-0-1-1-0 1862906 0.12421 0.058608 1.2e-05 0.028761
3-5-0-0-1-1-0-2-2-3-0-2-2-3-0 1307204 0.118002 0.055459 6e-06 0.024868
3-5-0-0-1-1-0-2-2-3-0-4-3-5-0 10491003 0.141708 0.059038 1.1e-05 0.033486
3-5-0-0-1-1-0-4-3-5-0-0-1-1-0 14250721 0.174525 0.074907 7e-06 0.043052
3-5-0-0-1-1-0-4-3-5-0-2-2-3-0 9085093 0.15749 0.074016 1.4e-05 0.033721
3-5-0-0-1-1-0-4-3-5-0-4-3-5-0 55174169 0.205044 0.103669 9e-06 0.039521
3-5-0-2-2-3-0-0-1-1-0-0-1-1-0 1056404 0.129237 0.058041 8e-06 0.030125
3-5-0-2-2-3-0-0-1-1-0-2-2-3-0 1496081 0.120391 0.056327 9e-06 0.024337
3-5-0-2-2-3-0-0-1-1-0-4-3-5-0 10139913 0.145742 0.060063 8e-06 0.032526
3-5-0-2-2-3-0-2-2-3-0-0-1-1-0 1393155 0.116402 0.054124 5e-06 0.025094
3-5-0-2-2-3-0-2-2-3-0-2-2-3-0 939938 0.109139 0.053274 1.2e-05 0.020765
3-5-0-2-2-3-0-2-2-3-0-4-3-5-0 8004004 0.129959 0.055039 1e-05 0.028786
3-5-0-2-2-3-0-4-3-5-0-0-1-1-0 10539120 0.153661 0.06948 7e-06 0.034088
3-5-0-2-2-3-0-4-3-5-0-2-2-3-0 7520982 0.143857 0.067012 1.2e-05 0.030454
3-5-0-2-2-3-0-4-3-5-0-4-3-5-0 41179648 0.195229 0.096963 8e-06 0.038499
3-5-0-4-3-5-0-0-1-1-0-0-1-1-0 7765304 0.158749 0.071908 5e-06 0.036766
3-5-0-4-3-5-0-0-1-1-0-2-2-3-0 8091389 0.146954 0.070124 6e-06 0.03283
3-5-0-4-3-5-0-0-1-1-0-4-3-5-0 55175418 0.221738 0.115366 6e-06 0.040481
3-5-0-4-3-5-0-2-2-3-0-0-1-1-0 9092310 0.148886 0.069144 1.4e-05 0.034087
3-5-0-4-3-5-0-2-2-3-0-2-2-3-0 6348703 0.13758 0.066097 9e-06 0.029505
3-5-0-4-3-5-0-2-2-3-0-4-3-5-0 45773415 0.200324 0.101825 1.5e-05 0.037128
3-5-0-4-3-5-0-4-3-5-0-0-1-1-0 52630265 0.21049 0.10681 9e-06 0.042073
3-5-0-4-3-5-0-4-3-5-0-2-2-3-0 32665634 0.192598 0.097984 8e-06 0.037015
3-5-0-4-3-5-0-4-3-5-0-4-3-5-0 166867136 0.422756 0.297548 9e-06 0.045313
