0-0-1-1-0-0-1-1-0-0-1-1-0-0-1 219989 0.072339 0.024387 1e-05 0.032112
0-0-1-1-0-0-1-1-0-0-1-1-0-2-2 166498 0.054138 0.016551 9e-06 0.027513
0-0-1-1-0-0-1-1-0-0-1-1-0-4-3 1007175 0.060281 0.017901 1.1e-05 0.029454
0-0-1-1-0-0-1-1-0-2-2-3-0-0-1 227118 0.052903 0.015493 6e-06 0.027426
0-0-1-1-0-0-1-1-0-2-2-3-0-2-2 269113 0.055422 0.015732 8e-06 0.028102
0-0-1-1-0-0-1-1-0-2-2-3-0-4-3 1056404 0.057997 0.016573 8e-06 0.02912
0-0-1-1-0-0-1-1-0-4-3-5-0-0-1 2382824 0.083671 0.027544 1.2e-05 0.039161
0-0-1-1-0-0-1-1-0-4-3-5-0-2-2 2005389 0.07446 0.020478 1.2e-05 0.03887
0-0-1-1-0-0-1-1-0-4-3-5-0-4-3 7765304 0.079737 0.023138 9e-06 0.039223
0-0-1-1-0-2-2-3-0-0-1-1-0-0-1 254087 0.073964 0.015417 9e-06 0.044593
0-0-1-1-0-2-2-3-0-0-1-1-0-2-2 455112 0.061222 0.014406 9e-06 0.03476
0-0-1-1-0-2-2-3-0-0-1-1-0-4-3 1862906 0.063761 0.015731 7e-06 0.033891
0-0-1-1-0-2-2-3-0-2-2-3-0-0-1 312856 0.051919 0.013172 9e-06 0.028449
0-0-1-1-0-2-2-3-0-2-2-3-0-2-2 365222 0.055259 0.014257 5e-06 0.028802
0-0-1-1-0-2-2-3-0-2-2-3-0-4-3 1393155 0.054864 0.014388 8e-06 0.028078
0-0-1-1-0-2-2-3-0-4-3-5-0-0-1 3006235 0.069757 0.01837 9e-06 0.036124
0-0-1-1-0-2-2-3-0-4-3-5-0-2-2 2939091 0.06702 0.01849 8e-06 0.035432
0-0-1-1-0-2-2-3-0-4-3-5-0-4-3 9092310 0.07275 0.020859 8e-06 0.036439
0-0-1-1-0-4-3-5-0-0-1-1-0-0-1 2542069 0.078714 0.020462 1e-05 0.04433
0-0-1-1-0-4-3-5-0-0-1-1-0-2-2 3581853 0.077796 0.020445 1e-05 0.044131
0-0-1-1-0-4-3-5-0-0-1-1-0-4-3 14250721 0.097704 0.037641 1e-05 0.043981
0-0-1-1-0-4-3-5-0-2-2-3-0-0-1 2736848 0.078864 0.018928 1.5e-05 0.043494
0-0-1-1-0-4-3-5-0-2-2-3-0-2-2 3246243 0.073331 0.019057 8e-06 0.040897
0-0-1-1-0-4-3-5-0-2-2-3-0-4-3 10539120 0.074721 0.02046 7e-06 0.040013
0-0-1-1-0-4-3-5-0-4-3-5-0-0-1 19536812 0.123706 0.053481 1.1e-05 0.050609
0-0-1-1-0-4-3-5-0-4-3-5-0-2-2 17228423 0.092058 0.027623 1.8e-05 0.047066
0-0-1-1-0-4-3-5-0-4-3-5-0-4-3 52630265 0.231592 0.148045 1.1e-05 0.051087
0-2-2-3-0-0-1-1-0-0-1-1-0-0-1 141290 0.058396 0.017056 1e-05 0.028483
0-2-2-3-0-0-1-1-0-0-1-1-0-2-2 248813 0.054718 0.014995 7e-06 0.028702
0-2-2-3-0-0-1-1-0-0-1-1-0-4-3 988117 0.060566 0.016105 8e-06 0.028856
0-2-2-3-0-0-1-1-0-2-2-3-0-0-1 308439 0.049645 0.013757 9e-06 0.025171
0-2-2-3-0-0-1-1-0-2-2-3-0-2-2 408400 0.050548 0.014152 1.2e-05 0.024958
0-2-2-3-0-0-1-1-0-2-2-3-0-4-3 1496081 0.053906 0.015086 1.2e-05 0.025166
0-2-2-3-0-0-1-1-0-4-3-5-0-0-1 2694129 0.072579 0.019565 1.4e-05 0.033439
0-2-2-3-0-0-1-1-0-4-3-5-0-2-2 2646121 0.071042 0.019421 1e-05 0.032575
0-2-2-3-0-0-1-1-0-4-3-5-0-4-3 8091389 0.076453 0.021307 1.1e-05 0.033106
0-2-2-3-0-2-2-3-0-0-1-1-0-0-1 188377 0.052676 0.014601 9e-06 0.025299
0-2-2-3-0-2-2-3-0-0-1-1-0-2-2 360293 0.05647 0.013638 1.4e-05 0.029286
0-2-2-3-0-2-2-3-0-0-1-1-0-4-3 1307204 0.057481 0.014469 9e-06 0.026646
0-2-2-3-0-2-2-3-0-2-2-3-0-0-1 229664 0.049796 0.014465 6e-06 0.023791
0-2-2-3-0-2-2-3-0-2-2-3-0-2-2 266338 0.050247 0.014406 8e-06 0.023854
0-2-2-3-0-2-2-3-0-2-2-3-0-4-3 939938 0.050335 0.013356 7e-06 0.024106
0-2-2-3-0-2-2-3-0-4-3-5-0-0-1 2195693 0.067973 0.01739 1.1e-05 0.031853
0-2-2-3-0-2-2-3-0-4-3-5-0-2-2 2187268 0.066479 0.017425 5e-06 0.030599
0-2-2-3-0-2-2-3-0-4-3-5-0-4-3 6348703 0.07125 0.018592 8e-06 0.031216
0-2-2-3-0-4-3-5-0-0-1-1-0-0-1 1687902 0.068987 0.017994 7e-06 0.034927
0-2-2-3-0-4-3-5-0-0-1-1-0-2-2 2663360 0.067578 0.01809 9e-06 0.033937
0-2-2-3-0-4-3-5-0-0-1-1-0-4-3 9085093 0.073832 0.020008 1.3e-05 0.034235
0-2-2-3-0-4-3-5-0-2-2-3-0-0-1 2056435 0.065211 0.016511 1.1e-05 0.031165
0-2-2-3-0-4-3-5-0-2-2-3-0-2-2 2515710 0.063817 0.016645 1e-05 0.030736
0-2-2-3-0-4-3-5-0-2-2-3-0-4-3 7520982 0.068099 0.018371 1.2e-05 0.030899
0-2-2-3-0-4-3-5-0-4-3-5-0-0-1 12653171 0.084788 0.023941 9e-06 0.040182
0-2-2-3-0-4-3-5-0-4-3-5-0-2-2 11922624 0.080739 0.023346 1e-05 0.039182
0-2-2-3-0-4-3-5-0-4-3-5-0-4-3 32665634 0.097435 0.03548 1.3e-05 0.04029
0-4-3-5-0-0-1-1-0-0-1-1-0-0-1 1332890 0.076979 0.021329 1.6e-05 0.038382
0-4-3-5-0-0-1-1-0-0-1-1-0-2-2 1824440 0.067489 0.018262 7e-06 0.037893
0-4-3-5-0-0-1-1-0-0-1-1-0-4-3 8148870 0.077425 0.020092 1.9e-05 0.038462
0-4-3-5-0-0-1-1-0-2-2-3-0-0-1 2318991 0.068463 0.017359 8e-06 0.034716
0-4-3-5-0-0-1-1-0-2-2-3-0-2-2 2995057 0.065672 0.019107 7e-06 0.032455
0-4-3-5-0-0-1-1-0-2-2-3-0-4-3 10139913 0.069789 0.018636 7e-06 0.033772
0-4-3-5-0-0-1-1-0-4-3-5-0-0-1 20205284 0.093189 0.025202 7e-06 0.043075
0-4-3-5-0-0-1-1-0-4-3-5-0-2-2 18159506 0.092 0.023731 9e-06 0.044862
0-4-3-5-0-0-1-1-0-4-3-5-0-4-3 55175418 0.129215 0.059792 1.1e-05 0.046173
0-4-3-5-0-2-2-3-0-0-1-1-0-0-1 1578412 0.071287 0.019967 9e-06 0.033668
0-4-3-5-0-2-2-3-0-0-1-1-0-2-2 3093998 0.064925 0.01722 6e-06 0.032281
0-4-3-5-0-2-2-3-0-0-1-1-0-4-3 10491003 0.070415 0.018652 6e-06 0.032045
0-4-3-5-0-2-2-3-0-2-2-3-0-0-1 2036936 0.059753 0.016267 6e-06 0.028999
0-4-3-5-0-2-2-3-0-2-2-3-0-2-2 2350930 0.058769 0.015918 5e-06 0.027851
0-4-3-5-0-2-2-3-0-2-2-3-0-4-3 8004004 0.061213 0.017224 8e-06 0.028054
0-4-3-5-0-2-2-3-0-4-3-5-0-0-1 17189893 0.102936 0.022372 1.1e-05 0.054804
0-4-3-5-0-2-2-3-0-4-3-5-0-2-2 16400959 0.081013 0.022158 9e-06 0.036414
0-4-3-5-0-2-2-3-0-4-3-5-0-4-3 45773415 0.091691 0.029125 7e-06 0.038348
0-4-3-5-0-4-3-5-0-0-1-1-0-0-1 12258976 0.089123 0.023498 9e-06 0.040154
0-4-3-5-0-4-3-5-0-0-1-1-0-2-2 16161615 0.083897 0.023324 7e-06 0.038191
0-4-3-5-0-4-3-5-0-0-1-1-0-4-3 55174169 0.113116 0.048704 1e-05 0.039627
0-4-3-5-0-4-3-5-0-2-2-3-0-0-1 12037649 0.081951 0.021152 4e-06 0.036991
0-4-3-5-0-4-3-5-0-2-2-3-0-2-2 14812754 0.080252 0.02173 5e-06 0.035461
0-4-3-5-0-4-3-5-0-2-2-3-0-4-3 41179648 0.08672 0.026035 5e-06 0.036041
0-4-3-5-0-4-3-5-0-4-3-5-0-0-1 66854831 0.148159 0.073518 1.2e-05 0.044977
0-4-3-5-0-4-3-5-0-4-3-5-0-2-2 59130651 0.108398 0.036603 1.3e-05 0.043934
0-4-3-5-0-4-3-5-0-4-3-5-0-4-3 166867136 0.367046 0.285612 1.2e-05 0.047038
1-1-0-0-1-1-0-0-1-1-0-0-1-1-0 219989 0.063941 0.0163 7e-06 0.028982
1-1-0-0-1-1-0-0-1-1-0-2-2-3-0 141290 0.055516 0.015175 1e-05 0.026254
1-1-0-0-1-1-0-0-1-1-0-4-3-5-0 1332890 0.078182 0.016816 1.1e-05 0.03489
1-1-0-0-1-1-0-2-2-3-0-0-1-1-0 254087 0.055943 0.016744 5e-06 0.023758
1-1-0-0-1-1-0-2-2-3-0-2-2-3-0 188377 0.050706 0.014401 8e-06 0.021391
1-1-0-0-1-1-0-2-2-3-0-4-3-5-0 1578412 0.065168 0.016064 7e-06 0.030031
1-1-0-0-1-1-0-4-3-5-0-0-1-1-0 2542069 0.073606 0.020405 1.1e-05 0.033008
1-1-0-0-1-1-0-4-3-5-0-2-2-3-0 1687902 0.066633 0.019624 1.1e-05 0.029416
1-1-0-0-1-1-0-4-3-5-0-4-3-5-0 12258976 0.085869 0.024577 8e-06 0.037181
1-1-0-2-2-3-0-0-1-1-0-0-1-1-0 227118 0.054013 0.01555 1.1e-05 0.024859
1-1-0-2-2-3-0-0-1-1-0-2-2-3-0 308439 0.04885 0.014885 7e-06 0.022362
1-1-0-2-2-3-0-0-1-1-0-4-3-5-0 2318991 0.064586 0.015601 6e-06 0.030459
1-1-0-2-2-3-0-2-2-3-0-0-1-1-0 312856 0.052284 0.014792 1.1e-05 0.022001
1-1-0-2-2-3-0-2-2-3-0-2-2-3-0 229664 0.046116 0.013342 8e-06 0.019796
1-1-0-2-2-3-0-2-2-3-0-4-3-5-0 2036936 0.061965 0.014569 9e-06 0.027303
1-1-0-2-2-3-0-4-3-5-0-0-1-1-0 2736848 0.068731 0.018516 1.2e-05 0.030489
1-1-0-2-2-3-0-4-3-5-0-2-2-3-0 2056435 0.061409 0.018206 1e-05 0.026722
1-1-0-2-2-3-0-4-3-5-0-4-3-5-0 12037649 0.081377 0.022024 9e-06 0.03507
1-1-0-4-3-5-0-0-1-1-0-0-1-1-0 2382824 0.070051 0.019539 8e-06 0.034078
1-1-0-4-3-5-0-0-1-1-0-2-2-3-0 2694129 0.06501 0.019029 7e-06 0.030076
1-1-0-4-3-5-0-0-1-1-0-4-3-5-0 20205284 0.08553 0.024459 6e-06 0.037484
1-1-0-4-3-5-0-2-2-3-0-0-1-1-0 3006235 0.065675 0.018374 1.2e-05 0.030571
1-1-0-4-3-5-0-2-2-3-0-2-2-3-0 2195693 0.060754 0.018045 1.5e-05 0.026345
1-1-0-4-3-5-0-2-2-3-0-4-3-5-0 17189893 0.07913 0.022257 1.4e-05 0.034303
1-1-0-4-3-5-0-4-3-5-0-0-1-1-0 19536812 0.107313 0.028757 1.2e-05 0.052157
1-1-0-4-3-5-0-4-3-5-0-2-2-3-0 12653171 0.082599 0.024296 8e-06 0.036082
1-1-0-4-3-5-0-4-3-5-0-4-3-5-0 66854831 0.11817 0.045945 8e-06 0.043168
2-3-0-0-1-1-0-0-1-1-0-0-1-1-0 166498 0.058441 0.016706 9e-06 0.025871
2-3-0-0-1-1-0-0-1-1-0-2-2-3-0 248813 0.051783 0.01447 1.2e-05 0.023028
2-3-0-0-1-1-0-0-1-1-0-4-3-5-0 1824440 0.067308 0.015865 1.4e-05 0.03075
2-3-0-0-1-1-0-2-2-3-0-0-1-1-0 455112 0.050783 0.015202 1.2e-05 0.021198
2-3-0-0-1-1-0-2-2-3-0-2-2-3-0 360293 0.04755 0.014605 5e-06 0.018352
2-3-0-0-1-1-0-2-2-3-0-4-3-5-0 3093998 0.058827 0.0149 1.1e-05 0.026762
2-3-0-0-1-1-0-4-3-5-0-0-1-1-0 3581853 0.07096 0.020026 5e-06 0.029204
2-3-0-0-1-1-0-4-3-5-0-2-2-3-0 2663360 0.063045 0.018381 4e-06 0.02749
2-3-0-0-1-1-0-4-3-5-0-4-3-5-0 16161615 0.082462 0.023868 4e-06 0.035227
2-3-0-2-2-3-0-0-1-1-0-0-1-1-0 269113 0.050146 0.014624 6e-06 0.022345
2-3-0-2-2-3-0-0-1-1-0-2-2-3-0 408400 0.049339 0.015057 5e-06 0.019715
2-3-0-2-2-3-0-0-1-1-0-4-3-5-0 2995057 0.062048 0.014851 7e-06 0.027257
2-3-0-2-2-3-0-2-2-3-0-0-1-1-0 365222 0.047914 0.013948 8e-06 0.019564
2-3-0-2-2-3-0-2-2-3-0-2-2-3-0 266338 0.045099 0.013702 1e-05 0.017231
2-3-0-2-2-3-0-2-2-3-0-4-3-5-0 2350930 0.055402 0.013808 8e-06 0.025005
2-3-0-2-2-3-0-4-3-5-0-0-1-1-0 3246243 0.062646 0.017765 1.1e-05 0.026871
2-3-0-2-2-3-0-4-3-5-0-2-2-3-0 2515710 0.061925 0.01975 4e-06 0.023635
2-3-0-2-2-3-0-4-3-5-0-4-3-5-0 14812754 0.076834 0.022232 7e-06 0.030655
2-3-0-4-3-5-0-0-1-1-0-0-1-1-0 2005389 0.065216 0.018345 9e-06 0.030222
2-3-0-4-3-5-0-0-1-1-0-2-2-3-0 2646121 0.061133 0.017867 9e-06 0.026468
2-3-0-4-3-5-0-0-1-1-0-4-3-5-0 18159506 0.086351 0.023531 8e-06 0.03441
2-3-0-4-3-5-0-2-2-3-0-0-1-1-0 2939091 0.061785 0.017282 1.2e-05 0.0285
2-3-0-4-3-5-0-2-2-3-0-2-2-3-0 2187268 0.058084 0.016731 9e-06 0.025132
2-3-0-4-3-5-0-2-2-3-0-4-3-5-0 16400959 0.074927 0.021243 7e-06 0.032367
2-3-0-4-3-5-0-4-3-5-0-0-1-1-0 17228423 0.085621 0.025695 1e-05 0.037802
2-3-0-4-3-5-0-4-3-5-0-2-2-3-0 11922624 0.090406 0.027317 9e-06 0.037614
2-3-0-4-3-5-0-4-3-5-0-4-3-5-0 59130651 0.121272 0.045232 1.1e-05 0.047948
3-5-0-0-1-1-0-0-1-1-0-0-1-1-0 1007175 0.072158 0.01971 1.1e-05 0.036355
3-5-0-0-1-1-0-0-1-1-0-2-2-3-0 988117 0.065198 0.018571 9e-06 0.033175
3-5-0-0-1-1-0-0-1-1-0-4-3-5-0 8148870 0.086379 0.020253 1.1e-05 0.042038
3-5-0-0-1-1-0-2-2-3-0-0-1-1-0 1862906 0.062018 0.018093 1e-05 0.031241
3-5-0-0-1-1-0-2-2-3-0-2-2-3-0 1307204 0.058152 0.017296 1e-05 0.027586
3-5-0-0-1-1-0-2-2-3-0-4-3-5-0 10491003 0.074905 0.019033 9e-06 0.035476
3-5-0-0-1-1-0-4-3-5-0-0-1-1-0 14250721 0.086988 0.023784 1.4e-05 0.039748
3-5-0-0-1-1-0-4-3-5-0-2-2-3-0 9085093 0.079697 0.022572 9e-06 0.037158
3-5-0-0-1-1-0-4-3-5-0-4-3-5-0 55174169 0.103454 0.03238 7e-06 0.043793
3-5-0-2-2-3-0-0-1-1-0-0-1-1-0 1056404 0.063039 0.01794 8e-06 0.032364
3-5-0-2-2-3-0-0-1-1-0-2-2-3-0 1496081 0.060298 0.017418 6e-06 0.028728
3-5-0-2-2-3-0-0-1-1-0-4-3-5-0 10139913 0.078713 0.018873 1.4e-05 0.035898
3-5-0-2-2-3-0-2-2-3-0-0-1-1-0 1393155 0.058568 0.016838 6e-06 0.028002
3-5-0-2-2-3-0-2-2-3-0-2-2-3-0 939938 0.052735 0.016322 7e-06 0.024196
3-5-0-2-2-3-0-2-2-3-0-4-3-5-0 8004004 0.070113 0.017704 1.1e-05 0.032007
3-5-0-2-2-3-0-4-3-5-0-0-1-1-0 10539120 0.080409 0.021504 8e-06 0.034857
3-5-0-2-2-3-0-4-3-5-0-2-2-3-0 7520982 0.072874 0.020813 6e-06 0.031621
3-5-0-2-2-3-0-4-3-5-0-4-3-5-0 41179648 0.09804 0.029239 7e-06 0.039631
3-5-0-4-3-5-0-0-1-1-0-0-1-1-0 7765304 0.082433 0.022699 9e-06 0.038665
3-5-0-4-3-5-0-0-1-1-0-2-2-3-0 8091389 0.076766 0.022267 7e-06 0.035146
3-5-0-4-3-5-0-0-1-1-0-4-3-5-0 55175418 0.107611 0.034593 1.1e-05 0.043225
3-5-0-4-3-5-0-2-2-3-0-0-1-1-0 9092310 0.075137 0.021369 5e-06 0.036124
3-5-0-4-3-5-0-2-2-3-0-2-2-3-0 6348703 0.072371 0.020807 9e-06 0.031978
3-5-0-4-3-5-0-2-2-3-0-4-3-5-0 45773415 0.093736 0.0295 5e-06 0.039591
3-5-0-4-3-5-0-4-3-5-0-0-1-1-0 52630265 0.106038 0.033877 7e-06 0.045691
3-5-0-4-3-5-0-4-3-5-0-2-2-3-0 32665634 0.095468 0.028955 8e-06 0.042288
3-5-0-4-3-5-0-4-3-5-0-4-3-5-0 166867136 0.260257 0.17956 1.1e-05 0.049091
