0-0-1-1-0 285299 0.017912 0.009322 1e-06 0.001827
0-2-2-3-0 121022 0.008523 0.004152 2.1684e-19 0.001077
0-4-3-5-0 1015379 0.014213 0.009324 2.1684e-19 0.001931
1-1-0-0-1 136551 0.006192 0.002317 1e-06 0.002107
1-1-0-2-2 53154 0.005069 0.002086 0 0.00162
1-1-0-4-3 315769 0.006069 0.002262 0 0.002034
2-3-0-0-1 53154 0.004924 0.00121 2.1684e-19 0.001613
2-3-0-2-2 88299 0.004627 0.001249 1e-06 0.001641
2-3-0-4-3 178486 0.004784 0.001227 2.1684e-19 0.001631
3-5-0-0-1 315769 0.018033 0.011106 0 0.003246
3-5-0-2-2 178486 0.010076 0.004619 0 0.002997
3-5-0-4-3 1388715 0.012316 0.006421 1e-06 0.003097
