0-0-1-1-0-0-1-1-0-0-1-1-0-0-1 219989 0.102904 0.045412 1.3e-05 0.033288
0-0-1-1-0-0-1-1-0-0-1-1-0-2-2 166498 0.080707 0.028769 9e-06 0.029782
0-0-1-1-0-0-1-1-0-0-1-1-0-4-3 1007175 0.08544 0.031327 1.4e-05 0.031511
0-0-1-1-0-0-1-1-0-2-2-3-0-0-1 227118 0.075209 0.026715 7e-06 0.030082
0-0-1-1-0-0-1-1-0-2-2-3-0-2-2 269113 0.076561 0.026828 9e-06 0.030739
0-0-1-1-0-0-1-1-0-2-2-3-0-4-3 1056404 0.083691 0.028918 1.4e-05 0.031262
0-0-1-1-0-0-1-1-0-4-3-5-0-0-1 2382824 0.110034 0.039871 1.6e-05 0.040267
0-0-1-1-0-0-1-1-0-4-3-5-0-2-2 2005389 0.099931 0.033765 1.2e-05 0.040314
0-0-1-1-0-0-1-1-0-4-3-5-0-4-3 7765304 0.107727 0.038488 1.2e-05 0.03965
0-0-1-1-0-2-2-3-0-0-1-1-0-0-1 254087 0.084426 0.029314 8e-06 0.033954
0-0-1-1-0-2-2-3-0-0-1-1-0-2-2 455112 0.085245 0.026427 1.2e-05 0.034077
0-0-1-1-0-2-2-3-0-0-1-1-0-4-3 1862906 0.088327 0.028747 1.1e-05 0.034197
0-0-1-1-0-2-2-3-0-2-2-3-0-0-1 312856 0.074716 0.024946 6e-06 0.028497
0-0-1-1-0-2-2-3-0-2-2-3-0-2-2 365222 0.07784 0.025113 1.6e-05 0.029264
0-0-1-1-0-2-2-3-0-2-2-3-0-4-3 1393155 0.079164 0.027033 7e-06 0.028653
0-0-1-1-0-2-2-3-0-4-3-5-0-0-1 3006235 0.099099 0.034792 9e-06 0.0367
0-0-1-1-0-2-2-3-0-4-3-5-0-2-2 2939091 0.095884 0.034732 9e-06 0.036429
0-0-1-1-0-2-2-3-0-4-3-5-0-4-3 9092310 0.097394 0.037062 9e-06 0.032385
0-0-1-1-0-4-3-5-0-0-1-1-0-0-1 2542069 0.096454 0.036164 8e-06 0.037634
0-0-1-1-0-4-3-5-0-0-1-1-0-2-2 3581853 0.093256 0.034876 5e-06 0.037804
0-0-1-1-0-4-3-5-0-0-1-1-0-4-3 14250721 0.108459 0.046785 1.3e-05 0.038248
0-0-1-1-0-4-3-5-0-2-2-3-0-0-1 2736848 0.094342 0.032054 1e-05 0.039081
0-0-1-1-0-4-3-5-0-2-2-3-0-2-2 3246243 0.091898 0.032481 6e-06 0.037434
0-0-1-1-0-4-3-5-0-2-2-3-0-4-3 10539120 0.095027 0.034888 1e-05 0.037053
0-0-1-1-0-4-3-5-0-4-3-5-0-0-1 19536812 0.137158 0.061904 1.2e-05 0.046807
0-0-1-1-0-4-3-5-0-4-3-5-0-2-2 17228423 0.118732 0.04586 1.2e-05 0.044963
0-0-1-1-0-4-3-5-0-4-3-5-0-4-3 52630265 0.224276 0.136439 1.2e-05 0.046969
0-2-2-3-0-0-1-1-0-0-1-1-0-0-1 141290 0.073627 0.028627 7e-06 0.025455
0-2-2-3-0-0-1-1-0-0-1-1-0-2-2 248813 0.070067 0.026445 1.1e-05 0.02484
0-2-2-3-0-0-1-1-0-0-1-1-0-4-3 988117 0.078847 0.028399 9e-06 0.026586
0-2-2-3-0-0-1-1-0-2-2-3-0-0-1 308439 0.067926 0.025216 5e-06 0.021483
0-2-2-3-0-0-1-1-0-2-2-3-0-2-2 408400 0.064572 0.02384 8e-06 0.021516
0-2-2-3-0-0-1-1-0-2-2-3-0-4-3 1496081 0.067925 0.025823 5e-06 0.021285
0-2-2-3-0-0-1-1-0-4-3-5-0-0-1 2694129 0.097127 0.034546 1e-05 0.029624
0-2-2-3-0-0-1-1-0-4-3-5-0-2-2 2646121 0.096848 0.035031 1.2e-05 0.029503
0-2-2-3-0-0-1-1-0-4-3-5-0-4-3 8091389 0.10437 0.037664 7e-06 0.030451
0-2-2-3-0-2-2-3-0-0-1-1-0-0-1 188377 0.066801 0.025769 7e-06 0.022872
0-2-2-3-0-2-2-3-0-0-1-1-0-2-2 360293 0.070246 0.02469 6e-06 0.023141
0-2-2-3-0-2-2-3-0-0-1-1-0-4-3 1307204 0.072674 0.026145 1e-05 0.025994
0-2-2-3-0-2-2-3-0-2-2-3-0-0-1 229664 0.066881 0.02553 1e-05 0.023888
0-2-2-3-0-2-2-3-0-2-2-3-0-2-2 266338 0.068752 0.025693 1e-05 0.023955
0-2-2-3-0-2-2-3-0-2-2-3-0-4-3 939938 0.075815 0.03018 9e-06 0.023595
0-2-2-3-0-2-2-3-0-4-3-5-0-0-1 2195693 0.092964 0.033643 9e-06 0.031358
0-2-2-3-0-2-2-3-0-4-3-5-0-2-2 2187268 0.089462 0.031489 9e-06 0.030163
0-2-2-3-0-2-2-3-0-4-3-5-0-4-3 6348703 0.094624 0.033685 1.1e-05 0.030301
0-2-2-3-0-4-3-5-0-0-1-1-0-0-1 1687902 0.091498 0.033076 1.2e-05 0.034084
0-2-2-3-0-4-3-5-0-0-1-1-0-2-2 2663360 0.091645 0.032201 9e-06 0.034277
0-2-2-3-0-4-3-5-0-0-1-1-0-4-3 9085093 0.099585 0.036404 1.3e-05 0.033698
0-2-2-3-0-4-3-5-0-2-2-3-0-0-1 2056435 0.086051 0.029828 1.3e-05 0.030739
0-2-2-3-0-4-3-5-0-2-2-3-0-2-2 2515710 0.083685 0.030175 7e-06 0.030342
0-2-2-3-0-4-3-5-0-2-2-3-0-4-3 7520982 0.092603 0.033007 9e-06 0.031342
0-2-2-3-0-4-3-5-0-4-3-5-0-0-1 12653171 0.119648 0.044322 1e-05 0.041089
0-2-2-3-0-4-3-5-0-4-3-5-0-2-2 11922624 0.119695 0.042233 1.1e-05 0.041221
0-2-2-3-0-4-3-5-0-4-3-5-0-4-3 32665634 0.123452 0.05369 1.1e-05 0.036539
0-4-3-5-0-0-1-1-0-0-1-1-0-0-1 1332890 0.093578 0.033747 1e-05 0.03456
0-4-3-5-0-0-1-1-0-0-1-1-0-2-2 1824440 0.086675 0.032401 1e-05 0.03349
0-4-3-5-0-0-1-1-0-0-1-1-0-4-3 8148870 0.107778 0.037293 1e-05 0.03656
0-4-3-5-0-0-1-1-0-2-2-3-0-0-1 2318991 0.09114 0.031166 9e-06 0.033997
0-4-3-5-0-0-1-1-0-2-2-3-0-2-2 2995057 0.090776 0.031289 8e-06 0.035359
0-4-3-5-0-0-1-1-0-2-2-3-0-4-3 10139913 0.096309 0.034099 1e-05 0.032907
0-4-3-5-0-0-1-1-0-4-3-5-0-0-1 20205284 0.123773 0.04507 1.4e-05 0.042713
0-4-3-5-0-0-1-1-0-4-3-5-0-2-2 18159506 0.127249 0.044084 1.4e-05 0.044737
0-4-3-5-0-0-1-1-0-4-3-5-0-4-3 55175418 0.15477 0.07167 9e-06 0.045874
0-4-3-5-0-2-2-3-0-0-1-1-0-0-1 1578412 0.091109 0.030918 1e-05 0.034889
0-4-3-5-0-2-2-3-0-0-1-1-0-2-2 3093998 0.083969 0.031101 8e-06 0.029268
0-4-3-5-0-2-2-3-0-0-1-1-0-4-3 10491003 0.09258 0.033955 8e-06 0.029872
0-4-3-5-0-2-2-3-0-2-2-3-0-0-1 2036936 0.080762 0.028722 9e-06 0.026867
0-4-3-5-0-2-2-3-0-2-2-3-0-2-2 2350930 0.078281 0.028824 9e-06 0.026092
0-4-3-5-0-2-2-3-0-2-2-3-0-4-3 8004004 0.08344 0.031041 8e-06 0.025848
0-4-3-5-0-2-2-3-0-4-3-5-0-0-1 17189893 0.107166 0.039965 1e-05 0.03588
0-4-3-5-0-2-2-3-0-4-3-5-0-2-2 16400959 0.113584 0.040034 1e-05 0.034917
0-4-3-5-0-2-2-3-0-4-3-5-0-4-3 45773415 0.118212 0.047642 6e-06 0.036029
0-4-3-5-0-4-3-5-0-0-1-1-0-0-1 12258976 0.116247 0.041842 6e-06 0.038373
0-4-3-5-0-4-3-5-0-0-1-1-0-2-2 16161615 0.11569 0.041274 3e-06 0.037594
0-4-3-5-0-4-3-5-0-0-1-1-0-4-3 55174169 0.136273 0.057813 8e-06 0.039354
0-4-3-5-0-4-3-5-0-2-2-3-0-0-1 12037649 0.110399 0.037904 9e-06 0.035582
0-4-3-5-0-4-3-5-0-2-2-3-0-2-2 14812754 0.108246 0.038633 1e-05 0.034479
0-4-3-5-0-4-3-5-0-2-2-3-0-4-3 41179648 0.126692 0.046986 1e-05 0.039488
0-4-3-5-0-4-3-5-0-4-3-5-0-0-1 66854831 0.187333 0.090442 9e-06 0.049131
0-4-3-5-0-4-3-5-0-4-3-5-0-2-2 59130651 0.152027 0.062707 7e-06 0.048497
0-4-3-5-0-4-3-5-0-4-3-5-0-4-3 166867136 0.333063 0.23629 1e-05 0.048837
1-1-0-0-1-1-0-0-1-1-0-0-1-1-0 219989 0.087673 0.031977 1.2e-05 0.030858
1-1-0-0-1-1-0-0-1-1-0-2-2-3-0 141290 0.078085 0.027406 1e-05 0.027086
1-1-0-0-1-1-0-0-1-1-0-4-3-5-0 1332890 0.096622 0.030062 7e-06 0.035668
1-1-0-0-1-1-0-2-2-3-0-0-1-1-0 254087 0.07542 0.026872 5e-06 0.025969
1-1-0-0-1-1-0-2-2-3-0-2-2-3-0 188377 0.073563 0.025935 9e-06 0.023178
1-1-0-0-1-1-0-2-2-3-0-4-3-5-0 1578412 0.087718 0.027956 1.1e-05 0.032441
1-1-0-0-1-1-0-4-3-5-0-0-1-1-0 2542069 0.096335 0.036044 8e-06 0.031128
1-1-0-0-1-1-0-4-3-5-0-2-2-3-0 1687902 0.094918 0.03549 1e-05 0.031509
1-1-0-0-1-1-0-4-3-5-0-4-3-5-0 12258976 0.122363 0.042934 1.5e-05 0.039889
1-1-0-2-2-3-0-0-1-1-0-0-1-1-0 227118 0.07757 0.027543 1.2e-05 0.026055
1-1-0-2-2-3-0-0-1-1-0-2-2-3-0 308439 0.070074 0.026491 1.1e-05 0.023493
1-1-0-2-2-3-0-0-1-1-0-4-3-5-0 2318991 0.091603 0.028299 9e-06 0.031845
1-1-0-2-2-3-0-2-2-3-0-0-1-1-0 312856 0.067737 0.026313 7e-06 0.022784
1-1-0-2-2-3-0-2-2-3-0-2-2-3-0 229664 0.061879 0.022757 7e-06 0.020941
1-1-0-2-2-3-0-2-2-3-0-4-3-5-0 2036936 0.08093 0.026124 1e-05 0.028278
1-1-0-2-2-3-0-4-3-5-0-0-1-1-0 2736848 0.093664 0.03383 1e-05 0.032003
1-1-0-2-2-3-0-4-3-5-0-2-2-3-0 2056435 0.088601 0.032646 8e-06 0.028627
1-1-0-2-2-3-0-4-3-5-0-4-3-5-0 12037649 0.109387 0.039128 7e-06 0.034754
1-1-0-4-3-5-0-0-1-1-0-0-1-1-0 2382824 0.094087 0.034388 1.4e-05 0.032364
1-1-0-4-3-5-0-0-1-1-0-2-2-3-0 2694129 0.086625 0.033535 8e-06 0.028275
1-1-0-4-3-5-0-0-1-1-0-4-3-5-0 20205284 0.114954 0.042157 6e-06 0.036078
1-1-0-4-3-5-0-2-2-3-0-0-1-1-0 3006235 0.088019 0.032665 3e-06 0.029024
1-1-0-4-3-5-0-2-2-3-0-2-2-3-0 2195693 0.079923 0.031313 7e-06 0.024137
1-1-0-4-3-5-0-2-2-3-0-4-3-5-0 17189893 0.100145 0.037354 4e-06 0.032313
1-1-0-4-3-5-0-4-3-5-0-0-1-1-0 19536812 0.11923 0.045381 1.1e-05 0.036907
1-1-0-4-3-5-0-4-3-5-0-2-2-3-0 12653171 0.107504 0.041507 5e-06 0.034609
1-1-0-4-3-5-0-4-3-5-0-4-3-5-0 66854831 0.157006 0.077407 9e-06 0.042242
2-3-0-0-1-1-0-0-1-1-0-0-1-1-0 166498 0.080949 0.028707 8e-06 0.027389
2-3-0-0-1-1-0-0-1-1-0-2-2-3-0 248813 0.073103 0.02566 3e-06 0.025211
2-3-0-0-1-1-0-0-1-1-0-4-3-5-0 1824440 0.092374 0.027046 1e-05 0.034115
2-3-0-0-1-1-0-2-2-3-0-0-1-1-0 455112 0.070926 0.025129 8e-06 0.023494
2-3-0-0-1-1-0-2-2-3-0-2-2-3-0 360293 0.067389 0.023661 6e-06 0.020976
2-3-0-0-1-1-0-2-2-3-0-4-3-5-0 3093998 0.106803 0.02842 2e-05 0.048323
2-3-0-0-1-1-0-4-3-5-0-0-1-1-0 3581853 0.093232 0.03453 6e-06 0.027599
2-3-0-0-1-1-0-4-3-5-0-2-2-3-0 2663360 0.08347 0.033241 6e-06 0.025101
2-3-0-0-1-1-0-4-3-5-0-4-3-5-0 16161615 0.110425 0.041358 1.2e-05 0.032952
2-3-0-2-2-3-0-0-1-1-0-0-1-1-0 269113 0.069384 0.026415 9e-06 0.020297
2-3-0-2-2-3-0-0-1-1-0-2-2-3-0 408400 0.065086 0.02575 7e-06 0.017048
2-3-0-2-2-3-0-0-1-1-0-4-3-5-0 2995057 0.087006 0.026893 4e-06 0.025351
2-3-0-2-2-3-0-2-2-3-0-0-1-1-0 365222 0.066964 0.024467 8e-06 0.021446
2-3-0-2-2-3-0-2-2-3-0-2-2-3-0 266338 0.064125 0.024105 1.1e-05 0.018405
2-3-0-2-2-3-0-2-2-3-0-4-3-5-0 2350930 0.078884 0.024681 1.1e-05 0.026301
2-3-0-2-2-3-0-4-3-5-0-0-1-1-0 3246243 0.090437 0.032337 6e-06 0.029441
2-3-0-2-2-3-0-4-3-5-0-2-2-3-0 2515710 0.082419 0.031151 1.2e-05 0.025748
2-3-0-2-2-3-0-4-3-5-0-4-3-5-0 14812754 0.109702 0.038869 1.1e-05 0.03398
2-3-0-4-3-5-0-0-1-1-0-0-1-1-0 2005389 0.09996 0.033727 9e-06 0.033114
2-3-0-4-3-5-0-0-1-1-0-2-2-3-0 2646121 0.090021 0.032635 8e-06 0.029411
2-3-0-4-3-5-0-0-1-1-0-4-3-5-0 18159506 0.113042 0.042408 8e-06 0.037716
2-3-0-4-3-5-0-2-2-3-0-0-1-1-0 2939091 0.082836 0.031607 8e-06 0.027075
2-3-0-4-3-5-0-2-2-3-0-2-2-3-0 2187268 0.077001 0.030902 6e-06 0.022127
2-3-0-4-3-5-0-2-2-3-0-4-3-5-0 16400959 0.10116 0.037355 6e-06 0.030577
2-3-0-4-3-5-0-4-3-5-0-0-1-1-0 17228423 0.117596 0.04572 7e-06 0.034797
2-3-0-4-3-5-0-4-3-5-0-2-2-3-0 11922624 0.105766 0.041547 7e-06 0.031946
2-3-0-4-3-5-0-4-3-5-0-4-3-5-0 59130651 0.155654 0.076941 1.2e-05 0.03944
3-5-0-0-1-1-0-0-1-1-0-0-1-1-0 1007175 0.095353 0.0354 9e-06 0.033459
3-5-0-0-1-1-0-0-1-1-0-2-2-3-0 988117 0.083911 0.033388 1.3e-05 0.02961
3-5-0-0-1-1-0-0-1-1-0-4-3-5-0 8148870 0.107457 0.037182 9e-06 0.036874
3-5-0-0-1-1-0-2-2-3-0-0-1-1-0 1862906 0.086245 0.033481 1.1e-05 0.029826
3-5-0-0-1-1-0-2-2-3-0-2-2-3-0 1307204 0.080809 0.031376 1.1e-05 0.025905
3-5-0-0-1-1-0-2-2-3-0-4-3-5-0 10491003 0.098961 0.034368 5e-06 0.033829
3-5-0-0-1-1-0-4-3-5-0-0-1-1-0 14250721 0.116196 0.043414 8e-06 0.037675
3-5-0-0-1-1-0-4-3-5-0-2-2-3-0 9085093 0.104967 0.040842 8e-06 0.034781
3-5-0-0-1-1-0-4-3-5-0-4-3-5-0 55174169 0.135598 0.056224 8e-06 0.04234
3-5-0-2-2-3-0-0-1-1-0-0-1-1-0 1056404 0.087341 0.033052 7e-06 0.031666
3-5-0-2-2-3-0-0-1-1-0-2-2-3-0 1496081 0.080898 0.032011 6e-06 0.025802
3-5-0-2-2-3-0-0-1-1-0-4-3-5-0 10139913 0.101388 0.034284 9e-06 0.034036
3-5-0-2-2-3-0-2-2-3-0-0-1-1-0 1393155 0.080279 0.030924 1e-05 0.026203
3-5-0-2-2-3-0-2-2-3-0-2-2-3-0 939938 0.074491 0.029733 1e-05 0.022255
3-5-0-2-2-3-0-2-2-3-0-4-3-5-0 8004004 0.092573 0.031943 7e-06 0.030234
3-5-0-2-2-3-0-4-3-5-0-0-1-1-0 10539120 0.104437 0.039488 5e-06 0.03483
3-5-0-2-2-3-0-4-3-5-0-2-2-3-0 7520982 0.098822 0.037664 9e-06 0.031304
3-5-0-2-2-3-0-4-3-5-0-4-3-5-0 41179648 0.130599 0.049895 6e-06 0.039704
3-5-0-4-3-5-0-0-1-1-0-0-1-1-0 7765304 0.11304 0.041584 7e-06 0.038386
3-5-0-4-3-5-0-0-1-1-0-2-2-3-0 8091389 0.104698 0.040392 8e-06 0.034276
3-5-0-4-3-5-0-0-1-1-0-4-3-5-0 55175418 0.142957 0.057755 5e-06 0.042389
3-5-0-4-3-5-0-2-2-3-0-0-1-1-0 9092310 0.103484 0.039294 1.2e-05 0.034791
3-5-0-4-3-5-0-2-2-3-0-2-2-3-0 6348703 0.105432 0.038888 1e-05 0.030535
3-5-0-4-3-5-0-2-2-3-0-4-3-5-0 45773415 0.13115 0.053232 6e-06 0.040308
3-5-0-4-3-5-0-4-3-5-0-0-1-1-0 52630265 0.145468 0.064063 9e-06 0.043077
3-5-0-4-3-5-0-4-3-5-0-2-2-3-0 32665634 0.127589 0.052157 7e-06 0.040454
3-5-0-4-3-5-0-4-3-5-0-4-3-5-0 166867136 0.282974 0.188848 1.3e-05 0.047441
