0-0-1-1-0 285299 0.019102 0.009017 1e-06 0.001865
0-2-2-3-0 121022 0.008763 0.004797 1e-06 0.001292
0-4-3-5-0 1015379 0.013151 0.008309 -4.33681e-19 0.002499
1-1-0-0-1 136551 0.006013 0.002259 0 0.002124
1-1-0-2-2 53154 0.005236 0.002086 1e-06 0.001737
1-1-0-4-3 315769 0.006066 0.00221 -4.33681e-19 0.002149
2-3-0-0-1 53154 0.004907 0.001204 0 0.001683
2-3-0-2-2 88299 0.004535 0.001227 0 0.001736
2-3-0-4-3 178486 0.004536 0.001245 1e-06 0.001713
3-5-0-0-1 315769 0.016216 0.009458 2e-06 0.003486
3-5-0-2-2 178486 0.010192 0.004457 4.33681e-19 0.003177
3-5-0-4-3 1388715 0.013164 0.006561 2e-06 0.003295
