0-0-1-1-0-0-1-1-0 335557 0.046461 0.024477 4e-06 0.009302
0-0-1-1-0-2-2-3-0 268471 0.022468 0.009941 5e-06 0.007366
0-0-1-1-0-4-3-5-0 2432007 0.032117 0.014044 1e-06 0.010678
0-2-2-3-0-0-1-1-0 268471 0.023101 0.007923 1e-06 0.009418
0-2-2-3-0-2-2-3-0 190956 0.020642 0.007271 1e-06 0.007892
0-2-2-3-0-4-3-5-0 1621994 0.027792 0.008394 3e-06 0.01114
0-4-3-5-0-0-1-1-0 2432007 0.033188 0.013284 1e-06 0.012296
0-4-3-5-0-2-2-3-0 1621994 0.032368 0.012445 1.73472e-18 0.012122
0-4-3-5-0-4-3-5-0 12688413 0.068765 0.041846 5e-06 0.015849
1-1-0-0-1-1-0-0-1 153801 0.027466 0.008252 2e-06 0.010803
1-1-0-0-1-1-0-2-2 67241 0.023796 0.007956 3e-06 0.009937
1-1-0-0-1-1-0-4-3 396994 0.026839 0.008472 3e-06 0.010206
1-1-0-2-2-3-0-0-1 87814 0.023049 0.006657 4e-06 0.008832
1-1-0-2-2-3-0-2-2 88874 0.021808 0.006603 1e-06 0.008433
1-1-0-2-2-3-0-4-3 331471 0.02343 0.007135 1.73472e-18 0.008549
1-1-0-4-3-5-0-0-1 836840 0.03643 0.011852 2.08167e-17 0.013018
1-1-0-4-3-5-0-2-2 643365 0.034352 0.011419 2e-06 0.012626
1-1-0-4-3-5-0-4-3 2611622 0.038019 0.013129 3e-06 0.012791
2-3-0-0-1-1-0-0-1 67241 0.023291 0.007061 2e-06 0.009129
2-3-0-0-1-1-0-2-2 137950 0.021656 0.006733 1e-06 0.008811
2-3-0-0-1-1-0-4-3 380406 0.023227 0.007042 2e-06 0.008846
2-3-0-2-2-3-0-0-1 88874 0.019185 0.005476 2e-06 0.007427
2-3-0-2-2-3-0-2-2 127045 0.019561 0.005587 3e-06 0.007044
2-3-0-2-2-3-0-4-3 333878 0.020328 0.006127 2e-06 0.007182
2-3-0-4-3-5-0-0-1 643365 0.031368 0.01039 3e-06 0.01111
2-3-0-4-3-5-0-2-2 640634 0.029205 0.009944 0 0.010543
2-3-0-4-3-5-0-4-3 1988788 0.031301 0.011456 2e-06 0.010742
3-5-0-0-1-1-0-0-1 396994 0.036383 0.010879 2e-06 0.012348
3-5-0-0-1-1-0-2-2 380406 0.033225 0.012111 4e-06 0.012437
3-5-0-0-1-1-0-4-3 2529240 0.032734 0.012046 4e-06 0.01251
3-5-0-2-2-3-0-0-1 331471 0.029985 0.009995 2e-06 0.01193
3-5-0-2-2-3-0-2-2 333878 0.027853 0.00947 4e-06 0.011136
3-5-0-2-2-3-0-4-3 1490343 0.030317 0.010373 1e-06 0.011417
3-5-0-4-3-5-0-0-1 2611622 0.042951 0.015269 0 0.016278
3-5-0-4-3-5-0-2-2 1988788 0.041008 0.015002 3e-06 0.015541
3-5-0-4-3-5-0-4-3 8847469 0.044702 0.018896 2e-06 0.015222
