0-0-1-1-0-0-1-1-0-0-1-1-0 385077 0.062306 0.024532 6e-06 0.021664
0-0-1-1-0-0-1-1-0-2-2-3-0 314630 0.041538 0.015198 1.1e-05 0.016396
0-0-1-1-0-0-1-1-0-4-3-5-0 2876689 0.054313 0.0192 9e-06 0.023082
0-0-1-1-0-2-2-3-0-0-1-1-0 605877 0.046321 0.01407 4e-06 0.019546
0-0-1-1-0-2-2-3-0-2-2-3-0 428137 0.0399 0.013309 4e-06 0.016916
0-0-1-1-0-2-2-3-0-4-3-5-0 3702635 0.050135 0.013535 7e-06 0.024518
0-0-1-1-0-4-3-5-0-0-1-1-0 5480740 0.057217 0.017857 5e-06 0.026923
0-0-1-1-0-4-3-5-0-2-2-3-0 3633311 0.056342 0.018183 7e-06 0.026421
0-0-1-1-0-4-3-5-0-4-3-5-0 24609554 0.146852 0.087906 7e-06 0.033248
0-2-2-3-0-0-1-1-0-0-1-1-0 314630 0.045891 0.013129 1e-05 0.019222
0-2-2-3-0-0-1-1-0-2-2-3-0 467252 0.03928 0.01301 4e-06 0.016387
0-2-2-3-0-0-1-1-0-4-3-5-0 3373925 0.05384 0.013232 6e-06 0.023189
0-2-2-3-0-2-2-3-0-0-1-1-0 428137 0.040091 0.012321 7e-06 0.015673
0-2-2-3-0-2-2-3-0-2-2-3-0 301270 0.034933 0.011708 5.20417e-18 0.013783
0-2-2-3-0-2-2-3-0-4-3-5-0 2689339 0.050421 0.013054 7e-06 0.020465
0-2-2-3-0-4-3-5-0-0-1-1-0 3633311 0.052769 0.015868 7e-06 0.022892
0-2-2-3-0-4-3-5-0-2-2-3-0 2725374 0.049558 0.016317 4e-06 0.019918
0-2-2-3-0-4-3-5-0-4-3-5-0 16058905 0.060698 0.019165 1e-05 0.026245
0-4-3-5-0-0-1-1-0-0-1-1-0 2876689 0.05392 0.016423 7e-06 0.025461
0-4-3-5-0-0-1-1-0-2-2-3-0 3373925 0.049877 0.015855 6e-06 0.023179
0-4-3-5-0-0-1-1-0-4-3-5-0 26070955 0.071752 0.026755 4e-06 0.02979
0-4-3-5-0-2-2-3-0-0-1-1-0 3702635 0.05675 0.015716 5e-06 0.028214
0-4-3-5-0-2-2-3-0-2-2-3-0 2689339 0.051285 0.01502 1.1e-05 0.023508
0-4-3-5-0-2-2-3-0-4-3-5-0 21938451 0.078283 0.026828 1e-05 0.029556
0-4-3-5-0-4-3-5-0-0-1-1-0 24609554 0.081289 0.029811 8e-06 0.033088
0-4-3-5-0-4-3-5-0-2-2-3-0 16058905 0.070314 0.021416 2e-06 0.032717
0-4-3-5-0-4-3-5-0-4-3-5-0 86376943 0.294348 0.233435 7e-06 0.039605
1-1-0-0-1-1-0-0-1-1-0-0-1 173807 0.048678 0.013784 7e-06 0.022702
1-1-0-0-1-1-0-0-1-1-0-2-2 78091 0.05088 0.012946 4e-06 0.025758
1-1-0-0-1-1-0-0-1-1-0-4-3 475465 0.051436 0.014206 4e-06 0.023028
1-1-0-0-1-1-0-2-2-3-0-0-1 106572 0.04367 0.012745 6e-06 0.019931
1-1-0-0-1-1-0-2-2-3-0-2-2 112583 0.042759 0.012614 3e-06 0.020004
1-1-0-0-1-1-0-2-2-3-0-4-3 413472 0.046708 0.013579 8e-06 0.019694
1-1-0-0-1-1-0-4-3-5-0-0-1 1039297 0.062537 0.016872 7e-06 0.027479
1-1-0-0-1-1-0-4-3-5-0-2-2 811057 0.059216 0.016608 1.1e-05 0.025293
1-1-0-0-1-1-0-4-3-5-0-4-3 3251126 0.061493 0.01849 5e-06 0.025286
1-1-0-2-2-3-0-0-1-1-0-0-1 106572 0.041861 0.012777 2e-06 0.017514
1-1-0-2-2-3-0-0-1-1-0-2-2 161109 0.042643 0.01332 5e-06 0.018107
1-1-0-2-2-3-0-0-1-1-0-4-3 618519 0.045117 0.014194 9e-06 0.017733
1-1-0-2-2-3-0-2-2-3-0-0-1 126798 0.036848 0.011538 9e-06 0.016152
1-1-0-2-2-3-0-2-2-3-0-2-2 135529 0.038394 0.011564 8e-06 0.017039
1-1-0-2-2-3-0-2-2-3-0-4-3 492375 0.04197 0.012464 5e-06 0.016503
1-1-0-2-2-3-0-4-3-5-0-0-1 1087723 0.054454 0.015757 8e-06 0.023682
1-1-0-2-2-3-0-4-3-5-0-2-2 1039476 0.053795 0.016002 6e-06 0.021704
1-1-0-2-2-3-0-4-3-5-0-4-3 3229172 0.055539 0.017058 4e-06 0.022107
1-1-0-4-3-5-0-0-1-1-0-0-1 1039297 0.05502 0.016439 5e-06 0.025378
1-1-0-4-3-5-0-0-1-1-0-2-2 1354836 0.054886 0.016586 7e-06 0.02571
1-1-0-4-3-5-0-0-1-1-0-4-3 5607921 0.057913 0.0186 8e-06 0.024102
1-1-0-4-3-5-0-2-2-3-0-0-1 1087723 0.050791 0.015099 3e-06 0.021446
1-1-0-4-3-5-0-2-2-3-0-2-2 1250680 0.049942 0.016018 5e-06 0.020471
1-1-0-4-3-5-0-2-2-3-0-4-3 4149373 0.052924 0.017126 3e-06 0.021202
1-1-0-4-3-5-0-4-3-5-0-0-1 8529188 0.06963 0.021907 5e-06 0.028616
1-1-0-4-3-5-0-4-3-5-0-2-2 7341684 0.068107 0.021053 8e-06 0.028383
1-1-0-4-3-5-0-4-3-5-0-4-3 22903283 0.073739 0.026076 6e-06 0.0291
2-3-0-0-1-1-0-0-1-1-0-0-1 78091 0.045736 0.013641 1.1e-05 0.019501
2-3-0-0-1-1-0-0-1-1-0-2-2 152128 0.044186 0.012732 4e-06 0.019267
2-3-0-0-1-1-0-0-1-1-0-4-3 451039 0.04924 0.014528 5e-06 0.019203
2-3-0-0-1-1-0-2-2-3-0-0-1 161109 0.038015 0.011606 5e-06 0.016674
2-3-0-0-1-1-0-2-2-3-0-2-2 231730 0.039152 0.011706 9e-06 0.017013
2-3-0-0-1-1-0-2-2-3-0-4-3 728268 0.040598 0.012419 8e-06 0.016357
2-3-0-0-1-1-0-4-3-5-0-0-1 1354836 0.05307 0.015946 5e-06 0.023009
2-3-0-0-1-1-0-4-3-5-0-2-2 1354897 0.052812 0.016068 1e-05 0.021479
2-3-0-0-1-1-0-4-3-5-0-4-3 4173093 0.056872 0.017493 1e-05 0.021999
2-3-0-2-2-3-0-0-1-1-0-0-1 112583 0.039797 0.012203 6e-06 0.015784
2-3-0-2-2-3-0-0-1-1-0-2-2 231730 0.039591 0.011723 4e-06 0.016772
2-3-0-2-2-3-0-0-1-1-0-4-3 708078 0.044045 0.013473 1.1e-05 0.015902
2-3-0-2-2-3-0-2-2-3-0-0-1 135529 0.034533 0.010322 7e-06 0.013659
2-3-0-2-2-3-0-2-2-3-0-2-2 186363 0.03441 0.010657 3e-06 0.013823
2-3-0-2-2-3-0-2-2-3-0-4-3 524137 0.036 0.011541 5e-06 0.013243
2-3-0-2-2-3-0-4-3-5-0-0-1 1250680 0.052838 0.01601 4e-06 0.020836
2-3-0-2-2-3-0-4-3-5-0-2-2 1280966 0.050905 0.016068 4e-06 0.019155
2-3-0-2-2-3-0-4-3-5-0-4-3 3699360 0.055517 0.017292 7e-06 0.019845
2-3-0-4-3-5-0-0-1-1-0-0-1 811057 0.052026 0.016326 5e-06 0.02254
2-3-0-4-3-5-0-0-1-1-0-2-2 1354897 0.049834 0.016103 1.2e-05 0.021989
2-3-0-4-3-5-0-0-1-1-0-4-3 4700966 0.05551 0.017942 7e-06 0.02232
2-3-0-4-3-5-0-2-2-3-0-0-1 1039476 0.047188 0.015057 2e-06 0.019886
2-3-0-4-3-5-0-2-2-3-0-2-2 1280966 0.047852 0.015536 1e-05 0.018755
2-3-0-4-3-5-0-2-2-3-0-4-3 3916148 0.051056 0.016533 9e-06 0.01943
2-3-0-4-3-5-0-4-3-5-0-0-1 7341684 0.066299 0.021165 1.2e-05 0.02691
2-3-0-4-3-5-0-4-3-5-0-2-2 7062360 0.06596 0.020556 7e-06 0.026399
2-3-0-4-3-5-0-4-3-5-0-4-3 19470406 0.071892 0.025753 1.4e-05 0.027665
3-5-0-0-1-1-0-0-1-1-0-0-1 475465 0.056137 0.019566 7e-06 0.026469
3-5-0-0-1-1-0-0-1-1-0-2-2 451039 0.054192 0.016498 7e-06 0.026626
3-5-0-0-1-1-0-0-1-1-0-4-3 2958680 0.058015 0.017082 6e-06 0.026939
3-5-0-0-1-1-0-2-2-3-0-0-1 618519 0.048307 0.014451 7e-06 0.024225
3-5-0-0-1-1-0-2-2-3-0-2-2 708078 0.047668 0.014457 3e-06 0.023687
3-5-0-0-1-1-0-2-2-3-0-4-3 2989271 0.049896 0.015562 7e-06 0.023622
3-5-0-0-1-1-0-4-3-5-0-0-1 5607921 0.06694 0.02003 4e-06 0.030671
3-5-0-0-1-1-0-4-3-5-0-2-2 4700966 0.064376 0.019723 6e-06 0.029666
3-5-0-0-1-1-0-4-3-5-0-4-3 18362821 0.072213 0.022053 5e-06 0.030185
3-5-0-2-2-3-0-0-1-1-0-0-1 413472 0.048549 0.014246 4e-06 0.02523
3-5-0-2-2-3-0-0-1-1-0-2-2 728268 0.049518 0.01457 5e-06 0.025674
3-5-0-2-2-3-0-0-1-1-0-4-3 2989271 0.05314 0.015571 2e-06 0.025155
3-5-0-2-2-3-0-2-2-3-0-0-1 492375 0.045368 0.013378 8e-06 0.021858
3-5-0-2-2-3-0-2-2-3-0-2-2 524137 0.04635 0.013791 9e-06 0.021265
3-5-0-2-2-3-0-2-2-3-0-4-3 2170955 0.048793 0.014951 5e-06 0.021444
3-5-0-2-2-3-0-4-3-5-0-0-1 4149373 0.068432 0.018898 6e-06 0.028579
3-5-0-2-2-3-0-4-3-5-0-2-2 3916148 0.060758 0.0186 9e-06 0.026344
3-5-0-2-2-3-0-4-3-5-0-4-3 12675068 0.066132 0.020067 6e-06 0.027053
3-5-0-4-3-5-0-0-1-1-0-0-1 3251126 0.069309 0.02394 1.1e-05 0.031658
3-5-0-4-3-5-0-0-1-1-0-2-2 4173093 0.066891 0.019396 5e-06 0.030816
3-5-0-4-3-5-0-0-1-1-0-4-3 18362821 0.072514 0.022178 8e-06 0.030263
3-5-0-4-3-5-0-2-2-3-0-0-1 3229172 0.061495 0.017646 6e-06 0.030256
3-5-0-4-3-5-0-2-2-3-0-2-2 3699360 0.060548 0.018003 5e-06 0.028902
3-5-0-4-3-5-0-2-2-3-0-4-3 12675068 0.063947 0.019585 7e-06 0.028153
3-5-0-4-3-5-0-4-3-5-0-0-1 22903283 0.084324 0.026333 6e-06 0.036649
3-5-0-4-3-5-0-4-3-5-0-2-2 19470406 0.084357 0.025179 7e-06 0.039781
3-5-0-4-3-5-0-4-3-5-0-4-3 64565795 0.114192 0.04657 6e-06 0.040293
