0-0-1-1-0-0-1-1-0 335557 0.224611 0.021844 0.015836 0.115271
0-0-1-1-0-2-2-3-0 268471 0.183954 0.009608 0.015428 0.1034
0-0-1-1-0-4-3-5-0 2432007 0.193706 0.012695 3e-06 0.112962
0-2-2-3-0-0-1-1-0 268471 0.161533 0.006249 0.02196 0.079522
0-2-2-3-0-2-2-3-0 190956 0.184284 0.012186 0.013596 0.081141
0-2-2-3-0-4-3-5-0 1621994 0.194473 0.011117 0.015558 0.103979
0-4-3-5-0-0-1-1-0 2432007 0.181938 0.015098 0.026955 0.075284
0-4-3-5-0-2-2-3-0 1621994 0.17665 0.014224 0.024765 0.076934
0-4-3-5-0-4-3-5-0 12688413 0.184756 0.016119 0.011759 0.091366
1-1-0-0-1-1-0-0-1 153801 0.152536 0.007655 0.010911 0.079117
1-1-0-0-1-1-0-2-2 67241 0.152416 0.009023 0.014894 0.070753
1-1-0-0-1-1-0-4-3 396994 0.158377 0.008226 0.005237 0.087695
1-1-0-2-2-3-0-0-1 87814 0.139447 0.006341 0.010578 0.072382
1-1-0-2-2-3-0-2-2 88874 0.133748 0.006305 0.009535 0.06888
1-1-0-2-2-3-0-4-3 331471 0.145914 0.008923 0.010168 0.076474
1-1-0-4-3-5-0-0-1 836840 0.169957 0.011395 0.01131 0.087604
1-1-0-4-3-5-0-2-2 643365 0.163541 0.01112 0.010253 0.083015
1-1-0-4-3-5-0-4-3 2611622 0.175964 0.010197 4e-06 0.099766
2-3-0-0-1-1-0-0-1 67241 0.136049 0.004141 0.005482 0.078717
2-3-0-0-1-1-0-2-2 137950 0.133481 0.005591 0.009423 0.069958
2-3-0-0-1-1-0-4-3 380406 0.141373 0.004663 4e-06 0.08868
2-3-0-2-2-3-0-0-1 88874 0.126593 0.004635 0.010373 0.067549
2-3-0-2-2-3-0-2-2 127045 0.123149 0.00545 0.009346 0.065157
2-3-0-2-2-3-0-4-3 333878 0.135353 0.007526 0.01001 0.071953
2-3-0-4-3-5-0-0-1 643365 0.159478 0.00987 0.010806 0.081286
2-3-0-4-3-5-0-2-2 640634 0.150628 0.009652 0.009837 0.076969
2-3-0-4-3-5-0-4-3 1988788 0.15924 0.006651 4e-06 0.094582
3-5-0-0-1-1-0-0-1 396994 0.164606 0.015016 0.016078 0.074012
3-5-0-0-1-1-0-2-2 380406 0.156523 0.012207 0.019959 0.066169
3-5-0-0-1-1-0-4-3 2529240 0.17259 0.014291 0.015485 0.078788
3-5-0-2-2-3-0-0-1 331471 0.1552 0.013114 0.010744 0.075363
3-5-0-2-2-3-0-2-2 333878 0.152036 0.018006 0.009764 0.071241
3-5-0-2-2-3-0-4-3 1490343 0.160001 0.014318 0.010404 0.078625
3-5-0-4-3-5-0-0-1 2611622 0.183931 0.017363 0.02211 0.075898
3-5-0-4-3-5-0-2-2 1988788 0.18197 0.017067 0.020572 0.073937
3-5-0-4-3-5-0-4-3 8847469 0.196182 0.019324 0.010706 0.090085
