0-0-1-1-0-0-1-1-0-0-1-1-0-0-1 219989 0.937415 0.069169 0.189488 0.501269
0-0-1-1-0-0-1-1-0-0-1-1-0-2-2 166498 0.862179 0.04813 0.231148 0.432742
0-0-1-1-0-0-1-1-0-0-1-1-0-4-3 1007175 0.852122 0.057408 0.186522 0.436114
0-0-1-1-0-0-1-1-0-2-2-3-0-0-1 227118 0.584048 0.051107 0.171256 0.261188
0-0-1-1-0-0-1-1-0-2-2-3-0-2-2 269113 0.587457 0.045982 0.170617 0.266823
0-0-1-1-0-0-1-1-0-2-2-3-0-4-3 1056404 0.610582 0.057704 0.154158 0.287086
0-0-1-1-0-0-1-1-0-4-3-5-0-0-1 2382824 0.662638 0.068017 0.116015 0.358518
0-0-1-1-0-0-1-1-0-4-3-5-0-2-2 2005389 0.623726 0.071358 0.108234 0.329425
0-0-1-1-0-0-1-1-0-4-3-5-0-4-3 7765304 0.651154 0.074548 0.08299 0.373246
0-0-1-1-0-2-2-3-0-0-1-1-0-0-1 254087 0.544142 0.0389 0.149861 0.272745
0-0-1-1-0-2-2-3-0-0-1-1-0-2-2 455112 0.552022 0.043496 0.15172 0.26822
0-0-1-1-0-2-2-3-0-0-1-1-0-4-3 1862906 0.564727 0.04739 0.121222 0.301965
0-0-1-1-0-2-2-3-0-2-2-3-0-0-1 312856 0.536649 0.038627 0.118397 0.299032
0-0-1-1-0-2-2-3-0-2-2-3-0-2-2 365222 0.565701 0.044252 0.100632 0.318692
0-0-1-1-0-2-2-3-0-2-2-3-0-4-3 1393155 0.566826 0.047911 0.090189 0.324694
0-0-1-1-0-2-2-3-0-4-3-5-0-0-1 3006235 0.600272 0.066045 0.10846 0.326003
0-0-1-1-0-2-2-3-0-4-3-5-0-2-2 2939091 0.57462 0.062517 0.096611 0.32184
0-0-1-1-0-2-2-3-0-4-3-5-0-4-3 9092310 0.600888 0.070784 0.079616 0.349878
0-0-1-1-0-4-3-5-0-0-1-1-0-0-1 2542069 0.625607 0.077153 0.148044 0.294211
0-0-1-1-0-4-3-5-0-0-1-1-0-2-2 3581853 0.621293 0.069679 0.151869 0.28569
0-0-1-1-0-4-3-5-0-0-1-1-0-4-3 14250721 0.656029 0.084134 0.135842 0.320982
0-0-1-1-0-4-3-5-0-2-2-3-0-0-1 2736848 0.628856 0.073323 0.141567 0.311313
0-0-1-1-0-4-3-5-0-2-2-3-0-2-2 3246243 0.627318 0.071462 0.143521 0.298427
0-0-1-1-0-4-3-5-0-2-2-3-0-4-3 10539120 0.60689 0.075978 0.138438 0.29369
0-0-1-1-0-4-3-5-0-4-3-5-0-0-1 19536812 0.676386 0.105944 0.100157 0.351827
0-0-1-1-0-4-3-5-0-4-3-5-0-2-2 17228423 0.645217 0.096264 0.095939 0.343465
0-0-1-1-0-4-3-5-0-4-3-5-0-4-3 52630265 0.723358 0.14717 0.09026 0.371094
0-2-2-3-0-0-1-1-0-0-1-1-0-0-1 141290 0.569344 0.044261 0.139139 0.29251
0-2-2-3-0-0-1-1-0-0-1-1-0-2-2 248813 0.537365 0.039486 0.161379 0.255497
0-2-2-3-0-0-1-1-0-0-1-1-0-4-3 988117 0.578878 0.048993 0.12525 0.307919
0-2-2-3-0-0-1-1-0-2-2-3-0-0-1 308439 0.53607 0.039434 0.14809 0.26536
0-2-2-3-0-0-1-1-0-2-2-3-0-2-2 408400 0.525796 0.042606 0.138119 0.267646
0-2-2-3-0-0-1-1-0-2-2-3-0-4-3 1496081 0.539347 0.041182 0.133804 0.283319
0-2-2-3-0-0-1-1-0-4-3-5-0-0-1 2694129 0.599938 0.061981 0.1111 0.325939
0-2-2-3-0-0-1-1-0-4-3-5-0-2-2 2646121 0.582728 0.060057 0.101223 0.324305
0-2-2-3-0-0-1-1-0-4-3-5-0-4-3 8091389 0.607659 0.065733 0.09075 0.349246
0-2-2-3-0-2-2-3-0-0-1-1-0-0-1 188377 0.53922 0.034792 0.150541 0.272748
0-2-2-3-0-2-2-3-0-0-1-1-0-2-2 360293 0.544836 0.045779 0.159142 0.249733
0-2-2-3-0-2-2-3-0-0-1-1-0-4-3 1307204 0.558558 0.052308 0.136243 0.281497
0-2-2-3-0-2-2-3-0-2-2-3-0-0-1 229664 0.512623 0.035223 0.132696 0.272275
0-2-2-3-0-2-2-3-0-2-2-3-0-2-2 266338 0.509749 0.036244 0.123394 0.278804
0-2-2-3-0-2-2-3-0-2-2-3-0-4-3 939938 0.524544 0.037896 0.112391 0.299675
0-2-2-3-0-2-2-3-0-4-3-5-0-0-1 2195693 0.583836 0.060602 0.137976 0.293066
0-2-2-3-0-2-2-3-0-4-3-5-0-2-2 2187268 0.579202 0.067206 0.126802 0.293169
0-2-2-3-0-2-2-3-0-4-3-5-0-4-3 6348703 0.59532 0.066239 0.115833 0.317316
0-2-2-3-0-4-3-5-0-0-1-1-0-0-1 1687902 0.610808 0.068704 0.168829 0.273758
0-2-2-3-0-4-3-5-0-0-1-1-0-2-2 2663360 0.591231 0.063062 0.184707 0.248492
0-2-2-3-0-4-3-5-0-0-1-1-0-4-3 9085093 0.607228 0.069903 0.158773 0.277963
0-2-2-3-0-4-3-5-0-2-2-3-0-0-1 2056435 0.581144 0.064065 0.170944 0.254995
0-2-2-3-0-4-3-5-0-2-2-3-0-2-2 2515710 0.572826 0.063231 0.167425 0.251488
0-2-2-3-0-4-3-5-0-2-2-3-0-4-3 7520982 0.597517 0.072589 0.161589 0.271336
0-2-2-3-0-4-3-5-0-4-3-5-0-0-1 12653171 0.669733 0.089951 0.128435 0.335109
0-2-2-3-0-4-3-5-0-4-3-5-0-2-2 11922624 0.625692 0.088522 0.122577 0.311663
0-2-2-3-0-4-3-5-0-4-3-5-0-4-3 32665634 0.674975 0.116529 0.105553 0.340229
0-4-3-5-0-0-1-1-0-0-1-1-0-0-1 1332890 0.625066 0.062665 0.175248 0.287741
0-4-3-5-0-0-1-1-0-0-1-1-0-2-2 1824440 0.60996 0.069904 0.201823 0.240879
0-4-3-5-0-0-1-1-0-0-1-1-0-4-3 8148870 0.65512 0.089771 0.169822 0.283146
0-4-3-5-0-0-1-1-0-2-2-3-0-0-1 2318991 0.595532 0.058862 0.2145 0.220759
0-4-3-5-0-0-1-1-0-2-2-3-0-2-2 2995057 0.584041 0.062444 0.204719 0.224527
0-4-3-5-0-0-1-1-0-2-2-3-0-4-3 10139913 0.623205 0.078103 0.193408 0.245586
0-4-3-5-0-0-1-1-0-4-3-5-0-0-1 20205284 0.689225 0.111152 0.142845 0.319619
0-4-3-5-0-0-1-1-0-4-3-5-0-2-2 18159506 0.665868 0.105158 0.137375 0.311703
0-4-3-5-0-0-1-1-0-4-3-5-0-4-3 55175418 0.747105 0.171549 0.111834 0.346347
0-4-3-5-0-2-2-3-0-0-1-1-0-0-1 1578412 0.583724 0.055084 0.200022 0.240377
0-4-3-5-0-2-2-3-0-0-1-1-0-2-2 3093998 0.577434 0.054873 0.208767 0.223854
0-4-3-5-0-2-2-3-0-0-1-1-0-4-3 10491003 0.62161 0.072585 0.171051 0.273347
0-4-3-5-0-2-2-3-0-2-2-3-0-0-1 2036936 0.57302 0.056021 0.188569 0.241309
0-4-3-5-0-2-2-3-0-2-2-3-0-2-2 2350930 0.586257 0.073539 0.168858 0.247973
0-4-3-5-0-2-2-3-0-2-2-3-0-4-3 8004004 0.589901 0.069298 0.157636 0.27071
0-4-3-5-0-2-2-3-0-4-3-5-0-0-1 17189893 0.668552 0.109145 0.185118 0.26258
0-4-3-5-0-2-2-3-0-4-3-5-0-2-2 16400959 0.653568 0.102697 0.18515 0.25903
0-4-3-5-0-2-2-3-0-4-3-5-0-4-3 45773415 0.698833 0.141126 0.163651 0.282062
0-4-3-5-0-4-3-5-0-0-1-1-0-0-1 12258976 0.657704 0.088849 0.191149 0.264121
0-4-3-5-0-4-3-5-0-0-1-1-0-2-2 16161615 0.637459 0.086282 0.196736 0.243641
0-4-3-5-0-4-3-5-0-0-1-1-0-4-3 55174169 0.704735 0.135157 0.173526 0.278273
0-4-3-5-0-4-3-5-0-2-2-3-0-0-1 12037649 0.627155 0.079557 0.19253 0.246933
0-4-3-5-0-4-3-5-0-2-2-3-0-2-2 14812754 0.616152 0.082188 0.181354 0.250738
0-4-3-5-0-4-3-5-0-2-2-3-0-4-3 41179648 0.660271 0.106187 0.18694 0.258853
0-4-3-5-0-4-3-5-0-4-3-5-0-0-1 66854831 0.760087 0.169812 0.141936 0.322459
0-4-3-5-0-4-3-5-0-4-3-5-0-2-2 59130651 0.723573 0.145942 0.143785 0.306621
0-4-3-5-0-4-3-5-0-4-3-5-0-4-3 166867136 0.923889 0.316138 0.127028 0.333768
1-1-0-0-1-1-0-0-1-1-0-0-1-1-0 219989 0.594978 0.053245 0.126154 0.315856
1-1-0-0-1-1-0-0-1-1-0-2-2-3-0 141290 0.564868 0.048851 0.146733 0.278467
1-1-0-0-1-1-0-0-1-1-0-4-3-5-0 1332890 0.602442 0.054188 0.097553 0.349698
1-1-0-0-1-1-0-2-2-3-0-0-1-1-0 254087 0.545676 0.04019 0.156201 0.265787
1-1-0-0-1-1-0-2-2-3-0-2-2-3-0 188377 0.542057 0.039888 0.134076 0.284061
1-1-0-0-1-1-0-2-2-3-0-4-3-5-0 1578412 0.592499 0.047124 0.127188 0.318746
1-1-0-0-1-1-0-4-3-5-0-0-1-1-0 2542069 0.617266 0.064109 0.119245 0.330015
1-1-0-0-1-1-0-4-3-5-0-2-2-3-0 1687902 0.60659 0.06825 0.117346 0.319203
1-1-0-0-1-1-0-4-3-5-0-4-3-5-0 12258976 0.644214 0.069732 0.079261 0.385915
1-1-0-2-2-3-0-0-1-1-0-0-1-1-0 227118 0.551252 0.04214 0.135276 0.288911
1-1-0-2-2-3-0-0-1-1-0-2-2-3-0 308439 0.522663 0.034497 0.151257 0.26019
1-1-0-2-2-3-0-0-1-1-0-4-3-5-0 2318991 0.565166 0.041577 0.101349 0.327961
1-1-0-2-2-3-0-2-2-3-0-0-1-1-0 312856 0.528552 0.038242 0.119636 0.293476
1-1-0-2-2-3-0-2-2-3-0-2-2-3-0 229664 0.516531 0.03487 0.097244 0.30976
1-1-0-2-2-3-0-2-2-3-0-4-3-5-0 2036936 0.5575 0.041609 0.102935 0.3232
1-1-0-2-2-3-0-4-3-5-0-0-1-1-0 2736848 0.592408 0.061623 0.142653 0.287852
1-1-0-2-2-3-0-4-3-5-0-2-2-3-0 2056435 0.582898 0.064497 0.135579 0.292517
1-1-0-2-2-3-0-4-3-5-0-4-3-5-0 12037649 0.600686 0.063884 0.088869 0.349584
1-1-0-4-3-5-0-0-1-1-0-0-1-1-0 2382824 0.606536 0.060339 0.167288 0.275594
1-1-0-4-3-5-0-0-1-1-0-2-2-3-0 2694129 0.595714 0.06069 0.193249 0.241899
1-1-0-4-3-5-0-0-1-1-0-4-3-5-0 20205284 0.65169 0.086634 0.142577 0.315455
1-1-0-4-3-5-0-2-2-3-0-0-1-1-0 3006235 0.584078 0.05861 0.181147 0.251138
1-1-0-4-3-5-0-2-2-3-0-2-2-3-0 2195693 0.575667 0.05835 0.173418 0.253651
1-1-0-4-3-5-0-2-2-3-0-4-3-5-0 17189893 0.63889 0.081697 0.180523 0.269958
1-1-0-4-3-5-0-4-3-5-0-0-1-1-0 19536812 0.651762 0.087832 0.148881 0.303191
1-1-0-4-3-5-0-4-3-5-0-2-2-3-0 12653171 0.646297 0.088559 0.146142 0.303849
1-1-0-4-3-5-0-4-3-5-0-4-3-5-0 66854831 0.722584 0.14658 0.107961 0.353237
2-3-0-0-1-1-0-0-1-1-0-0-1-1-0 166498 0.543862 0.02958 0.089788 0.337092
2-3-0-0-1-1-0-0-1-1-0-2-2-3-0 248813 0.531085 0.035066 0.118912 0.292151
2-3-0-0-1-1-0-0-1-1-0-4-3-5-0 1824440 0.561135 0.035182 0.070094 0.366863
2-3-0-0-1-1-0-2-2-3-0-0-1-1-0 455112 0.512861 0.031473 0.105283 0.301281
2-3-0-0-1-1-0-2-2-3-0-2-2-3-0 360293 0.515863 0.037559 0.083813 0.315896
2-3-0-0-1-1-0-2-2-3-0-4-3-5-0 3093998 0.538511 0.030917 0.065385 0.355227
2-3-0-0-1-1-0-4-3-5-0-0-1-1-0 3581853 0.585161 0.051661 0.110942 0.325639
2-3-0-0-1-1-0-4-3-5-0-2-2-3-0 2663360 0.565221 0.055967 0.095515 0.323459
2-3-0-0-1-1-0-4-3-5-0-4-3-5-0 16161615 0.597349 0.059826 0.063387 0.3769
2-3-0-2-2-3-0-0-1-1-0-0-1-1-0 269113 0.531769 0.033104 0.133492 0.281367
2-3-0-2-2-3-0-0-1-1-0-2-2-3-0 408400 0.499379 0.027238 0.149047 0.250696
2-3-0-2-2-3-0-0-1-1-0-4-3-5-0 2995057 0.534679 0.028193 0.099726 0.320992
2-3-0-2-2-3-0-2-2-3-0-0-1-1-0 365222 0.501301 0.025427 0.146038 0.258524
2-3-0-2-2-3-0-2-2-3-0-2-2-3-0 266338 0.500478 0.024082 0.129898 0.278488
2-3-0-2-2-3-0-2-2-3-0-4-3-5-0 2350930 0.54866 0.041787 0.116209 0.303709
2-3-0-2-2-3-0-4-3-5-0-0-1-1-0 3246243 0.57042 0.049675 0.163866 0.262476
2-3-0-2-2-3-0-4-3-5-0-2-2-3-0 2515710 0.55552 0.056354 0.133698 0.278794
2-3-0-2-2-3-0-4-3-5-0-4-3-5-0 14812754 0.58695 0.054494 0.115902 0.321957
2-3-0-4-3-5-0-0-1-1-0-0-1-1-0 2005389 0.580767 0.047853 0.151257 0.283368
2-3-0-4-3-5-0-0-1-1-0-2-2-3-0 2646121 0.572604 0.054181 0.189362 0.23375
2-3-0-4-3-5-0-0-1-1-0-4-3-5-0 18159506 0.618518 0.069213 0.13903 0.309085
2-3-0-4-3-5-0-2-2-3-0-0-1-1-0 2939091 0.563832 0.05275 0.177731 0.245286
2-3-0-4-3-5-0-2-2-3-0-2-2-3-0 2187268 0.571564 0.065954 0.160734 0.25265
2-3-0-4-3-5-0-2-2-3-0-4-3-5-0 16400959 0.583815 0.056628 0.153801 0.281225
2-3-0-4-3-5-0-4-3-5-0-0-1-1-0 17228423 0.624826 0.074926 0.148416 0.29756
2-3-0-4-3-5-0-4-3-5-0-2-2-3-0 11922624 0.607457 0.071526 0.144845 0.287008
2-3-0-4-3-5-0-4-3-5-0-4-3-5-0 59130651 0.679783 0.119355 0.099621 0.352849
3-5-0-0-1-1-0-0-1-1-0-0-1-1-0 1007175 0.629141 0.08016 0.138315 0.302728
3-5-0-0-1-1-0-0-1-1-0-2-2-3-0 988117 0.588672 0.063515 0.175062 0.249485
3-5-0-0-1-1-0-0-1-1-0-4-3-5-0 8148870 0.652538 0.086723 0.131766 0.314617
3-5-0-0-1-1-0-2-2-3-0-0-1-1-0 1862906 0.573937 0.054152 0.182104 0.241958
3-5-0-0-1-1-0-2-2-3-0-2-2-3-0 1307204 0.588903 0.073079 0.14443 0.270776
3-5-0-0-1-1-0-2-2-3-0-4-3-5-0 10491003 0.604296 0.064991 0.142428 0.293451
3-5-0-0-1-1-0-4-3-5-0-0-1-1-0 14250721 0.668635 0.099634 0.127648 0.323
3-5-0-0-1-1-0-4-3-5-0-2-2-3-0 9085093 0.64735 0.100376 0.122099 0.310671
3-5-0-0-1-1-0-4-3-5-0-4-3-5-0 55174169 0.704437 0.131582 0.082794 0.371575
3-5-0-2-2-3-0-0-1-1-0-0-1-1-0 1056404 0.573754 0.056397 0.151219 0.274933
3-5-0-2-2-3-0-0-1-1-0-2-2-3-0 1496081 0.548501 0.053575 0.160372 0.252225
3-5-0-2-2-3-0-0-1-1-0-4-3-5-0 10139913 0.612349 0.072281 0.124153 0.311764
3-5-0-2-2-3-0-2-2-3-0-0-1-1-0 1393155 0.547485 0.051884 0.149131 0.266095
3-5-0-2-2-3-0-2-2-3-0-2-2-3-0 939938 0.5522 0.065218 0.12493 0.279803
3-5-0-2-2-3-0-2-2-3-0-4-3-5-0 8004004 0.57433 0.057561 0.129999 0.295957
3-5-0-2-2-3-0-4-3-5-0-0-1-1-0 10539120 0.636929 0.093273 0.165788 0.27077
3-5-0-2-2-3-0-4-3-5-0-2-2-3-0 7520982 0.631241 0.098929 0.166726 0.262997
3-5-0-2-2-3-0-4-3-5-0-4-3-5-0 41179648 0.703547 0.145398 0.118416 0.326619
3-5-0-4-3-5-0-0-1-1-0-0-1-1-0 7765304 0.669883 0.099556 0.186321 0.259199
3-5-0-4-3-5-0-0-1-1-0-2-2-3-0 8091389 0.623782 0.082203 0.209441 0.222384
3-5-0-4-3-5-0-0-1-1-0-4-3-5-0 55175418 0.72829 0.142792 0.164394 0.299171
3-5-0-4-3-5-0-2-2-3-0-0-1-1-0 9092310 0.61712 0.079567 0.205238 0.228347
3-5-0-4-3-5-0-2-2-3-0-2-2-3-0 6348703 0.595839 0.077213 0.188 0.232982
3-5-0-4-3-5-0-2-2-3-0-4-3-5-0 45773415 0.69047 0.115163 0.198314 0.258203
3-5-0-4-3-5-0-4-3-5-0-0-1-1-0 52630265 0.722642 0.137068 0.161419 0.294014
3-5-0-4-3-5-0-4-3-5-0-2-2-3-0 32665634 0.696793 0.134895 0.164272 0.276882
3-5-0-4-3-5-0-4-3-5-0-4-3-5-0 166867136 0.97119 0.359859 0.121801 0.349674
