0-0-1-1-0-0-1 160792 0.161713 0.018725 0.008447 0.076316
0-0-1-1-0-2-2 122977 0.129691 0.007158 0.007751 0.066228
0-0-1-1-0-4-3 719976 0.128678 0.008374 2e-06 0.068286
0-2-2-3-0-0-1 98344 0.104728 0.004346 0.008541 0.047605
0-2-2-3-0-2-2 102281 0.097813 0.004222 0.007762 0.043839
0-2-2-3-0-4-3 406341 0.113197 0.00471 0.008298 0.054243
0-4-3-5-0-0-1 904361 0.156091 0.018695 0.009078 0.065566
0-4-3-5-0-2-2 705440 0.14086 0.009064 0.008307 0.062615
0-4-3-5-0-4-3 3004893 0.162744 0.007926 1e-06 0.082247
1-1-0-0-1-1-0 160792 0.159044 0.00814 2e-06 0.066649
1-1-0-2-2-3-0 98344 0.121634 0.004505 1e-06 0.069502
1-1-0-4-3-5-0 904361 0.136993 0.006048 1e-06 0.074494
2-3-0-0-1-1-0 122977 0.104873 0.002714 6.93889e-18 0.058282
2-3-0-2-2-3-0 102281 0.094338 0.00264 1e-06 0.05064
2-3-0-4-3-5-0 705440 0.123359 0.003076 1.38778e-17 0.068987
3-5-0-0-1-1-0 719976 0.128159 0.00885 0.006488 0.056929
3-5-0-2-2-3-0 406341 0.121875 0.01023 2e-06 0.057466
3-5-0-4-3-5-0 3004893 0.167474 0.011222 0.007661 0.068386
