0-0-1-1-0-0-1-1-0-0-1-1-0-0-1 219989 0.610168 0.029033 0.128036 0.331453
0-0-1-1-0-0-1-1-0-0-1-1-0-2-2 166498 0.609647 0.026121 0.167538 0.303064
0-0-1-1-0-0-1-1-0-0-1-1-0-4-3 1007175 0.560473 0.025506 0.123831 0.296555
0-0-1-1-0-0-1-1-0-2-2-3-0-0-1 227118 0.561253 0.03243 0.156732 0.24398
0-0-1-1-0-0-1-1-0-2-2-3-0-2-2 269113 0.494911 0.017595 0.142555 0.235217
0-0-1-1-0-0-1-1-0-2-2-3-0-4-3 1056404 0.519402 0.020554 0.13307 0.257638
0-0-1-1-0-0-1-1-0-4-3-5-0-0-1 2382824 0.562276 0.024881 0.102622 0.315034
0-0-1-1-0-0-1-1-0-4-3-5-0-2-2 2005389 0.533024 0.023848 0.098015 0.298928
0-0-1-1-0-0-1-1-0-4-3-5-0-4-3 7765304 0.576209 0.029811 0.079099 0.342795
0-0-1-1-0-2-2-3-0-0-1-1-0-0-1 254087 0.526699 0.018695 0.14152 0.276592
0-0-1-1-0-2-2-3-0-0-1-1-0-2-2 455112 0.537838 0.019192 0.148244 0.259984
0-0-1-1-0-2-2-3-0-0-1-1-0-4-3 1862906 0.500998 0.017375 0.110161 0.275368
0-0-1-1-0-2-2-3-0-2-2-3-0-0-1 312856 0.473867 0.014756 0.112639 0.265981
0-0-1-1-0-2-2-3-0-2-2-3-0-2-2 365222 0.466962 0.015476 0.085093 0.279087
0-0-1-1-0-2-2-3-0-2-2-3-0-4-3 1393155 0.483755 0.016183 0.080505 0.297065
0-0-1-1-0-2-2-3-0-4-3-5-0-0-1 3006235 0.536446 0.021635 0.103915 0.305176
0-0-1-1-0-2-2-3-0-4-3-5-0-2-2 2939091 0.526863 0.022475 0.090216 0.314591
0-0-1-1-0-2-2-3-0-4-3-5-0-4-3 9092310 0.523554 0.022993 0.072606 0.323619
0-0-1-1-0-4-3-5-0-0-1-1-0-0-1 2542069 0.560135 0.02654 0.145348 0.275134
0-0-1-1-0-4-3-5-0-0-1-1-0-2-2 3581853 0.566463 0.025813 0.144236 0.285335
0-0-1-1-0-4-3-5-0-0-1-1-0-4-3 14250721 0.560849 0.029568 0.11871 0.292017
0-0-1-1-0-4-3-5-0-2-2-3-0-0-1 2736848 0.524408 0.023484 0.125796 0.270901
0-0-1-1-0-4-3-5-0-2-2-3-0-2-2 3246243 0.520183 0.022986 0.122277 0.273202
0-0-1-1-0-4-3-5-0-2-2-3-0-4-3 10539120 0.526315 0.024666 0.125282 0.272113
0-0-1-1-0-4-3-5-0-4-3-5-0-0-1 19536812 0.592933 0.037552 0.094551 0.337538
0-0-1-1-0-4-3-5-0-4-3-5-0-2-2 17228423 0.565193 0.037581 0.085677 0.321103
0-0-1-1-0-4-3-5-0-4-3-5-0-4-3 52630265 0.635339 0.090019 0.077822 0.340526
0-2-2-3-0-0-1-1-0-0-1-1-0-0-1 141290 0.571621 0.015811 0.144704 0.300125
0-2-2-3-0-0-1-1-0-0-1-1-0-2-2 248813 0.542823 0.012696 0.168355 0.26763
0-2-2-3-0-0-1-1-0-0-1-1-0-4-3 988117 0.509863 0.017713 0.111112 0.277428
0-2-2-3-0-0-1-1-0-2-2-3-0-0-1 308439 0.46871 0.013379 0.133294 0.238534
0-2-2-3-0-0-1-1-0-2-2-3-0-2-2 408400 0.46724 0.015808 0.121871 0.242621
0-2-2-3-0-0-1-1-0-2-2-3-0-4-3 1496081 0.476015 0.015873 0.118139 0.257344
0-2-2-3-0-0-1-1-0-4-3-5-0-0-1 2694129 0.52556 0.020276 0.102066 0.298396
0-2-2-3-0-0-1-1-0-4-3-5-0-2-2 2646121 0.500712 0.01983 0.090272 0.292432
0-2-2-3-0-0-1-1-0-4-3-5-0-4-3 8091389 0.51945 0.022905 0.081707 0.310475
0-2-2-3-0-2-2-3-0-0-1-1-0-0-1 188377 0.473056 0.012276 0.134377 0.242171
0-2-2-3-0-2-2-3-0-0-1-1-0-2-2 360293 0.480373 0.024695 0.139971 0.225355
0-2-2-3-0-2-2-3-0-0-1-1-0-4-3 1307204 0.503284 0.019784 0.124237 0.266672
0-2-2-3-0-2-2-3-0-2-2-3-0-0-1 229664 0.454048 0.015146 0.117125 0.243191
0-2-2-3-0-2-2-3-0-2-2-3-0-2-2 266338 0.44693 0.015178 0.107411 0.245512
0-2-2-3-0-2-2-3-0-2-2-3-0-4-3 939938 0.461508 0.014467 0.099675 0.266187
0-2-2-3-0-2-2-3-0-4-3-5-0-0-1 2195693 0.513603 0.027089 0.121994 0.263298
0-2-2-3-0-2-2-3-0-4-3-5-0-2-2 2187268 0.502538 0.022975 0.115485 0.262125
0-2-2-3-0-2-2-3-0-4-3-5-0-4-3 6348703 0.509964 0.020993 0.103272 0.285339
0-2-2-3-0-4-3-5-0-0-1-1-0-0-1 1687902 0.523774 0.023485 0.149546 0.246093
0-2-2-3-0-4-3-5-0-0-1-1-0-2-2 2663360 0.522214 0.02278 0.16664 0.229881
0-2-2-3-0-4-3-5-0-0-1-1-0-4-3 9085093 0.5491 0.025864 0.149283 0.262962
0-2-2-3-0-4-3-5-0-2-2-3-0-0-1 2056435 0.515099 0.022588 0.154269 0.229704
0-2-2-3-0-4-3-5-0-2-2-3-0-2-2 2515710 0.488419 0.020837 0.147562 0.223423
0-2-2-3-0-4-3-5-0-2-2-3-0-4-3 7520982 0.509321 0.024419 0.139547 0.243078
0-2-2-3-0-4-3-5-0-4-3-5-0-0-1 12653171 0.54894 0.030108 0.113302 0.290731
0-2-2-3-0-4-3-5-0-4-3-5-0-2-2 11922624 0.533538 0.030033 0.108247 0.283745
0-2-2-3-0-4-3-5-0-4-3-5-0-4-3 32665634 0.572943 0.036992 0.095448 0.32603
0-4-3-5-0-0-1-1-0-0-1-1-0-0-1 1332890 0.540525 0.020936 0.152991 0.255705
0-4-3-5-0-0-1-1-0-0-1-1-0-2-2 1824440 0.529389 0.02342 0.178617 0.218074
0-4-3-5-0-0-1-1-0-0-1-1-0-4-3 8148870 0.561981 0.030352 0.152069 0.256259
0-4-3-5-0-0-1-1-0-2-2-3-0-0-1 2318991 0.516349 0.020631 0.192711 0.199159
0-4-3-5-0-0-1-1-0-2-2-3-0-2-2 2995057 0.528966 0.020569 0.193783 0.214526
0-4-3-5-0-0-1-1-0-2-2-3-0-4-3 10139913 0.584899 0.02517 0.189175 0.254967
0-4-3-5-0-0-1-1-0-4-3-5-0-0-1 20205284 0.587022 0.037793 0.129543 0.293184
0-4-3-5-0-0-1-1-0-4-3-5-0-2-2 18159506 0.567957 0.03595 0.123632 0.282956
0-4-3-5-0-0-1-1-0-4-3-5-0-4-3 55175418 0.60176 0.061695 0.1022 0.314243
0-4-3-5-0-2-2-3-0-0-1-1-0-0-1 1578412 0.51615 0.019035 0.181371 0.217003
0-4-3-5-0-2-2-3-0-0-1-1-0-2-2 3093998 0.518224 0.019124 0.196196 0.201071
0-4-3-5-0-2-2-3-0-0-1-1-0-4-3 10491003 0.554749 0.023576 0.170911 0.24535
0-4-3-5-0-2-2-3-0-2-2-3-0-0-1 2036936 0.497547 0.018896 0.169141 0.216449
0-4-3-5-0-2-2-3-0-2-2-3-0-2-2 2350930 0.506901 0.023417 0.152328 0.226761
0-4-3-5-0-2-2-3-0-2-2-3-0-4-3 8004004 0.512881 0.025011 0.142356 0.245129
0-4-3-5-0-2-2-3-0-4-3-5-0-0-1 17189893 0.564163 0.032667 0.169378 0.239873
0-4-3-5-0-2-2-3-0-4-3-5-0-2-2 16400959 0.565437 0.035877 0.163121 0.234369
0-4-3-5-0-2-2-3-0-4-3-5-0-4-3 45773415 0.569917 0.039612 0.149982 0.25783
0-4-3-5-0-4-3-5-0-0-1-1-0-0-1 12258976 0.571898 0.032665 0.173132 0.244593
0-4-3-5-0-4-3-5-0-0-1-1-0-2-2 16161615 0.548456 0.029146 0.178257 0.226824
0-4-3-5-0-4-3-5-0-0-1-1-0-4-3 55174169 0.591455 0.046138 0.15733 0.259289
0-4-3-5-0-4-3-5-0-2-2-3-0-0-1 12037649 0.543908 0.026917 0.175992 0.227922
0-4-3-5-0-4-3-5-0-2-2-3-0-2-2 14812754 0.536022 0.028134 0.166086 0.232547
0-4-3-5-0-4-3-5-0-2-2-3-0-4-3 41179648 0.564997 0.032312 0.178136 0.23901
0-4-3-5-0-4-3-5-0-4-3-5-0-0-1 66854831 0.636319 0.074269 0.129027 0.29826
0-4-3-5-0-4-3-5-0-4-3-5-0-2-2 59130651 0.635651 0.04668 0.147552 0.305641
0-4-3-5-0-4-3-5-0-4-3-5-0-4-3 166867136 0.804246 0.227394 0.115911 0.31053
1-1-0-0-1-1-0-0-1-1-0-0-1-1-0 219989 0.535963 0.020274 0.112872 0.287128
1-1-0-0-1-1-0-0-1-1-0-2-2-3-0 141290 0.507848 0.016577 0.133384 0.251867
1-1-0-0-1-1-0-0-1-1-0-4-3-5-0 1332890 0.534166 0.018207 0.089117 0.320209
1-1-0-0-1-1-0-2-2-3-0-0-1-1-0 254087 0.490622 0.01422 0.139553 0.243329
1-1-0-0-1-1-0-2-2-3-0-2-2-3-0 188377 0.477641 0.013731 0.119411 0.254962
1-1-0-0-1-1-0-2-2-3-0-4-3-5-0 1578412 0.518837 0.016807 0.110335 0.287823
1-1-0-0-1-1-0-4-3-5-0-0-1-1-0 2542069 0.5437 0.021657 0.10778 0.30108
1-1-0-0-1-1-0-4-3-5-0-2-2-3-0 1687902 0.571954 0.022204 0.118162 0.326511
1-1-0-0-1-1-0-4-3-5-0-4-3-5-0 12258976 0.555887 0.023536 0.071656 0.345141
1-1-0-2-2-3-0-0-1-1-0-0-1-1-0 227118 0.488335 0.014515 0.122811 0.258316
1-1-0-2-2-3-0-0-1-1-0-2-2-3-0 308439 0.475166 0.011801 0.14444 0.232308
1-1-0-2-2-3-0-0-1-1-0-4-3-5-0 2318991 0.50802 0.013359 0.093857 0.302072
1-1-0-2-2-3-0-2-2-3-0-0-1-1-0 312856 0.475566 0.01263 0.112285 0.269467
1-1-0-2-2-3-0-2-2-3-0-2-2-3-0 229664 0.458841 0.011555 0.089788 0.276733
1-1-0-2-2-3-0-2-2-3-0-4-3-5-0 2036936 0.493238 0.013724 0.090683 0.294686
1-1-0-2-2-3-0-4-3-5-0-0-1-1-0 2736848 0.55257 0.019631 0.13363 0.291384
1-1-0-2-2-3-0-4-3-5-0-2-2-3-0 2056435 0.499368 0.021474 0.119592 0.259937
1-1-0-2-2-3-0-4-3-5-0-4-3-5-0 12037649 0.533107 0.024442 0.081223 0.320617
1-1-0-4-3-5-0-0-1-1-0-0-1-1-0 2382824 0.538755 0.019947 0.153253 0.254547
1-1-0-4-3-5-0-0-1-1-0-2-2-3-0 2694129 0.518881 0.021042 0.173445 0.220918
1-1-0-4-3-5-0-0-1-1-0-4-3-5-0 20205284 0.558944 0.028191 0.128552 0.287763
1-1-0-4-3-5-0-2-2-3-0-0-1-1-0 3006235 0.511371 0.019221 0.164215 0.228796
1-1-0-4-3-5-0-2-2-3-0-2-2-3-0 2195693 0.498748 0.019031 0.155138 0.229344
1-1-0-4-3-5-0-2-2-3-0-4-3-5-0 17189893 0.548841 0.025625 0.162136 0.245359
1-1-0-4-3-5-0-4-3-5-0-0-1-1-0 19536812 0.570994 0.031238 0.133605 0.282234
1-1-0-4-3-5-0-4-3-5-0-2-2-3-0 12653171 0.570119 0.033718 0.141642 0.272149
1-1-0-4-3-5-0-4-3-5-0-4-3-5-0 66854831 0.594284 0.044796 0.097714 0.325944
2-3-0-0-1-1-0-0-1-1-0-0-1-1-0 166498 0.507296 0.011058 0.08122 0.31643
2-3-0-0-1-1-0-0-1-1-0-2-2-3-0 248813 0.477872 0.011695 0.106314 0.266171
2-3-0-0-1-1-0-0-1-1-0-4-3-5-0 1824440 0.507186 0.011974 0.062675 0.333986
2-3-0-0-1-1-0-2-2-3-0-0-1-1-0 455112 0.462626 0.010285 0.093565 0.276501
2-3-0-0-1-1-0-2-2-3-0-2-2-3-0 360293 0.460274 0.012634 0.073276 0.28651
2-3-0-0-1-1-0-2-2-3-0-4-3-5-0 3093998 0.491632 0.012697 0.057596 0.32563
2-3-0-0-1-1-0-4-3-5-0-0-1-1-0 3581853 0.51426 0.017154 0.099634 0.295214
2-3-0-0-1-1-0-4-3-5-0-2-2-3-0 2663360 0.495087 0.017718 0.08526 0.296136
2-3-0-0-1-1-0-4-3-5-0-4-3-5-0 16161615 0.528816 0.020965 0.058554 0.346664
2-3-0-2-2-3-0-0-1-1-0-0-1-1-0 269113 0.472223 0.012264 0.120829 0.251312
2-3-0-2-2-3-0-0-1-1-0-2-2-3-0 408400 0.452216 0.011 0.134371 0.225912
2-3-0-2-2-3-0-0-1-1-0-4-3-5-0 2995057 0.48809 0.011158 0.09156 0.291488
2-3-0-2-2-3-0-2-2-3-0-0-1-1-0 365222 0.449737 0.009697 0.128794 0.233081
2-3-0-2-2-3-0-2-2-3-0-2-2-3-0 266338 0.438772 0.009192 0.108747 0.243611
2-3-0-2-2-3-0-2-2-3-0-4-3-5-0 2350930 0.485582 0.015703 0.101652 0.273959
2-3-0-2-2-3-0-4-3-5-0-0-1-1-0 3246243 0.500698 0.017736 0.14482 0.238088
2-3-0-2-2-3-0-4-3-5-0-2-2-3-0 2515710 0.484887 0.019587 0.11842 0.252504
2-3-0-2-2-3-0-4-3-5-0-4-3-5-0 14812754 0.512959 0.018537 0.105028 0.288171
2-3-0-4-3-5-0-0-1-1-0-0-1-1-0 2005389 0.526216 0.016618 0.13635 0.258098
2-3-0-4-3-5-0-0-1-1-0-2-2-3-0 2646121 0.50405 0.019192 0.168359 0.212566
2-3-0-4-3-5-0-0-1-1-0-4-3-5-0 18159506 0.537506 0.023522 0.124393 0.278766
2-3-0-4-3-5-0-2-2-3-0-0-1-1-0 2939091 0.494644 0.017824 0.159044 0.221607
2-3-0-4-3-5-0-2-2-3-0-2-2-3-0 2187268 0.492963 0.021699 0.144068 0.228824
2-3-0-4-3-5-0-2-2-3-0-4-3-5-0 16400959 0.530872 0.021447 0.144268 0.255714
2-3-0-4-3-5-0-4-3-5-0-0-1-1-0 17228423 0.544036 0.02653 0.130474 0.271151
2-3-0-4-3-5-0-4-3-5-0-2-2-3-0 11922624 0.526387 0.027668 0.127719 0.262802
2-3-0-4-3-5-0-4-3-5-0-4-3-5-0 59130651 0.56536 0.03734 0.089643 0.32259
3-5-0-0-1-1-0-0-1-1-0-0-1-1-0 1007175 0.540219 0.026467 0.122906 0.271359
3-5-0-0-1-1-0-0-1-1-0-2-2-3-0 988117 0.524225 0.020866 0.159888 0.235528
3-5-0-0-1-1-0-0-1-1-0-4-3-5-0 8148870 0.561431 0.030077 0.119915 0.286815
3-5-0-0-1-1-0-2-2-3-0-0-1-1-0 1862906 0.514207 0.018355 0.17042 0.218476
3-5-0-0-1-1-0-2-2-3-0-2-2-3-0 1307204 0.497505 0.025335 0.127984 0.24284
3-5-0-0-1-1-0-2-2-3-0-4-3-5-0 10491003 0.53111 0.021633 0.126823 0.268597
3-5-0-0-1-1-0-4-3-5-0-0-1-1-0 14250721 0.566968 0.03328 0.109712 0.295381
3-5-0-0-1-1-0-4-3-5-0-2-2-3-0 9085093 0.546523 0.03381 0.107804 0.284047
3-5-0-0-1-1-0-4-3-5-0-4-3-5-0 55174169 0.585824 0.039195 0.077867 0.339317
3-5-0-2-2-3-0-0-1-1-0-0-1-1-0 1056404 0.504587 0.019553 0.136144 0.247786
3-5-0-2-2-3-0-0-1-1-0-2-2-3-0 1496081 0.495029 0.019047 0.143648 0.241363
3-5-0-2-2-3-0-0-1-1-0-4-3-5-0 10139913 0.527561 0.023186 0.112693 0.279926
3-5-0-2-2-3-0-2-2-3-0-0-1-1-0 1393155 0.478756 0.018099 0.131772 0.241064
3-5-0-2-2-3-0-2-2-3-0-2-2-3-0 939938 0.474437 0.0209 0.110998 0.251369
3-5-0-2-2-3-0-2-2-3-0-4-3-5-0 8004004 0.503141 0.02116 0.1168 0.268828
3-5-0-2-2-3-0-4-3-5-0-0-1-1-0 10539120 0.5619 0.03089 0.158062 0.249895
3-5-0-2-2-3-0-4-3-5-0-2-2-3-0 7520982 0.527434 0.035571 0.145074 0.236349
3-5-0-2-2-3-0-4-3-5-0-4-3-5-0 41179648 0.580706 0.051654 0.107514 0.298226
3-5-0-4-3-5-0-0-1-1-0-0-1-1-0 7765304 0.562688 0.032603 0.167984 0.235576
3-5-0-4-3-5-0-0-1-1-0-2-2-3-0 8091389 0.539464 0.028672 0.188817 0.206891
3-5-0-4-3-5-0-0-1-1-0-4-3-5-0 55175418 0.590881 0.047986 0.143793 0.271792
3-5-0-4-3-5-0-2-2-3-0-0-1-1-0 9092310 0.524964 0.02505 0.184765 0.207045
3-5-0-4-3-5-0-2-2-3-0-2-2-3-0 6348703 0.514286 0.02515 0.170044 0.21244
3-5-0-4-3-5-0-2-2-3-0-4-3-5-0 45773415 0.576933 0.036458 0.176662 0.239112
3-5-0-4-3-5-0-4-3-5-0-0-1-1-0 52630265 0.599998 0.041493 0.147251 0.276762
3-5-0-4-3-5-0-4-3-5-0-2-2-3-0 32665634 0.572764 0.040046 0.146071 0.255434
3-5-0-4-3-5-0-4-3-5-0-4-3-5-0 166867136 0.694274 0.117557 0.107559 0.316683
