0-0-1-1-0-0-1-1-0-0-1 188528 0.333789 0.037641 0.045338 0.167197
0-0-1-1-0-0-1-1-0-2-2 146148 0.264955 0.011511 0.051545 0.133911
0-0-1-1-0-0-1-1-0-4-3 863044 0.264066 0.017059 0.032018 0.138535
0-0-1-1-0-2-2-3-0-0-1 196108 0.317561 0.014983 0.042136 0.155671
0-0-1-1-0-2-2-3-0-2-2 226712 0.288127 0.011675 0.035841 0.154227
0-0-1-1-0-2-2-3-0-4-3 902647 0.295881 0.01206 0.035553 0.161589
0-0-1-1-0-4-3-5-0-0-1 2034443 0.362751 0.031983 0.022581 0.188005
0-0-1-1-0-4-3-5-0-2-2 1705498 0.325755 0.017848 0.020485 0.180372
0-0-1-1-0-4-3-5-0-4-3 6631528 0.345838 0.019293 0.008333 0.203954
0-2-2-3-0-0-1-1-0-0-1 123077 0.273511 0.00783 0.050805 0.136861
0-2-2-3-0-0-1-1-0-2-2 219503 0.267216 0.008528 0.053656 0.124163
0-2-2-3-0-0-1-1-0-4-3 850321 0.293414 0.010963 0.034994 0.157195
0-2-2-3-0-2-2-3-0-0-1 149919 0.275029 0.016067 0.042241 0.13519
0-2-2-3-0-2-2-3-0-2-2 163876 0.23348 0.009246 0.030782 0.134197
0-2-2-3-0-2-2-3-0-4-3 625402 0.215532 0.011537 0.026936 0.116492
0-2-2-3-0-4-3-5-0-0-1 1369799 0.24558 0.015124 0.034067 0.121496
0-2-2-3-0-4-3-5-0-2-2 1312522 0.234375 0.014871 0.031943 0.116501
0-2-2-3-0-4-3-5-0-4-3 4190131 0.249321 0.015146 0.016193 0.14026
0-4-3-5-0-0-1-1-0-0-1 1139429 0.263115 0.018642 0.055154 0.10987
0-4-3-5-0-0-1-1-0-2-2 1584734 0.254349 0.015569 0.055955 0.103138
0-4-3-5-0-0-1-1-0-4-3 6892753 0.26855 0.017958 0.046983 0.119426
0-4-3-5-0-2-2-3-0-0-1 1261874 0.247809 0.015234 0.048369 0.112073
0-4-3-5-0-2-2-3-0-2-2 1438868 0.260926 0.015962 0.045413 0.113184
0-4-3-5-0-2-2-3-0-4-3 5005518 0.265037 0.017512 0.047097 0.113609
0-4-3-5-0-4-3-5-0-0-1 10335808 0.282815 0.022271 0.043125 0.129917
0-4-3-5-0-4-3-5-0-2-2 8888041 0.271671 0.020369 0.040608 0.125873
0-4-3-5-0-4-3-5-0-4-3 28500286 0.357919 0.092273 0.031128 0.143212
1-1-0-0-1-1-0-0-1-1-0 188528 0.272819 0.01307 0.023598 0.141824
1-1-0-0-1-1-0-2-2-3-0 123077 0.26157 0.010741 0.033035 0.123726
1-1-0-0-1-1-0-4-3-5-0 1139429 0.304713 0.013631 0.01264 0.170796
1-1-0-2-2-3-0-0-1-1-0 196108 0.247259 0.00933 0.037533 0.127197
1-1-0-2-2-3-0-2-2-3-0 149919 0.21914 0.010606 0.021602 0.120627
1-1-0-2-2-3-0-4-3-5-0 1261874 0.24542 0.010053 0.023191 0.135807
1-1-0-4-3-5-0-0-1-1-0 2034443 0.262232 0.015969 0.04231 0.123174
1-1-0-4-3-5-0-2-2-3-0 1369799 0.261617 0.017283 0.048663 0.121561
1-1-0-4-3-5-0-4-3-5-0 10335808 0.275221 0.016968 0.019104 0.157948
2-3-0-0-1-1-0-0-1-1-0 146148 0.211956 0.005558 0.011031 0.136702
2-3-0-0-1-1-0-2-2-3-0 219503 0.209806 0.008284 0.014979 0.126757
2-3-0-0-1-1-0-4-3-5-0 1584734 0.231938 0.007748 0.006673 0.151814
2-3-0-2-2-3-0-0-1-1-0 226712 0.239663 0.00819 0.042933 0.130287
2-3-0-2-2-3-0-2-2-3-0 163876 0.21232 0.006821 0.027794 0.109557
2-3-0-2-2-3-0-4-3-5-0 1438868 0.222906 0.007962 0.028308 0.12412
2-3-0-4-3-5-0-0-1-1-0 1705498 0.244151 0.013431 0.040557 0.116065
2-3-0-4-3-5-0-2-2-3-0 1312522 0.230474 0.014373 0.034192 0.113928
2-3-0-4-3-5-0-4-3-5-0 8888041 0.250077 0.013554 0.01852 0.144469
3-5-0-0-1-1-0-0-1-1-0 863044 0.253917 0.019389 0.033561 0.121839
3-5-0-0-1-1-0-2-2-3-0 850321 0.239384 0.015056 0.043875 0.106568
3-5-0-0-1-1-0-4-3-5-0 6892753 0.273006 0.020989 0.022423 0.142357
3-5-0-2-2-3-0-0-1-1-0 902647 0.228754 0.013996 0.03517 0.113297
3-5-0-2-2-3-0-2-2-3-0 625402 0.219197 0.013551 0.028417 0.113742
3-5-0-2-2-3-0-4-3-5-0 5005518 0.259832 0.019893 0.029029 0.129672
3-5-0-4-3-5-0-0-1-1-0 6631528 0.274384 0.022885 0.052692 0.112267
3-5-0-4-3-5-0-2-2-3-0 4190131 0.281202 0.0218 0.061505 0.106098
3-5-0-4-3-5-0-4-3-5-0 28500286 0.333163 0.067324 0.029695 0.141963
