0-0-1-1-0 285299 0.113055 0.031761 1e-06 0.04284
0-2-2-3-0 121022 0.062722 0.004904 0 0.031485
0-4-3-5-0 1015379 0.089148 0.01375 0 0.038478
1-1-0-0-1 136551 0.065726 0.002467 1e-06 0.030062
1-1-0-2-2 53154 0.056266 0.00247 0 0.025349
1-1-0-4-3 315769 0.071189 0.0025 1e-06 0.036172
2-3-0-0-1 53154 0.055142 0.002236 1e-06 0.02509
2-3-0-2-2 88299 0.05037 0.001539 3.46945e-18 0.022158
2-3-0-4-3 178486 0.061926 0.001521 1e-06 0.031756
3-5-0-0-1 315769 0.080469 0.0082 0 0.033788
3-5-0-2-2 178486 0.074178 0.006068 0 0.030423
3-5-0-4-3 1388715 0.092486 0.008363 1e-06 0.041082
