0-0-1-1-0-0-1-1-0-0-1-1-0-0-1 219989 0.930354 0.071419 0.221822 0.501353
0-0-1-1-0-0-1-1-0-0-1-1-0-2-2 166498 0.916862 0.055542 0.27171 0.493771
0-0-1-1-0-0-1-1-0-0-1-1-0-4-3 1007175 0.701827 0.06394 0.164018 0.374278
0-0-1-1-0-0-1-1-0-2-2-3-0-0-1 227118 0.630766 0.048053 0.205401 0.294003
0-0-1-1-0-0-1-1-0-2-2-3-0-2-2 269113 0.617344 0.048592 0.192462 0.298393
0-0-1-1-0-0-1-1-0-2-2-3-0-4-3 1056404 0.668007 0.054725 0.186098 0.333212
0-0-1-1-0-0-1-1-0-4-3-5-0-0-1 2382824 0.699442 0.071407 0.136056 0.395292
0-0-1-1-0-0-1-1-0-4-3-5-0-2-2 2005389 0.691255 0.07909 0.136465 0.380607
0-0-1-1-0-0-1-1-0-4-3-5-0-4-3 7765304 0.726589 0.083768 0.103209 0.434484
0-0-1-1-0-2-2-3-0-0-1-1-0-0-1 254087 0.637447 0.037424 0.186753 0.332119
0-0-1-1-0-2-2-3-0-0-1-1-0-2-2 455112 0.627745 0.045468 0.18899 0.316004
0-0-1-1-0-2-2-3-0-0-1-1-0-4-3 1862906 0.640145 0.045758 0.151649 0.359314
0-0-1-1-0-2-2-3-0-2-2-3-0-0-1 312856 0.62806 0.03449 0.153318 0.366304
0-0-1-1-0-2-2-3-0-2-2-3-0-2-2 365222 0.623884 0.047269 0.124278 0.377728
0-0-1-1-0-2-2-3-0-2-2-3-0-4-3 1393155 0.631869 0.052858 0.113812 0.388397
0-0-1-1-0-2-2-3-0-4-3-5-0-0-1 3006235 0.686518 0.070833 0.134971 0.388299
0-0-1-1-0-2-2-3-0-4-3-5-0-2-2 2939091 0.673316 0.069519 0.122645 0.390803
0-0-1-1-0-2-2-3-0-4-3-5-0-4-3 9092310 0.702024 0.078669 0.100869 0.428714
0-0-1-1-0-4-3-5-0-0-1-1-0-0-1 2542069 0.714221 0.077713 0.183933 0.352673
0-0-1-1-0-4-3-5-0-0-1-1-0-2-2 3581853 0.756936 0.070096 0.194776 0.346196
0-0-1-1-0-4-3-5-0-0-1-1-0-4-3 14250721 0.946568 0.091209 0.219463 0.497638
0-0-1-1-0-4-3-5-0-2-2-3-0-0-1 2736848 0.684309 0.068709 0.172478 0.347849
0-0-1-1-0-4-3-5-0-2-2-3-0-2-2 3246243 0.683104 0.070343 0.168599 0.347369
0-0-1-1-0-4-3-5-0-2-2-3-0-4-3 10539120 0.708657 0.081133 0.173861 0.360013
0-0-1-1-0-4-3-5-0-4-3-5-0-0-1 19536812 0.814876 0.142605 0.123684 0.434152
0-0-1-1-0-4-3-5-0-4-3-5-0-2-2 17228423 0.769358 0.130583 0.118595 0.413728
0-0-1-1-0-4-3-5-0-4-3-5-0-4-3 52630265 0.879663 0.221037 0.105732 0.441169
0-2-2-3-0-0-1-1-0-0-1-1-0-0-1 141290 0.632037 0.04213 0.164469 0.338546
0-2-2-3-0-0-1-1-0-0-1-1-0-2-2 248813 0.600392 0.033489 0.194102 0.296069
0-2-2-3-0-0-1-1-0-0-1-1-0-4-3 988117 0.636639 0.047325 0.146889 0.352708
0-2-2-3-0-0-1-1-0-2-2-3-0-0-1 308439 0.59155 0.035548 0.176105 0.306239
0-2-2-3-0-0-1-1-0-2-2-3-0-2-2 408400 0.596137 0.039868 0.165767 0.314338
0-2-2-3-0-0-1-1-0-2-2-3-0-4-3 1496081 0.613913 0.039162 0.159946 0.340934
0-2-2-3-0-0-1-1-0-4-3-5-0-0-1 2694129 0.682737 0.059034 0.135002 0.393175
0-2-2-3-0-0-1-1-0-4-3-5-0-2-2 2646121 0.651941 0.060097 0.119945 0.380871
0-2-2-3-0-0-1-1-0-4-3-5-0-4-3 8091389 0.688364 0.069522 0.106404 0.413588
0-2-2-3-0-2-2-3-0-0-1-1-0-0-1 188377 0.591572 0.029785 0.178726 0.309014
0-2-2-3-0-2-2-3-0-0-1-1-0-2-2 360293 0.600584 0.045246 0.189339 0.288672
0-2-2-3-0-2-2-3-0-0-1-1-0-4-3 1307204 0.614968 0.048352 0.161531 0.325234
0-2-2-3-0-2-2-3-0-2-2-3-0-0-1 229664 0.577581 0.031779 0.161586 0.315413
0-2-2-3-0-2-2-3-0-2-2-3-0-2-2 266338 0.573715 0.033717 0.146429 0.319274
0-2-2-3-0-2-2-3-0-2-2-3-0-4-3 939938 0.582639 0.036316 0.133575 0.344799
0-2-2-3-0-2-2-3-0-4-3-5-0-0-1 2195693 0.665852 0.058282 0.174827 0.344683
0-2-2-3-0-2-2-3-0-4-3-5-0-2-2 2187268 0.653362 0.061744 0.157939 0.344036
0-2-2-3-0-2-2-3-0-4-3-5-0-4-3 6348703 0.798146 0.066343 0.174791 0.423379
0-2-2-3-0-4-3-5-0-0-1-1-0-0-1 1687902 0.814718 0.06524 0.251123 0.40661
0-2-2-3-0-4-3-5-0-0-1-1-0-2-2 2663360 0.658977 0.05657 0.221903 0.283866
0-2-2-3-0-4-3-5-0-0-1-1-0-4-3 9085093 0.708515 0.089665 0.194579 0.328023
0-2-2-3-0-4-3-5-0-2-2-3-0-0-1 2056435 0.651009 0.06198 0.207893 0.295355
0-2-2-3-0-4-3-5-0-2-2-3-0-2-2 2515710 0.645746 0.061725 0.206138 0.292106
0-2-2-3-0-4-3-5-0-2-2-3-0-4-3 7520982 0.672714 0.076189 0.19133 0.315294
0-2-2-3-0-4-3-5-0-4-3-5-0-0-1 12653171 0.750469 0.116067 0.153715 0.375228
0-2-2-3-0-4-3-5-0-4-3-5-0-2-2 11922624 0.729136 0.110355 0.150515 0.367845
0-2-2-3-0-4-3-5-0-4-3-5-0-4-3 32665634 0.81486 0.169338 0.129973 0.409006
0-4-3-5-0-0-1-1-0-0-1-1-0-0-1 1332890 0.692969 0.062547 0.209 0.328477
0-4-3-5-0-0-1-1-0-0-1-1-0-2-2 1824440 0.681724 0.066973 0.243808 0.276686
0-4-3-5-0-0-1-1-0-0-1-1-0-4-3 8148870 0.745608 0.109908 0.206022 0.327362
0-4-3-5-0-0-1-1-0-2-2-3-0-0-1 2318991 0.662115 0.057823 0.259736 0.255376
0-4-3-5-0-0-1-1-0-2-2-3-0-2-2 2995057 0.661102 0.059613 0.247314 0.263638
0-4-3-5-0-0-1-1-0-2-2-3-0-4-3 10139913 0.699487 0.079385 0.234827 0.2849
0-4-3-5-0-0-1-1-0-4-3-5-0-0-1 20205284 0.813899 0.149298 0.176996 0.380439
0-4-3-5-0-0-1-1-0-4-3-5-0-2-2 18159506 0.798498 0.137542 0.176157 0.378683
0-4-3-5-0-0-1-1-0-4-3-5-0-4-3 55175418 0.889076 0.227144 0.140444 0.412744
0-4-3-5-0-2-2-3-0-0-1-1-0-0-1 1578412 0.671038 0.05026 0.248517 0.2889
0-4-3-5-0-2-2-3-0-0-1-1-0-2-2 3093998 0.658239 0.052024 0.257196 0.26229
0-4-3-5-0-2-2-3-0-0-1-1-0-4-3 10491003 0.717729 0.086908 0.209974 0.323786
0-4-3-5-0-2-2-3-0-2-2-3-0-0-1 2036936 0.65422 0.052504 0.232995 0.285763
0-4-3-5-0-2-2-3-0-2-2-3-0-2-2 2350930 0.674936 0.074261 0.212375 0.299368
0-4-3-5-0-2-2-3-0-2-2-3-0-4-3 8004004 0.693511 0.076312 0.199313 0.328434
0-4-3-5-0-2-2-3-0-4-3-5-0-0-1 17189893 0.789204 0.140215 0.231743 0.314832
0-4-3-5-0-2-2-3-0-4-3-5-0-2-2 16400959 0.757791 0.12494 0.224705 0.30752
0-4-3-5-0-2-2-3-0-4-3-5-0-4-3 45773415 0.854325 0.205451 0.20463 0.338986
0-4-3-5-0-4-3-5-0-0-1-1-0-0-1 12258976 0.773156 0.10797 0.240524 0.316401
0-4-3-5-0-4-3-5-0-0-1-1-0-2-2 16161615 0.748472 0.104116 0.250031 0.291367
0-4-3-5-0-4-3-5-0-0-1-1-0-4-3 55174169 0.87977 0.209615 0.220699 0.334226
0-4-3-5-0-4-3-5-0-2-2-3-0-0-1 12037649 0.758667 0.114714 0.245313 0.296329
0-4-3-5-0-4-3-5-0-2-2-3-0-2-2 14812754 0.743512 0.11254 0.23071 0.29944
0-4-3-5-0-4-3-5-0-2-2-3-0-4-3 41179648 0.81563 0.166837 0.235027 0.306742
0-4-3-5-0-4-3-5-0-4-3-5-0-0-1 66854831 0.976034 0.284122 0.179247 0.386221
0-4-3-5-0-4-3-5-0-4-3-5-0-2-2 59130651 0.915336 0.240808 0.182459 0.370397
0-4-3-5-0-4-3-5-0-4-3-5-0-4-3 166867136 1.23325 0.533189 0.160028 0.402359
1-1-0-0-1-1-0-0-1-1-0-0-1-1-0 219989 0.697828 0.066367 0.158123 0.379041
1-1-0-0-1-1-0-0-1-1-0-2-2-3-0 141290 0.670489 0.058672 0.187599 0.33311
1-1-0-0-1-1-0-0-1-1-0-4-3-5-0 1332890 0.711028 0.065349 0.124037 0.424467
1-1-0-0-1-1-0-2-2-3-0-0-1-1-0 254087 0.655406 0.048311 0.196345 0.323114
1-1-0-0-1-1-0-2-2-3-0-2-2-3-0 188377 0.637564 0.050865 0.166953 0.342191
1-1-0-0-1-1-0-2-2-3-0-4-3-5-0 1578412 0.687956 0.056814 0.155353 0.382052
1-1-0-0-1-1-0-4-3-5-0-0-1-1-0 2542069 0.733497 0.0774 0.151535 0.397156
1-1-0-0-1-1-0-4-3-5-0-2-2-3-0 1687902 0.711974 0.081279 0.147391 0.38658
1-1-0-0-1-1-0-4-3-5-0-4-3-5-0 12258976 0.759241 0.097776 0.09803 0.455767
1-1-0-2-2-3-0-0-1-1-0-0-1-1-0 227118 0.654676 0.052844 0.171175 0.346149
1-1-0-2-2-3-0-0-1-1-0-2-2-3-0 308439 0.619695 0.040464 0.192057 0.31198
1-1-0-2-2-3-0-0-1-1-0-4-3-5-0 2318991 0.670222 0.05188 0.128737 0.399141
1-1-0-2-2-3-0-2-2-3-0-0-1-1-0 312856 0.622928 0.042313 0.152312 0.354386
1-1-0-2-2-3-0-2-2-3-0-2-2-3-0 229664 0.609188 0.042875 0.123487 0.371709
1-1-0-2-2-3-0-2-2-3-0-4-3-5-0 2036936 0.65334 0.050256 0.128306 0.391165
1-1-0-2-2-3-0-4-3-5-0-0-1-1-0 2736848 0.696668 0.072187 0.179574 0.348741
1-1-0-2-2-3-0-4-3-5-0-2-2-3-0 2056435 0.682908 0.07817 0.168322 0.347081
1-1-0-2-2-3-0-4-3-5-0-4-3-5-0 12037649 0.731578 0.094949 0.112453 0.425618
1-1-0-4-3-5-0-0-1-1-0-0-1-1-0 2382824 0.729448 0.082781 0.211795 0.332754
1-1-0-4-3-5-0-0-1-1-0-2-2-3-0 2694129 0.688569 0.06056 0.243025 0.290174
1-1-0-4-3-5-0-0-1-1-0-4-3-5-0 20205284 0.766728 0.111665 0.177874 0.376049
1-1-0-4-3-5-0-2-2-3-0-0-1-1-0 3006235 0.687232 0.058913 0.231494 0.309173
1-1-0-4-3-5-0-2-2-3-0-2-2-3-0 2195693 0.663404 0.056908 0.215787 0.305209
1-1-0-4-3-5-0-2-2-3-0-4-3-5-0 17189893 0.746269 0.094847 0.226211 0.324452
1-1-0-4-3-5-0-4-3-5-0-0-1-1-0 19536812 0.781444 0.115023 0.19051 0.367484
1-1-0-4-3-5-0-4-3-5-0-2-2-3-0 12653171 0.751143 0.104771 0.184585 0.356161
1-1-0-4-3-5-0-4-3-5-0-4-3-5-0 66854831 0.925035 0.241977 0.136468 0.4343
2-3-0-0-1-1-0-0-1-1-0-0-1-1-0 166498 0.653827 0.037243 0.113129 0.410942
2-3-0-0-1-1-0-0-1-1-0-2-2-3-0 248813 0.62371 0.036352 0.151801 0.356062
2-3-0-0-1-1-0-0-1-1-0-4-3-5-0 1824440 0.653241 0.036 0.087553 0.446285
2-3-0-0-1-1-0-2-2-3-0-0-1-1-0 455112 0.605075 0.029052 0.134142 0.37062
2-3-0-0-1-1-0-2-2-3-0-2-2-3-0 360293 0.606395 0.033371 0.105343 0.392534
2-3-0-0-1-1-0-2-2-3-0-4-3-5-0 3093998 0.648054 0.042204 0.083221 0.437607
2-3-0-0-1-1-0-4-3-5-0-0-1-1-0 3581853 0.687647 0.056002 0.139871 0.393954
2-3-0-0-1-1-0-4-3-5-0-2-2-3-0 2663360 0.662124 0.056113 0.119795 0.400326
2-3-0-0-1-1-0-4-3-5-0-4-3-5-0 16161615 0.723083 0.085445 0.079484 0.461903
2-3-0-2-2-3-0-0-1-1-0-0-1-1-0 269113 0.626477 0.033663 0.173051 0.342317
2-3-0-2-2-3-0-0-1-1-0-2-2-3-0 408400 0.59394 0.029388 0.18923 0.304572
2-3-0-2-2-3-0-0-1-1-0-4-3-5-0 2995057 0.635239 0.032649 0.127357 0.392256
2-3-0-2-2-3-0-2-2-3-0-0-1-1-0 365222 0.591307 0.024064 0.18311 0.316751
2-3-0-2-2-3-0-2-2-3-0-2-2-3-0 266338 0.577999 0.024341 0.155271 0.332119
2-3-0-2-2-3-0-2-2-3-0-4-3-5-0 2350930 0.640098 0.042569 0.143959 0.369866
2-3-0-2-2-3-0-4-3-5-0-0-1-1-0 3246243 0.67498 0.052344 0.205368 0.326189
2-3-0-2-2-3-0-4-3-5-0-2-2-3-0 2515710 0.65412 0.055202 0.170578 0.345922
2-3-0-2-2-3-0-4-3-5-0-4-3-5-0 14812754 0.706845 0.077267 0.149803 0.390391
2-3-0-4-3-5-0-0-1-1-0-0-1-1-0 2005389 0.67995 0.050955 0.192266 0.345061
2-3-0-4-3-5-0-0-1-1-0-2-2-3-0 2646121 0.668266 0.057099 0.237865 0.283189
2-3-0-4-3-5-0-0-1-1-0-4-3-5-0 18159506 0.734712 0.087764 0.175897 0.374823
2-3-0-4-3-5-0-2-2-3-0-0-1-1-0 2939091 0.653679 0.051556 0.222927 0.296662
2-3-0-4-3-5-0-2-2-3-0-2-2-3-0 2187268 0.670161 0.071654 0.203503 0.305335
2-3-0-4-3-5-0-2-2-3-0-4-3-5-0 16400959 0.693016 0.070726 0.192705 0.339425
2-3-0-4-3-5-0-4-3-5-0-0-1-1-0 17228423 0.744519 0.094118 0.190242 0.363043
2-3-0-4-3-5-0-4-3-5-0-2-2-3-0 11922624 0.715331 0.091177 0.18105 0.346757
2-3-0-4-3-5-0-4-3-5-0-4-3-5-0 59130651 0.841736 0.194848 0.12484 0.422842
3-5-0-0-1-1-0-0-1-1-0-0-1-1-0 1007175 0.711401 0.076514 0.173267 0.36044
3-5-0-0-1-1-0-0-1-1-0-2-2-3-0 988117 0.662529 0.056485 0.218491 0.296966
3-5-0-0-1-1-0-0-1-1-0-4-3-5-0 8148870 0.749293 0.098874 0.166469 0.375932
3-5-0-0-1-1-0-2-2-3-0-0-1-1-0 1862906 0.653487 0.050961 0.227333 0.289671
3-5-0-0-1-1-0-2-2-3-0-2-2-3-0 1307204 0.663332 0.070022 0.180265 0.324961
3-5-0-0-1-1-0-2-2-3-0-4-3-5-0 10491003 0.706971 0.076206 0.178087 0.353112
3-5-0-0-1-1-0-4-3-5-0-0-1-1-0 14250721 0.757989 0.109777 0.154489 0.386543
3-5-0-0-1-1-0-4-3-5-0-2-2-3-0 9085093 0.738972 0.101879 0.15303 0.376939
3-5-0-0-1-1-0-4-3-5-0-4-3-5-0 55174169 0.859267 0.193113 0.103566 0.448239
3-5-0-2-2-3-0-0-1-1-0-0-1-1-0 1056404 0.660068 0.052403 0.189672 0.329988
3-5-0-2-2-3-0-0-1-1-0-2-2-3-0 1496081 0.633055 0.048783 0.202055 0.304902
3-5-0-2-2-3-0-0-1-1-0-4-3-5-0 10139913 0.718694 0.080805 0.157711 0.376534
3-5-0-2-2-3-0-2-2-3-0-0-1-1-0 1393155 0.652823 0.06157 0.186327 0.324083
3-5-0-2-2-3-0-2-2-3-0-2-2-3-0 939938 0.656971 0.077285 0.157099 0.339985
3-5-0-2-2-3-0-2-2-3-0-4-3-5-0 8004004 0.68286 0.069999 0.16397 0.359958
3-5-0-2-2-3-0-4-3-5-0-0-1-1-0 10539120 0.74947 0.116763 0.206117 0.323383
3-5-0-2-2-3-0-4-3-5-0-2-2-3-0 7520982 0.744665 0.12695 0.202218 0.315042
3-5-0-2-2-3-0-4-3-5-0-4-3-5-0 41179648 0.877653 0.226693 0.147578 0.39324
3-5-0-4-3-5-0-0-1-1-0-0-1-1-0 7765304 0.79332 0.13032 0.234958 0.307965
3-5-0-4-3-5-0-0-1-1-0-2-2-3-0 8091389 0.737902 0.103951 0.262756 0.264504
3-5-0-4-3-5-0-0-1-1-0-4-3-5-0 55175418 0.902377 0.22795 0.200964 0.35261
3-5-0-4-3-5-0-2-2-3-0-0-1-1-0 9092310 0.730508 0.099453 0.258988 0.270723
3-5-0-4-3-5-0-2-2-3-0-2-2-3-0 6348703 0.711863 0.100192 0.23571 0.280697
3-5-0-4-3-5-0-2-2-3-0-4-3-5-0 45773415 0.827658 0.166943 0.244632 0.299976
3-5-0-4-3-5-0-4-3-5-0-0-1-1-0 52630265 0.886515 0.208025 0.199004 0.348434
3-5-0-4-3-5-0-4-3-5-0-2-2-3-0 32665634 0.818215 0.176245 0.197861 0.319806
3-5-0-4-3-5-0-4-3-5-0-4-3-5-0 166867136 1.19393 0.513518 0.143934 0.396253
