0-0-1-1-0-0-1-1-0-0-1-1-0 385077 0.497148 0.0263 0.086645 0.273332
0-0-1-1-0-0-1-1-0-2-2-3-0 314630 0.410838 0.016639 0.092116 0.206115
0-0-1-1-0-0-1-1-0-4-3-5-0 2876689 0.446881 0.021813 0.054701 0.262131
0-0-1-1-0-2-2-3-0-0-1-1-0 605877 0.350333 0.014161 0.07664 0.182597
0-0-1-1-0-2-2-3-0-2-2-3-0 428137 0.358257 0.018913 0.051604 0.188354
0-0-1-1-0-2-2-3-0-4-3-5-0 3702635 0.363176 0.016792 0.046991 0.210576
0-0-1-1-0-4-3-5-0-0-1-1-0 5480740 0.423784 0.026258 0.061914 0.204849
0-0-1-1-0-4-3-5-0-2-2-3-0 3633311 0.370691 0.02293 0.055109 0.200811
0-0-1-1-0-4-3-5-0-4-3-5-0 24609554 0.409219 0.034515 0.032836 0.241875
0-2-2-3-0-0-1-1-0-0-1-1-0 314630 0.349331 0.014273 0.067118 0.181353
0-2-2-3-0-0-1-1-0-2-2-3-0 467252 0.324029 0.010528 0.076443 0.162015
0-2-2-3-0-0-1-1-0-4-3-5-0 3373925 0.362038 0.014689 0.050019 0.207607
0-2-2-3-0-2-2-3-0-0-1-1-0 428137 0.323923 0.012276 0.070878 0.171405
0-2-2-3-0-2-2-3-0-2-2-3-0 301270 0.309683 0.01178 0.05688 0.174712
0-2-2-3-0-2-2-3-0-4-3-5-0 2689339 0.356676 0.01407 0.060322 0.18956
0-2-2-3-0-4-3-5-0-0-1-1-0 3633311 0.37982 0.019248 0.08821 0.18131
0-2-2-3-0-4-3-5-0-2-2-3-0 2725374 0.36371 0.02133 0.081833 0.17457
0-2-2-3-0-4-3-5-0-4-3-5-0 16058905 0.381679 0.024079 0.049934 0.21455
0-4-3-5-0-0-1-1-0-0-1-1-0 2876689 0.38854 0.021408 0.09491 0.176701
0-4-3-5-0-0-1-1-0-2-2-3-0 3373925 0.390698 0.019656 0.120574 0.158734
0-4-3-5-0-0-1-1-0-4-3-5-0 26070955 0.408784 0.030202 0.076006 0.203825
0-4-3-5-0-2-2-3-0-0-1-1-0 3702635 0.423509 0.026578 0.110858 0.177148
0-4-3-5-0-2-2-3-0-2-2-3-0 2689339 0.369466 0.017276 0.092745 0.168034
0-4-3-5-0-2-2-3-0-4-3-5-0 21938451 0.403076 0.026655 0.097395 0.173715
0-4-3-5-0-4-3-5-0-0-1-1-0 24609554 0.432961 0.034132 0.09367 0.186419
0-4-3-5-0-4-3-5-0-2-2-3-0 16058905 0.406173 0.027774 0.092292 0.177823
0-4-3-5-0-4-3-5-0-4-3-5-0 86376943 0.554933 0.152513 0.064282 0.220553
1-1-0-0-1-1-0-0-1-1-0-0-1 173807 0.359578 0.014686 0.060824 0.199251
1-1-0-0-1-1-0-0-1-1-0-2-2 78091 0.349732 0.013789 0.075669 0.175682
1-1-0-0-1-1-0-0-1-1-0-4-3 475465 0.369159 0.016773 0.054856 0.205456
1-1-0-0-1-1-0-2-2-3-0-0-1 106572 0.338257 0.012547 0.077254 0.16899
1-1-0-0-1-1-0-2-2-3-0-2-2 112583 0.330726 0.01262 0.06845 0.170366
1-1-0-0-1-1-0-2-2-3-0-4-3 413472 0.342938 0.014819 0.070273 0.178343
1-1-0-0-1-1-0-4-3-5-0-0-1 1039297 0.375728 0.017061 0.043828 0.222469
1-1-0-0-1-1-0-4-3-5-0-2-2 811057 0.376583 0.016732 0.052578 0.216611
1-1-0-0-1-1-0-4-3-5-0-4-3 3251126 0.378941 0.017571 0.032054 0.234567
1-1-0-2-2-3-0-0-1-1-0-0-1 106572 0.327654 0.00925 0.079497 0.166683
1-1-0-2-2-3-0-0-1-1-0-2-2 161109 0.321477 0.010628 0.080423 0.156675
1-1-0-2-2-3-0-0-1-1-0-4-3 618519 0.334978 0.011097 0.059859 0.185384
1-1-0-2-2-3-0-2-2-3-0-0-1 126798 0.324518 0.012141 0.05726 0.180993
1-1-0-2-2-3-0-2-2-3-0-2-2 135529 0.325002 0.010415 0.044322 0.199694
1-1-0-2-2-3-0-2-2-3-0-4-3 492375 0.328288 0.011088 0.044177 0.201709
1-1-0-2-2-3-0-4-3-5-0-0-1 1087723 0.358398 0.016036 0.06004 0.195039
1-1-0-2-2-3-0-4-3-5-0-2-2 1039476 0.352132 0.015297 0.056796 0.196175
1-1-0-2-2-3-0-4-3-5-0-4-3 3229172 0.356625 0.014431 0.03552 0.2186
1-1-0-4-3-5-0-0-1-1-0-0-1 1039297 0.379299 0.019863 0.093891 0.172769
1-1-0-4-3-5-0-0-1-1-0-2-2 1354836 0.366463 0.020778 0.095055 0.161737
1-1-0-4-3-5-0-0-1-1-0-4-3 5607921 0.381393 0.018537 0.079186 0.188696
1-1-0-4-3-5-0-2-2-3-0-0-1 1087723 0.356255 0.01779 0.086619 0.167213
1-1-0-4-3-5-0-2-2-3-0-2-2 1250680 0.349931 0.018446 0.083539 0.164241
1-1-0-4-3-5-0-2-2-3-0-4-3 4149373 0.365653 0.020351 0.085776 0.171258
1-1-0-4-3-5-0-4-3-5-0-0-1 8529188 0.399168 0.023319 0.063154 0.211374
1-1-0-4-3-5-0-4-3-5-0-2-2 7341684 0.382121 0.020932 0.059559 0.204795
1-1-0-4-3-5-0-4-3-5-0-4-3 22903283 0.412743 0.024101 0.050978 0.223009
2-3-0-0-1-1-0-0-1-1-0-0-1 78091 0.334325 0.008531 0.04458 0.207982
2-3-0-0-1-1-0-0-1-1-0-2-2 152128 0.324668 0.010162 0.055709 0.18122
2-3-0-0-1-1-0-0-1-1-0-4-3 451039 0.344891 0.010985 0.035239 0.2164
2-3-0-0-1-1-0-2-2-3-0-0-1 161109 0.312481 0.00885 0.044621 0.188543
2-3-0-0-1-1-0-2-2-3-0-2-2 231730 0.33926 0.008837 0.04205 0.214107
2-3-0-0-1-1-0-2-2-3-0-4-3 728268 0.32223 0.009882 0.031504 0.206291
2-3-0-0-1-1-0-4-3-5-0-0-1 1354836 0.368136 0.014761 0.036802 0.220783
2-3-0-0-1-1-0-4-3-5-0-2-2 1354897 0.336686 0.011908 0.028866 0.215727
2-3-0-0-1-1-0-4-3-5-0-4-3 4173093 0.350129 0.011102 0.018973 0.234905
2-3-0-2-2-3-0-0-1-1-0-0-1 112583 0.313366 0.007137 0.077422 0.160522
2-3-0-2-2-3-0-0-1-1-0-2-2 231730 0.310471 0.010038 0.078193 0.150047
2-3-0-2-2-3-0-0-1-1-0-4-3 708078 0.318879 0.008455 0.058425 0.179425
2-3-0-2-2-3-0-2-2-3-0-0-1 135529 0.306325 0.008146 0.0682 0.159961
2-3-0-2-2-3-0-2-2-3-0-2-2 186363 0.295949 0.007635 0.059692 0.161767
2-3-0-2-2-3-0-2-2-3-0-4-3 524137 0.329157 0.008299 0.049891 0.203312
2-3-0-2-2-3-0-4-3-5-0-0-1 1250680 0.347011 0.012772 0.071477 0.182727
2-3-0-2-2-3-0-4-3-5-0-2-2 1280966 0.328078 0.013049 0.056628 0.180097
2-3-0-2-2-3-0-4-3-5-0-4-3 3699360 0.342549 0.015183 0.053161 0.192967
2-3-0-4-3-5-0-0-1-1-0-0-1 811057 0.359653 0.014781 0.078328 0.178407
2-3-0-4-3-5-0-0-1-1-0-2-2 1354897 0.346879 0.015672 0.091204 0.153913
2-3-0-4-3-5-0-0-1-1-0-4-3 4700966 0.355625 0.014299 0.07577 0.178493
2-3-0-4-3-5-0-2-2-3-0-0-1 1039476 0.338706 0.0161 0.082663 0.15995
2-3-0-4-3-5-0-2-2-3-0-2-2 1280966 0.330691 0.015768 0.079782 0.156511
2-3-0-4-3-5-0-2-2-3-0-4-3 3916148 0.351306 0.01696 0.070589 0.175894
2-3-0-4-3-5-0-4-3-5-0-0-1 7341684 0.375992 0.018538 0.061058 0.202405
2-3-0-4-3-5-0-4-3-5-0-2-2 7062360 0.373052 0.017843 0.066322 0.198916
2-3-0-4-3-5-0-4-3-5-0-4-3 19470406 0.391174 0.023662 0.046892 0.21949
3-5-0-0-1-1-0-0-1-1-0-0-1 475465 0.368276 0.020851 0.07177 0.18326
3-5-0-0-1-1-0-0-1-1-0-2-2 451039 0.360658 0.01987 0.0861 0.163746
3-5-0-0-1-1-0-0-1-1-0-4-3 2958680 0.380526 0.024105 0.07149 0.185452
3-5-0-0-1-1-0-2-2-3-0-0-1 618519 0.34158 0.015944 0.093023 0.150053
3-5-0-0-1-1-0-2-2-3-0-2-2 708078 0.336826 0.015766 0.083943 0.153565
3-5-0-0-1-1-0-2-2-3-0-4-3 2989271 0.365883 0.022177 0.073752 0.174307
3-5-0-0-1-1-0-4-3-5-0-0-1 5607921 0.402375 0.027111 0.052803 0.212599
3-5-0-0-1-1-0-4-3-5-0-2-2 4700966 0.384675 0.026809 0.051613 0.206532
3-5-0-0-1-1-0-4-3-5-0-4-3 18362821 0.405438 0.031707 0.034697 0.229188
3-5-0-2-2-3-0-0-1-1-0-0-1 413472 0.348839 0.014767 0.079755 0.16851
3-5-0-2-2-3-0-0-1-1-0-2-2 728268 0.341518 0.01451 0.086181 0.15333
3-5-0-2-2-3-0-0-1-1-0-4-3 2989271 0.36161 0.017301 0.072529 0.178459
3-5-0-2-2-3-0-2-2-3-0-0-1 492375 0.328265 0.015267 0.070152 0.167275
3-5-0-2-2-3-0-2-2-3-0-2-2 524137 0.324188 0.015278 0.061354 0.169537
3-5-0-2-2-3-0-2-2-3-0-4-3 2170955 0.357022 0.025428 0.058469 0.185033
3-5-0-2-2-3-0-4-3-5-0-0-1 4149373 0.381239 0.025324 0.073157 0.183014
3-5-0-2-2-3-0-4-3-5-0-2-2 3916148 0.368403 0.020797 0.082425 0.170035
3-5-0-2-2-3-0-4-3-5-0-4-3 12675068 0.425702 0.026499 0.064107 0.227315
3-5-0-4-3-5-0-0-1-1-0-0-1 3251126 0.441335 0.026744 0.119835 0.18232
3-5-0-4-3-5-0-0-1-1-0-2-2 4173093 0.42959 0.022939 0.129503 0.161782
3-5-0-4-3-5-0-0-1-1-0-4-3 18362821 0.445692 0.028856 0.109837 0.189063
3-5-0-4-3-5-0-2-2-3-0-0-1 3229172 0.424132 0.023636 0.124587 0.168101
3-5-0-4-3-5-0-2-2-3-0-2-2 3699360 0.376424 0.023879 0.098198 0.150936
3-5-0-4-3-5-0-2-2-3-0-4-3 12675068 0.384673 0.025485 0.100892 0.156681
3-5-0-4-3-5-0-4-3-5-0-0-1 22903283 0.424638 0.034052 0.073059 0.202174
3-5-0-4-3-5-0-4-3-5-0-2-2 19470406 0.422058 0.033952 0.075004 0.1919
3-5-0-4-3-5-0-4-3-5-0-4-3 64565795 0.46925 0.048495 0.064973 0.230641
