0-0-1-1-0 285299 0.090597 0.024831 1e-06 0.032637
0-2-2-3-0 121022 0.052536 0.00531 0 0.025735
0-4-3-5-0 1015379 0.061426 0.00488 1e-06 0.029771
1-1-0-0-1 136551 0.053545 0.003437 0 0.024684
1-1-0-2-2 53154 0.047181 0.002507 -3.81639e-17 0.021606
1-1-0-4-3 315769 0.070343 0.002359 0 0.041729
2-3-0-0-1 53154 0.045384 0.001315 1e-06 0.021078
2-3-0-2-2 88299 0.042387 0.00134 -3.46945e-18 0.018749
2-3-0-4-3 178486 0.050619 0.001476 -3.46945e-18 0.025237
3-5-0-0-1 315769 0.067842 0.008074 0 0.027288
3-5-0-2-2 178486 0.058113 0.005955 3.46945e-18 0.023154
3-5-0-4-3 1388715 0.068657 0.006336 0 0.029197
