0-0-1-1-0-0-1-1-0-0-1-1-0-0-1 219989 0.622099 0.04931 0.121532 0.334553
0-0-1-1-0-0-1-1-0-0-1-1-0-2-2 166498 0.7707 0.040998 0.206843 0.391902
0-0-1-1-0-0-1-1-0-0-1-1-0-4-3 1007175 0.581055 0.039298 0.120935 0.307381
0-0-1-1-0-0-1-1-0-2-2-3-0-0-1 227118 0.522334 0.03113 0.153266 0.238457
0-0-1-1-0-0-1-1-0-2-2-3-0-2-2 269113 0.533403 0.03735 0.139462 0.239315
0-0-1-1-0-0-1-1-0-2-2-3-0-4-3 1056404 0.519421 0.033537 0.129221 0.254563
0-0-1-1-0-0-1-1-0-4-3-5-0-0-1 2382824 0.554787 0.041972 0.099166 0.3018
0-0-1-1-0-0-1-1-0-4-3-5-0-2-2 2005389 0.541314 0.041071 0.097291 0.297184
0-0-1-1-0-0-1-1-0-4-3-5-0-4-3 7765304 0.561643 0.044947 0.075922 0.328705
0-0-1-1-0-2-2-3-0-0-1-1-0-0-1 254087 0.486525 0.022948 0.133248 0.24868
0-0-1-1-0-2-2-3-0-0-1-1-0-2-2 455112 0.493955 0.027412 0.135967 0.241781
0-0-1-1-0-2-2-3-0-0-1-1-0-4-3 1862906 0.515812 0.030935 0.109447 0.282668
0-0-1-1-0-2-2-3-0-2-2-3-0-0-1 312856 0.489905 0.023134 0.113365 0.273742
0-0-1-1-0-2-2-3-0-2-2-3-0-2-2 365222 0.479765 0.026639 0.086615 0.282107
0-0-1-1-0-2-2-3-0-2-2-3-0-4-3 1393155 0.491264 0.029885 0.080119 0.296039
0-0-1-1-0-2-2-3-0-4-3-5-0-0-1 3006235 0.541691 0.03616 0.099245 0.304881
0-0-1-1-0-2-2-3-0-4-3-5-0-2-2 2939091 0.51731 0.037592 0.086734 0.297096
0-0-1-1-0-2-2-3-0-4-3-5-0-4-3 9092310 0.534223 0.04367 0.069482 0.319382
0-0-1-1-0-4-3-5-0-0-1-1-0-0-1 2542069 0.562416 0.044107 0.133685 0.27672
0-0-1-1-0-4-3-5-0-0-1-1-0-2-2 3581853 0.543001 0.039136 0.135969 0.264254
0-0-1-1-0-4-3-5-0-0-1-1-0-4-3 14250721 0.581526 0.04807 0.123156 0.295683
0-0-1-1-0-4-3-5-0-2-2-3-0-0-1 2736848 0.540012 0.040186 0.124725 0.274099
0-0-1-1-0-4-3-5-0-2-2-3-0-2-2 3246243 0.524972 0.039561 0.121563 0.264888
0-0-1-1-0-4-3-5-0-2-2-3-0-4-3 10539120 0.543323 0.043312 0.127854 0.271613
0-0-1-1-0-4-3-5-0-4-3-5-0-0-1 19536812 0.588322 0.059827 0.090084 0.322322
0-0-1-1-0-4-3-5-0-4-3-5-0-2-2 17228423 0.578626 0.056931 0.08752 0.318558
0-0-1-1-0-4-3-5-0-4-3-5-0-4-3 52630265 0.631111 0.094162 0.0777 0.341729
0-2-2-3-0-0-1-1-0-0-1-1-0-0-1 141290 0.507659 0.025987 0.126342 0.264902
0-2-2-3-0-0-1-1-0-0-1-1-0-2-2 248813 0.485655 0.022474 0.143493 0.232837
0-2-2-3-0-0-1-1-0-0-1-1-0-4-3 988117 0.531703 0.028219 0.112673 0.291978
0-2-2-3-0-0-1-1-0-2-2-3-0-0-1 308439 0.47655 0.022997 0.129808 0.240705
0-2-2-3-0-0-1-1-0-2-2-3-0-2-2 408400 0.480665 0.024479 0.128998 0.243701
0-2-2-3-0-0-1-1-0-2-2-3-0-4-3 1496081 0.485973 0.025997 0.120897 0.257494
0-2-2-3-0-0-1-1-0-4-3-5-0-0-1 2694129 0.530646 0.033556 0.098564 0.296128
0-2-2-3-0-0-1-1-0-4-3-5-0-2-2 2646121 0.522196 0.034762 0.092642 0.293885
0-2-2-3-0-0-1-1-0-4-3-5-0-4-3 8091389 0.532018 0.03544 0.079732 0.314055
0-2-2-3-0-2-2-3-0-0-1-1-0-0-1 188377 0.476283 0.020356 0.133274 0.244562
0-2-2-3-0-2-2-3-0-0-1-1-0-2-2 360293 0.482846 0.027875 0.140619 0.227226
0-2-2-3-0-2-2-3-0-0-1-1-0-4-3 1307204 0.502951 0.029538 0.119006 0.262721
0-2-2-3-0-2-2-3-0-2-2-3-0-0-1 229664 0.458901 0.021236 0.116902 0.243904
0-2-2-3-0-2-2-3-0-2-2-3-0-2-2 266338 0.457062 0.023938 0.112643 0.246179
0-2-2-3-0-2-2-3-0-2-2-3-0-4-3 939938 0.469465 0.025542 0.098033 0.26912
0-2-2-3-0-2-2-3-0-4-3-5-0-0-1 2195693 0.514651 0.03509 0.121716 0.263062
0-2-2-3-0-2-2-3-0-4-3-5-0-2-2 2187268 0.509917 0.037735 0.11196 0.266491
0-2-2-3-0-2-2-3-0-4-3-5-0-4-3 6348703 0.529174 0.039947 0.102254 0.290601
0-2-2-3-0-4-3-5-0-0-1-1-0-0-1 1687902 0.534239 0.039169 0.148383 0.246025
0-2-2-3-0-4-3-5-0-0-1-1-0-2-2 2663360 0.522243 0.03604 0.162888 0.222779
0-2-2-3-0-4-3-5-0-0-1-1-0-4-3 9085093 0.535446 0.040926 0.140272 0.252914
0-2-2-3-0-4-3-5-0-2-2-3-0-0-1 2056435 0.524128 0.036849 0.160408 0.233443
0-2-2-3-0-4-3-5-0-2-2-3-0-2-2 2515710 0.501198 0.035145 0.147055 0.225773
0-2-2-3-0-4-3-5-0-2-2-3-0-4-3 7520982 0.522036 0.042781 0.139289 0.245093
0-2-2-3-0-4-3-5-0-4-3-5-0-0-1 12653171 0.569352 0.052259 0.113297 0.290294
0-2-2-3-0-4-3-5-0-4-3-5-0-2-2 11922624 0.565381 0.051076 0.114106 0.292836
0-2-2-3-0-4-3-5-0-4-3-5-0-4-3 32665634 0.57951 0.062385 0.095753 0.314234
0-4-3-5-0-0-1-1-0-0-1-1-0-0-1 1332890 0.554303 0.037968 0.156955 0.259079
0-4-3-5-0-0-1-1-0-0-1-1-0-2-2 1824440 0.545986 0.04031 0.181789 0.222542
0-4-3-5-0-0-1-1-0-0-1-1-0-4-3 8148870 0.570207 0.050608 0.150821 0.255053
0-4-3-5-0-0-1-1-0-2-2-3-0-0-1 2318991 0.539869 0.038892 0.197988 0.207462
0-4-3-5-0-0-1-1-0-2-2-3-0-2-2 2995057 0.520961 0.03591 0.184493 0.206037
0-4-3-5-0-0-1-1-0-2-2-3-0-4-3 10139913 0.548414 0.043965 0.171965 0.225956
0-4-3-5-0-0-1-1-0-4-3-5-0-0-1 20205284 0.599334 0.062552 0.128963 0.287632
0-4-3-5-0-0-1-1-0-4-3-5-0-2-2 18159506 0.580266 0.058865 0.123719 0.283323
0-4-3-5-0-0-1-1-0-4-3-5-0-4-3 55175418 0.63532 0.102902 0.099574 0.315561
0-4-3-5-0-2-2-3-0-0-1-1-0-0-1 1578412 0.531419 0.033104 0.184352 0.219525
0-4-3-5-0-2-2-3-0-0-1-1-0-2-2 3093998 0.521122 0.032151 0.184115 0.209158
0-4-3-5-0-2-2-3-0-0-1-1-0-4-3 10491003 0.54733 0.040626 0.150315 0.24679
0-4-3-5-0-2-2-3-0-2-2-3-0-0-1 2036936 0.516954 0.032688 0.170181 0.224319
0-4-3-5-0-2-2-3-0-2-2-3-0-2-2 2350930 0.516565 0.040911 0.151694 0.227011
0-4-3-5-0-2-2-3-0-2-2-3-0-4-3 8004004 0.550017 0.045624 0.148805 0.253656
0-4-3-5-0-2-2-3-0-4-3-5-0-0-1 17189893 0.607087 0.060438 0.175335 0.254707
0-4-3-5-0-2-2-3-0-4-3-5-0-2-2 16400959 0.593389 0.061054 0.1693 0.246162
0-4-3-5-0-2-2-3-0-4-3-5-0-4-3 45773415 0.609222 0.081538 0.147433 0.261187
0-4-3-5-0-4-3-5-0-0-1-1-0-0-1 12258976 0.588459 0.052303 0.172438 0.247455
0-4-3-5-0-4-3-5-0-0-1-1-0-2-2 16161615 0.563834 0.047289 0.178851 0.228481
0-4-3-5-0-4-3-5-0-0-1-1-0-4-3 55174169 0.652958 0.103847 0.1636 0.26254
0-4-3-5-0-4-3-5-0-2-2-3-0-0-1 12037649 0.562645 0.048917 0.175463 0.230933
0-4-3-5-0-4-3-5-0-2-2-3-0-2-2 14812754 0.549769 0.053164 0.164237 0.228978
0-4-3-5-0-4-3-5-0-2-2-3-0-4-3 41179648 0.575823 0.06115 0.166637 0.237401
0-4-3-5-0-4-3-5-0-4-3-5-0-0-1 66854831 0.730555 0.168619 0.128661 0.296504
0-4-3-5-0-4-3-5-0-4-3-5-0-2-2 59130651 0.779358 0.083567 0.176585 0.390991
0-4-3-5-0-4-3-5-0-4-3-5-0-4-3 166867136 1.14891 0.589565 0.114804 0.309211
1-1-0-0-1-1-0-0-1-1-0-0-1-1-0 219989 0.549111 0.03453 0.11643 0.291166
1-1-0-0-1-1-0-0-1-1-0-2-2-3-0 141290 0.514107 0.028933 0.134673 0.255192
1-1-0-0-1-1-0-0-1-1-0-4-3-5-0 1332890 0.546798 0.031678 0.087944 0.324694
1-1-0-0-1-1-0-2-2-3-0-0-1-1-0 254087 0.497926 0.02404 0.142403 0.245202
1-1-0-0-1-1-0-2-2-3-0-2-2-3-0 188377 0.483464 0.02302 0.119387 0.257278
1-1-0-0-1-1-0-2-2-3-0-4-3-5-0 1578412 0.536259 0.026827 0.114257 0.295527
1-1-0-0-1-1-0-4-3-5-0-0-1-1-0 2542069 0.554972 0.03667 0.112299 0.302659
1-1-0-0-1-1-0-4-3-5-0-2-2-3-0 1687902 0.531891 0.038055 0.10632 0.288837
1-1-0-0-1-1-0-4-3-5-0-4-3-5-0 12258976 0.564986 0.041439 0.071525 0.342498
1-1-0-2-2-3-0-0-1-1-0-0-1-1-0 227118 0.507969 0.024649 0.129214 0.266029
1-1-0-2-2-3-0-0-1-1-0-2-2-3-0 308439 0.469833 0.020797 0.137112 0.234299
1-1-0-2-2-3-0-0-1-1-0-4-3-5-0 2318991 0.509667 0.022939 0.091405 0.299051
1-1-0-2-2-3-0-2-2-3-0-0-1-1-0 312856 0.473669 0.020045 0.109926 0.267237
1-1-0-2-2-3-0-2-2-3-0-2-2-3-0 229664 0.460704 0.019569 0.086872 0.277167
1-1-0-2-2-3-0-2-2-3-0-4-3-5-0 2036936 0.500786 0.023177 0.09137 0.296133
1-1-0-2-2-3-0-4-3-5-0-0-1-1-0 2736848 0.528505 0.033959 0.130121 0.265498
1-1-0-2-2-3-0-4-3-5-0-2-2-3-0 2056435 0.512577 0.036526 0.121653 0.262866
1-1-0-2-2-3-0-4-3-5-0-4-3-5-0 12037649 0.554191 0.039287 0.084114 0.328826
1-1-0-4-3-5-0-0-1-1-0-0-1-1-0 2382824 0.548111 0.03527 0.152746 0.254944
1-1-0-4-3-5-0-0-1-1-0-2-2-3-0 2694129 0.533978 0.035986 0.17563 0.225727
1-1-0-4-3-5-0-0-1-1-0-4-3-5-0 20205284 0.569343 0.047701 0.124503 0.28773
1-1-0-4-3-5-0-2-2-3-0-0-1-1-0 3006235 0.522029 0.035213 0.162226 0.229429
1-1-0-4-3-5-0-2-2-3-0-2-2-3-0 2195693 0.505154 0.033901 0.152393 0.23033
1-1-0-4-3-5-0-2-2-3-0-4-3-5-0 17189893 0.559656 0.047168 0.158644 0.245347
1-1-0-4-3-5-0-4-3-5-0-0-1-1-0 19536812 0.573538 0.048788 0.131515 0.277678
1-1-0-4-3-5-0-4-3-5-0-2-2-3-0 12653171 0.571907 0.050183 0.135244 0.273464
1-1-0-4-3-5-0-4-3-5-0-4-3-5-0 66854831 0.622016 0.079812 0.096319 0.327662
2-3-0-0-1-1-0-0-1-1-0-0-1-1-0 166498 0.484158 0.016899 0.077654 0.299687
2-3-0-0-1-1-0-0-1-1-0-2-2-3-0 248813 0.485345 0.0193 0.106722 0.273222
2-3-0-0-1-1-0-0-1-1-0-4-3-5-0 1824440 0.505176 0.020719 0.061674 0.329709
2-3-0-0-1-1-0-2-2-3-0-0-1-1-0 455112 0.459692 0.017094 0.094282 0.271839
2-3-0-0-1-1-0-2-2-3-0-2-2-3-0 360293 0.459117 0.020452 0.072539 0.283968
2-3-0-0-1-1-0-2-2-3-0-4-3-5-0 3093998 0.489592 0.019608 0.057695 0.322712
2-3-0-0-1-1-0-4-3-5-0-0-1-1-0 3581853 0.516696 0.028037 0.098933 0.291391
2-3-0-0-1-1-0-4-3-5-0-2-2-3-0 2663360 0.498422 0.030021 0.084742 0.292357
2-3-0-0-1-1-0-4-3-5-0-4-3-5-0 16161615 0.529055 0.033661 0.056411 0.340416
2-3-0-2-2-3-0-0-1-1-0-0-1-1-0 269113 0.472919 0.019575 0.118416 0.251387
2-3-0-2-2-3-0-0-1-1-0-2-2-3-0 408400 0.44694 0.016705 0.131582 0.224448
2-3-0-2-2-3-0-0-1-1-0-4-3-5-0 2995057 0.495554 0.016812 0.090446 0.29972
2-3-0-2-2-3-0-2-2-3-0-0-1-1-0 365222 0.446 0.01505 0.128218 0.230708
2-3-0-2-2-3-0-2-2-3-0-2-2-3-0 266338 0.433539 0.01539 0.106722 0.241821
2-3-0-2-2-3-0-2-2-3-0-4-3-5-0 2350930 0.484054 0.025874 0.098634 0.270407
2-3-0-2-2-3-0-4-3-5-0-0-1-1-0 3246243 0.500717 0.030017 0.142363 0.234688
2-3-0-2-2-3-0-4-3-5-0-2-2-3-0 2515710 0.489574 0.032847 0.117391 0.25158
2-3-0-2-2-3-0-4-3-5-0-4-3-5-0 14812754 0.521517 0.032224 0.104134 0.287442
2-3-0-4-3-5-0-0-1-1-0-0-1-1-0 2005389 0.518465 0.02816 0.134155 0.25688
2-3-0-4-3-5-0-0-1-1-0-2-2-3-0 2646121 0.516578 0.031421 0.169427 0.220557
2-3-0-4-3-5-0-0-1-1-0-4-3-5-0 18159506 0.545266 0.039759 0.122312 0.281045
2-3-0-4-3-5-0-2-2-3-0-0-1-1-0 2939091 0.507596 0.029971 0.158218 0.230656
2-3-0-4-3-5-0-2-2-3-0-2-2-3-0 2187268 0.502129 0.038263 0.142332 0.228264
2-3-0-4-3-5-0-2-2-3-0-4-3-5-0 16400959 0.518458 0.032985 0.136159 0.253094
2-3-0-4-3-5-0-4-3-5-0-0-1-1-0 17228423 0.547275 0.042035 0.128193 0.26689
2-3-0-4-3-5-0-4-3-5-0-2-2-3-0 11922624 0.532114 0.0399 0.126402 0.260681
2-3-0-4-3-5-0-4-3-5-0-4-3-5-0 59130651 0.58878 0.065981 0.089963 0.324974
3-5-0-0-1-1-0-0-1-1-0-0-1-1-0 1007175 0.55845 0.04559 0.131894 0.270034
3-5-0-0-1-1-0-0-1-1-0-2-2-3-0 988117 0.517101 0.037439 0.153373 0.22536
3-5-0-0-1-1-0-0-1-1-0-4-3-5-0 8148870 0.571495 0.05378 0.116694 0.283254
3-5-0-0-1-1-0-2-2-3-0-0-1-1-0 1862906 0.516471 0.03155 0.162516 0.226333
3-5-0-0-1-1-0-2-2-3-0-2-2-3-0 1307204 0.507742 0.044092 0.124658 0.240295
3-5-0-0-1-1-0-2-2-3-0-4-3-5-0 10491003 0.535739 0.039069 0.123595 0.262443
3-5-0-0-1-1-0-4-3-5-0-0-1-1-0 14250721 0.574993 0.057801 0.108899 0.289782
3-5-0-0-1-1-0-4-3-5-0-2-2-3-0 9085093 0.561311 0.056178 0.108436 0.283604
3-5-0-0-1-1-0-4-3-5-0-4-3-5-0 55174169 0.609712 0.072676 0.073017 0.339091
3-5-0-2-2-3-0-0-1-1-0-0-1-1-0 1056404 0.513006 0.03353 0.136302 0.248679
3-5-0-2-2-3-0-0-1-1-0-2-2-3-0 1496081 0.483826 0.03297 0.140435 0.22665
3-5-0-2-2-3-0-0-1-1-0-4-3-5-0 10139913 0.554737 0.041185 0.114094 0.290638
3-5-0-2-2-3-0-2-2-3-0-0-1-1-0 1393155 0.495188 0.032217 0.13326 0.248553
3-5-0-2-2-3-0-2-2-3-0-2-2-3-0 939938 0.485291 0.037667 0.111174 0.251436
3-5-0-2-2-3-0-2-2-3-0-4-3-5-0 8004004 0.51677 0.037436 0.116235 0.269525
3-5-0-2-2-3-0-4-3-5-0-0-1-1-0 10539120 0.555315 0.055858 0.146233 0.243146
3-5-0-2-2-3-0-4-3-5-0-2-2-3-0 7520982 0.543146 0.058796 0.143834 0.236005
3-5-0-2-2-3-0-4-3-5-0-4-3-5-0 41179648 0.595836 0.080835 0.105436 0.294734
3-5-0-4-3-5-0-0-1-1-0-0-1-1-0 7765304 0.578523 0.059085 0.164382 0.23591
3-5-0-4-3-5-0-0-1-1-0-2-2-3-0 8091389 0.543865 0.050609 0.183822 0.203072
3-5-0-4-3-5-0-0-1-1-0-4-3-5-0 55175418 0.610784 0.079454 0.138545 0.268874
3-5-0-4-3-5-0-2-2-3-0-0-1-1-0 9092310 0.540698 0.046161 0.183787 0.208807
3-5-0-4-3-5-0-2-2-3-0-2-2-3-0 6348703 0.525368 0.045087 0.168537 0.213685
3-5-0-4-3-5-0-2-2-3-0-4-3-5-0 45773415 0.584997 0.066817 0.173132 0.228866
3-5-0-4-3-5-0-4-3-5-0-0-1-1-0 52630265 0.614462 0.07736 0.140223 0.26759
3-5-0-4-3-5-0-4-3-5-0-2-2-3-0 32665634 0.596534 0.076644 0.145653 0.251358
3-5-0-4-3-5-0-4-3-5-0-4-3-5-0 166867136 0.892347 0.326975 0.105729 0.31286
