0-0-1-1-0-0-1-1-0-0-1-1-0-0-1 219989 0.061827 0.041708 2e-06 0
0-0-1-1-0-0-1-1-0-0-1-1-0-2-2 166498 0.040036 0.025208 1e-06 0
0-0-1-1-0-0-1-1-0-0-1-1-0-4-3 1007175 0.048096 0.028847 1e-06 0
0-0-1-1-0-0-1-1-0-2-2-3-0-0-1 227118 0.040075 0.023872 1e-06 0
0-0-1-1-0-0-1-1-0-2-2-3-0-2-2 269113 0.040397 0.024123 1e-06 0
0-0-1-1-0-0-1-1-0-2-2-3-0-4-3 1056404 0.041568 0.025006 1e-06 0
0-0-1-1-0-0-1-1-0-4-3-5-0-0-1 2382824 0.049221 0.027218 1e-06 0
0-0-1-1-0-0-1-1-0-4-3-5-0-2-2 2005389 0.049499 0.027075 0 0
0-0-1-1-0-0-1-1-0-4-3-5-0-4-3 7765304 0.053384 0.033347 2e-06 0
0-0-1-1-0-2-2-3-0-0-1-1-0-0-1 254087 0.038834 0.024564 2e-06 0
0-0-1-1-0-2-2-3-0-0-1-1-0-2-2 455112 0.035944 0.022417 1e-06 0
0-0-1-1-0-2-2-3-0-0-1-1-0-4-3 1862906 0.036873 0.023159 2e-06 0
0-0-1-1-0-2-2-3-0-2-2-3-0-0-1 312856 0.034833 0.021373 1e-06 0
0-0-1-1-0-2-2-3-0-2-2-3-0-2-2 365222 0.035187 0.0221 2e-06 0
0-0-1-1-0-2-2-3-0-2-2-3-0-4-3 1393155 0.038132 0.022728 2e-06 0
0-0-1-1-0-2-2-3-0-4-3-5-0-0-1 3006235 0.046054 0.029156 1e-06 0
0-0-1-1-0-2-2-3-0-4-3-5-0-2-2 2939091 0.039666 0.019056 1e-06 0
0-0-1-1-0-2-2-3-0-4-3-5-0-4-3 9092310 0.045679 0.02688 1e-06 0
0-0-1-1-0-4-3-5-0-0-1-1-0-0-1 2542069 0.044847 0.027087 2e-06 0
0-0-1-1-0-4-3-5-0-0-1-1-0-2-2 3581853 0.048952 0.029896 1e-06 0
0-0-1-1-0-4-3-5-0-0-1-1-0-4-3 14250721 0.066082 0.04444 2e-06 0
0-0-1-1-0-4-3-5-0-2-2-3-0-0-1 2736848 0.043435 0.02456 1e-06 0
0-0-1-1-0-4-3-5-0-2-2-3-0-2-2 3246243 0.058266 0.03572 1e-06 0
0-0-1-1-0-4-3-5-0-2-2-3-0-4-3 10539120 0.051507 0.030433 1e-06 0
0-0-1-1-0-4-3-5-0-4-3-5-0-0-1 19536812 0.081249 0.057057 1e-06 0
0-0-1-1-0-4-3-5-0-4-3-5-0-2-2 17228423 0.061774 0.039024 2e-06 0
0-0-1-1-0-4-3-5-0-4-3-5-0-4-3 52630265 0.158755 0.130063 2e-06 0
0-2-2-3-0-0-1-1-0-0-1-1-0-0-1 141290 0.036344 0.015507 1e-06 0
0-2-2-3-0-0-1-1-0-0-1-1-0-2-2 248813 0.040503 0.023691 1e-06 0
0-2-2-3-0-0-1-1-0-0-1-1-0-4-3 988117 0.05408 0.026815 1e-06 0
0-2-2-3-0-0-1-1-0-2-2-3-0-0-1 308439 0.045981 0.022996 1e-06 0
0-2-2-3-0-0-1-1-0-2-2-3-0-2-2 408400 0.039897 0.022829 1e-06 0
0-2-2-3-0-0-1-1-0-2-2-3-0-4-3 1496081 0.048198 0.025815 1e-06 0
0-2-2-3-0-0-1-1-0-4-3-5-0-0-1 2694129 0.06003 0.027292 1e-06 0
0-2-2-3-0-0-1-1-0-4-3-5-0-2-2 2646121 0.053361 0.023846 1e-06 0
0-2-2-3-0-0-1-1-0-4-3-5-0-4-3 8091389 0.060423 0.029352 1e-06 0
0-2-2-3-0-2-2-3-0-0-1-1-0-0-1 188377 0.03622 0.017445 1e-06 0
0-2-2-3-0-2-2-3-0-0-1-1-0-2-2 360293 0.037941 0.021395 1e-06 0
0-2-2-3-0-2-2-3-0-0-1-1-0-4-3 1307204 0.046401 0.023554 1e-06 0
0-2-2-3-0-2-2-3-0-2-2-3-0-0-1 229664 0.037663 0.019942 0 0
0-2-2-3-0-2-2-3-0-2-2-3-0-2-2 266338 0.03852 0.020366 1e-06 0
0-2-2-3-0-2-2-3-0-2-2-3-0-4-3 939938 0.042673 0.021457 0 0
0-2-2-3-0-2-2-3-0-4-3-5-0-0-1 2195693 0.050665 0.025046 1e-06 0
0-2-2-3-0-2-2-3-0-4-3-5-0-2-2 2187268 0.04533 0.019888 1e-06 0
0-2-2-3-0-2-2-3-0-4-3-5-0-4-3 6348703 0.06202 0.030119 1e-06 0
0-2-2-3-0-4-3-5-0-0-1-1-0-0-1 1687902 0.052821 0.025689 1e-06 0
0-2-2-3-0-4-3-5-0-0-1-1-0-2-2 2663360 0.048622 0.026793 1e-06 0
0-2-2-3-0-4-3-5-0-0-1-1-0-4-3 9085093 0.05019 0.029057 1e-06 0
0-2-2-3-0-4-3-5-0-2-2-3-0-0-1 2056435 0.045722 0.023894 1e-06 0
0-2-2-3-0-4-3-5-0-2-2-3-0-2-2 2515710 0.049035 0.031771 1e-06 0
0-2-2-3-0-4-3-5-0-2-2-3-0-4-3 7520982 0.053499 0.029006 1e-06 0
0-2-2-3-0-4-3-5-0-4-3-5-0-0-1 12653171 0.064894 0.034102 1e-06 0
0-2-2-3-0-4-3-5-0-4-3-5-0-2-2 11922624 0.070569 0.036441 1e-06 0
0-2-2-3-0-4-3-5-0-4-3-5-0-4-3 32665634 0.085235 0.050654 1e-06 0
0-4-3-5-0-0-1-1-0-0-1-1-0-0-1 1332890 0.064849 0.035688 1e-06 0
0-4-3-5-0-0-1-1-0-0-1-1-0-2-2 1824440 0.058035 0.034722 2e-06 0
0-4-3-5-0-0-1-1-0-0-1-1-0-4-3 8148870 0.060456 0.037527 1e-06 0
0-4-3-5-0-0-1-1-0-2-2-3-0-0-1 2318991 0.051741 0.028683 1e-06 0
0-4-3-5-0-0-1-1-0-2-2-3-0-2-2 2995057 0.060953 0.033154 1e-06 0
0-4-3-5-0-0-1-1-0-2-2-3-0-4-3 10139913 0.053873 0.032354 1e-06 0
0-4-3-5-0-0-1-1-0-4-3-5-0-0-1 20205284 0.070314 0.033873 1e-06 0
0-4-3-5-0-0-1-1-0-4-3-5-0-2-2 18159506 0.062188 0.035701 1e-06 0
0-4-3-5-0-0-1-1-0-4-3-5-0-4-3 55175418 0.10911 0.087534 2e-06 0
0-4-3-5-0-2-2-3-0-0-1-1-0-0-1 1578412 0.059547 0.03171 1e-06 0
0-4-3-5-0-2-2-3-0-0-1-1-0-2-2 3093998 0.051212 0.027994 1e-06 0
0-4-3-5-0-2-2-3-0-0-1-1-0-4-3 10491003 0.057922 0.030323 1e-06 0
0-4-3-5-0-2-2-3-0-2-2-3-0-0-1 2036936 0.053678 0.031815 1e-06 0
0-4-3-5-0-2-2-3-0-2-2-3-0-2-2 2350930 0.069308 0.04061 1e-06 0
0-4-3-5-0-2-2-3-0-2-2-3-0-4-3 8004004 0.060724 0.036029 1e-06 0
0-4-3-5-0-2-2-3-0-4-3-5-0-0-1 17189893 0.063639 0.03303 1e-06 0
0-4-3-5-0-2-2-3-0-4-3-5-0-2-2 16400959 0.073945 0.039844 0 0
0-4-3-5-0-2-2-3-0-4-3-5-0-4-3 45773415 0.076175 0.047179 1e-06 0
0-4-3-5-0-4-3-5-0-0-1-1-0-0-1 12258976 0.083772 0.043117 1e-06 0
0-4-3-5-0-4-3-5-0-0-1-1-0-2-2 16161615 0.087152 0.051116 1e-06 0
0-4-3-5-0-4-3-5-0-0-1-1-0-4-3 55174169 0.087753 0.054158 1e-06 0
0-4-3-5-0-4-3-5-0-2-2-3-0-0-1 12037649 0.063796 0.033762 0 0
0-4-3-5-0-4-3-5-0-2-2-3-0-2-2 14812754 0.077898 0.044517 1e-06 0
0-4-3-5-0-4-3-5-0-2-2-3-0-4-3 41179648 0.07668 0.044483 1e-06 0
0-4-3-5-0-4-3-5-0-4-3-5-0-0-1 66854831 0.145127 0.10054 1e-06 0
0-4-3-5-0-4-3-5-0-4-3-5-0-2-2 59130651 0.134963 0.086378 2e-06 0
0-4-3-5-0-4-3-5-0-4-3-5-0-4-3 166867136 0.279992 0.231421 1e-06 0
1-1-0-0-1-1-0-0-1-1-0-0-1-1-0 219989 0.047376 0.029085 1e-06 0
1-1-0-0-1-1-0-0-1-1-0-2-2-3-0 141290 0.035809 0.022156 1e-06 0
1-1-0-0-1-1-0-0-1-1-0-4-3-5-0 1332890 0.046761 0.026567 1e-06 0
1-1-0-0-1-1-0-2-2-3-0-0-1-1-0 254087 0.033838 0.021167 1e-06 0
1-1-0-0-1-1-0-2-2-3-0-2-2-3-0 188377 0.035316 0.020987 1e-06 0
1-1-0-0-1-1-0-2-2-3-0-4-3-5-0 1578412 0.03402 0.019286 1e-06 0
1-1-0-0-1-1-0-4-3-5-0-0-1-1-0 2542069 0.047077 0.023541 0 0
1-1-0-0-1-1-0-4-3-5-0-2-2-3-0 1687902 0.042202 0.022855 1e-06 0
1-1-0-0-1-1-0-4-3-5-0-4-3-5-0 12258976 0.056788 0.032118 1e-06 0
1-1-0-2-2-3-0-0-1-1-0-0-1-1-0 227118 0.03392 0.02159 1e-06 0
1-1-0-2-2-3-0-0-1-1-0-2-2-3-0 308439 0.030837 0.019884 1e-06 0
1-1-0-2-2-3-0-0-1-1-0-4-3-5-0 2318991 0.034033 0.021258 0 0
1-1-0-2-2-3-0-2-2-3-0-0-1-1-0 312856 0.031619 0.019578 1e-06 0
1-1-0-2-2-3-0-2-2-3-0-2-2-3-0 229664 0.031174 0.019716 1e-06 0
1-1-0-2-2-3-0-2-2-3-0-4-3-5-0 2036936 0.035585 0.018297 1e-06 0
1-1-0-2-2-3-0-4-3-5-0-0-1-1-0 2736848 0.045453 0.026933 1e-06 0
1-1-0-2-2-3-0-4-3-5-0-2-2-3-0 2056435 0.036249 0.016521 1e-06 0
1-1-0-2-2-3-0-4-3-5-0-4-3-5-0 12037649 0.04395 0.024537 1e-06 0
1-1-0-4-3-5-0-0-1-1-0-0-1-1-0 2382824 0.043042 0.022691 0 0
1-1-0-4-3-5-0-0-1-1-0-2-2-3-0 2694129 0.038291 0.020741 1e-06 0
1-1-0-4-3-5-0-0-1-1-0-4-3-5-0 20205284 0.049304 0.027508 1e-06 0
1-1-0-4-3-5-0-2-2-3-0-0-1-1-0 3006235 0.044445 0.020908 1e-06 0
1-1-0-4-3-5-0-2-2-3-0-2-2-3-0 2195693 0.057891 0.031448 1e-06 0
1-1-0-4-3-5-0-2-2-3-0-4-3-5-0 17189893 0.051842 0.029749 1e-06 0
1-1-0-4-3-5-0-4-3-5-0-0-1-1-0 19536812 0.060848 0.037733 1e-06 0
1-1-0-4-3-5-0-4-3-5-0-2-2-3-0 12653171 0.063811 0.036325 1e-06 0
1-1-0-4-3-5-0-4-3-5-0-4-3-5-0 66854831 0.112027 0.075508 2e-06 0
2-3-0-0-1-1-0-0-1-1-0-0-1-1-0 166498 0.032372 0.012553 1e-06 0
2-3-0-0-1-1-0-0-1-1-0-2-2-3-0 248813 0.039239 0.019592 1e-06 0
2-3-0-0-1-1-0-0-1-1-0-4-3-5-0 1824440 0.048966 0.022852 1e-06 0
2-3-0-0-1-1-0-2-2-3-0-0-1-1-0 455112 0.030389 0.01802 1e-06 0
2-3-0-0-1-1-0-2-2-3-0-2-2-3-0 360293 0.030255 0.017792 1e-06 0
2-3-0-0-1-1-0-2-2-3-0-4-3-5-0 3093998 0.042693 0.020603 1e-06 0
2-3-0-0-1-1-0-4-3-5-0-0-1-1-0 3581853 0.040652 0.019541 2e-06 0
2-3-0-0-1-1-0-4-3-5-0-2-2-3-0 2663360 0.041306 0.019169 1e-06 0
2-3-0-0-1-1-0-4-3-5-0-4-3-5-0 16161615 0.063132 0.033794 1e-06 0
2-3-0-2-2-3-0-0-1-1-0-0-1-1-0 269113 0.032575 0.015093 1e-06 0
2-3-0-2-2-3-0-0-1-1-0-2-2-3-0 408400 0.032998 0.017546 1e-06 0
2-3-0-2-2-3-0-0-1-1-0-4-3-5-0 2995057 0.042627 0.021105 1e-06 0
2-3-0-2-2-3-0-2-2-3-0-0-1-1-0 365222 0.032947 0.017571 1e-06 0
2-3-0-2-2-3-0-2-2-3-0-2-2-3-0 266338 0.027375 0.012428 1e-06 0
2-3-0-2-2-3-0-2-2-3-0-4-3-5-0 2350930 0.038103 0.018794 1e-06 0
2-3-0-2-2-3-0-4-3-5-0-0-1-1-0 3246243 0.043337 0.025107 1e-06 0
2-3-0-2-2-3-0-4-3-5-0-2-2-3-0 2515710 0.038671 0.019685 4e-06 0
2-3-0-2-2-3-0-4-3-5-0-4-3-5-0 14812754 0.053379 0.032365 1e-06 0
2-3-0-4-3-5-0-0-1-1-0-0-1-1-0 2005389 0.051896 0.023855 1e-06 0
2-3-0-4-3-5-0-0-1-1-0-2-2-3-0 2646121 0.042458 0.025217 0 0
2-3-0-4-3-5-0-0-1-1-0-4-3-5-0 18159506 0.058675 0.031406 1e-06 0
2-3-0-4-3-5-0-2-2-3-0-0-1-1-0 2939091 0.045972 0.025412 1e-06 0
2-3-0-4-3-5-0-2-2-3-0-2-2-3-0 2187268 0.05758 0.033198 1e-06 0
2-3-0-4-3-5-0-2-2-3-0-4-3-5-0 16400959 0.057762 0.032285 1e-06 0
2-3-0-4-3-5-0-4-3-5-0-0-1-1-0 17228423 0.064147 0.035566 0 0
2-3-0-4-3-5-0-4-3-5-0-2-2-3-0 11922624 0.074883 0.039406 2e-06 0
2-3-0-4-3-5-0-4-3-5-0-4-3-5-0 59130651 0.094166 0.064503 1e-06 0
3-5-0-0-1-1-0-0-1-1-0-0-1-1-0 1007175 0.053821 0.033934 1e-06 0
3-5-0-0-1-1-0-0-1-1-0-2-2-3-0 988117 0.047651 0.02894 1e-06 0
3-5-0-0-1-1-0-0-1-1-0-4-3-5-0 8148870 0.060639 0.033977 1e-06 0
3-5-0-0-1-1-0-2-2-3-0-0-1-1-0 1862906 0.049978 0.03082 2e-06 0
3-5-0-0-1-1-0-2-2-3-0-2-2-3-0 1307204 0.062619 0.038783 1e-06 0
3-5-0-0-1-1-0-2-2-3-0-4-3-5-0 10491003 0.050897 0.028198 1e-06 0
3-5-0-0-1-1-0-4-3-5-0-0-1-1-0 14250721 0.062183 0.031797 1e-06 0
3-5-0-0-1-1-0-4-3-5-0-2-2-3-0 9085093 0.060211 0.031391 1e-06 0
3-5-0-0-1-1-0-4-3-5-0-4-3-5-0 55174169 0.077156 0.048148 1e-06 0
3-5-0-2-2-3-0-0-1-1-0-0-1-1-0 1056404 0.047232 0.026735 2e-06 0
3-5-0-2-2-3-0-0-1-1-0-2-2-3-0 1496081 0.046899 0.02896 1e-06 0
3-5-0-2-2-3-0-0-1-1-0-4-3-5-0 10139913 0.051025 0.030391 1e-06 0
3-5-0-2-2-3-0-2-2-3-0-0-1-1-0 1393155 0.046803 0.028357 1e-06 0
3-5-0-2-2-3-0-2-2-3-0-2-2-3-0 939938 0.077485 0.047607 1e-06 0
3-5-0-2-2-3-0-2-2-3-0-4-3-5-0 8004004 0.070828 0.044201 1e-06 0
3-5-0-2-2-3-0-4-3-5-0-0-1-1-0 10539120 0.060475 0.034095 1e-06 0
3-5-0-2-2-3-0-4-3-5-0-2-2-3-0 7520982 0.065523 0.040841 1e-06 0
3-5-0-2-2-3-0-4-3-5-0-4-3-5-0 41179648 0.105928 0.072804 1e-06 0
3-5-0-4-3-5-0-0-1-1-0-0-1-1-0 7765304 0.071922 0.042808 1e-06 0
3-5-0-4-3-5-0-0-1-1-0-2-2-3-0 8091389 0.058781 0.036863 1e-06 0
3-5-0-4-3-5-0-0-1-1-0-4-3-5-0 55175418 0.078645 0.055282 1e-06 0
3-5-0-4-3-5-0-2-2-3-0-0-1-1-0 9092310 0.065752 0.037519 2e-06 0
3-5-0-4-3-5-0-2-2-3-0-2-2-3-0 6348703 0.079928 0.048712 1e-06 0
3-5-0-4-3-5-0-2-2-3-0-4-3-5-0 45773415 0.10365 0.0696 1e-06 0
3-5-0-4-3-5-0-4-3-5-0-0-1-1-0 52630265 0.103065 0.070892 1e-06 0
3-5-0-4-3-5-0-4-3-5-0-2-2-3-0 32665634 0.095228 0.064314 2e-06 0
3-5-0-4-3-5-0-4-3-5-0-4-3-5-0 166867136 0.232731 0.195315 1e-06 0
