0-0-1-1-0-0-1-1-0-0-1-1-0-0-1 219989 0.053153 0.034543 2e-06 0
0-0-1-1-0-0-1-1-0-0-1-1-0-2-2 166498 0.026348 0.016654 1e-06 0
0-0-1-1-0-0-1-1-0-0-1-1-0-4-3 1007175 0.029987 0.018389 1e-06 0
0-0-1-1-0-0-1-1-0-2-2-3-0-0-1 227118 0.025322 0.015845 0 0
0-0-1-1-0-0-1-1-0-2-2-3-0-2-2 269113 0.026976 0.015781 0 0
0-0-1-1-0-0-1-1-0-2-2-3-0-4-3 1056404 0.027336 0.016052 1e-06 0
0-0-1-1-0-0-1-1-0-4-3-5-0-0-1 2382824 0.034595 0.019752 1e-06 0
0-0-1-1-0-0-1-1-0-4-3-5-0-2-2 2005389 0.030544 0.017595 1e-06 0
0-0-1-1-0-0-1-1-0-4-3-5-0-4-3 7765304 0.035819 0.021936 1e-06 0
0-0-1-1-0-2-2-3-0-0-1-1-0-0-1 254087 0.02777 0.016427 1e-06 0
0-0-1-1-0-2-2-3-0-0-1-1-0-2-2 455112 0.025764 0.015268 0 0
0-0-1-1-0-2-2-3-0-0-1-1-0-4-3 1862906 0.026269 0.015818 1e-06 0
0-0-1-1-0-2-2-3-0-2-2-3-0-0-1 312856 0.02505 0.01471 1e-06 0
0-0-1-1-0-2-2-3-0-2-2-3-0-2-2 365222 0.025191 0.014885 0 0
0-0-1-1-0-2-2-3-0-2-2-3-0-4-3 1393155 0.02679 0.015146 0 0
0-0-1-1-0-2-2-3-0-4-3-5-0-0-1 3006235 0.032651 0.019285 0 0
0-0-1-1-0-2-2-3-0-4-3-5-0-2-2 2939091 0.026779 0.013551 1e-06 0
0-0-1-1-0-2-2-3-0-4-3-5-0-4-3 9092310 0.034283 0.021171 1e-06 0
0-0-1-1-0-4-3-5-0-0-1-1-0-0-1 2542069 0.030516 0.017652 1e-06 0
0-0-1-1-0-4-3-5-0-0-1-1-0-2-2 3581853 0.030993 0.017193 1e-06 0
0-0-1-1-0-4-3-5-0-0-1-1-0-4-3 14250721 0.050388 0.035617 1e-06 0
0-0-1-1-0-4-3-5-0-2-2-3-0-0-1 2736848 0.028508 0.016642 1e-06 0
0-0-1-1-0-4-3-5-0-2-2-3-0-2-2 3246243 0.037546 0.022268 1e-06 0
0-0-1-1-0-4-3-5-0-2-2-3-0-4-3 10539120 0.030445 0.01772 1e-06 0
0-0-1-1-0-4-3-5-0-4-3-5-0-0-1 19536812 0.082936 0.067345 1e-06 0
0-0-1-1-0-4-3-5-0-4-3-5-0-2-2 17228423 0.038964 0.023723 1e-06 0
0-0-1-1-0-4-3-5-0-4-3-5-0-4-3 52630265 0.161183 0.145406 1e-06 0
0-2-2-3-0-0-1-1-0-0-1-1-0-0-1 141290 0.01984 0.009192 1e-06 0
0-2-2-3-0-0-1-1-0-0-1-1-0-2-2 248813 0.023153 0.014288 1e-06 0
0-2-2-3-0-0-1-1-0-0-1-1-0-4-3 988117 0.028461 0.015461 1e-06 0
0-2-2-3-0-0-1-1-0-2-2-3-0-0-1 308439 0.023829 0.013589 0 0
0-2-2-3-0-0-1-1-0-2-2-3-0-2-2 408400 0.02311 0.013765 0 0
0-2-2-3-0-0-1-1-0-2-2-3-0-4-3 1496081 0.02743 0.014189 1e-06 0
0-2-2-3-0-0-1-1-0-4-3-5-0-0-1 2694129 0.0322 0.014806 0 0
0-2-2-3-0-0-1-1-0-4-3-5-0-2-2 2646121 0.029787 0.013563 1e-06 0
0-2-2-3-0-0-1-1-0-4-3-5-0-4-3 8091389 0.036227 0.017787 1e-06 0
0-2-2-3-0-2-2-3-0-0-1-1-0-0-1 188377 0.019906 0.010732 1e-06 0
0-2-2-3-0-2-2-3-0-0-1-1-0-2-2 360293 0.022422 0.013337 0 0
0-2-2-3-0-2-2-3-0-0-1-1-0-4-3 1307204 0.028384 0.014776 0 0
0-2-2-3-0-2-2-3-0-2-2-3-0-0-1 229664 0.020848 0.012275 1e-06 0
0-2-2-3-0-2-2-3-0-2-2-3-0-2-2 266338 0.022564 0.012646 0 0
0-2-2-3-0-2-2-3-0-2-2-3-0-4-3 939938 0.025625 0.013339 1e-06 0
0-2-2-3-0-2-2-3-0-4-3-5-0-0-1 2195693 0.029516 0.015517 1e-06 0
0-2-2-3-0-2-2-3-0-4-3-5-0-2-2 2187268 0.026698 0.012422 1e-06 0
0-2-2-3-0-2-2-3-0-4-3-5-0-4-3 6348703 0.037501 0.018355 1e-06 0
0-2-2-3-0-4-3-5-0-0-1-1-0-0-1 1687902 0.032249 0.015785 1e-06 0
0-2-2-3-0-4-3-5-0-0-1-1-0-2-2 2663360 0.030443 0.016567 1e-06 0
0-2-2-3-0-4-3-5-0-0-1-1-0-4-3 9085093 0.031839 0.018014 2e-06 0
0-2-2-3-0-4-3-5-0-2-2-3-0-0-1 2056435 0.027789 0.01481 1e-06 0
0-2-2-3-0-4-3-5-0-2-2-3-0-2-2 2515710 0.031118 0.019754 1e-06 0
0-2-2-3-0-4-3-5-0-2-2-3-0-4-3 7520982 0.034756 0.017959 1e-06 0
0-2-2-3-0-4-3-5-0-4-3-5-0-0-1 12653171 0.039886 0.020848 1e-06 0
0-2-2-3-0-4-3-5-0-4-3-5-0-2-2 11922624 0.041727 0.022176 1e-06 0
0-2-2-3-0-4-3-5-0-4-3-5-0-4-3 32665634 0.049779 0.031385 1e-06 0
0-4-3-5-0-0-1-1-0-0-1-1-0-0-1 1332890 0.036706 0.021873 1e-06 0
0-4-3-5-0-0-1-1-0-0-1-1-0-2-2 1824440 0.034304 0.021368 1e-06 0
0-4-3-5-0-0-1-1-0-0-1-1-0-4-3 8148870 0.035756 0.022959 1e-06 0
0-4-3-5-0-0-1-1-0-2-2-3-0-0-1 2318991 0.029518 0.017644 1e-06 0
0-4-3-5-0-0-1-1-0-2-2-3-0-2-2 2995057 0.034977 0.020065 1e-06 0
0-4-3-5-0-0-1-1-0-2-2-3-0-4-3 10139913 0.032294 0.019394 0 0
0-4-3-5-0-0-1-1-0-4-3-5-0-0-1 20205284 0.041389 0.020629 0 0
0-4-3-5-0-0-1-1-0-4-3-5-0-2-2 18159506 0.037966 0.021559 1e-06 0
0-4-3-5-0-0-1-1-0-4-3-5-0-4-3 55175418 0.071344 0.058276 0 0
0-4-3-5-0-2-2-3-0-0-1-1-0-0-1 1578412 0.035435 0.020156 1e-06 0
0-4-3-5-0-2-2-3-0-0-1-1-0-2-2 3093998 0.029508 0.017798 1e-06 0
0-4-3-5-0-2-2-3-0-0-1-1-0-4-3 10491003 0.03473 0.019287 1e-06 0
0-4-3-5-0-2-2-3-0-2-2-3-0-0-1 2036936 0.028128 0.016418 0 0
0-4-3-5-0-2-2-3-0-2-2-3-0-2-2 2350930 0.045141 0.025552 1e-06 0
0-4-3-5-0-2-2-3-0-2-2-3-0-4-3 8004004 0.039304 0.023013 1e-06 0
0-4-3-5-0-2-2-3-0-4-3-5-0-0-1 17189893 0.040446 0.02098 1e-06 0
0-4-3-5-0-2-2-3-0-4-3-5-0-2-2 16400959 0.046595 0.025345 1e-06 0
0-4-3-5-0-2-2-3-0-4-3-5-0-4-3 45773415 0.047504 0.029269 1e-06 0
0-4-3-5-0-4-3-5-0-0-1-1-0-0-1 12258976 0.049909 0.026298 1e-06 0
0-4-3-5-0-4-3-5-0-0-1-1-0-2-2 16161615 0.054244 0.030874 1e-06 0
0-4-3-5-0-4-3-5-0-0-1-1-0-4-3 55174169 0.052031 0.031924 2e-06 0
0-4-3-5-0-4-3-5-0-2-2-3-0-0-1 12037649 0.042869 0.021021 1e-06 0
0-4-3-5-0-4-3-5-0-2-2-3-0-2-2 14812754 0.049953 0.027582 0 0
0-4-3-5-0-4-3-5-0-2-2-3-0-4-3 41179648 0.047515 0.027582 1e-06 0
0-4-3-5-0-4-3-5-0-4-3-5-0-0-1 66854831 0.103386 0.074057 1e-06 0
0-4-3-5-0-4-3-5-0-4-3-5-0-2-2 59130651 0.086912 0.0585 1e-06 0
0-4-3-5-0-4-3-5-0-4-3-5-0-4-3 166867136 0.342291 0.314433 1e-06 0
1-1-0-0-1-1-0-0-1-1-0-0-1-1-0 219989 0.036438 0.021334 1e-06 0
1-1-0-0-1-1-0-0-1-1-0-2-2-3-0 141290 0.025223 0.015485 1e-06 0
1-1-0-0-1-1-0-0-1-1-0-4-3-5-0 1332890 0.034088 0.017116 1e-06 0
1-1-0-0-1-1-0-2-2-3-0-0-1-1-0 254087 0.023134 0.01407 1e-06 0
1-1-0-0-1-1-0-2-2-3-0-2-2-3-0 188377 0.023637 0.013799 1e-06 0
1-1-0-0-1-1-0-2-2-3-0-4-3-5-0 1578412 0.023672 0.012927 1e-06 0
1-1-0-0-1-1-0-4-3-5-0-0-1-1-0 2542069 0.035593 0.015728 1e-06 0
1-1-0-0-1-1-0-4-3-5-0-2-2-3-0 1687902 0.030092 0.015042 1e-06 0
1-1-0-0-1-1-0-4-3-5-0-4-3-5-0 12258976 0.038434 0.020716 1e-06 0
1-1-0-2-2-3-0-0-1-1-0-0-1-1-0 227118 0.023682 0.014543 1e-06 0
1-1-0-2-2-3-0-0-1-1-0-2-2-3-0 308439 0.023737 0.013749 1e-06 0
1-1-0-2-2-3-0-0-1-1-0-4-3-5-0 2318991 0.023872 0.014235 1e-06 0
1-1-0-2-2-3-0-2-2-3-0-0-1-1-0 312856 0.021844 0.013494 1e-06 0
1-1-0-2-2-3-0-2-2-3-0-2-2-3-0 229664 0.024416 0.013343 1e-06 0
1-1-0-2-2-3-0-2-2-3-0-4-3-5-0 2036936 0.024246 0.012153 1e-06 0
1-1-0-2-2-3-0-4-3-5-0-0-1-1-0 2736848 0.028986 0.017678 1e-06 0
1-1-0-2-2-3-0-4-3-5-0-2-2-3-0 2056435 0.025679 0.011557 1e-06 0
1-1-0-2-2-3-0-4-3-5-0-4-3-5-0 12037649 0.030717 0.016489 1e-06 0
1-1-0-4-3-5-0-0-1-1-0-0-1-1-0 2382824 0.029555 0.015546 3e-06 0
1-1-0-4-3-5-0-0-1-1-0-2-2-3-0 2694129 0.028618 0.014429 1e-06 0
1-1-0-4-3-5-0-0-1-1-0-4-3-5-0 20205284 0.033569 0.018724 1e-06 0
1-1-0-4-3-5-0-2-2-3-0-0-1-1-0 3006235 0.033718 0.014557 1e-06 0
1-1-0-4-3-5-0-2-2-3-0-2-2-3-0 2195693 0.039087 0.020462 1e-06 0
1-1-0-4-3-5-0-2-2-3-0-4-3-5-0 17189893 0.033344 0.019064 1e-06 0
1-1-0-4-3-5-0-4-3-5-0-0-1-1-0 19536812 0.040899 0.024178 1e-06 0
1-1-0-4-3-5-0-4-3-5-0-2-2-3-0 12653171 0.042246 0.023941 1e-06 0
1-1-0-4-3-5-0-4-3-5-0-4-3-5-0 66854831 0.064258 0.042922 1e-06 0
2-3-0-0-1-1-0-0-1-1-0-0-1-1-0 166498 0.022139 0.007656 1e-06 0
2-3-0-0-1-1-0-0-1-1-0-2-2-3-0 248813 0.021484 0.011934 1e-06 0
2-3-0-0-1-1-0-0-1-1-0-4-3-5-0 1824440 0.029805 0.014118 1e-06 0
2-3-0-0-1-1-0-2-2-3-0-0-1-1-0 455112 0.019481 0.011569 1e-06 0
2-3-0-0-1-1-0-2-2-3-0-2-2-3-0 360293 0.019578 0.011299 1e-06 0
2-3-0-0-1-1-0-2-2-3-0-4-3-5-0 3093998 0.027443 0.01327 1e-06 0
2-3-0-0-1-1-0-4-3-5-0-0-1-1-0 3581853 0.028065 0.012529 1e-06 0
2-3-0-0-1-1-0-4-3-5-0-2-2-3-0 2663360 0.030949 0.013658 1e-06 0
2-3-0-0-1-1-0-4-3-5-0-4-3-5-0 16161615 0.038798 0.020399 1e-06 0
2-3-0-2-2-3-0-0-1-1-0-0-1-1-0 269113 0.021857 0.010347 1e-06 0
2-3-0-2-2-3-0-0-1-1-0-2-2-3-0 408400 0.01942 0.010917 1e-06 0
2-3-0-2-2-3-0-0-1-1-0-4-3-5-0 2995057 0.025688 0.01289 1e-06 0
2-3-0-2-2-3-0-2-2-3-0-0-1-1-0 365222 0.019629 0.010783 1e-06 0
2-3-0-2-2-3-0-2-2-3-0-2-2-3-0 266338 0.016854 0.007466 0 0
2-3-0-2-2-3-0-2-2-3-0-4-3-5-0 2350930 0.022676 0.011521 1e-06 0
2-3-0-2-2-3-0-4-3-5-0-0-1-1-0 3246243 0.02622 0.015151 0 0
2-3-0-2-2-3-0-4-3-5-0-2-2-3-0 2515710 0.023784 0.010588 1e-06 0
2-3-0-2-2-3-0-4-3-5-0-4-3-5-0 14812754 0.032332 0.019295 1e-06 0
2-3-0-4-3-5-0-0-1-1-0-0-1-1-0 2005389 0.030909 0.01376 0 0
2-3-0-4-3-5-0-0-1-1-0-2-2-3-0 2646121 0.024433 0.014568 1e-06 0
2-3-0-4-3-5-0-0-1-1-0-4-3-5-0 18159506 0.034896 0.018492 0 0
2-3-0-4-3-5-0-2-2-3-0-0-1-1-0 2939091 0.025782 0.014618 1e-06 0
2-3-0-4-3-5-0-2-2-3-0-2-2-3-0 2187268 0.032916 0.019084 1e-06 0
2-3-0-4-3-5-0-2-2-3-0-4-3-5-0 16400959 0.034519 0.018959 1e-06 0
2-3-0-4-3-5-0-4-3-5-0-0-1-1-0 17228423 0.039321 0.021096 1e-06 0
2-3-0-4-3-5-0-4-3-5-0-2-2-3-0 11922624 0.042941 0.022418 3e-06 0
2-3-0-4-3-5-0-4-3-5-0-4-3-5-0 59130651 0.062667 0.04317 1e-06 0
3-5-0-0-1-1-0-0-1-1-0-0-1-1-0 1007175 0.033364 0.01961 1e-06 0
3-5-0-0-1-1-0-0-1-1-0-2-2-3-0 988117 0.026832 0.016985 1e-06 0
3-5-0-0-1-1-0-0-1-1-0-4-3-5-0 8148870 0.036644 0.019511 1e-06 0
3-5-0-0-1-1-0-2-2-3-0-0-1-1-0 1862906 0.026661 0.01655 1e-06 0
3-5-0-0-1-1-0-2-2-3-0-2-2-3-0 1307204 0.037802 0.020936 1e-06 0
3-5-0-0-1-1-0-2-2-3-0-4-3-5-0 10491003 0.033057 0.016012 1e-06 0
3-5-0-0-1-1-0-4-3-5-0-0-1-1-0 14250721 0.044051 0.020089 1e-06 0
3-5-0-0-1-1-0-4-3-5-0-2-2-3-0 9085093 0.037804 0.018104 1e-06 0
3-5-0-0-1-1-0-4-3-5-0-4-3-5-0 55174169 0.049152 0.029927 1e-06 0
3-5-0-2-2-3-0-0-1-1-0-0-1-1-0 1056404 0.024896 0.014219 1e-06 0
3-5-0-2-2-3-0-0-1-1-0-2-2-3-0 1496081 0.026216 0.016481 3e-06 0
3-5-0-2-2-3-0-0-1-1-0-4-3-5-0 10139913 0.032128 0.01731 1e-06 0
3-5-0-2-2-3-0-2-2-3-0-0-1-1-0 1393155 0.025812 0.015945 3e-06 0
3-5-0-2-2-3-0-2-2-3-0-2-2-3-0 939938 0.046351 0.025838 1e-06 0
3-5-0-2-2-3-0-2-2-3-0-4-3-5-0 8004004 0.04114 0.023915 1e-06 0
3-5-0-2-2-3-0-4-3-5-0-0-1-1-0 10539120 0.035295 0.019046 1e-06 0
3-5-0-2-2-3-0-4-3-5-0-2-2-3-0 7520982 0.040343 0.025158 1e-06 0
3-5-0-2-2-3-0-4-3-5-0-4-3-5-0 41179648 0.061766 0.042799 1e-06 0
3-5-0-4-3-5-0-0-1-1-0-0-1-1-0 7765304 0.040783 0.02407 1e-06 0
3-5-0-4-3-5-0-0-1-1-0-2-2-3-0 8091389 0.035807 0.020942 1e-06 0
3-5-0-4-3-5-0-0-1-1-0-4-3-5-0 55175418 0.054073 0.034224 1e-06 0
3-5-0-4-3-5-0-2-2-3-0-0-1-1-0 9092310 0.037567 0.020043 1e-06 0
3-5-0-4-3-5-0-2-2-3-0-2-2-3-0 6348703 0.049107 0.026694 1e-06 0
3-5-0-4-3-5-0-2-2-3-0-4-3-5-0 45773415 0.05992 0.040699 1e-06 0
3-5-0-4-3-5-0-4-3-5-0-0-1-1-0 52630265 0.062152 0.040961 1e-06 0
3-5-0-4-3-5-0-4-3-5-0-2-2-3-0 32665634 0.058833 0.036995 1e-06 0
3-5-0-4-3-5-0-4-3-5-0-4-3-5-0 166867136 0.181938 0.152278 1e-06 0
