0-0-1-1-0-0-1-1-0-0-1-1-0-0-1 219989 0.074163 0.04568 4e-06 0
0-0-1-1-0-0-1-1-0-0-1-1-0-2-2 166498 0.056494 0.031787 1e-06 0
0-0-1-1-0-0-1-1-0-0-1-1-0-4-3 1007175 0.062918 0.034844 1e-06 0
0-0-1-1-0-0-1-1-0-2-2-3-0-0-1 227118 0.070976 0.038635 1e-06 0
0-0-1-1-0-0-1-1-0-2-2-3-0-2-2 269113 0.070097 0.040335 1e-06 0
0-0-1-1-0-0-1-1-0-2-2-3-0-4-3 1056404 0.06837 0.040957 1e-06 0
0-0-1-1-0-0-1-1-0-4-3-5-0-0-1 2382824 0.09076 0.043343 2e-06 0
0-0-1-1-0-0-1-1-0-4-3-5-0-2-2 2005389 0.088184 0.041635 1e-06 0
0-0-1-1-0-0-1-1-0-4-3-5-0-4-3 7765304 0.098315 0.053932 1e-06 0
0-0-1-1-0-2-2-3-0-0-1-1-0-0-1 254087 0.072077 0.041343 1e-06 0
0-0-1-1-0-2-2-3-0-0-1-1-0-2-2 455112 0.064694 0.037184 1e-06 0
0-0-1-1-0-2-2-3-0-0-1-1-0-4-3 1862906 0.072081 0.039862 0 0
0-0-1-1-0-2-2-3-0-2-2-3-0-0-1 312856 0.058098 0.035244 1e-06 0
0-0-1-1-0-2-2-3-0-2-2-3-0-2-2 365222 0.06223 0.03575 1e-06 0
0-0-1-1-0-2-2-3-0-2-2-3-0-4-3 1393155 0.06182 0.036759 1e-06 0
0-0-1-1-0-2-2-3-0-4-3-5-0-0-1 3006235 0.079669 0.04719 1e-06 0
0-0-1-1-0-2-2-3-0-4-3-5-0-2-2 2939091 0.060048 0.030128 1e-06 0
0-0-1-1-0-2-2-3-0-4-3-5-0-4-3 9092310 0.075598 0.043753 1e-06 0
0-0-1-1-0-4-3-5-0-0-1-1-0-0-1 2542069 0.078365 0.044609 1e-06 0
0-0-1-1-0-4-3-5-0-0-1-1-0-2-2 3581853 0.079064 0.04117 1e-06 0
0-0-1-1-0-4-3-5-0-0-1-1-0-4-3 14250721 0.093119 0.053987 1e-06 0
0-0-1-1-0-4-3-5-0-2-2-3-0-0-1 2736848 0.074351 0.041437 0 0
0-0-1-1-0-4-3-5-0-2-2-3-0-2-2 3246243 0.093703 0.059558 0 0
0-0-1-1-0-4-3-5-0-2-2-3-0-4-3 10539120 0.087266 0.04992 1e-06 0
0-0-1-1-0-4-3-5-0-4-3-5-0-0-1 19536812 0.110515 0.071705 1e-06 0
0-0-1-1-0-4-3-5-0-4-3-5-0-2-2 17228423 0.105614 0.064908 0 0
0-0-1-1-0-4-3-5-0-4-3-5-0-4-3 52630265 0.205939 0.16051 1e-06 0
0-2-2-3-0-0-1-1-0-0-1-1-0-0-1 141290 0.051831 0.023085 1e-06 0
0-2-2-3-0-0-1-1-0-0-1-1-0-2-2 248813 0.058404 0.037515 1e-06 0
0-2-2-3-0-0-1-1-0-0-1-1-0-4-3 988117 0.071824 0.041195 1e-06 0
0-2-2-3-0-0-1-1-0-2-2-3-0-0-1 308439 0.05972 0.036041 1e-06 0
0-2-2-3-0-0-1-1-0-2-2-3-0-2-2 408400 0.056163 0.035464 1e-06 0
0-2-2-3-0-0-1-1-0-2-2-3-0-4-3 1496081 0.061581 0.037153 1e-06 0
0-2-2-3-0-0-1-1-0-4-3-5-0-0-1 2694129 0.076698 0.03817 1e-06 0
0-2-2-3-0-0-1-1-0-4-3-5-0-2-2 2646121 0.069198 0.034905 1e-06 0
0-2-2-3-0-0-1-1-0-4-3-5-0-4-3 8091389 0.092086 0.049358 0 0
0-2-2-3-0-2-2-3-0-0-1-1-0-0-1 188377 0.053815 0.031422 1e-06 0
0-2-2-3-0-2-2-3-0-0-1-1-0-2-2 360293 0.062 0.039164 1e-06 0
0-2-2-3-0-2-2-3-0-0-1-1-0-4-3 1307204 0.075345 0.042357 1e-06 0
0-2-2-3-0-2-2-3-0-2-2-3-0-0-1 229664 0.059289 0.036209 1e-06 0
0-2-2-3-0-2-2-3-0-2-2-3-0-2-2 266338 0.062009 0.036941 0 0
0-2-2-3-0-2-2-3-0-2-2-3-0-4-3 939938 0.066732 0.039347 0 0
0-2-2-3-0-2-2-3-0-4-3-5-0-0-1 2195693 0.077438 0.045673 1e-06 0
0-2-2-3-0-2-2-3-0-4-3-5-0-2-2 2187268 0.068429 0.035433 1e-06 0
0-2-2-3-0-2-2-3-0-4-3-5-0-4-3 6348703 0.093071 0.053449 0 0
0-2-2-3-0-4-3-5-0-0-1-1-0-0-1 1687902 0.082827 0.045903 1e-06 0
0-2-2-3-0-4-3-5-0-0-1-1-0-2-2 2663360 0.080575 0.04824 1e-06 0
0-2-2-3-0-4-3-5-0-0-1-1-0-4-3 9085093 0.095595 0.05649 0 0
0-2-2-3-0-4-3-5-0-2-2-3-0-0-1 2056435 0.074515 0.044203 1e-06 0
0-2-2-3-0-4-3-5-0-2-2-3-0-2-2 2515710 0.091268 0.060644 1e-06 0
0-2-2-3-0-4-3-5-0-2-2-3-0-4-3 7520982 0.090251 0.052998 1e-06 0
0-2-2-3-0-4-3-5-0-4-3-5-0-0-1 12653171 0.109831 0.063845 3e-06 0
0-2-2-3-0-4-3-5-0-4-3-5-0-2-2 11922624 0.112948 0.067714 1e-06 0
0-2-2-3-0-4-3-5-0-4-3-5-0-4-3 32665634 0.143327 0.096395 1e-06 0
0-4-3-5-0-0-1-1-0-0-1-1-0-0-1 1332890 0.1126 0.068756 1e-06 0
0-4-3-5-0-0-1-1-0-0-1-1-0-2-2 1824440 0.105256 0.066146 2e-06 0
0-4-3-5-0-0-1-1-0-0-1-1-0-4-3 8148870 0.112416 0.070735 2e-06 0
0-4-3-5-0-0-1-1-0-2-2-3-0-0-1 2318991 0.085014 0.053156 1e-06 0
0-4-3-5-0-0-1-1-0-2-2-3-0-2-2 2995057 0.096511 0.061942 1e-06 0
0-4-3-5-0-0-1-1-0-2-2-3-0-4-3 10139913 0.088521 0.056883 1e-06 0
0-4-3-5-0-0-1-1-0-4-3-5-0-0-1 20205284 0.110183 0.062078 1e-06 0
0-4-3-5-0-0-1-1-0-4-3-5-0-2-2 18159506 0.10441 0.067172 1e-06 0
0-4-3-5-0-0-1-1-0-4-3-5-0-4-3 55175418 0.204478 0.163672 1e-06 0
0-4-3-5-0-2-2-3-0-0-1-1-0-0-1 1578412 0.101518 0.064949 1e-06 0
0-4-3-5-0-2-2-3-0-0-1-1-0-2-2 3093998 0.089225 0.054883 1e-06 0
0-4-3-5-0-2-2-3-0-0-1-1-0-4-3 10491003 0.098786 0.059102 1e-06 0
0-4-3-5-0-2-2-3-0-2-2-3-0-0-1 2036936 0.08148 0.051274 1e-06 0
0-4-3-5-0-2-2-3-0-2-2-3-0-2-2 2350930 0.119594 0.082748 1e-06 0
0-4-3-5-0-2-2-3-0-2-2-3-0-4-3 8004004 0.118213 0.074764 1e-06 0
0-4-3-5-0-2-2-3-0-4-3-5-0-0-1 17189893 0.109551 0.063787 1e-06 0
0-4-3-5-0-2-2-3-0-4-3-5-0-2-2 16400959 0.123611 0.077848 1e-06 0
0-4-3-5-0-2-2-3-0-4-3-5-0-4-3 45773415 0.134705 0.091139 1e-06 0
0-4-3-5-0-4-3-5-0-0-1-1-0-0-1 12258976 0.137568 0.082336 0 0
0-4-3-5-0-4-3-5-0-0-1-1-0-2-2 16161615 0.144137 0.090081 1e-06 0
0-4-3-5-0-4-3-5-0-0-1-1-0-4-3 55174169 0.146151 0.100479 1e-06 0
0-4-3-5-0-4-3-5-0-2-2-3-0-0-1 12037649 0.107289 0.065731 0 0
0-4-3-5-0-4-3-5-0-2-2-3-0-2-2 14812754 0.133494 0.088496 1e-06 0
0-4-3-5-0-4-3-5-0-2-2-3-0-4-3 41179648 0.129564 0.085988 4.2e-05 0
0-4-3-5-0-4-3-5-0-4-3-5-0-0-1 66854831 0.232495 0.164542 1e-06 0
0-4-3-5-0-4-3-5-0-4-3-5-0-2-2 59130651 0.224813 0.161894 0 0
0-4-3-5-0-4-3-5-0-4-3-5-0-4-3 166867136 0.34587 0.283642 1e-06 0
1-1-0-0-1-1-0-0-1-1-0-0-1-1-0 219989 0.101474 0.058239 1e-06 0
1-1-0-0-1-1-0-0-1-1-0-2-2-3-0 141290 0.077985 0.045068 1e-06 0
1-1-0-0-1-1-0-0-1-1-0-4-3-5-0 1332890 0.095788 0.053799 1e-06 0
1-1-0-0-1-1-0-2-2-3-0-0-1-1-0 254087 0.071629 0.043505 1e-06 0
1-1-0-0-1-1-0-2-2-3-0-2-2-3-0 188377 0.068572 0.042875 0 0
1-1-0-0-1-1-0-2-2-3-0-4-3-5-0 1578412 0.067595 0.038912 1e-06 0
1-1-0-0-1-1-0-4-3-5-0-0-1-1-0 2542069 0.099231 0.048468 0 0
1-1-0-0-1-1-0-4-3-5-0-2-2-3-0 1687902 0.089419 0.047119 1e-06 0
1-1-0-0-1-1-0-4-3-5-0-4-3-5-0 12258976 0.130114 0.068295 0 0
1-1-0-2-2-3-0-0-1-1-0-0-1-1-0 227118 0.072412 0.044575 1e-06 0
1-1-0-2-2-3-0-0-1-1-0-2-2-3-0 308439 0.063873 0.04094 1e-06 0
1-1-0-2-2-3-0-0-1-1-0-4-3-5-0 2318991 0.073746 0.043343 1e-06 0
1-1-0-2-2-3-0-2-2-3-0-0-1-1-0 312856 0.068125 0.041302 1e-06 0
1-1-0-2-2-3-0-2-2-3-0-2-2-3-0 229664 0.068816 0.04185 0 0
1-1-0-2-2-3-0-2-2-3-0-4-3-5-0 2036936 0.07155 0.038374 1e-06 0
1-1-0-2-2-3-0-4-3-5-0-0-1-1-0 2736848 0.091566 0.056191 0 0
1-1-0-2-2-3-0-4-3-5-0-2-2-3-0 2056435 0.066935 0.034854 1e-06 0
1-1-0-2-2-3-0-4-3-5-0-4-3-5-0 12037649 0.087029 0.050136 1e-06 0
1-1-0-4-3-5-0-0-1-1-0-0-1-1-0 2382824 0.084193 0.047382 1e-06 0
1-1-0-4-3-5-0-0-1-1-0-2-2-3-0 2694129 0.077381 0.043761 1e-06 0
1-1-0-4-3-5-0-0-1-1-0-4-3-5-0 20205284 0.088905 0.054906 0 0
1-1-0-4-3-5-0-2-2-3-0-0-1-1-0 3006235 0.083321 0.04408 1e-06 0
1-1-0-4-3-5-0-2-2-3-0-2-2-3-0 2195693 0.097069 0.064342 1e-06 0
1-1-0-4-3-5-0-2-2-3-0-4-3-5-0 17189893 0.096403 0.05865 1e-06 0
1-1-0-4-3-5-0-4-3-5-0-0-1-1-0 19536812 0.112773 0.073993 1e-06 0
1-1-0-4-3-5-0-4-3-5-0-2-2-3-0 12653171 0.11245 0.069751 1e-06 0
1-1-0-4-3-5-0-4-3-5-0-4-3-5-0 66854831 0.1836 0.135528 1e-06 0
2-3-0-0-1-1-0-0-1-1-0-0-1-1-0 166498 0.054298 0.022234 1e-06 0
2-3-0-0-1-1-0-0-1-1-0-2-2-3-0 248813 0.062548 0.035535 1e-06 0
2-3-0-0-1-1-0-0-1-1-0-4-3-5-0 1824440 0.079121 0.042854 1e-06 0
2-3-0-0-1-1-0-2-2-3-0-0-1-1-0 455112 0.059437 0.033335 1e-06 0
2-3-0-0-1-1-0-2-2-3-0-2-2-3-0 360293 0.058055 0.032177 1e-06 0
2-3-0-0-1-1-0-2-2-3-0-4-3-5-0 3093998 0.069218 0.039191 1e-06 0
2-3-0-0-1-1-0-4-3-5-0-0-1-1-0 3581853 0.073886 0.037473 1e-06 0
2-3-0-0-1-1-0-4-3-5-0-2-2-3-0 2663360 0.069641 0.035208 1e-06 0
2-3-0-0-1-1-0-4-3-5-0-4-3-5-0 16161615 0.105637 0.063372 1e-06 0
2-3-0-2-2-3-0-0-1-1-0-0-1-1-0 269113 0.052436 0.027598 1e-06 0
2-3-0-2-2-3-0-0-1-1-0-2-2-3-0 408400 0.057328 0.033062 1e-06 0
2-3-0-2-2-3-0-0-1-1-0-4-3-5-0 2995057 0.075819 0.040072 1e-06 0
2-3-0-2-2-3-0-2-2-3-0-0-1-1-0 365222 0.056696 0.032501 0 0
2-3-0-2-2-3-0-2-2-3-0-2-2-3-0 266338 0.043821 0.022159 1e-06 0
2-3-0-2-2-3-0-2-2-3-0-4-3-5-0 2350930 0.066741 0.036026 1e-06 0
2-3-0-2-2-3-0-4-3-5-0-0-1-1-0 3246243 0.077852 0.04842 1e-06 0
2-3-0-2-2-3-0-4-3-5-0-2-2-3-0 2515710 0.061947 0.031536 1e-06 0
2-3-0-2-2-3-0-4-3-5-0-4-3-5-0 14812754 0.100567 0.064371 1e-06 0
2-3-0-4-3-5-0-0-1-1-0-0-1-1-0 2005389 0.08407 0.043988 2e-06 0
2-3-0-4-3-5-0-0-1-1-0-2-2-3-0 2646121 0.077477 0.04663 1e-06 0
2-3-0-4-3-5-0-0-1-1-0-4-3-5-0 18159506 0.098543 0.058474 1e-06 0
2-3-0-4-3-5-0-2-2-3-0-0-1-1-0 2939091 0.077727 0.048772 2e-06 0
2-3-0-4-3-5-0-2-2-3-0-2-2-3-0 2187268 0.098602 0.063439 1e-06 0
2-3-0-4-3-5-0-2-2-3-0-4-3-5-0 16400959 0.096185 0.060621 1e-06 0
2-3-0-4-3-5-0-4-3-5-0-0-1-1-0 17228423 0.109172 0.068672 1e-06 0
2-3-0-4-3-5-0-4-3-5-0-2-2-3-0 11922624 0.117764 0.07538 2e-06 0
2-3-0-4-3-5-0-4-3-5-0-4-3-5-0 59130651 0.17106 0.128283 0 0
3-5-0-0-1-1-0-0-1-1-0-0-1-1-0 1007175 0.099661 0.065579 2e-06 0
3-5-0-0-1-1-0-0-1-1-0-2-2-3-0 988117 0.087443 0.056207 1e-06 0
3-5-0-0-1-1-0-0-1-1-0-4-3-5-0 8148870 0.106572 0.063939 2e-06 0
3-5-0-0-1-1-0-2-2-3-0-0-1-1-0 1862906 0.086506 0.054936 1e-06 0
3-5-0-0-1-1-0-2-2-3-0-2-2-3-0 1307204 0.110674 0.070749 1e-06 0
3-5-0-0-1-1-0-2-2-3-0-4-3-5-0 10491003 0.08601 0.050318 0 0
3-5-0-0-1-1-0-4-3-5-0-0-1-1-0 14250721 0.107793 0.060547 1e-06 0
3-5-0-0-1-1-0-4-3-5-0-2-2-3-0 9085093 0.103701 0.058504 1e-06 0
3-5-0-0-1-1-0-4-3-5-0-4-3-5-0 55174169 0.12848 0.08297 1e-06 0
3-5-0-2-2-3-0-0-1-1-0-0-1-1-0 1056404 0.081215 0.047959 3e-06 0
3-5-0-2-2-3-0-0-1-1-0-2-2-3-0 1496081 0.080036 0.051759 1e-06 0
3-5-0-2-2-3-0-0-1-1-0-4-3-5-0 10139913 0.089574 0.054851 1e-06 0
3-5-0-2-2-3-0-2-2-3-0-0-1-1-0 1393155 0.076297 0.050799 1e-06 0
3-5-0-2-2-3-0-2-2-3-0-2-2-3-0 939938 0.129678 0.087967 2e-06 0
3-5-0-2-2-3-0-2-2-3-0-4-3-5-0 8004004 0.11334 0.077747 1e-06 0
3-5-0-2-2-3-0-4-3-5-0-0-1-1-0 10539120 0.097399 0.060206 1e-06 0
3-5-0-2-2-3-0-4-3-5-0-2-2-3-0 7520982 0.107167 0.073429 1e-06 0
3-5-0-2-2-3-0-4-3-5-0-4-3-5-0 41179648 0.171802 0.126653 2e-06 0
3-5-0-4-3-5-0-0-1-1-0-0-1-1-0 7765304 0.120539 0.079426 0 0
3-5-0-4-3-5-0-0-1-1-0-2-2-3-0 8091389 0.107688 0.068207 1e-06 0
3-5-0-4-3-5-0-0-1-1-0-4-3-5-0 55175418 0.134751 0.098476 1e-06 0
3-5-0-4-3-5-0-2-2-3-0-0-1-1-0 9092310 0.103612 0.064206 3e-06 0
3-5-0-4-3-5-0-2-2-3-0-2-2-3-0 6348703 0.129192 0.08829 1e-06 0
3-5-0-4-3-5-0-2-2-3-0-4-3-5-0 45773415 0.166341 0.122549 1e-06 0
3-5-0-4-3-5-0-4-3-5-0-0-1-1-0 52630265 0.180093 0.130292 1e-06 0
3-5-0-4-3-5-0-4-3-5-0-2-2-3-0 32665634 0.166915 0.115292 1e-06 0
3-5-0-4-3-5-0-4-3-5-0-4-3-5-0 166867136 0.428772 0.369912 1e-06 0
