0-0-1-1-0-0-1-1-0-0-1 188528 0.062931 0.045217 1e-06 0
0-0-1-1-0-0-1-1-0-2-2 146148 0.020127 0.012022 1e-06 0
0-0-1-1-0-0-1-1-0-4-3 863044 0.021418 0.013763 0 0
0-0-1-1-0-2-2-3-0-0-1 196108 0.016312 0.009603 1e-06 0
0-0-1-1-0-2-2-3-0-2-2 226712 0.016075 0.00959 0 0
0-0-1-1-0-2-2-3-0-4-3 902647 0.017716 0.009744 0 0
0-0-1-1-0-4-3-5-0-0-1 2034443 0.024296 0.013841 0 0
0-0-1-1-0-4-3-5-0-2-2 1705498 0.021262 0.011819 0 0
0-0-1-1-0-4-3-5-0-4-3 6631528 0.032204 0.021983 1e-06 0
0-2-2-3-0-0-1-1-0-0-1 123077 0.015098 0.006806 0 0
0-2-2-3-0-0-1-1-0-2-2 219503 0.016797 0.009309 0 0
0-2-2-3-0-0-1-1-0-4-3 850321 0.019393 0.010133 1e-06 0
0-2-2-3-0-2-2-3-0-0-1 149919 0.016475 0.008679 1e-06 0
0-2-2-3-0-2-2-3-0-2-2 163876 0.016614 0.008483 1e-06 0
0-2-2-3-0-2-2-3-0-4-3 625402 0.017512 0.009231 1e-06 0
0-2-2-3-0-4-3-5-0-0-1 1369799 0.021629 0.0113 0 0
0-2-2-3-0-4-3-5-0-2-2 1312522 0.017082 0.007895 1e-06 0
0-2-2-3-0-4-3-5-0-4-3 4190131 0.033515 0.020194 1e-06 0
0-4-3-5-0-0-1-1-0-0-1 1139429 0.030666 0.017896 0 0
0-4-3-5-0-0-1-1-0-2-2 1584734 0.025167 0.015751 1e-06 0
0-4-3-5-0-0-1-1-0-4-3 6892753 0.026103 0.016266 0 0
0-4-3-5-0-2-2-3-0-0-1 1261874 0.021457 0.011987 0 0
0-4-3-5-0-2-2-3-0-2-2 1438868 0.026322 0.015655 0 0
0-4-3-5-0-2-2-3-0-4-3 5005518 0.02445 0.013558 1e-06 0
0-4-3-5-0-4-3-5-0-0-1 10335808 0.056631 0.039744 1e-06 0
0-4-3-5-0-4-3-5-0-2-2 8888041 0.038418 0.023238 0 0
0-4-3-5-0-4-3-5-0-4-3 28500286 0.250069 0.22987 1e-06 0
1-1-0-0-1-1-0-0-1-1-0 188528 0.026774 0.014393 1e-06 0
1-1-0-0-1-1-0-2-2-3-0 123077 0.019103 0.010677 0 0
1-1-0-0-1-1-0-4-3-5-0 1139429 0.025442 0.011644 1e-06 0
1-1-0-2-2-3-0-0-1-1-0 196108 0.017487 0.009824 0 0
1-1-0-2-2-3-0-2-2-3-0 149919 0.015948 0.009387 1e-06 0
1-1-0-2-2-3-0-4-3-5-0 1261874 0.01805 0.008462 0 0
1-1-0-4-3-5-0-0-1-1-0 2034443 0.033785 0.018097 1e-06 0
1-1-0-4-3-5-0-2-2-3-0 1369799 0.024646 0.013851 0 0
1-1-0-4-3-5-0-4-3-5-0 10335808 0.027265 0.014371 1e-06 0
2-3-0-0-1-1-0-0-1-1-0 146148 0.012938 0.005415 1e-06 0
2-3-0-0-1-1-0-2-2-3-0 219503 0.014962 0.00742 0 0
2-3-0-0-1-1-0-4-3-5-0 1584734 0.020754 0.009564 0 0
2-3-0-2-2-3-0-0-1-1-0 226712 0.01506 0.007468 1e-06 0
2-3-0-2-2-3-0-2-2-3-0 163876 0.013051 0.005494 1e-06 0
2-3-0-2-2-3-0-4-3-5-0 1438868 0.017777 0.008069 1e-06 0
2-3-0-4-3-5-0-0-1-1-0 1705498 0.02146 0.012004 1e-06 0
2-3-0-4-3-5-0-2-2-3-0 1312522 0.018279 0.006087 0 0
2-3-0-4-3-5-0-4-3-5-0 8888041 0.027681 0.016015 1e-06 0
3-5-0-0-1-1-0-0-1-1-0 863044 0.024872 0.015298 0 0
3-5-0-0-1-1-0-2-2-3-0 850321 0.021658 0.013057 0 0
3-5-0-0-1-1-0-4-3-5-0 6892753 0.026116 0.015092 0 0
3-5-0-2-2-3-0-0-1-1-0 902647 0.022204 0.013225 0 0
3-5-0-2-2-3-0-2-2-3-0 625402 0.03048 0.018568 1e-06 0
3-5-0-2-2-3-0-4-3-5-0 5005518 0.028965 0.016627 0 0
3-5-0-4-3-5-0-0-1-1-0 6631528 0.03312 0.019022 1e-06 0
3-5-0-4-3-5-0-2-2-3-0 4190131 0.031238 0.020008 0 0
3-5-0-4-3-5-0-4-3-5-0 28500286 0.072369 0.057376 1e-06 0
