0-0-1-1-0-0-1-1-0-0-1-1-0 385077 0.046494 0.030357 2e-06 0
0-0-1-1-0-0-1-1-0-2-2-3-0 314630 0.021881 0.013791 1e-06 0
0-0-1-1-0-0-1-1-0-4-3-5-0 2876689 0.031752 0.020695 1e-06 0
0-0-1-1-0-2-2-3-0-0-1-1-0 605877 0.019356 0.012251 0 0
0-0-1-1-0-2-2-3-0-2-2-3-0 428137 0.019353 0.01171 0 0
0-0-1-1-0-2-2-3-0-4-3-5-0 3702635 0.022771 0.011087 0 0
0-0-1-1-0-4-3-5-0-0-1-1-0 5480740 0.02639 0.016072 1e-06 0
0-0-1-1-0-4-3-5-0-2-2-3-0 3633311 0.023148 0.013192 1e-06 0
0-0-1-1-0-4-3-5-0-4-3-5-0 24609554 0.101703 0.084183 1e-06 0
0-2-2-3-0-0-1-1-0-0-1-1-0 314630 0.020616 0.010088 1e-06 0
0-2-2-3-0-0-1-1-0-2-2-3-0 467252 0.01996 0.011857 1e-06 0
0-2-2-3-0-0-1-1-0-4-3-5-0 3373925 0.022995 0.012687 1e-06 0
0-2-2-3-0-2-2-3-0-0-1-1-0 428137 0.021128 0.0117 1e-06 0
0-2-2-3-0-2-2-3-0-2-2-3-0 301270 0.017279 0.008295 1e-06 0
0-2-2-3-0-2-2-3-0-4-3-5-0 2689339 0.022976 0.012534 0 0
0-2-2-3-0-4-3-5-0-0-1-1-0 3633311 0.026688 0.014623 0 0
0-2-2-3-0-4-3-5-0-2-2-3-0 2725374 0.026075 0.016134 0 0
0-2-2-3-0-4-3-5-0-4-3-5-0 16058905 0.032873 0.021412 1e-06 0
0-4-3-5-0-0-1-1-0-0-1-1-0 2876689 0.035185 0.020474 0 0
0-4-3-5-0-0-1-1-0-2-2-3-0 3373925 0.025922 0.016503 1e-06 0
0-4-3-5-0-0-1-1-0-4-3-5-0 26070955 0.03259 0.021796 1e-06 0
0-4-3-5-0-2-2-3-0-0-1-1-0 3702635 0.025764 0.015617 1e-06 0
0-4-3-5-0-2-2-3-0-2-2-3-0 2689339 0.032477 0.020822 1e-06 0
0-4-3-5-0-2-2-3-0-4-3-5-0 21938451 0.03528 0.020647 1e-06 0
0-4-3-5-0-4-3-5-0-0-1-1-0 24609554 0.055091 0.039071 0 0
0-4-3-5-0-4-3-5-0-2-2-3-0 16058905 0.038333 0.023907 1e-06 0
0-4-3-5-0-4-3-5-0-4-3-5-0 86376943 0.227574 0.203053 1e-06 0
1-1-0-0-1-1-0-0-1-1-0-0-1 173807 0.038881 0.023944 2e-06 0
1-1-0-0-1-1-0-0-1-1-0-2-2 78091 0.022669 0.012779 1e-06 0
1-1-0-0-1-1-0-0-1-1-0-4-3 475465 0.028358 0.014363 0 0
1-1-0-0-1-1-0-2-2-3-0-0-1 106572 0.021224 0.01196 1e-06 0
1-1-0-0-1-1-0-2-2-3-0-2-2 112583 0.02193 0.012017 1e-06 0
1-1-0-0-1-1-0-2-2-3-0-4-3 413472 0.022117 0.01256 0 0
1-1-0-0-1-1-0-4-3-5-0-0-1 1039297 0.031149 0.013685 1e-06 0
1-1-0-0-1-1-0-4-3-5-0-2-2 811057 0.030593 0.013497 1e-06 0
1-1-0-0-1-1-0-4-3-5-0-4-3 3251126 0.031456 0.016231 1e-06 0
1-1-0-2-2-3-0-0-1-1-0-0-1 106572 0.023281 0.01328 0 0
1-1-0-2-2-3-0-0-1-1-0-2-2 161109 0.020327 0.011657 1e-06 0
1-1-0-2-2-3-0-0-1-1-0-4-3 618519 0.021918 0.011975 1e-06 0
1-1-0-2-2-3-0-2-2-3-0-0-1 126798 0.020124 0.011258 1e-06 0
1-1-0-2-2-3-0-2-2-3-0-2-2 135529 0.020078 0.011301 1e-06 0
1-1-0-2-2-3-0-2-2-3-0-4-3 492375 0.020219 0.012035 1e-06 0
1-1-0-2-2-3-0-4-3-5-0-0-1 1087723 0.026311 0.015698 1e-06 0
1-1-0-2-2-3-0-4-3-5-0-2-2 1039476 0.021942 0.009567 1e-06 0
1-1-0-2-2-3-0-4-3-5-0-4-3 3229172 0.023027 0.011372 1e-06 0
1-1-0-4-3-5-0-0-1-1-0-0-1 1039297 0.028048 0.0141 2e-06 0
1-1-0-4-3-5-0-0-1-1-0-2-2 1354836 0.029654 0.012907 1e-06 0
1-1-0-4-3-5-0-0-1-1-0-4-3 5607921 0.030057 0.013951 1e-06 0
1-1-0-4-3-5-0-2-2-3-0-0-1 1087723 0.027512 0.012661 1e-06 0
1-1-0-4-3-5-0-2-2-3-0-2-2 1250680 0.032639 0.019108 0 0
1-1-0-4-3-5-0-2-2-3-0-4-3 4149373 0.023436 0.012947 0 0
1-1-0-4-3-5-0-4-3-5-0-0-1 8529188 0.030386 0.018558 1e-06 0
1-1-0-4-3-5-0-4-3-5-0-2-2 7341684 0.035702 0.018967 1e-06 0
1-1-0-4-3-5-0-4-3-5-0-4-3 22903283 0.044166 0.028827 1e-06 0
2-3-0-0-1-1-0-0-1-1-0-0-1 78091 0.016295 0.006869 1e-06 0
2-3-0-0-1-1-0-0-1-1-0-2-2 152128 0.020381 0.012424 1e-06 0
2-3-0-0-1-1-0-0-1-1-0-4-3 451039 0.024668 0.013486 1e-06 0
2-3-0-0-1-1-0-2-2-3-0-0-1 161109 0.019925 0.011606 1e-06 0
2-3-0-0-1-1-0-2-2-3-0-2-2 231730 0.026589 0.011661 1e-06 0
2-3-0-0-1-1-0-2-2-3-0-4-3 728268 0.021206 0.011817 1e-06 0
2-3-0-0-1-1-0-4-3-5-0-0-1 1354836 0.028929 0.012573 1e-06 0
2-3-0-0-1-1-0-4-3-5-0-2-2 1354897 0.027649 0.011317 1e-06 0
2-3-0-0-1-1-0-4-3-5-0-4-3 4173093 0.028927 0.01561 1e-06 0
2-3-0-2-2-3-0-0-1-1-0-0-1 112583 0.016794 0.008461 1e-06 0
2-3-0-2-2-3-0-0-1-1-0-2-2 231730 0.019168 0.011123 1e-06 0
2-3-0-2-2-3-0-0-1-1-0-4-3 708078 0.023928 0.012206 1e-06 0
2-3-0-2-2-3-0-2-2-3-0-0-1 135529 0.018181 0.010024 1e-06 0
2-3-0-2-2-3-0-2-2-3-0-2-2 186363 0.018919 0.010182 1e-06 0
2-3-0-2-2-3-0-2-2-3-0-4-3 524137 0.021375 0.010989 0 0
2-3-0-2-2-3-0-4-3-5-0-0-1 1250680 0.024306 0.013238 1e-06 0
2-3-0-2-2-3-0-4-3-5-0-2-2 1280966 0.022268 0.009776 0 0
2-3-0-2-2-3-0-4-3-5-0-4-3 3699360 0.030314 0.016063 1e-06 0
2-3-0-4-3-5-0-0-1-1-0-0-1 811057 0.028394 0.013545 1e-06 0
2-3-0-4-3-5-0-0-1-1-0-2-2 1354897 0.020777 0.010161 1e-06 0
2-3-0-4-3-5-0-0-1-1-0-4-3 4700966 0.028507 0.017834 0 0
2-3-0-4-3-5-0-2-2-3-0-0-1 1039476 0.023143 0.013366 1e-06 0
2-3-0-4-3-5-0-2-2-3-0-2-2 1280966 0.025488 0.015736 1e-06 0
2-3-0-4-3-5-0-2-2-3-0-4-3 3916148 0.027161 0.015408 1e-06 0
2-3-0-4-3-5-0-4-3-5-0-0-1 7341684 0.03497 0.018692 2e-06 0
2-3-0-4-3-5-0-4-3-5-0-2-2 7062360 0.037035 0.01982 1e-06 0
2-3-0-4-3-5-0-4-3-5-0-4-3 19470406 0.04409 0.027705 1e-06 0
3-5-0-0-1-1-0-0-1-1-0-0-1 475465 0.034966 0.02012 1e-06 0
3-5-0-0-1-1-0-0-1-1-0-2-2 451039 0.024834 0.016207 0 0
3-5-0-0-1-1-0-0-1-1-0-4-3 2958680 0.034239 0.021867 0 0
3-5-0-0-1-1-0-2-2-3-0-0-1 618519 0.024217 0.015094 1e-06 0
3-5-0-0-1-1-0-2-2-3-0-2-2 708078 0.033228 0.018149 1e-06 0
3-5-0-0-1-1-0-2-2-3-0-4-3 2989271 0.024317 0.015981 0 0
3-5-0-0-1-1-0-4-3-5-0-0-1 5607921 0.036695 0.017358 1e-06 0
3-5-0-0-1-1-0-4-3-5-0-2-2 4700966 0.039994 0.020804 0 0
3-5-0-0-1-1-0-4-3-5-0-4-3 18362821 0.04067 0.025755 1e-06 0
3-5-0-2-2-3-0-0-1-1-0-0-1 413472 0.029835 0.017959 1e-06 0
3-5-0-2-2-3-0-0-1-1-0-2-2 728268 0.02932 0.018702 1e-06 0
3-5-0-2-2-3-0-0-1-1-0-4-3 2989271 0.028301 0.016593 1e-06 0
3-5-0-2-2-3-0-2-2-3-0-0-1 492375 0.021778 0.013711 1e-06 0
3-5-0-2-2-3-0-2-2-3-0-2-2 524137 0.039236 0.023011 1e-06 0
3-5-0-2-2-3-0-2-2-3-0-4-3 2170955 0.030989 0.0203 1e-06 0
3-5-0-2-2-3-0-4-3-5-0-0-1 4149373 0.032096 0.017516 1e-06 0
3-5-0-2-2-3-0-4-3-5-0-2-2 3916148 0.038634 0.021974 0 0
3-5-0-2-2-3-0-4-3-5-0-4-3 12675068 0.034995 0.022751 0 0
3-5-0-4-3-5-0-0-1-1-0-0-1 3251126 0.036473 0.02293 0 0
3-5-0-4-3-5-0-0-1-1-0-2-2 4173093 0.039199 0.0205 1e-06 0
3-5-0-4-3-5-0-0-1-1-0-4-3 18362821 0.040628 0.025243 1e-06 0
3-5-0-4-3-5-0-2-2-3-0-0-1 3229172 0.031914 0.018538 1e-06 0
3-5-0-4-3-5-0-2-2-3-0-2-2 3699360 0.041864 0.025455 1e-06 0
3-5-0-4-3-5-0-2-2-3-0-4-3 12675068 0.034381 0.022299 1e-06 0
3-5-0-4-3-5-0-4-3-5-0-0-1 22903283 0.06507 0.045874 1e-06 0
3-5-0-4-3-5-0-4-3-5-0-2-2 19470406 0.073151 0.049383 1e-06 0
3-5-0-4-3-5-0-4-3-5-0-4-3 64565795 0.05735 0.038826 0 0
