0-0-1-1-0-0-1 160792 0.048646 0.035789 0 0
0-0-1-1-0-2-2 122977 0.013 0.007663 0 0
0-0-1-1-0-4-3 719976 0.010135 0.006222 0 0
0-2-2-3-0-0-1 98344 0.008092 0.004356 1e-06 0
0-2-2-3-0-2-2 102281 0.007892 0.004438 0 0
0-2-2-3-0-4-3 406341 0.009011 0.004719 0 0
0-4-3-5-0-0-1 904361 0.050703 0.041785 0 0
0-4-3-5-0-2-2 705440 0.015694 0.010343 0 0
0-4-3-5-0-4-3 3004893 0.020361 0.014223 0 0
1-1-0-0-1-1-0 160792 0.010379 0.005897 1e-06 0
1-1-0-2-2-3-0 98344 0.008425 0.004603 0 0
1-1-0-4-3-5-0 904361 0.010646 0.005391 0 0
2-3-0-0-1-1-0 122977 0.0072 0.002672 0 0
2-3-0-2-2-3-0 102281 0.006546 0.002744 0 0
2-3-0-4-3-5-0 705440 0.008414 0.003054 0 0
3-5-0-0-1-1-0 719976 0.014851 0.008816 0 0
3-5-0-2-2-3-0 406341 0.012934 0.008017 0 0
3-5-0-4-3-5-0 3004893 0.047291 0.032729 0 0
