0-0-1-1-0-0-1-1-0 335557 0.064127 0.042221 1e-06 0
0-0-1-1-0-2-2-3-0 268471 0.016022 0.009951 1e-06 0
0-0-1-1-0-4-3-5-0 2432007 0.029269 0.019567 0 0
0-2-2-3-0-0-1-1-0 268471 0.013406 0.007439 1e-06 0
0-2-2-3-0-2-2-3-0 190956 0.011366 0.005647 0 0
0-2-2-3-0-4-3-5-0 1621994 0.014937 0.007951 1e-06 0
0-4-3-5-0-0-1-1-0 2432007 0.053274 0.033033 0 0
0-4-3-5-0-2-2-3-0 1621994 0.019115 0.011741 0 0
0-4-3-5-0-4-3-5-0 12688413 0.127224 0.104047 1e-06 0
1-1-0-0-1-1-0-0-1 153801 0.018599 0.008874 0 0
1-1-0-0-1-1-0-2-2 67241 0.014196 0.007725 1e-06 0
1-1-0-0-1-1-0-4-3 396994 0.016815 0.008329 0 0
1-1-0-2-2-3-0-0-1 87814 0.013378 0.006821 0 0
1-1-0-2-2-3-0-2-2 88874 0.012821 0.006824 0 0
1-1-0-2-2-3-0-4-3 331471 0.013671 0.007338 0 0
1-1-0-4-3-5-0-0-1 836840 0.016396 0.007719 1e-06 0
1-1-0-4-3-5-0-2-2 643365 0.016143 0.007839 0 0
1-1-0-4-3-5-0-4-3 2611622 0.01783 0.008823 0 0
2-3-0-0-1-1-0-0-1 67241 0.010263 0.00404 1e-06 0
2-3-0-0-1-1-0-2-2 137950 0.012995 0.006884 0 0
2-3-0-0-1-1-0-4-3 380406 0.014893 0.007232 0 0
2-3-0-2-2-3-0-0-1 88874 0.011815 0.005722 0 0
2-3-0-2-2-3-0-2-2 127045 0.011898 0.005784 0 0
2-3-0-2-2-3-0-4-3 333878 0.01311 0.006702 0 0
2-3-0-4-3-5-0-0-1 643365 0.016879 0.008237 0 0
2-3-0-4-3-5-0-2-2 640634 0.013518 0.004802 0 0
2-3-0-4-3-5-0-4-3 1988788 0.020689 0.011326 0 0
3-5-0-0-1-1-0-0-1 396994 0.022139 0.013711 1e-06 0
3-5-0-0-1-1-0-2-2 380406 0.017002 0.010515 0 0
3-5-0-0-1-1-0-4-3 2529240 0.018854 0.011698 0 0
3-5-0-2-2-3-0-0-1 331471 0.01684 0.009203 0 0
3-5-0-2-2-3-0-2-2 333878 0.020474 0.012716 1e-06 0
3-5-0-2-2-3-0-4-3 1490343 0.017646 0.010088 0 0
3-5-0-4-3-5-0-0-1 2611622 0.025347 0.014909 0 0
3-5-0-4-3-5-0-2-2 1988788 0.031059 0.017609 1e-06 0
3-5-0-4-3-5-0-4-3 8847469 0.045737 0.030665 1e-06 0
