0-0-1-1-0-0-1-1-0-0-1-1-0-0-1 219989 0.094101 0.049069 1e-06 0
0-0-1-1-0-0-1-1-0-0-1-1-0-2-2 166498 0.071772 0.034255 1e-06 0
0-0-1-1-0-0-1-1-0-0-1-1-0-4-3 1007175 0.084885 0.038523 1e-06 0
0-0-1-1-0-0-1-1-0-2-2-3-0-0-1 227118 0.065335 0.032095 1e-06 0
0-0-1-1-0-0-1-1-0-2-2-3-0-2-2 269113 0.065217 0.032244 1e-06 0
0-0-1-1-0-0-1-1-0-2-2-3-0-4-3 1056404 0.067594 0.03361 1e-06 0
0-0-1-1-0-0-1-1-0-4-3-5-0-0-1 2382824 0.091143 0.040343 0 0
0-0-1-1-0-0-1-1-0-4-3-5-0-2-2 2005389 0.093418 0.043021 1e-06 0
0-0-1-1-0-0-1-1-0-4-3-5-0-4-3 7765304 0.117166 0.069182 0 0
0-0-1-1-0-2-2-3-0-0-1-1-0-0-1 254087 0.082972 0.042122 0 0
0-0-1-1-0-2-2-3-0-0-1-1-0-2-2 455112 0.074695 0.03737 0 0
0-0-1-1-0-2-2-3-0-0-1-1-0-4-3 1862906 0.067006 0.037291 1e-06 0
0-0-1-1-0-2-2-3-0-2-2-3-0-0-1 312856 0.064028 0.03383 1e-06 0
0-0-1-1-0-2-2-3-0-2-2-3-0-2-2 365222 0.064016 0.035208 0 0
0-0-1-1-0-2-2-3-0-2-2-3-0-4-3 1393155 0.06304 0.035578 1e-06 0
0-0-1-1-0-2-2-3-0-4-3-5-0-0-1 3006235 0.090337 0.047265 1e-06 0
0-0-1-1-0-2-2-3-0-4-3-5-0-2-2 2939091 0.066849 0.031207 0 0
0-0-1-1-0-2-2-3-0-4-3-5-0-4-3 9092310 0.093257 0.056507 0 0
0-0-1-1-0-4-3-5-0-0-1-1-0-0-1 2542069 0.086603 0.046204 0 0
0-0-1-1-0-4-3-5-0-0-1-1-0-2-2 3581853 0.08764 0.047921 1e-06 0
0-0-1-1-0-4-3-5-0-0-1-1-0-4-3 14250721 0.107713 0.065693 1e-06 0
0-0-1-1-0-4-3-5-0-2-2-3-0-0-1 2736848 0.085744 0.045857 1e-06 0
0-0-1-1-0-4-3-5-0-2-2-3-0-2-2 3246243 0.107541 0.059303 1e-06 0
0-0-1-1-0-4-3-5-0-2-2-3-0-4-3 10539120 0.11039 0.06118 1e-06 0
0-0-1-1-0-4-3-5-0-4-3-5-0-0-1 19536812 0.136099 0.081697 1e-06 0
0-0-1-1-0-4-3-5-0-4-3-5-0-2-2 17228423 0.169588 0.106621 1e-06 0
0-0-1-1-0-4-3-5-0-4-3-5-0-4-3 52630265 0.34043 0.267381 1e-06 0
0-2-2-3-0-0-1-1-0-0-1-1-0-0-1 141290 0.051543 0.020242 1e-06 0
0-2-2-3-0-0-1-1-0-0-1-1-0-2-2 248813 0.066085 0.032129 1e-06 0
0-2-2-3-0-0-1-1-0-0-1-1-0-4-3 988117 0.08733 0.036742 1e-06 0
0-2-2-3-0-0-1-1-0-2-2-3-0-0-1 308439 0.073016 0.031281 1e-06 0
0-2-2-3-0-0-1-1-0-2-2-3-0-2-2 408400 0.060432 0.030666 1e-06 0
0-2-2-3-0-0-1-1-0-2-2-3-0-4-3 1496081 0.066051 0.032132 1e-06 0
0-2-2-3-0-0-1-1-0-4-3-5-0-0-1 2694129 0.087965 0.037393 1e-06 0
0-2-2-3-0-0-1-1-0-4-3-5-0-2-2 2646121 0.077995 0.03455 1e-06 0
0-2-2-3-0-0-1-1-0-4-3-5-0-4-3 8091389 0.118213 0.06086 1e-06 0
0-2-2-3-0-2-2-3-0-0-1-1-0-0-1 188377 0.053595 0.025009 1e-06 0
0-2-2-3-0-2-2-3-0-0-1-1-0-2-2 360293 0.06296 0.032053 1e-06 0
0-2-2-3-0-2-2-3-0-0-1-1-0-4-3 1307204 0.072417 0.034008 2e-06 0
0-2-2-3-0-2-2-3-0-2-2-3-0-0-1 229664 0.057853 0.028682 1e-06 0
0-2-2-3-0-2-2-3-0-2-2-3-0-2-2 266338 0.058058 0.029056 1e-06 0
0-2-2-3-0-2-2-3-0-2-2-3-0-4-3 939938 0.061308 0.030502 0 0
0-2-2-3-0-2-2-3-0-4-3-5-0-0-1 2195693 0.074727 0.037446 1e-06 0
0-2-2-3-0-2-2-3-0-4-3-5-0-2-2 2187268 0.067827 0.032169 0 0
0-2-2-3-0-2-2-3-0-4-3-5-0-4-3 6348703 0.088577 0.047785 1e-06 0
0-2-2-3-0-4-3-5-0-0-1-1-0-0-1 1687902 0.080851 0.03955 1e-06 0
0-2-2-3-0-4-3-5-0-0-1-1-0-2-2 2663360 0.08851 0.04418 1e-06 0
0-2-2-3-0-4-3-5-0-0-1-1-0-4-3 9085093 0.091173 0.053399 1e-06 0
0-2-2-3-0-4-3-5-0-2-2-3-0-0-1 2056435 0.067249 0.035196 1e-06 0
0-2-2-3-0-4-3-5-0-2-2-3-0-2-2 2515710 0.084418 0.047819 1e-06 0
0-2-2-3-0-4-3-5-0-2-2-3-0-4-3 7520982 0.089678 0.048279 1e-06 0
0-2-2-3-0-4-3-5-0-4-3-5-0-0-1 12653171 0.12363 0.066796 1e-06 0
0-2-2-3-0-4-3-5-0-4-3-5-0-2-2 11922624 0.133683 0.083376 2e-06 0
0-2-2-3-0-4-3-5-0-4-3-5-0-4-3 32665634 0.213352 0.14256 1e-06 0
0-4-3-5-0-0-1-1-0-0-1-1-0-0-1 1332890 0.149423 0.080314 2e-06 0
0-4-3-5-0-0-1-1-0-0-1-1-0-2-2 1824440 0.140798 0.077998 1e-06 0
0-4-3-5-0-0-1-1-0-0-1-1-0-4-3 8148870 0.151934 0.089014 1e-06 0
0-4-3-5-0-0-1-1-0-2-2-3-0-0-1 2318991 0.117659 0.063041 1e-06 0
0-4-3-5-0-0-1-1-0-2-2-3-0-2-2 2995057 0.135286 0.074072 1e-06 0
0-4-3-5-0-0-1-1-0-2-2-3-0-4-3 10139913 0.129222 0.076675 1e-06 0
0-4-3-5-0-0-1-1-0-4-3-5-0-0-1 20205284 0.143512 0.08051 0 0
0-4-3-5-0-0-1-1-0-4-3-5-0-2-2 18159506 0.141737 0.088869 1e-06 0
0-4-3-5-0-0-1-1-0-4-3-5-0-4-3 55175418 0.305761 0.255024 1e-06 0
0-4-3-5-0-2-2-3-0-0-1-1-0-0-1 1578412 0.115702 0.06805 1e-06 0
0-4-3-5-0-2-2-3-0-0-1-1-0-2-2 3093998 0.100999 0.06102 1e-06 0
0-4-3-5-0-2-2-3-0-0-1-1-0-4-3 10491003 0.114633 0.064828 1e-06 0
0-4-3-5-0-2-2-3-0-2-2-3-0-0-1 2036936 0.098415 0.053181 1e-06 0
0-4-3-5-0-2-2-3-0-2-2-3-0-2-2 2350930 0.139781 0.089274 1e-06 0
0-4-3-5-0-2-2-3-0-2-2-3-0-4-3 8004004 0.123506 0.078339 1e-06 0
0-4-3-5-0-2-2-3-0-4-3-5-0-0-1 17189893 0.127302 0.075698 1e-06 0
0-4-3-5-0-2-2-3-0-4-3-5-0-2-2 16400959 0.148188 0.093756 1e-06 0
0-4-3-5-0-2-2-3-0-4-3-5-0-4-3 45773415 0.17696 0.121717 1e-06 0
0-4-3-5-0-4-3-5-0-0-1-1-0-0-1 12258976 0.162398 0.093909 1e-06 0
0-4-3-5-0-4-3-5-0-0-1-1-0-2-2 16161615 0.191204 0.121821 1e-06 0
0-4-3-5-0-4-3-5-0-0-1-1-0-4-3 55174169 0.19776 0.141436 1e-06 0
0-4-3-5-0-4-3-5-0-2-2-3-0-0-1 12037649 0.130813 0.076394 1e-06 0
0-4-3-5-0-4-3-5-0-2-2-3-0-2-2 14812754 0.163819 0.105329 1e-06 0
0-4-3-5-0-4-3-5-0-2-2-3-0-4-3 41179648 0.171543 0.113686 1e-06 0
0-4-3-5-0-4-3-5-0-4-3-5-0-0-1 66854831 0.352621 0.258609 1e-06 0
0-4-3-5-0-4-3-5-0-4-3-5-0-2-2 59130651 0.342449 0.251706 1e-06 0
0-4-3-5-0-4-3-5-0-4-3-5-0-4-3 166867136 0.420958 0.339144 1e-06 0
1-1-0-0-1-1-0-0-1-1-0-0-1-1-0 219989 0.107683 0.05857 1e-06 0
1-1-0-0-1-1-0-0-1-1-0-2-2-3-0 141290 0.084352 0.048449 1e-06 0
1-1-0-0-1-1-0-0-1-1-0-4-3-5-0 1332890 0.117383 0.056774 1e-06 0
1-1-0-0-1-1-0-2-2-3-0-0-1-1-0 254087 0.080952 0.04607 1e-06 0
1-1-0-0-1-1-0-2-2-3-0-2-2-3-0 188377 0.078731 0.045905 1e-06 0
1-1-0-0-1-1-0-2-2-3-0-4-3-5-0 1578412 0.074751 0.042055 0 0
1-1-0-0-1-1-0-4-3-5-0-0-1-1-0 2542069 0.109421 0.05329 1e-06 0
1-1-0-0-1-1-0-4-3-5-0-2-2-3-0 1687902 0.098971 0.050473 1e-06 0
1-1-0-0-1-1-0-4-3-5-0-4-3-5-0 12258976 0.148908 0.089209 1e-06 0
1-1-0-2-2-3-0-0-1-1-0-0-1-1-0 227118 0.080381 0.046956 0 0
1-1-0-2-2-3-0-0-1-1-0-2-2-3-0 308439 0.072703 0.044089 1e-06 0
1-1-0-2-2-3-0-0-1-1-0-4-3-5-0 2318991 0.083083 0.046198 1e-06 0
1-1-0-2-2-3-0-2-2-3-0-0-1-1-0 312856 0.074804 0.042527 0 0
1-1-0-2-2-3-0-2-2-3-0-2-2-3-0 229664 0.077083 0.043456 0 0
1-1-0-2-2-3-0-2-2-3-0-4-3-5-0 2036936 0.07614 0.039371 1e-06 0
1-1-0-2-2-3-0-4-3-5-0-0-1-1-0 2736848 0.103766 0.060214 1e-06 0
1-1-0-2-2-3-0-4-3-5-0-2-2-3-0 2056435 0.070942 0.036987 1e-06 0
1-1-0-2-2-3-0-4-3-5-0-4-3-5-0 12037649 0.111353 0.06803 0 0
1-1-0-4-3-5-0-0-1-1-0-0-1-1-0 2382824 0.099858 0.051925 1e-06 0
1-1-0-4-3-5-0-0-1-1-0-2-2-3-0 2694129 0.087561 0.048741 0 0
1-1-0-4-3-5-0-0-1-1-0-4-3-5-0 20205284 0.120296 0.074037 1e-06 0
1-1-0-4-3-5-0-2-2-3-0-0-1-1-0 3006235 0.097203 0.049864 1e-06 0
1-1-0-4-3-5-0-2-2-3-0-2-2-3-0 2195693 0.115398 0.070882 1e-06 0
1-1-0-4-3-5-0-2-2-3-0-4-3-5-0 17189893 0.137832 0.083955 1e-06 0
1-1-0-4-3-5-0-4-3-5-0-0-1-1-0 19536812 0.171191 0.108918 1e-06 0
1-1-0-4-3-5-0-4-3-5-0-2-2-3-0 12653171 0.187553 0.120865 1e-06 0
1-1-0-4-3-5-0-4-3-5-0-4-3-5-0 66854831 0.280652 0.206696 2e-06 0
2-3-0-0-1-1-0-0-1-1-0-0-1-1-0 166498 0.057738 0.023074 1e-06 0
2-3-0-0-1-1-0-0-1-1-0-2-2-3-0 248813 0.079431 0.039609 1e-06 0
2-3-0-0-1-1-0-0-1-1-0-4-3-5-0 1824440 0.10462 0.048195 0 0
2-3-0-0-1-1-0-2-2-3-0-0-1-1-0 455112 0.068735 0.033783 0 0
2-3-0-0-1-1-0-2-2-3-0-2-2-3-0 360293 0.071117 0.03422 1e-06 0
2-3-0-0-1-1-0-2-2-3-0-4-3-5-0 3093998 0.086242 0.045402 1e-06 0
2-3-0-0-1-1-0-4-3-5-0-0-1-1-0 3581853 0.098043 0.044207 1e-06 0
2-3-0-0-1-1-0-4-3-5-0-2-2-3-0 2663360 0.08863 0.043604 1e-06 0
2-3-0-0-1-1-0-4-3-5-0-4-3-5-0 16161615 0.156248 0.096909 1e-06 0
2-3-0-2-2-3-0-0-1-1-0-0-1-1-0 269113 0.061045 0.030082 1e-06 0
2-3-0-2-2-3-0-0-1-1-0-2-2-3-0 408400 0.061099 0.036685 1e-06 0
2-3-0-2-2-3-0-0-1-1-0-4-3-5-0 2995057 0.091265 0.046199 1e-06 0
2-3-0-2-2-3-0-2-2-3-0-0-1-1-0 365222 0.068539 0.036059 1e-06 0
2-3-0-2-2-3-0-2-2-3-0-2-2-3-0 266338 0.045324 0.023735 1e-06 0
2-3-0-2-2-3-0-2-2-3-0-4-3-5-0 2350930 0.077552 0.040151 0 0
2-3-0-2-2-3-0-4-3-5-0-0-1-1-0 3246243 0.096019 0.055819 1e-06 0
2-3-0-2-2-3-0-4-3-5-0-2-2-3-0 2515710 0.078601 0.038837 1e-06 0
2-3-0-2-2-3-0-4-3-5-0-4-3-5-0 14812754 0.125571 0.079434 1e-06 0
2-3-0-4-3-5-0-0-1-1-0-0-1-1-0 2005389 0.100669 0.052517 1e-06 0
2-3-0-4-3-5-0-0-1-1-0-2-2-3-0 2646121 0.091899 0.052921 1e-06 0
2-3-0-4-3-5-0-0-1-1-0-4-3-5-0 18159506 0.123211 0.071828 1e-06 0
2-3-0-4-3-5-0-2-2-3-0-0-1-1-0 2939091 0.088005 0.050587 1e-06 0
2-3-0-4-3-5-0-2-2-3-0-2-2-3-0 2187268 0.110804 0.068599 1e-06 0
2-3-0-4-3-5-0-2-2-3-0-4-3-5-0 16400959 0.120808 0.07319 1e-06 0
2-3-0-4-3-5-0-4-3-5-0-0-1-1-0 17228423 0.138966 0.083073 1e-06 0
2-3-0-4-3-5-0-4-3-5-0-2-2-3-0 11922624 0.15715 0.102587 1e-06 0
2-3-0-4-3-5-0-4-3-5-0-4-3-5-0 59130651 0.261792 0.19767 0 0
3-5-0-0-1-1-0-0-1-1-0-0-1-1-0 1007175 0.123903 0.074551 0 0
3-5-0-0-1-1-0-0-1-1-0-2-2-3-0 988117 0.110143 0.064831 1e-06 0
3-5-0-0-1-1-0-0-1-1-0-4-3-5-0 8148870 0.13201 0.075404 1e-06 0
3-5-0-0-1-1-0-2-2-3-0-0-1-1-0 1862906 0.104734 0.061735 0 0
3-5-0-0-1-1-0-2-2-3-0-2-2-3-0 1307204 0.12787 0.08199 1e-06 0
3-5-0-0-1-1-0-2-2-3-0-4-3-5-0 10491003 0.103089 0.057981 1e-06 0
3-5-0-0-1-1-0-4-3-5-0-0-1-1-0 14250721 0.132509 0.072301 1e-06 0
3-5-0-0-1-1-0-4-3-5-0-2-2-3-0 9085093 0.143243 0.073125 1e-06 0
3-5-0-0-1-1-0-4-3-5-0-4-3-5-0 55174169 0.227903 0.142732 1e-06 0
3-5-0-2-2-3-0-0-1-1-0-0-1-1-0 1056404 0.095685 0.055095 1e-06 0
3-5-0-2-2-3-0-0-1-1-0-2-2-3-0 1496081 0.098285 0.061431 2e-06 0
3-5-0-2-2-3-0-0-1-1-0-4-3-5-0 10139913 0.116411 0.064942 1e-06 0
3-5-0-2-2-3-0-2-2-3-0-0-1-1-0 1393155 0.094305 0.058895 1e-06 0
3-5-0-2-2-3-0-2-2-3-0-2-2-3-0 939938 0.157327 0.104756 1e-06 0
3-5-0-2-2-3-0-2-2-3-0-4-3-5-0 8004004 0.144554 0.094593 1e-06 0
3-5-0-2-2-3-0-4-3-5-0-0-1-1-0 10539120 0.128169 0.073304 1e-06 0
3-5-0-2-2-3-0-4-3-5-0-2-2-3-0 7520982 0.140191 0.089022 1e-06 0
3-5-0-2-2-3-0-4-3-5-0-4-3-5-0 41179648 0.250943 0.187737 1e-06 0
3-5-0-4-3-5-0-0-1-1-0-0-1-1-0 7765304 0.161946 0.096126 1e-06 0
3-5-0-4-3-5-0-0-1-1-0-2-2-3-0 8091389 0.14579 0.084165 1e-06 0
3-5-0-4-3-5-0-0-1-1-0-4-3-5-0 55175418 0.213613 0.151196 0 0
3-5-0-4-3-5-0-2-2-3-0-0-1-1-0 9092310 0.132414 0.07799 1e-06 0
3-5-0-4-3-5-0-2-2-3-0-2-2-3-0 6348703 0.158008 0.104114 1e-06 0
3-5-0-4-3-5-0-2-2-3-0-4-3-5-0 45773415 0.232463 0.175398 1e-06 0
3-5-0-4-3-5-0-4-3-5-0-0-1-1-0 52630265 0.259789 0.190948 0 0
3-5-0-4-3-5-0-4-3-5-0-2-2-3-0 32665634 0.234358 0.169891 1e-06 0
3-5-0-4-3-5-0-4-3-5-0-4-3-5-0 166867136 0.708203 0.616724 1e-06 0
