0-0-1-1-0-0-1-1-0-0-1-1-0-0-1 219989 0.177479 0.009873 1e-06 0.069294
0-0-1-1-0-0-1-1-0-0-1-1-0-2-2 166498 0.14227 0.007328 2e-06 0.061155
0-0-1-1-0-0-1-1-0-0-1-1-0-4-3 1007175 0.100023 0.009523 2e-06 0.01226
0-0-1-1-0-0-1-1-0-2-2-3-0-0-1 227118 0.089972 0.006909 2e-06 0.012189
0-0-1-1-0-0-1-1-0-2-2-3-0-2-2 269113 0.092029 0.006329 1e-06 0.012198
0-0-1-1-0-0-1-1-0-2-2-3-0-4-3 1056404 0.107715 0.008989 2e-06 0.012192
0-0-1-1-0-0-1-1-0-4-3-5-0-0-1 2382824 0.121023 0.010539 0 0.012563
0-0-1-1-0-0-1-1-0-4-3-5-0-2-2 2005389 0.118171 0.010746 1e-06 0.012585
0-0-1-1-0-0-1-1-0-4-3-5-0-4-3 7765304 0.178977 0.014066 1e-06 0.04762
0-0-1-1-0-2-2-3-0-0-1-1-0-0-1 254087 0.090888 0.006649 1e-06 0.012914
0-0-1-1-0-2-2-3-0-0-1-1-0-2-2 455112 0.092809 0.006636 1e-06 0.012245
0-0-1-1-0-2-2-3-0-0-1-1-0-4-3 1862906 0.100932 0.008748 1e-06 0.012285
0-0-1-1-0-2-2-3-0-2-2-3-0-0-1 312856 0.081949 0.005155 2e-06 0.012129
0-0-1-1-0-2-2-3-0-2-2-3-0-2-2 365222 0.092637 0.005763 1e-06 0.012085
0-0-1-1-0-2-2-3-0-2-2-3-0-4-3 1393155 0.111579 0.010991 2e-06 0.012142
0-0-1-1-0-2-2-3-0-4-3-5-0-0-1 3006235 0.109887 0.009856 1e-06 0.012368
0-0-1-1-0-2-2-3-0-4-3-5-0-2-2 2939091 0.110624 0.010545 2e-06 0.012448
0-0-1-1-0-2-2-3-0-4-3-5-0-4-3 9092310 0.13588 0.014896 2e-06 0.0124
0-0-1-1-0-4-3-5-0-0-1-1-0-0-1 2542069 0.120086 0.013049 1e-06 0.012803
0-0-1-1-0-4-3-5-0-0-1-1-0-2-2 3581853 0.120659 0.011641 1e-06 0.012783
0-0-1-1-0-4-3-5-0-0-1-1-0-4-3 14250721 0.170819 0.021301 1e-06 0.012834
0-0-1-1-0-4-3-5-0-2-2-3-0-0-1 2736848 0.11576 0.011168 1e-06 0.012846
0-0-1-1-0-4-3-5-0-2-2-3-0-2-2 3246243 0.119206 0.010594 2e-06 0.012693
0-0-1-1-0-4-3-5-0-2-2-3-0-4-3 10539120 0.145079 0.014107 1e-06 0.012781
0-0-1-1-0-4-3-5-0-4-3-5-0-0-1 19536812 0.214758 0.061517 1e-06 0.01305
0-0-1-1-0-4-3-5-0-4-3-5-0-2-2 17228423 0.149541 0.019371 1e-06 0.012202
0-0-1-1-0-4-3-5-0-4-3-5-0-4-3 52630265 0.320097 0.094176 1e-06 0.012235
0-2-2-3-0-0-1-1-0-0-1-1-0-0-1 141290 0.099941 0.005952 1e-06 0.012382
0-2-2-3-0-0-1-1-0-0-1-1-0-2-2 248813 0.104709 0.005898 1e-06 0.011912
0-2-2-3-0-0-1-1-0-0-1-1-0-4-3 988117 0.101371 0.006971 1e-06 0.01191
0-2-2-3-0-0-1-1-0-2-2-3-0-0-1 308439 0.086723 0.00538 1e-06 0.011781
0-2-2-3-0-0-1-1-0-2-2-3-0-2-2 408400 0.088154 0.00583 2e-06 0.011821
0-2-2-3-0-0-1-1-0-2-2-3-0-4-3 1496081 0.09342 0.007439 1e-06 0.011802
0-2-2-3-0-0-1-1-0-4-3-5-0-0-1 2694129 0.115048 0.009134 1e-06 0.012132
0-2-2-3-0-0-1-1-0-4-3-5-0-2-2 2646121 0.110809 0.00848 1e-06 0.012191
0-2-2-3-0-0-1-1-0-4-3-5-0-4-3 8091389 0.132526 0.014022 0 0.0122
0-2-2-3-0-2-2-3-0-0-1-1-0-0-1 188377 0.082621 0.005352 2e-06 0.01183
0-2-2-3-0-2-2-3-0-0-1-1-0-2-2 360293 0.086159 0.005706 1e-06 0.011706
0-2-2-3-0-2-2-3-0-0-1-1-0-4-3 1307204 0.0807 0.006836 2e-06 0.010867
0-2-2-3-0-2-2-3-0-2-2-3-0-0-1 229664 0.065314 0.00463 1e-06 0.010438
0-2-2-3-0-2-2-3-0-2-2-3-0-2-2 266338 0.073063 0.005163 1e-06 0.01046
0-2-2-3-0-2-2-3-0-2-2-3-0-4-3 939938 0.071669 0.006689 1e-06 0.011098
0-2-2-3-0-2-2-3-0-4-3-5-0-0-1 2195693 0.089555 0.008005 1e-06 0.010914
0-2-2-3-0-2-2-3-0-4-3-5-0-2-2 2187268 0.085446 0.00782 1e-06 0.010957
0-2-2-3-0-2-2-3-0-4-3-5-0-4-3 6348703 0.097561 0.009359 1e-06 0.011012
0-2-2-3-0-4-3-5-0-0-1-1-0-0-1 1687902 0.094298 0.010207 1e-06 0.011388
0-2-2-3-0-4-3-5-0-0-1-1-0-2-2 2663360 0.091055 0.009575 0 0.011341
0-2-2-3-0-4-3-5-0-0-1-1-0-4-3 9085093 0.11367 0.015683 1e-06 0.011494
0-2-2-3-0-4-3-5-0-2-2-3-0-0-1 2056435 0.088272 0.010247 1e-06 0.011357
0-2-2-3-0-4-3-5-0-2-2-3-0-2-2 2515710 0.088235 0.010544 1e-06 0.011198
0-2-2-3-0-4-3-5-0-2-2-3-0-4-3 7520982 0.109278 0.017417 1e-06 0.011252
0-2-2-3-0-4-3-5-0-4-3-5-0-0-1 12653171 0.135151 0.02177 1e-06 0.011614
0-2-2-3-0-4-3-5-0-4-3-5-0-2-2 11922624 0.137756 0.020909 1e-06 0.012149
0-2-2-3-0-4-3-5-0-4-3-5-0-4-3 32665634 0.186305 0.039056 1e-06 0.011572
0-4-3-5-0-0-1-1-0-0-1-1-0-0-1 1332890 0.098201 0.009492 1e-06 0.011943
0-4-3-5-0-0-1-1-0-0-1-1-0-2-2 1824440 0.095515 0.009361 1e-06 0.012173
0-4-3-5-0-0-1-1-0-0-1-1-0-4-3 8148870 0.12882 0.014394 1e-06 0.012723
0-4-3-5-0-0-1-1-0-2-2-3-0-0-1 2318991 0.096773 0.00971 1e-06 0.012147
0-4-3-5-0-0-1-1-0-2-2-3-0-2-2 2995057 0.099945 0.009533 1e-06 0.01208
0-4-3-5-0-0-1-1-0-2-2-3-0-4-3 10139913 0.114923 0.013081 1e-06 0.01364
0-4-3-5-0-0-1-1-0-4-3-5-0-0-1 20205284 0.153387 0.021394 0 0.012451
0-4-3-5-0-0-1-1-0-4-3-5-0-2-2 18159506 0.14607 0.018747 1e-06 0.012266
0-4-3-5-0-0-1-1-0-4-3-5-0-4-3 55175418 0.232979 0.041879 1e-06 0.012315
0-4-3-5-0-2-2-3-0-0-1-1-0-0-1 1578412 0.092609 0.008366 1e-06 0.01185
0-4-3-5-0-2-2-3-0-0-1-1-0-2-2 3093998 0.095748 0.008504 1e-06 0.011758
0-4-3-5-0-2-2-3-0-0-1-1-0-4-3 10491003 0.112778 0.01178 1e-06 0.011841
0-4-3-5-0-2-2-3-0-2-2-3-0-0-1 2036936 0.091251 0.008489 0 0.011655
0-4-3-5-0-2-2-3-0-2-2-3-0-2-2 2350930 0.087645 0.008512 1e-06 0.01178
0-4-3-5-0-2-2-3-0-2-2-3-0-4-3 8004004 0.104319 0.012189 1e-06 0.011694
0-4-3-5-0-2-2-3-0-4-3-5-0-0-1 17189893 0.137598 0.017787 1e-06 0.012067
0-4-3-5-0-2-2-3-0-4-3-5-0-2-2 16400959 0.142731 0.016556 0 0.012078
0-4-3-5-0-2-2-3-0-4-3-5-0-4-3 45773415 0.197231 0.030053 1e-06 0.01201
0-4-3-5-0-4-3-5-0-0-1-1-0-0-1 12258976 0.147253 0.01821 0 0.012464
0-4-3-5-0-4-3-5-0-0-1-1-0-2-2 16161615 0.147589 0.019295 1e-06 0.012434
0-4-3-5-0-4-3-5-0-0-1-1-0-4-3 55174169 0.245155 0.04225 1e-06 0.012489
0-4-3-5-0-4-3-5-0-2-2-3-0-0-1 12037649 0.136412 0.016552 0 0.012511
0-4-3-5-0-4-3-5-0-2-2-3-0-2-2 14812754 0.146698 0.018752 0 0.012605
0-4-3-5-0-4-3-5-0-2-2-3-0-4-3 41179648 0.199072 0.03143 0 0.012359
0-4-3-5-0-4-3-5-0-4-3-5-0-0-1 66854831 0.284342 0.057672 0 0.012976
0-4-3-5-0-4-3-5-0-4-3-5-0-2-2 59130651 0.254497 0.043411 1e-06 0.01315
0-4-3-5-0-4-3-5-0-4-3-5-0-4-3 166867136 0.57716 0.167359 1e-06 0.013083
1-1-0-0-1-1-0-0-1-1-0-0-1-1-0 219989 0.08493 0.006984 1e-06 0.01232
1-1-0-0-1-1-0-0-1-1-0-2-2-3-0 141290 0.085174 0.005381 1e-06 0.012148
1-1-0-0-1-1-0-0-1-1-0-4-3-5-0 1332890 0.097917 0.006945 1e-06 0.012399
1-1-0-0-1-1-0-2-2-3-0-0-1-1-0 254087 0.070788 0.005294 0 0.011784
1-1-0-0-1-1-0-2-2-3-0-2-2-3-0 188377 0.074607 0.004734 1e-06 0.011793
1-1-0-0-1-1-0-2-2-3-0-4-3-5-0 1578412 0.082913 0.00673 1e-06 0.012031
1-1-0-0-1-1-0-4-3-5-0-0-1-1-0 2542069 0.103809 0.009632 1e-06 0.012275
1-1-0-0-1-1-0-4-3-5-0-2-2-3-0 1687902 0.090409 0.007891 1e-06 0.012494
1-1-0-0-1-1-0-4-3-5-0-4-3-5-0 12258976 0.128375 0.015514 1e-06 0.01249
1-1-0-2-2-3-0-0-1-1-0-0-1-1-0 227118 0.069233 0.005441 1e-06 0.011958
1-1-0-2-2-3-0-0-1-1-0-2-2-3-0 308439 0.071867 0.0062 1e-06 0.011792
1-1-0-2-2-3-0-0-1-1-0-4-3-5-0 2318991 0.083012 0.00693 1e-06 0.011996
1-1-0-2-2-3-0-2-2-3-0-0-1-1-0 312856 0.067981 0.005119 0 0.011588
1-1-0-2-2-3-0-2-2-3-0-2-2-3-0 229664 0.067259 0.00498 1e-06 0.011645
1-1-0-2-2-3-0-2-2-3-0-4-3-5-0 2036936 0.080004 0.006512 0 0.011875
1-1-0-2-2-3-0-4-3-5-0-0-1-1-0 2736848 0.089286 0.009286 1e-06 0.012194
1-1-0-2-2-3-0-4-3-5-0-2-2-3-0 2056435 0.0835 0.00926 1e-06 0.012132
1-1-0-2-2-3-0-4-3-5-0-4-3-5-0 12037649 0.120936 0.017076 1e-06 0.014569
1-1-0-4-3-5-0-0-1-1-0-0-1-1-0 2382824 0.097161 0.008871 1e-06 0.012609
1-1-0-4-3-5-0-0-1-1-0-2-2-3-0 2694129 0.090775 0.008863 1e-06 0.01267
1-1-0-4-3-5-0-0-1-1-0-4-3-5-0 20205284 0.137585 0.018117 1e-06 0.012801
1-1-0-4-3-5-0-2-2-3-0-0-1-1-0 3006235 0.095276 0.009469 0 0.012537
1-1-0-4-3-5-0-2-2-3-0-2-2-3-0 2195693 0.092542 0.007885 1e-06 0.012441
1-1-0-4-3-5-0-2-2-3-0-4-3-5-0 17189893 0.140672 0.015568 1e-06 0.012389
1-1-0-4-3-5-0-4-3-5-0-0-1-1-0 19536812 0.151579 0.020804 1e-06 0.0131
1-1-0-4-3-5-0-4-3-5-0-2-2-3-0 12653171 0.128041 0.016013 1e-06 0.01307
1-1-0-4-3-5-0-4-3-5-0-4-3-5-0 66854831 0.281123 0.04902 1e-06 0.03219
2-3-0-0-1-1-0-0-1-1-0-0-1-1-0 166498 0.077182 0.004803 1e-06 0.011737
2-3-0-0-1-1-0-0-1-1-0-2-2-3-0 248813 0.078906 0.004695 1e-06 0.011443
2-3-0-0-1-1-0-0-1-1-0-4-3-5-0 1824440 0.089074 0.006898 1e-06 0.012063
2-3-0-0-1-1-0-2-2-3-0-0-1-1-0 455112 0.067849 0.005039 1e-06 0.011296
2-3-0-0-1-1-0-2-2-3-0-2-2-3-0 360293 0.079565 0.004655 1e-06 0.021289
2-3-0-0-1-1-0-2-2-3-0-4-3-5-0 3093998 0.081522 0.006291 0 0.011356
2-3-0-0-1-1-0-4-3-5-0-0-1-1-0 3581853 0.098069 0.008996 1e-06 0.011571
2-3-0-0-1-1-0-4-3-5-0-2-2-3-0 2663360 0.0857 0.007325 1e-06 0.011628
2-3-0-0-1-1-0-4-3-5-0-4-3-5-0 16161615 0.126145 0.016975 0 0.011783
2-3-0-2-2-3-0-0-1-1-0-0-1-1-0 269113 0.065257 0.004895 0 0.011218
2-3-0-2-2-3-0-0-1-1-0-2-2-3-0 408400 0.063855 0.004771 1e-06 0.011129
2-3-0-2-2-3-0-0-1-1-0-4-3-5-0 2995057 0.083664 0.006407 0 0.011225
2-3-0-2-2-3-0-2-2-3-0-0-1-1-0 365222 0.065119 0.004445 1e-06 0.010952
2-3-0-2-2-3-0-2-2-3-0-2-2-3-0 266338 0.065762 0.004197 1e-06 0.010825
2-3-0-2-2-3-0-2-2-3-0-4-3-5-0 2350930 0.074704 0.005457 1e-06 0.011007
2-3-0-2-2-3-0-4-3-5-0-0-1-1-0 3246243 0.085545 0.008027 1e-06 0.01143
2-3-0-2-2-3-0-4-3-5-0-2-2-3-0 2515710 0.076402 0.007398 1e-06 0.011371
2-3-0-2-2-3-0-4-3-5-0-4-3-5-0 14812754 0.114441 0.014569 1e-06 0.011484
2-3-0-4-3-5-0-0-1-1-0-0-1-1-0 2005389 0.088951 0.007373 1e-06 0.011802
2-3-0-4-3-5-0-0-1-1-0-2-2-3-0 2646121 0.079487 0.006817 1e-06 0.011845
2-3-0-4-3-5-0-0-1-1-0-4-3-5-0 18159506 0.118694 0.013451 1e-06 0.011953
2-3-0-4-3-5-0-2-2-3-0-0-1-1-0 2939091 0.079058 0.006205 1e-06 0.01173
2-3-0-4-3-5-0-2-2-3-0-2-2-3-0 2187268 0.07186 0.006035 1e-06 0.0116
2-3-0-4-3-5-0-2-2-3-0-4-3-5-0 16400959 0.109227 0.011496 0 0.011759
2-3-0-4-3-5-0-4-3-5-0-0-1-1-0 17228423 0.125979 0.014646 1e-06 0.01216
2-3-0-4-3-5-0-4-3-5-0-2-2-3-0 11922624 0.123811 0.013852 1e-06 0.012546
2-3-0-4-3-5-0-4-3-5-0-4-3-5-0 59130651 0.230943 0.037283 0 0.012352
3-5-0-0-1-1-0-0-1-1-0-0-1-1-0 1007175 0.088278 0.008159 1e-06 0.012389
3-5-0-0-1-1-0-0-1-1-0-2-2-3-0 988117 0.084822 0.006856 1e-06 0.014265
3-5-0-0-1-1-0-0-1-1-0-4-3-5-0 8148870 0.114159 0.010924 1e-06 0.012523
3-5-0-0-1-1-0-2-2-3-0-0-1-1-0 1862906 0.083124 0.007066 1e-06 0.012317
3-5-0-0-1-1-0-2-2-3-0-2-2-3-0 1307204 0.078727 0.006772 1e-06 0.011773
3-5-0-0-1-1-0-2-2-3-0-4-3-5-0 10491003 0.106102 0.009821 1e-06 0.012023
3-5-0-0-1-1-0-4-3-5-0-0-1-1-0 14250721 0.147075 0.018377 1e-06 0.012855
3-5-0-0-1-1-0-4-3-5-0-2-2-3-0 9085093 0.118684 0.010809 1e-06 0.012715
3-5-0-0-1-1-0-4-3-5-0-4-3-5-0 55174169 0.238018 0.032779 1e-06 0.012908
3-5-0-2-2-3-0-0-1-1-0-0-1-1-0 1056404 0.090285 0.00669 1e-06 0.012036
3-5-0-2-2-3-0-0-1-1-0-2-2-3-0 1496081 0.083286 0.007071 1e-06 0.011838
3-5-0-2-2-3-0-0-1-1-0-4-3-5-0 10139913 0.110384 0.009527 1e-06 0.011892
3-5-0-2-2-3-0-2-2-3-0-0-1-1-0 1393155 0.087785 0.010159 1e-06 0.012136
3-5-0-2-2-3-0-2-2-3-0-2-2-3-0 939938 0.078217 0.006776 1e-06 0.011698
3-5-0-2-2-3-0-2-2-3-0-4-3-5-0 8004004 0.105302 0.010255 1e-06 0.011969
3-5-0-2-2-3-0-4-3-5-0-0-1-1-0 10539120 0.124348 0.013049 1e-06 0.012193
3-5-0-2-2-3-0-4-3-5-0-2-2-3-0 7520982 0.116872 0.01687 0 0.012428
3-5-0-2-2-3-0-4-3-5-0-4-3-5-0 41179648 0.203455 0.033321 1e-06 0.012449
3-5-0-4-3-5-0-0-1-1-0-0-1-1-0 7765304 0.132048 0.01233 1e-06 0.012621
3-5-0-4-3-5-0-0-1-1-0-2-2-3-0 8091389 0.13258 0.012594 1e-06 0.013466
3-5-0-4-3-5-0-0-1-1-0-4-3-5-0 55175418 0.237056 0.036765 1e-06 0.012657
3-5-0-4-3-5-0-2-2-3-0-0-1-1-0 9092310 0.128678 0.011195 1e-06 0.012507
3-5-0-4-3-5-0-2-2-3-0-2-2-3-0 6348703 0.111372 0.011036 1e-06 0.012489
3-5-0-4-3-5-0-2-2-3-0-4-3-5-0 45773415 0.199482 0.030861 1e-06 0.012703
3-5-0-4-3-5-0-4-3-5-0-0-1-1-0 52630265 0.240178 0.037832 1e-06 0.01287
3-5-0-4-3-5-0-4-3-5-0-2-2-3-0 32665634 0.200906 0.033287 0 0.013177
3-5-0-4-3-5-0-4-3-5-0-4-3-5-0 166867136 0.532374 0.115 1e-06 0.013002
