0-0-1-1-0-0-1-1-0-0-1-1-0 385077 0.127762 0.006219 1e-06 0.047268
0-0-1-1-0-0-1-1-0-2-2-3-0 314630 0.098039 0.004202 1e-06 0.042454
0-0-1-1-0-0-1-1-0-4-3-5-0 2876689 0.097399 0.00578 1e-06 0.009212
0-0-1-1-0-2-2-3-0-0-1-1-0 605877 0.061187 0.003955 1e-06 0.00918
0-0-1-1-0-2-2-3-0-2-2-3-0 428137 0.059887 0.003474 1e-06 0.009244
0-0-1-1-0-2-2-3-0-4-3-5-0 3702635 0.078488 0.005269 1e-06 0.009499
0-0-1-1-0-4-3-5-0-0-1-1-0 5480740 0.098076 0.007477 1e-06 0.009971
0-0-1-1-0-4-3-5-0-2-2-3-0 3633311 0.084924 0.007088 1e-06 0.010878
0-0-1-1-0-4-3-5-0-4-3-5-0 24609554 0.181318 0.046267 1e-06 0.009794
0-2-2-3-0-0-1-1-0-0-1-1-0 314630 0.064512 0.004164 1e-06 0.014701
0-2-2-3-0-0-1-1-0-2-2-3-0 467252 0.056488 0.004028 1e-06 0.009065
0-2-2-3-0-0-1-1-0-4-3-5-0 3373925 0.071611 0.004815 1e-06 0.009308
0-2-2-3-0-2-2-3-0-0-1-1-0 428137 0.055149 0.003779 0 0.009151
0-2-2-3-0-2-2-3-0-2-2-3-0 301270 0.054087 0.003587 1e-06 0.009055
0-2-2-3-0-2-2-3-0-4-3-5-0 2689339 0.067896 0.004806 0 0.009305
0-2-2-3-0-4-3-5-0-0-1-1-0 3633311 0.07783 0.006141 1e-06 0.009706
0-2-2-3-0-4-3-5-0-2-2-3-0 2725374 0.072394 0.006442 0 0.009622
0-2-2-3-0-4-3-5-0-4-3-5-0 16058905 0.109702 0.012115 1e-06 0.009724
0-4-3-5-0-0-1-1-0-0-1-1-0 2876689 0.077495 0.00585 1e-06 0.010112
0-4-3-5-0-0-1-1-0-2-2-3-0 3373925 0.077655 0.005721 1e-06 0.010004
0-4-3-5-0-0-1-1-0-4-3-5-0 26070955 0.141639 0.025141 1e-06 0.010137
0-4-3-5-0-2-2-3-0-0-1-1-0 3702635 0.078596 0.006532 1e-06 0.009944
0-4-3-5-0-2-2-3-0-2-2-3-0 2689339 0.071298 0.005272 1e-06 0.009874
0-4-3-5-0-2-2-3-0-4-3-5-0 21938451 0.114032 0.009749 0 0.009881
0-4-3-5-0-4-3-5-0-0-1-1-0 24609554 0.137018 0.014936 1e-06 0.010062
0-4-3-5-0-4-3-5-0-2-2-3-0 16058905 0.113195 0.010804 0 0.010266
0-4-3-5-0-4-3-5-0-4-3-5-0 86376943 0.381426 0.142377 1e-06 0.010285
1-1-0-0-1-1-0-0-1-1-0-0-1 173807 0.063372 0.003765 0 0.009769
1-1-0-0-1-1-0-0-1-1-0-2-2 78091 0.063353 0.003364 1e-06 0.009452
1-1-0-0-1-1-0-0-1-1-0-4-3 475465 0.071199 0.004599 1e-06 0.009496
1-1-0-0-1-1-0-2-2-3-0-0-1 106572 0.057274 0.003111 1e-06 0.009473
1-1-0-0-1-1-0-2-2-3-0-2-2 112583 0.062012 0.00336 1e-06 0.009463
1-1-0-0-1-1-0-2-2-3-0-4-3 413472 0.065991 0.004668 2e-06 0.009503
1-1-0-0-1-1-0-4-3-5-0-0-1 1039297 0.075795 0.005386 0 0.009757
1-1-0-0-1-1-0-4-3-5-0-2-2 811057 0.073626 0.004802 1e-06 0.009686
1-1-0-0-1-1-0-4-3-5-0-4-3 3251126 0.08489 0.006081 1e-06 0.00985
1-1-0-2-2-3-0-0-1-1-0-0-1 106572 0.055859 0.003121 0 0.009445
1-1-0-2-2-3-0-0-1-1-0-2-2 161109 0.059525 0.003356 1e-06 0.009234
1-1-0-2-2-3-0-0-1-1-0-4-3 618519 0.061005 0.003925 1e-06 0.009175
1-1-0-2-2-3-0-2-2-3-0-0-1 126798 0.055858 0.003499 0 0.009305
1-1-0-2-2-3-0-2-2-3-0-2-2 135529 0.055888 0.003061 1e-06 0.009137
1-1-0-2-2-3-0-2-2-3-0-4-3 492375 0.0577 0.003895 1e-06 0.009307
1-1-0-2-2-3-0-4-3-5-0-0-1 1087723 0.067463 0.004965 0 0.009673
1-1-0-2-2-3-0-4-3-5-0-2-2 1039476 0.065905 0.005209 1e-06 0.009584
1-1-0-2-2-3-0-4-3-5-0-4-3 3229172 0.078883 0.00582 0 0.009638
1-1-0-4-3-5-0-0-1-1-0-0-1 1039297 0.072946 0.005426 1e-06 0.009951
1-1-0-4-3-5-0-0-1-1-0-2-2 1354836 0.071702 0.004929 1e-06 0.009736
1-1-0-4-3-5-0-0-1-1-0-4-3 5607921 0.084944 0.006401 1e-06 0.009816
1-1-0-4-3-5-0-2-2-3-0-0-1 1087723 0.066851 0.005025 0 0.009992
1-1-0-4-3-5-0-2-2-3-0-2-2 1250680 0.068585 0.004746 1e-06 0.009787
1-1-0-4-3-5-0-2-2-3-0-4-3 4149373 0.077384 0.00565 0 0.009771
1-1-0-4-3-5-0-4-3-5-0-0-1 8529188 0.095145 0.00856 1e-06 0.01016
1-1-0-4-3-5-0-4-3-5-0-2-2 7341684 0.091386 0.007727 1e-06 0.010093
1-1-0-4-3-5-0-4-3-5-0-4-3 22903283 0.133401 0.014281 1e-06 0.010253
2-3-0-0-1-1-0-0-1-1-0-0-1 78091 0.051741 0.003031 1e-06 0.009499
2-3-0-0-1-1-0-0-1-1-0-2-2 152128 0.059113 0.003317 1e-06 0.009466
2-3-0-0-1-1-0-0-1-1-0-4-3 451039 0.062462 0.006807 0 0.009456
2-3-0-0-1-1-0-2-2-3-0-0-1 161109 0.054394 0.002873 0 0.009504
2-3-0-0-1-1-0-2-2-3-0-2-2 231730 0.057171 0.002938 1e-06 0.009587
2-3-0-0-1-1-0-2-2-3-0-4-3 728268 0.060532 0.004032 1e-06 0.009639
2-3-0-0-1-1-0-4-3-5-0-0-1 1354836 0.068337 0.005036 1e-06 0.00984
2-3-0-0-1-1-0-4-3-5-0-2-2 1354897 0.066925 0.004482 0 0.009761
2-3-0-0-1-1-0-4-3-5-0-4-3 4173093 0.08064 0.005871 1e-06 0.012689
2-3-0-2-2-3-0-0-1-1-0-0-1 112583 0.050431 0.002824 0 0.009548
2-3-0-2-2-3-0-0-1-1-0-2-2 231730 0.053826 0.00289 1e-06 0.009383
2-3-0-2-2-3-0-0-1-1-0-4-3 708078 0.056329 0.003424 1e-06 0.009338
2-3-0-2-2-3-0-2-2-3-0-0-1 135529 0.048339 0.00261 1e-06 0.009415
2-3-0-2-2-3-0-2-2-3-0-2-2 186363 0.057989 0.005648 1e-06 0.009403
2-3-0-2-2-3-0-2-2-3-0-4-3 524137 0.054905 0.003522 1e-06 0.009522
2-3-0-2-2-3-0-4-3-5-0-0-1 1250680 0.064514 0.004632 1e-06 0.009796
2-3-0-2-2-3-0-4-3-5-0-2-2 1280966 0.062541 0.004814 1e-06 0.009859
2-3-0-2-2-3-0-4-3-5-0-4-3 3699360 0.07852 0.005637 2e-06 0.011435
2-3-0-4-3-5-0-0-1-1-0-0-1 811057 0.065553 0.004614 1e-06 0.01027
2-3-0-4-3-5-0-0-1-1-0-2-2 1354897 0.0664 0.004369 1e-06 0.010047
2-3-0-4-3-5-0-0-1-1-0-4-3 4700966 0.075897 0.00552 0 0.009954
2-3-0-4-3-5-0-2-2-3-0-0-1 1039476 0.060195 0.00397 0 0.010123
2-3-0-4-3-5-0-2-2-3-0-2-2 1280966 0.061445 0.00417 1e-06 0.009924
2-3-0-4-3-5-0-2-2-3-0-4-3 3916148 0.068608 0.004694 0 0.009903
2-3-0-4-3-5-0-4-3-5-0-0-1 7341684 0.084867 0.007214 0 0.010244
2-3-0-4-3-5-0-4-3-5-0-2-2 7062360 0.081778 0.006587 1e-06 0.010204
2-3-0-4-3-5-0-4-3-5-0-4-3 19470406 0.112177 0.010636 1e-06 0.009951
3-5-0-0-1-1-0-0-1-1-0-0-1 475465 0.063953 0.004075 0 0.012523
3-5-0-0-1-1-0-0-1-1-0-2-2 451039 0.066135 0.004049 1e-06 0.009757
3-5-0-0-1-1-0-0-1-1-0-4-3 2958680 0.079345 0.005723 0 0.010067
3-5-0-0-1-1-0-2-2-3-0-0-1 618519 0.062323 0.003818 1e-06 0.010105
3-5-0-0-1-1-0-2-2-3-0-2-2 708078 0.066102 0.004134 1e-06 0.00987
3-5-0-0-1-1-0-2-2-3-0-4-3 2989271 0.072704 0.004914 1e-06 0.009965
3-5-0-0-1-1-0-4-3-5-0-0-1 5607921 0.089138 0.006434 1e-06 0.010248
3-5-0-0-1-1-0-4-3-5-0-2-2 4700966 0.085023 0.006163 1e-06 0.010207
3-5-0-0-1-1-0-4-3-5-0-4-3 18362821 0.127266 0.012001 0 0.009984
3-5-0-2-2-3-0-0-1-1-0-0-1 413472 0.060359 0.003949 1e-06 0.009667
3-5-0-2-2-3-0-0-1-1-0-2-2 728268 0.066629 0.003991 1e-06 0.009728
3-5-0-2-2-3-0-0-1-1-0-4-3 2989271 0.07305 0.00576 1e-06 0.00989
3-5-0-2-2-3-0-2-2-3-0-0-1 492375 0.058005 0.003489 1e-06 0.009903
3-5-0-2-2-3-0-2-2-3-0-2-2 524137 0.063009 0.003719 1e-06 0.009815
3-5-0-2-2-3-0-2-2-3-0-4-3 2170955 0.080228 0.010748 1e-06 0.00979
3-5-0-2-2-3-0-4-3-5-0-0-1 4149373 0.081234 0.005877 0 0.010154
3-5-0-2-2-3-0-4-3-5-0-2-2 3916148 0.080542 0.005582 0 0.010143
3-5-0-2-2-3-0-4-3-5-0-4-3 12675068 0.107112 0.009793 1e-06 0.010251
3-5-0-4-3-5-0-0-1-1-0-0-1 3251126 0.088275 0.007223 0 0.010395
3-5-0-4-3-5-0-0-1-1-0-2-2 4173093 0.090284 0.006383 1e-06 0.010558
3-5-0-4-3-5-0-0-1-1-0-4-3 18362821 0.127729 0.011134 1e-06 0.010479
3-5-0-4-3-5-0-2-2-3-0-0-1 3229172 0.083571 0.006347 1e-06 0.010215
3-5-0-4-3-5-0-2-2-3-0-2-2 3699360 0.08251 0.006317 1e-06 0.010095
3-5-0-4-3-5-0-2-2-3-0-4-3 12675068 0.10483 0.008452 1e-06 0.010255
3-5-0-4-3-5-0-4-3-5-0-0-1 22903283 0.145287 0.016391 1e-06 0.010401
3-5-0-4-3-5-0-4-3-5-0-2-2 19470406 0.136805 0.012641 1e-06 0.010278
3-5-0-4-3-5-0-4-3-5-0-4-3 64565795 0.251171 0.029073 0 0.027985
