0-0-1-1-0-0-1 160792 0.051712 0.002805 0 0.016237
0-0-1-1-0-2-2 122977 0.035044 0.001572 0 0.009164
0-0-1-1-0-4-3 719976 0.029756 0.002427 0 0.002391
0-2-2-3-0-0-1 98344 0.023206 0.001141 0 0.00236
0-2-2-3-0-2-2 102281 0.026598 0.001213 0 0.002158
0-2-2-3-0-4-3 406341 0.028772 0.002137 0 0.002411
0-4-3-5-0-0-1 904361 0.044197 0.002532 0 0.002668
0-4-3-5-0-2-2 705440 0.035978 0.002276 0 0.002695
0-4-3-5-0-4-3 3004893 0.045699 0.003827 0 0.002568
1-1-0-0-1-1-0 160792 0.026233 0.001413 0 0.002617
1-1-0-2-2-3-0 98344 0.027234 0.001492 0 0.002385
1-1-0-4-3-5-0 904361 0.035809 0.002518 1e-06 0.002476
2-3-0-0-1-1-0 122977 0.024734 0.001163 1e-06 0.002408
2-3-0-2-2-3-0 102281 0.023752 0.001208 2e-06 0.002178
2-3-0-4-3-5-0 705440 0.030418 0.001943 0 0.002277
3-5-0-0-1-1-0 719976 0.035238 0.002679 0 0.002626
3-5-0-2-2-3-0 406341 0.030439 0.002063 1e-06 0.002588
3-5-0-4-3-5-0 3004893 0.05603 0.003733 1e-06 0.002831
