0-0-1-1-0-0-1-1-0-0-1-1-0-0-1 219989 0.138298 0.00647 1e-06 0.056199
0-0-1-1-0-0-1-1-0-0-1-1-0-2-2 166498 0.124064 0.004987 1e-06 0.057274
0-0-1-1-0-0-1-1-0-0-1-1-0-4-3 1007175 0.086734 0.006961 1e-06 0.011771
0-0-1-1-0-0-1-1-0-2-2-3-0-0-1 227118 0.074127 0.005082 1e-06 0.01195
0-0-1-1-0-0-1-1-0-2-2-3-0-2-2 269113 0.076932 0.00419 1e-06 0.012086
0-0-1-1-0-0-1-1-0-2-2-3-0-4-3 1056404 0.075873 0.005534 0 0.012322
0-0-1-1-0-0-1-1-0-4-3-5-0-0-1 2382824 0.100828 0.007287 1e-06 0.012872
0-0-1-1-0-0-1-1-0-4-3-5-0-2-2 2005389 0.093384 0.006464 1e-06 0.013061
0-0-1-1-0-0-1-1-0-4-3-5-0-4-3 7765304 0.107529 0.008084 0 0.01366
0-0-1-1-0-2-2-3-0-0-1-1-0-0-1 254087 0.074401 0.004213 1e-06 0.016011
0-0-1-1-0-2-2-3-0-0-1-1-0-2-2 455112 0.085872 0.004348 1e-06 0.013857
0-0-1-1-0-2-2-3-0-0-1-1-0-4-3 1862906 0.09061 0.00599 1e-06 0.0139
0-0-1-1-0-2-2-3-0-2-2-3-0-0-1 312856 0.076227 0.003684 1e-06 0.01385
0-0-1-1-0-2-2-3-0-2-2-3-0-2-2 365222 0.085567 0.004293 1e-06 0.013739
0-0-1-1-0-2-2-3-0-2-2-3-0-4-3 1393155 0.102954 0.007383 1e-06 0.013816
0-0-1-1-0-2-2-3-0-4-3-5-0-0-1 3006235 0.106023 0.006719 1e-06 0.013985
0-0-1-1-0-2-2-3-0-4-3-5-0-2-2 2939091 0.1057 0.006661 1e-06 0.014033
0-0-1-1-0-2-2-3-0-4-3-5-0-4-3 9092310 0.132245 0.009942 1e-06 0.013995
0-0-1-1-0-4-3-5-0-0-1-1-0-0-1 2542069 0.110841 0.008593 1e-06 0.014266
0-0-1-1-0-4-3-5-0-0-1-1-0-2-2 3581853 0.092853 0.007646 0 0.013471
0-0-1-1-0-4-3-5-0-0-1-1-0-4-3 14250721 0.140486 0.013594 1e-06 0.013467
0-0-1-1-0-4-3-5-0-2-2-3-0-0-1 2736848 0.10506 0.007414 1e-06 0.028539
0-0-1-1-0-4-3-5-0-2-2-3-0-2-2 3246243 0.088813 0.007085 1e-06 0.01315
0-0-1-1-0-4-3-5-0-2-2-3-0-4-3 10539120 0.109181 0.009718 1e-06 0.013049
0-0-1-1-0-4-3-5-0-4-3-5-0-0-1 19536812 0.15524 0.027918 1e-06 0.0132
0-0-1-1-0-4-3-5-0-4-3-5-0-2-2 17228423 0.134258 0.012454 1e-06 0.013228
0-0-1-1-0-4-3-5-0-4-3-5-0-4-3 52630265 0.29588 0.102279 1e-06 0.013285
0-2-2-3-0-0-1-1-0-0-1-1-0-0-1 141290 0.073503 0.004124 1e-06 0.016289
0-2-2-3-0-0-1-1-0-0-1-1-0-2-2 248813 0.074665 0.004407 1e-06 0.012409
0-2-2-3-0-0-1-1-0-0-1-1-0-4-3 988117 0.078286 0.005072 2e-06 0.01239
0-2-2-3-0-0-1-1-0-2-2-3-0-0-1 308439 0.069022 0.003975 0 0.012304
0-2-2-3-0-0-1-1-0-2-2-3-0-2-2 408400 0.071791 0.004211 1e-06 0.012511
0-2-2-3-0-0-1-1-0-2-2-3-0-4-3 1496081 0.075012 0.005849 1e-06 0.012367
0-2-2-3-0-0-1-1-0-4-3-5-0-0-1 2694129 0.087542 0.005763 0 0.012654
0-2-2-3-0-0-1-1-0-4-3-5-0-2-2 2646121 0.083777 0.005474 1e-06 0.012617
0-2-2-3-0-0-1-1-0-4-3-5-0-4-3 8091389 0.100758 0.008635 0 0.012653
0-2-2-3-0-2-2-3-0-0-1-1-0-0-1 188377 0.065094 0.003605 1e-06 0.012437
0-2-2-3-0-2-2-3-0-0-1-1-0-2-2 360293 0.06864 0.004181 0 0.012262
0-2-2-3-0-2-2-3-0-0-1-1-0-4-3 1307204 0.072828 0.005013 1e-06 0.012305
0-2-2-3-0-2-2-3-0-2-2-3-0-0-1 229664 0.062736 0.003585 1e-06 0.012185
0-2-2-3-0-2-2-3-0-2-2-3-0-2-2 266338 0.065586 0.003832 1e-06 0.012197
0-2-2-3-0-2-2-3-0-2-2-3-0-4-3 939938 0.068796 0.004707 1e-06 0.012163
0-2-2-3-0-2-2-3-0-4-3-5-0-0-1 2195693 0.080964 0.006052 1e-06 0.012384
0-2-2-3-0-2-2-3-0-4-3-5-0-2-2 2187268 0.085773 0.005313 1e-06 0.01852
0-2-2-3-0-2-2-3-0-4-3-5-0-4-3 6348703 0.105646 0.006475 0 0.027199
0-2-2-3-0-4-3-5-0-0-1-1-0-0-1 1687902 0.087112 0.007407 1e-06 0.012535
0-2-2-3-0-4-3-5-0-0-1-1-0-2-2 2663360 0.085556 0.006781 1e-06 0.0122
0-2-2-3-0-4-3-5-0-0-1-1-0-4-3 9085093 0.129834 0.010374 1e-06 0.01301
0-2-2-3-0-4-3-5-0-2-2-3-0-0-1 2056435 0.096429 0.007426 2e-06 0.015064
0-2-2-3-0-4-3-5-0-2-2-3-0-2-2 2515710 0.097456 0.006781 2e-06 0.015024
0-2-2-3-0-4-3-5-0-2-2-3-0-4-3 7520982 0.119534 0.011853 1e-06 0.014931
0-2-2-3-0-4-3-5-0-4-3-5-0-0-1 12653171 0.144739 0.013631 1e-06 0.015193
0-2-2-3-0-4-3-5-0-4-3-5-0-2-2 11922624 0.137007 0.012336 1e-06 0.014959
0-2-2-3-0-4-3-5-0-4-3-5-0-4-3 32665634 0.173106 0.022665 1e-06 0.014371
0-4-3-5-0-0-1-1-0-0-1-1-0-0-1 1332890 0.092111 0.006138 1e-06 0.014685
0-4-3-5-0-0-1-1-0-0-1-1-0-2-2 1824440 0.089609 0.006706 1e-06 0.014545
0-4-3-5-0-0-1-1-0-0-1-1-0-4-3 8148870 0.10574 0.008627 1e-06 0.014489
0-4-3-5-0-0-1-1-0-2-2-3-0-0-1 2318991 0.08837 0.00596 1e-06 0.014674
0-4-3-5-0-0-1-1-0-2-2-3-0-2-2 2995057 0.089227 0.006083 1e-06 0.014529
0-4-3-5-0-0-1-1-0-2-2-3-0-4-3 10139913 0.105935 0.008289 1e-06 0.014534
0-4-3-5-0-0-1-1-0-4-3-5-0-0-1 20205284 0.138885 0.013276 1e-06 0.014955
0-4-3-5-0-0-1-1-0-4-3-5-0-2-2 18159506 0.134418 0.011529 0 0.014597
0-4-3-5-0-0-1-1-0-4-3-5-0-4-3 55175418 0.233959 0.037034 1e-06 0.014633
0-4-3-5-0-2-2-3-0-0-1-1-0-0-1 1578412 0.113658 0.005666 1e-06 0.033734
0-4-3-5-0-2-2-3-0-0-1-1-0-2-2 3093998 0.087944 0.005507 1e-06 0.013928
0-4-3-5-0-2-2-3-0-0-1-1-0-4-3 10491003 0.105687 0.007379 1e-06 0.013927
0-4-3-5-0-2-2-3-0-2-2-3-0-0-1 2036936 0.081825 0.005636 0 0.013763
0-4-3-5-0-2-2-3-0-2-2-3-0-2-2 2350930 0.094842 0.005742 2e-06 0.014648
0-4-3-5-0-2-2-3-0-2-2-3-0-4-3 8004004 0.112396 0.00742 1e-06 0.014619
0-4-3-5-0-2-2-3-0-4-3-5-0-0-1 17189893 0.149746 0.010263 2e-06 0.014916
0-4-3-5-0-2-2-3-0-4-3-5-0-2-2 16400959 0.143406 0.00939 1e-06 0.014791
0-4-3-5-0-2-2-3-0-4-3-5-0-4-3 45773415 0.221588 0.01659 1e-06 0.014786
0-4-3-5-0-4-3-5-0-0-1-1-0-0-1 12258976 0.155366 0.011692 1e-06 0.015297
0-4-3-5-0-4-3-5-0-0-1-1-0-2-2 16161615 0.158337 0.011856 1e-06 0.015304
0-4-3-5-0-4-3-5-0-0-1-1-0-4-3 55174169 0.28878 0.029769 2e-06 0.014845
0-4-3-5-0-4-3-5-0-2-2-3-0-0-1 12037649 0.156107 0.011349 2e-06 0.014825
0-4-3-5-0-4-3-5-0-2-2-3-0-2-2 14812754 0.168042 0.012521 2e-06 0.01421
0-4-3-5-0-4-3-5-0-2-2-3-0-4-3 41179648 0.235993 0.019185 2e-06 0.014365
0-4-3-5-0-4-3-5-0-4-3-5-0-0-1 66854831 0.317511 0.061492 1e-06 0.015485
0-4-3-5-0-4-3-5-0-4-3-5-0-2-2 59130651 0.248882 0.027933 1e-06 0.013828
0-4-3-5-0-4-3-5-0-4-3-5-0-4-3 166867136 0.61525 0.198761 1e-06 0.013692
1-1-0-0-1-1-0-0-1-1-0-0-1-1-0 219989 0.080078 0.004787 1e-06 0.01325
1-1-0-0-1-1-0-0-1-1-0-2-2-3-0 141290 0.083873 0.003979 1e-06 0.012809
1-1-0-0-1-1-0-0-1-1-0-4-3-5-0 1332890 0.089014 0.005265 1e-06 0.013178
1-1-0-0-1-1-0-2-2-3-0-0-1-1-0 254087 0.068019 0.004602 1e-06 0.012706
1-1-0-0-1-1-0-2-2-3-0-2-2-3-0 188377 0.069145 0.003631 1e-06 0.012605
1-1-0-0-1-1-0-2-2-3-0-4-3-5-0 1578412 0.080539 0.005202 0 0.012754
1-1-0-0-1-1-0-4-3-5-0-0-1-1-0 2542069 0.09813 0.0077 1e-06 0.014108
1-1-0-0-1-1-0-4-3-5-0-2-2-3-0 1687902 0.088285 0.005763 1e-06 0.014404
1-1-0-0-1-1-0-4-3-5-0-4-3-5-0 12258976 0.123553 0.009796 0 0.01314
1-1-0-2-2-3-0-0-1-1-0-0-1-1-0 227118 0.073898 0.004293 1e-06 0.012737
1-1-0-2-2-3-0-0-1-1-0-2-2-3-0 308439 0.07177 0.004225 1e-06 0.012486
1-1-0-2-2-3-0-0-1-1-0-4-3-5-0 2318991 0.087462 0.005577 1e-06 0.012606
1-1-0-2-2-3-0-2-2-3-0-0-1-1-0 312856 0.069561 0.004015 1e-06 0.012458
1-1-0-2-2-3-0-2-2-3-0-2-2-3-0 229664 0.065587 0.003632 1e-06 0.012326
1-1-0-2-2-3-0-2-2-3-0-4-3-5-0 2036936 0.074679 0.00481 1e-06 0.012559
1-1-0-2-2-3-0-4-3-5-0-0-1-1-0 2736848 0.094616 0.006478 1e-06 0.012782
1-1-0-2-2-3-0-4-3-5-0-2-2-3-0 2056435 0.07939 0.006264 1e-06 0.012828
1-1-0-2-2-3-0-4-3-5-0-4-3-5-0 12037649 0.108124 0.010305 1e-06 0.012806
1-1-0-4-3-5-0-0-1-1-0-0-1-1-0 2382824 0.088866 0.006343 1e-06 0.013096
1-1-0-4-3-5-0-0-1-1-0-2-2-3-0 2694129 0.089686 0.00648 1e-06 0.013077
1-1-0-4-3-5-0-0-1-1-0-4-3-5-0 20205284 0.140094 0.012653 1e-06 0.013277
1-1-0-4-3-5-0-2-2-3-0-0-1-1-0 3006235 0.09234 0.006196 0 0.013027
1-1-0-4-3-5-0-2-2-3-0-2-2-3-0 2195693 0.085953 0.005584 1e-06 0.013049
1-1-0-4-3-5-0-2-2-3-0-4-3-5-0 17189893 0.116653 0.00972 1e-06 0.013026
1-1-0-4-3-5-0-4-3-5-0-0-1-1-0 19536812 0.136394 0.012912 1e-06 0.013323
1-1-0-4-3-5-0-4-3-5-0-2-2-3-0 12653171 0.117279 0.0102 1e-06 0.013336
1-1-0-4-3-5-0-4-3-5-0-4-3-5-0 66854831 0.247882 0.03133 1e-06 0.013401
2-3-0-0-1-1-0-0-1-1-0-0-1-1-0 166498 0.069209 0.004187 1e-06 0.012895
2-3-0-0-1-1-0-0-1-1-0-2-2-3-0 248813 0.074429 0.003986 1e-06 0.012492
2-3-0-0-1-1-0-0-1-1-0-4-3-5-0 1824440 0.083261 0.007916 1e-06 0.012489
2-3-0-0-1-1-0-2-2-3-0-0-1-1-0 455112 0.06265 0.00387 2e-06 0.012439
2-3-0-0-1-1-0-2-2-3-0-2-2-3-0 360293 0.067194 0.003685 1e-06 0.015476
2-3-0-0-1-1-0-2-2-3-0-4-3-5-0 3093998 0.076978 0.005171 1e-06 0.012511
2-3-0-0-1-1-0-4-3-5-0-0-1-1-0 3581853 0.084622 0.006197 0 0.012858
2-3-0-0-1-1-0-4-3-5-0-2-2-3-0 2663360 0.079432 0.005365 1e-06 0.012892
2-3-0-0-1-1-0-4-3-5-0-4-3-5-0 16161615 0.129314 0.010617 2e-06 0.016502
2-3-0-2-2-3-0-0-1-1-0-0-1-1-0 269113 0.064141 0.003849 0 0.012538
2-3-0-2-2-3-0-0-1-1-0-2-2-3-0 408400 0.063591 0.004027 1e-06 0.01243
2-3-0-2-2-3-0-0-1-1-0-4-3-5-0 2995057 0.07811 0.005305 1e-06 0.012552
2-3-0-2-2-3-0-2-2-3-0-0-1-1-0 365222 0.06082 0.00378 1e-06 0.012341
2-3-0-2-2-3-0-2-2-3-0-2-2-3-0 266338 0.060202 0.003583 1e-06 0.0123
2-3-0-2-2-3-0-2-2-3-0-4-3-5-0 2350930 0.072681 0.004641 2e-06 0.012275
2-3-0-2-2-3-0-4-3-5-0-0-1-1-0 3246243 0.080444 0.005976 1e-06 0.01265
2-3-0-2-2-3-0-4-3-5-0-2-2-3-0 2515710 0.076539 0.005724 1e-06 0.012887
2-3-0-2-2-3-0-4-3-5-0-4-3-5-0 14812754 0.113098 0.00973 0 0.012704
2-3-0-4-3-5-0-0-1-1-0-0-1-1-0 2005389 0.080246 0.005469 0 0.013046
2-3-0-4-3-5-0-0-1-1-0-2-2-3-0 2646121 0.078337 0.00525 1e-06 0.012978
2-3-0-4-3-5-0-0-1-1-0-4-3-5-0 18159506 0.113541 0.009307 1e-06 0.013057
2-3-0-4-3-5-0-2-2-3-0-0-1-1-0 2939091 0.07809 0.005068 1e-06 0.01299
2-3-0-4-3-5-0-2-2-3-0-2-2-3-0 2187268 0.073133 0.004712 1e-06 0.012795
2-3-0-4-3-5-0-2-2-3-0-4-3-5-0 16400959 0.104742 0.007993 1e-06 0.012917
2-3-0-4-3-5-0-4-3-5-0-0-1-1-0 17228423 0.120386 0.010348 1e-06 0.013112
2-3-0-4-3-5-0-4-3-5-0-2-2-3-0 11922624 0.107923 0.008699 1e-06 0.013126
2-3-0-4-3-5-0-4-3-5-0-4-3-5-0 59130651 0.212073 0.024329 1e-06 0.013207
3-5-0-0-1-1-0-0-1-1-0-0-1-1-0 1007175 0.08601 0.00576 1e-06 0.016622
3-5-0-0-1-1-0-0-1-1-0-2-2-3-0 988117 0.081242 0.005455 1e-06 0.012893
3-5-0-0-1-1-0-0-1-1-0-4-3-5-0 8148870 0.108175 0.007586 1e-06 0.013079
3-5-0-0-1-1-0-2-2-3-0-0-1-1-0 1862906 0.084461 0.0054 1e-06 0.013943
3-5-0-0-1-1-0-2-2-3-0-2-2-3-0 1307204 0.083124 0.004869 3e-06 0.013827
3-5-0-0-1-1-0-2-2-3-0-4-3-5-0 10491003 0.105189 0.008223 1e-06 0.012835
3-5-0-0-1-1-0-4-3-5-0-0-1-1-0 14250721 0.137265 0.010852 1e-06 0.013223
3-5-0-0-1-1-0-4-3-5-0-2-2-3-0 9085093 0.110457 0.00868 1e-06 0.013327
3-5-0-0-1-1-0-4-3-5-0-4-3-5-0 55174169 0.217533 0.022082 0 0.013563
3-5-0-2-2-3-0-0-1-1-0-0-1-1-0 1056404 0.081016 0.004867 1e-06 0.013089
3-5-0-2-2-3-0-0-1-1-0-2-2-3-0 1496081 0.078431 0.006136 1e-06 0.012705
3-5-0-2-2-3-0-0-1-1-0-4-3-5-0 10139913 0.103938 0.007011 6e-06 0.012829
3-5-0-2-2-3-0-2-2-3-0-0-1-1-0 1393155 0.088376 0.008381 1e-06 0.018381
3-5-0-2-2-3-0-2-2-3-0-2-2-3-0 939938 0.070526 0.004773 1e-06 0.012784
3-5-0-2-2-3-0-2-2-3-0-4-3-5-0 8004004 0.099332 0.007332 1e-06 0.012876
3-5-0-2-2-3-0-4-3-5-0-0-1-1-0 10539120 0.114327 0.009226 1e-06 0.015147
3-5-0-2-2-3-0-4-3-5-0-2-2-3-0 7520982 0.106434 0.013293 1e-06 0.012786
3-5-0-2-2-3-0-4-3-5-0-4-3-5-0 41179648 0.187921 0.023919 1e-06 0.01286
3-5-0-4-3-5-0-0-1-1-0-0-1-1-0 7765304 0.122611 0.008289 1e-06 0.015949
3-5-0-4-3-5-0-0-1-1-0-2-2-3-0 8091389 0.112929 0.007785 1e-06 0.012933
3-5-0-4-3-5-0-0-1-1-0-4-3-5-0 55175418 0.212461 0.025027 1e-06 0.012837
3-5-0-4-3-5-0-2-2-3-0-0-1-1-0 9092310 0.112234 0.007542 1e-06 0.012719
3-5-0-4-3-5-0-2-2-3-0-2-2-3-0 6348703 0.104944 0.007878 1e-06 0.012714
3-5-0-4-3-5-0-2-2-3-0-4-3-5-0 45773415 0.185369 0.022514 1e-06 0.01324
3-5-0-4-3-5-0-4-3-5-0-0-1-1-0 52630265 0.220995 0.026387 1e-06 0.013283
3-5-0-4-3-5-0-4-3-5-0-2-2-3-0 32665634 0.177609 0.019743 1e-06 0.013243
3-5-0-4-3-5-0-4-3-5-0-4-3-5-0 166867136 0.481524 0.075484 1e-06 0.013263
