0-0-1-1-0-0-1-1-0-0-1 188528 0.119778 0.005883 1e-06 0.039538
0-0-1-1-0-0-1-1-0-2-2 146148 0.092864 0.003187 0 0.036449
0-0-1-1-0-0-1-1-0-4-3 863044 0.068022 0.005124 0 0.006845
0-0-1-1-0-2-2-3-0-0-1 196108 0.057315 0.003157 1e-06 0.006836
0-0-1-1-0-2-2-3-0-2-2 226712 0.061753 0.003186 0 0.006899
0-0-1-1-0-2-2-3-0-4-3 902647 0.064188 0.003998 1e-06 0.007016
0-0-1-1-0-4-3-5-0-0-1 2034443 0.088208 0.006013 0 0.007385
0-0-1-1-0-4-3-5-0-2-2 1705498 0.080266 0.005677 1e-06 0.007298
0-0-1-1-0-4-3-5-0-4-3 6631528 0.103097 0.007784 1e-06 0.00732
0-2-2-3-0-0-1-1-0-0-1 123077 0.057663 0.003403 1e-06 0.007176
0-2-2-3-0-0-1-1-0-2-2 219503 0.063832 0.003789 0 0.007026
0-2-2-3-0-0-1-1-0-4-3 850321 0.101139 0.004 1e-06 0.04151
0-2-2-3-0-2-2-3-0-0-1 149919 0.057767 0.003368 1e-06 0.006481
0-2-2-3-0-2-2-3-0-2-2 163876 0.058987 0.002877 1e-06 0.00643
0-2-2-3-0-2-2-3-0-4-3 625402 0.061022 0.003608 1e-06 0.00649
0-2-2-3-0-4-3-5-0-0-1 1369799 0.075969 0.005724 1e-06 0.006718
0-2-2-3-0-4-3-5-0-2-2 1312522 0.06503 0.00509 1e-06 0.0067
0-2-2-3-0-4-3-5-0-4-3 4190131 0.072285 0.00692 1e-06 0.006351
0-4-3-5-0-0-1-1-0-0-1 1139429 0.062527 0.005519 1e-06 0.006672
0-4-3-5-0-0-1-1-0-2-2 1584734 0.061859 0.004585 1e-06 0.006786
0-4-3-5-0-0-1-1-0-4-3 6892753 0.077895 0.006965 0 0.006695
0-4-3-5-0-2-2-3-0-0-1 1261874 0.062801 0.004909 0 0.006706
0-4-3-5-0-2-2-3-0-2-2 1438868 0.07009 0.00499 0 0.006635
0-4-3-5-0-2-2-3-0-4-3 5005518 0.07943 0.006234 1e-06 0.006979
0-4-3-5-0-4-3-5-0-0-1 10335808 0.111118 0.010665 1e-06 0.00715
0-4-3-5-0-4-3-5-0-2-2 8888041 0.104026 0.011883 0 0.007269
0-4-3-5-0-4-3-5-0-4-3 28500286 0.272857 0.131813 1e-06 0.010009
1-1-0-0-1-1-0-0-1-1-0 188528 0.051743 0.003108 1e-06 0.006374
1-1-0-0-1-1-0-2-2-3-0 123077 0.055574 0.002743 0 0.006346
1-1-0-0-1-1-0-4-3-5-0 1139429 0.069491 0.004722 1e-06 0.00642
1-1-0-2-2-3-0-0-1-1-0 196108 0.048588 0.003032 1e-06 0.006164
1-1-0-2-2-3-0-2-2-3-0 149919 0.049771 0.003015 1e-06 0.006058
1-1-0-2-2-3-0-4-3-5-0 1261874 0.060298 0.00417 2e-06 0.006198
1-1-0-4-3-5-0-0-1-1-0 2034443 0.068329 0.004951 0 0.006518
1-1-0-4-3-5-0-2-2-3-0 1369799 0.058956 0.004155 0 0.006508
1-1-0-4-3-5-0-4-3-5-0 10335808 0.094831 0.009037 0 0.006566
2-3-0-0-1-1-0-0-1-1-0 146148 0.046723 0.00241 0 0.00626
2-3-0-0-1-1-0-2-2-3-0 219503 0.048447 0.002708 1e-06 0.006116
2-3-0-0-1-1-0-4-3-5-0 1584734 0.06323 0.006105 0 0.006214
2-3-0-2-2-3-0-0-1-1-0 226712 0.04452 0.002565 1e-06 0.005949
2-3-0-2-2-3-0-2-2-3-0 163876 0.043378 0.002364 0 0.005842
2-3-0-2-2-3-0-4-3-5-0 1438868 0.054968 0.003704 1e-06 0.006107
2-3-0-4-3-5-0-0-1-1-0 1705498 0.06872 0.004367 1e-06 0.00631
2-3-0-4-3-5-0-2-2-3-0 1312522 0.061526 0.003807 0 0.011444
2-3-0-4-3-5-0-4-3-5-0 8888041 0.081056 0.007108 1e-06 0.00629
3-5-0-0-1-1-0-0-1-1-0 863044 0.059957 0.003856 1e-06 0.00649
3-5-0-0-1-1-0-2-2-3-0 850321 0.059078 0.004252 1e-06 0.006337
3-5-0-0-1-1-0-4-3-5-0 6892753 0.084963 0.006248 0 0.006577
3-5-0-2-2-3-0-0-1-1-0 902647 0.053107 0.003853 1e-06 0.006371
3-5-0-2-2-3-0-2-2-3-0 625402 0.053531 0.003217 1e-06 0.006223
3-5-0-2-2-3-0-4-3-5-0 5005518 0.073351 0.006346 1e-06 0.00636
3-5-0-4-3-5-0-0-1-1-0 6631528 0.0922 0.007762 0 0.00666
3-5-0-4-3-5-0-2-2-3-0 4190131 0.08001 0.006296 1e-06 0.006589
3-5-0-4-3-5-0-4-3-5-0 28500286 0.208314 0.054854 1e-06 0.006647
