0-0-1-1-0-0-1-1-0-0-1-1-0-0-1 219989 0.145868 0.012761 1e-06 0.047505
0-0-1-1-0-0-1-1-0-0-1-1-0-2-2 166498 0.121304 0.011852 1e-06 0.046813
0-0-1-1-0-0-1-1-0-0-1-1-0-4-3 1007175 0.097327 0.013837 1e-06 0.013679
0-0-1-1-0-0-1-1-0-2-2-3-0-0-1 227118 0.083885 0.008745 1e-06 0.012167
0-0-1-1-0-0-1-1-0-2-2-3-0-2-2 269113 0.080801 0.007943 1e-06 0.013586
0-0-1-1-0-0-1-1-0-2-2-3-0-4-3 1056404 0.08973 0.011965 1e-06 0.013521
0-0-1-1-0-0-1-1-0-4-3-5-0-0-1 2382824 0.112921 0.012083 1e-06 0.012341
0-0-1-1-0-0-1-1-0-4-3-5-0-2-2 2005389 0.111185 0.013077 1e-06 0.017466
0-0-1-1-0-0-1-1-0-4-3-5-0-4-3 7765304 0.140425 0.018705 2e-06 0.015207
0-0-1-1-0-2-2-3-0-0-1-1-0-0-1 254087 0.162014 0.007654 0 0.091645
0-0-1-1-0-2-2-3-0-0-1-1-0-2-2 455112 0.087599 0.009589 1e-06 0.014278
0-0-1-1-0-2-2-3-0-0-1-1-0-4-3 1862906 0.094289 0.009819 1e-06 0.01435
0-0-1-1-0-2-2-3-0-2-2-3-0-0-1 312856 0.087102 0.007878 1e-06 0.011637
0-0-1-1-0-2-2-3-0-2-2-3-0-2-2 365222 0.105793 0.007372 1e-06 0.015889
0-0-1-1-0-2-2-3-0-2-2-3-0-4-3 1393155 0.124834 0.013118 1e-06 0.015968
0-0-1-1-0-2-2-3-0-4-3-5-0-0-1 3006235 0.124053 0.013839 1e-06 0.013884
0-0-1-1-0-2-2-3-0-4-3-5-0-2-2 2939091 0.11806 0.015314 0 0.012784
0-0-1-1-0-2-2-3-0-4-3-5-0-4-3 9092310 0.124449 0.020499 1e-06 0.011878
0-0-1-1-0-4-3-5-0-0-1-1-0-0-1 2542069 0.115753 0.017295 1e-06 0.013268
0-0-1-1-0-4-3-5-0-0-1-1-0-2-2 3581853 0.114981 0.016383 1e-06 0.01272
0-0-1-1-0-4-3-5-0-0-1-1-0-4-3 14250721 0.162713 0.030448 1e-06 0.012565
0-0-1-1-0-4-3-5-0-2-2-3-0-0-1 2736848 0.115506 0.016898 1e-06 0.012731
0-0-1-1-0-4-3-5-0-2-2-3-0-2-2 3246243 0.11399 0.016536 1e-06 0.012482
0-0-1-1-0-4-3-5-0-2-2-3-0-4-3 10539120 0.143369 0.022056 1e-06 0.01258
0-0-1-1-0-4-3-5-0-4-3-5-0-0-1 19536812 0.193212 0.046838 0 0.013712
0-0-1-1-0-4-3-5-0-4-3-5-0-2-2 17228423 0.172501 0.030754 1e-06 0.015167
0-0-1-1-0-4-3-5-0-4-3-5-0-4-3 52630265 0.317153 0.101544 1e-06 0.013108
0-2-2-3-0-0-1-1-0-0-1-1-0-0-1 141290 0.088322 0.009083 1e-06 0.012014
0-2-2-3-0-0-1-1-0-0-1-1-0-2-2 248813 0.094482 0.00763 1e-06 0.014243
0-2-2-3-0-0-1-1-0-0-1-1-0-4-3 988117 0.107582 0.010998 0 0.01542
0-2-2-3-0-0-1-1-0-2-2-3-0-0-1 308439 0.099892 0.007343 1e-06 0.013854
0-2-2-3-0-0-1-1-0-2-2-3-0-2-2 408400 0.101807 0.009658 1e-06 0.015696
0-2-2-3-0-0-1-1-0-2-2-3-0-4-3 1496081 0.113829 0.010766 1e-06 0.015694
0-2-2-3-0-0-1-1-0-4-3-5-0-0-1 2694129 0.131347 0.015165 1e-06 0.01347
0-2-2-3-0-0-1-1-0-4-3-5-0-2-2 2646121 0.126709 0.012313 1e-06 0.01274
0-2-2-3-0-0-1-1-0-4-3-5-0-4-3 8091389 0.156642 0.02353 0 0.012722
0-2-2-3-0-2-2-3-0-0-1-1-0-0-1 188377 0.080075 0.006377 0 0.011858
0-2-2-3-0-2-2-3-0-0-1-1-0-2-2 360293 0.084104 0.00881 1e-06 0.013631
0-2-2-3-0-2-2-3-0-0-1-1-0-4-3 1307204 0.087493 0.008762 1e-06 0.013409
0-2-2-3-0-2-2-3-0-2-2-3-0-0-1 229664 0.075587 0.007448 1e-06 0.011609
0-2-2-3-0-2-2-3-0-2-2-3-0-2-2 266338 0.079057 0.006837 1e-06 0.013558
0-2-2-3-0-2-2-3-0-2-2-3-0-4-3 939938 0.080728 0.009341 1e-06 0.013309
0-2-2-3-0-2-2-3-0-4-3-5-0-0-1 2195693 0.097132 0.01116 1e-06 0.013821
0-2-2-3-0-2-2-3-0-4-3-5-0-2-2 2187268 0.094591 0.010954 1e-06 0.011334
0-2-2-3-0-2-2-3-0-4-3-5-0-4-3 6348703 0.107106 0.013454 0 0.011349
0-2-2-3-0-4-3-5-0-0-1-1-0-0-1 1687902 0.101478 0.015327 0 0.012173
0-2-2-3-0-4-3-5-0-0-1-1-0-2-2 2663360 0.102698 0.013736 1e-06 0.012374
0-2-2-3-0-4-3-5-0-0-1-1-0-4-3 9085093 0.127553 0.023182 1e-06 0.012136
0-2-2-3-0-4-3-5-0-2-2-3-0-0-1 2056435 0.098717 0.014327 1e-06 0.012653
0-2-2-3-0-4-3-5-0-2-2-3-0-2-2 2515710 0.097153 0.013694 1e-06 0.01193
0-2-2-3-0-4-3-5-0-2-2-3-0-4-3 7520982 0.129113 0.026927 1e-06 0.011974
0-2-2-3-0-4-3-5-0-4-3-5-0-0-1 12653171 0.149606 0.031809 0 0.012453
0-2-2-3-0-4-3-5-0-4-3-5-0-2-2 11922624 0.147905 0.029331 1e-06 0.012809
0-2-2-3-0-4-3-5-0-4-3-5-0-4-3 32665634 0.285835 0.061335 2e-06 0.015773
0-4-3-5-0-0-1-1-0-0-1-1-0-0-1 1332890 0.135232 0.013029 1e-06 0.017209
0-4-3-5-0-0-1-1-0-0-1-1-0-2-2 1824440 0.142811 0.013818 1e-06 0.018446
0-4-3-5-0-0-1-1-0-0-1-1-0-4-3 8148870 0.168479 0.021404 1e-06 0.016733
0-4-3-5-0-0-1-1-0-2-2-3-0-0-1 2318991 0.134639 0.012977 2e-06 0.019866
0-4-3-5-0-0-1-1-0-2-2-3-0-2-2 2995057 0.132873 0.015003 1e-06 0.016406
0-4-3-5-0-0-1-1-0-2-2-3-0-4-3 10139913 0.163201 0.018151 1e-06 0.019434
0-4-3-5-0-0-1-1-0-4-3-5-0-0-1 20205284 0.218352 0.033307 2e-06 0.020432
0-4-3-5-0-0-1-1-0-4-3-5-0-2-2 18159506 0.222469 0.031073 1e-06 0.020819
0-4-3-5-0-0-1-1-0-4-3-5-0-4-3 55175418 0.361099 0.072446 2e-06 0.020408
0-4-3-5-0-2-2-3-0-0-1-1-0-0-1 1578412 0.132218 0.013053 1e-06 0.013862
0-4-3-5-0-2-2-3-0-0-1-1-0-2-2 3093998 0.131417 0.012766 2e-06 0.014277
0-4-3-5-0-2-2-3-0-0-1-1-0-4-3 10491003 0.193121 0.020163 2e-06 0.048671
0-4-3-5-0-2-2-3-0-2-2-3-0-0-1 2036936 0.127883 0.011802 1e-06 0.016877
0-4-3-5-0-2-2-3-0-2-2-3-0-2-2 2350930 0.120677 0.013518 1e-06 0.013529
0-4-3-5-0-2-2-3-0-2-2-3-0-4-3 8004004 0.136599 0.017085 1e-06 0.013493
0-4-3-5-0-2-2-3-0-4-3-5-0-0-1 17189893 0.171407 0.029066 1e-06 0.014033
0-4-3-5-0-2-2-3-0-4-3-5-0-2-2 16400959 0.150262 0.024051 1e-06 0.015578
0-4-3-5-0-2-2-3-0-4-3-5-0-4-3 45773415 0.231614 0.04561 1e-06 0.015433
0-4-3-5-0-4-3-5-0-0-1-1-0-0-1 12258976 0.168151 0.02803 1e-06 0.013901
0-4-3-5-0-4-3-5-0-0-1-1-0-2-2 16161615 0.168404 0.028309 1e-06 0.013812
0-4-3-5-0-4-3-5-0-0-1-1-0-4-3 55174169 0.29599 0.070004 0 0.013885
0-4-3-5-0-4-3-5-0-2-2-3-0-0-1 12037649 0.156547 0.025438 0 0.013757
0-4-3-5-0-4-3-5-0-2-2-3-0-2-2 14812754 0.161763 0.028092 0 0.013675
0-4-3-5-0-4-3-5-0-2-2-3-0-4-3 41179648 0.235794 0.05047 1e-06 0.01382
0-4-3-5-0-4-3-5-0-4-3-5-0-0-1 66854831 0.35938 0.101468 0 0.014526
0-4-3-5-0-4-3-5-0-4-3-5-0-2-2 59130651 0.321936 0.078431 1e-06 0.014622
0-4-3-5-0-4-3-5-0-4-3-5-0-4-3 166867136 0.698892 0.236186 0 0.014618
1-1-0-0-1-1-0-0-1-1-0-0-1-1-0 219989 0.093015 0.009503 1e-06 0.012785
1-1-0-0-1-1-0-0-1-1-0-2-2-3-0 141290 0.091924 0.007856 1e-06 0.015011
1-1-0-0-1-1-0-0-1-1-0-4-3-5-0 1332890 0.114732 0.011209 1e-06 0.015048
1-1-0-0-1-1-0-2-2-3-0-0-1-1-0 254087 0.083938 0.009959 1e-06 0.013011
1-1-0-0-1-1-0-2-2-3-0-2-2-3-0 188377 0.088201 0.008255 1e-06 0.014564
1-1-0-0-1-1-0-2-2-3-0-4-3-5-0 1578412 0.102166 0.011992 0 0.014923
1-1-0-0-1-1-0-4-3-5-0-0-1-1-0 2542069 0.119462 0.016344 1e-06 0.013595
1-1-0-0-1-1-0-4-3-5-0-2-2-3-0 1687902 0.111441 0.01418 1e-06 0.013213
1-1-0-0-1-1-0-4-3-5-0-4-3-5-0 12258976 0.15331 0.029438 0 0.013484
1-1-0-2-2-3-0-0-1-1-0-0-1-1-0 227118 0.081701 0.009218 1e-06 0.012205
1-1-0-2-2-3-0-0-1-1-0-2-2-3-0 308439 0.085639 0.007552 1e-06 0.014376
1-1-0-2-2-3-0-0-1-1-0-4-3-5-0 2318991 0.102241 0.012077 1e-06 0.014645
1-1-0-2-2-3-0-2-2-3-0-0-1-1-0 312856 0.076144 0.007031 1e-06 0.011815
1-1-0-2-2-3-0-2-2-3-0-2-2-3-0 229664 0.077403 0.008115 0 0.01411
1-1-0-2-2-3-0-2-2-3-0-4-3-5-0 2036936 0.08993 0.008891 1e-06 0.014281
1-1-0-2-2-3-0-4-3-5-0-0-1-1-0 2736848 0.103141 0.014464 1e-06 0.012509
1-1-0-2-2-3-0-4-3-5-0-2-2-3-0 2056435 0.097357 0.014868 1e-06 0.013429
1-1-0-2-2-3-0-4-3-5-0-4-3-5-0 12037649 0.147806 0.026698 1e-06 0.023478
1-1-0-4-3-5-0-0-1-1-0-0-1-1-0 2382824 0.107119 0.015338 1e-06 0.012799
1-1-0-4-3-5-0-0-1-1-0-2-2-3-0 2694129 0.100942 0.013157 1e-06 0.01267
1-1-0-4-3-5-0-0-1-1-0-4-3-5-0 20205284 0.156492 0.029662 1e-06 0.012944
1-1-0-4-3-5-0-2-2-3-0-0-1-1-0 3006235 0.107138 0.011871 1e-06 0.015354
1-1-0-4-3-5-0-2-2-3-0-2-2-3-0 2195693 0.095492 0.012797 1e-06 0.013516
1-1-0-4-3-5-0-2-2-3-0-4-3-5-0 17189893 0.137529 0.022787 0 0.012657
1-1-0-4-3-5-0-4-3-5-0-0-1-1-0 19536812 0.171925 0.033595 1e-06 0.015647
1-1-0-4-3-5-0-4-3-5-0-2-2-3-0 12653171 0.144576 0.027209 1e-06 0.013219
1-1-0-4-3-5-0-4-3-5-0-4-3-5-0 66854831 0.309247 0.079499 1e-06 0.014002
2-3-0-0-1-1-0-0-1-1-0-0-1-1-0 166498 0.084624 0.00733 1e-06 0.012185
2-3-0-0-1-1-0-0-1-1-0-2-2-3-0 248813 0.081682 0.005623 1e-06 0.013975
2-3-0-0-1-1-0-0-1-1-0-4-3-5-0 1824440 0.09404 0.010789 1e-06 0.014247
2-3-0-0-1-1-0-2-2-3-0-0-1-1-0 455112 0.074826 0.006451 1e-06 0.011581
2-3-0-0-1-1-0-2-2-3-0-2-2-3-0 360293 0.082526 0.007774 1e-06 0.013774
2-3-0-0-1-1-0-2-2-3-0-4-3-5-0 3093998 0.095209 0.008906 1e-06 0.016207
2-3-0-0-1-1-0-4-3-5-0-0-1-1-0 3581853 0.107533 0.014502 1e-06 0.012142
2-3-0-0-1-1-0-4-3-5-0-2-2-3-0 2663360 0.100594 0.012342 1e-06 0.012089
2-3-0-0-1-1-0-4-3-5-0-4-3-5-0 16161615 0.148718 0.0286 1e-06 0.012436
2-3-0-2-2-3-0-0-1-1-0-0-1-1-0 269113 0.070889 0.007848 1e-06 0.011253
2-3-0-2-2-3-0-0-1-1-0-2-2-3-0 408400 0.072842 0.006165 1e-06 0.013541
2-3-0-2-2-3-0-0-1-1-0-4-3-5-0 2995057 0.093269 0.011289 1e-06 0.013807
2-3-0-2-2-3-0-2-2-3-0-0-1-1-0 365222 0.066621 0.005339 1e-06 0.010929
2-3-0-2-2-3-0-2-2-3-0-2-2-3-0 266338 0.068681 0.006879 0 0.01326
2-3-0-2-2-3-0-2-2-3-0-4-3-5-0 2350930 0.089676 0.010697 0 0.013542
2-3-0-2-2-3-0-4-3-5-0-0-1-1-0 3246243 0.09509 0.012762 1e-06 0.011698
2-3-0-2-2-3-0-4-3-5-0-2-2-3-0 2515710 0.091004 0.015467 1e-06 0.011719
2-3-0-2-2-3-0-4-3-5-0-4-3-5-0 14812754 0.140554 0.025401 1e-06 0.011888
2-3-0-4-3-5-0-0-1-1-0-0-1-1-0 2005389 0.092353 0.012363 1e-06 0.012969
2-3-0-4-3-5-0-0-1-1-0-2-2-3-0 2646121 0.092425 0.011167 2e-06 0.012471
2-3-0-4-3-5-0-0-1-1-0-4-3-5-0 18159506 0.142397 0.024932 0 0.012716
2-3-0-4-3-5-0-2-2-3-0-0-1-1-0 2939091 0.098804 0.010572 0 0.014771
2-3-0-4-3-5-0-2-2-3-0-2-2-3-0 2187268 0.085871 0.010852 0 0.012285
2-3-0-4-3-5-0-2-2-3-0-4-3-5-0 16400959 0.129307 0.019805 1e-06 0.012483
2-3-0-4-3-5-0-4-3-5-0-0-1-1-0 17228423 0.149458 0.02516 1e-06 0.015571
2-3-0-4-3-5-0-4-3-5-0-2-2-3-0 11922624 0.129307 0.024793 0 0.012982
2-3-0-4-3-5-0-4-3-5-0-4-3-5-0 59130651 0.279344 0.076966 0 0.013698
3-5-0-0-1-1-0-0-1-1-0-0-1-1-0 1007175 0.102156 0.014135 1e-06 0.012864
3-5-0-0-1-1-0-0-1-1-0-2-2-3-0 988117 0.094989 0.010117 1e-06 0.013984
3-5-0-0-1-1-0-0-1-1-0-4-3-5-0 8148870 0.135899 0.018657 0 0.014014
3-5-0-0-1-1-0-2-2-3-0-0-1-1-0 1862906 0.090045 0.010783 1e-06 0.014205
3-5-0-0-1-1-0-2-2-3-0-2-2-3-0 1307204 0.088871 0.011715 1e-06 0.012516
3-5-0-0-1-1-0-2-2-3-0-4-3-5-0 10491003 0.120532 0.016026 1e-06 0.013375
3-5-0-0-1-1-0-4-3-5-0-0-1-1-0 14250721 0.164994 0.028842 0 0.015772
3-5-0-0-1-1-0-4-3-5-0-2-2-3-0 9085093 0.138049 0.018319 1e-06 0.013505
3-5-0-0-1-1-0-4-3-5-0-4-3-5-0 55174169 0.281306 0.059214 1e-06 0.014105
3-5-0-2-2-3-0-0-1-1-0-0-1-1-0 1056404 0.092342 0.010156 1e-06 0.012464
3-5-0-2-2-3-0-0-1-1-0-2-2-3-0 1496081 0.095466 0.010984 0 0.013231
3-5-0-2-2-3-0-0-1-1-0-4-3-5-0 10139913 0.145086 0.016671 1e-06 0.0131
3-5-0-2-2-3-0-2-2-3-0-0-1-1-0 1393155 0.105236 0.014893 1e-06 0.015267
3-5-0-2-2-3-0-2-2-3-0-2-2-3-0 939938 0.08555 0.010395 0 0.012787
3-5-0-2-2-3-0-2-2-3-0-4-3-5-0 8004004 0.1226 0.016981 1e-06 0.014774
3-5-0-2-2-3-0-4-3-5-0-0-1-1-0 10539120 0.154789 0.024586 1e-06 0.013619
3-5-0-2-2-3-0-4-3-5-0-2-2-3-0 7520982 0.142898 0.029777 0 0.01338
3-5-0-2-2-3-0-4-3-5-0-4-3-5-0 41179648 0.271065 0.057736 1e-06 0.033858
3-5-0-4-3-5-0-0-1-1-0-0-1-1-0 7765304 0.15908 0.02374 1e-06 0.013753
3-5-0-4-3-5-0-0-1-1-0-2-2-3-0 8091389 0.153341 0.022357 1e-06 0.0143
3-5-0-4-3-5-0-0-1-1-0-4-3-5-0 55175418 0.29947 0.079617 1e-06 0.014659
3-5-0-4-3-5-0-2-2-3-0-0-1-1-0 9092310 0.154197 0.020077 1e-06 0.013539
3-5-0-4-3-5-0-2-2-3-0-2-2-3-0 6348703 0.137614 0.019766 1e-06 0.013932
3-5-0-4-3-5-0-2-2-3-0-4-3-5-0 45773415 0.264224 0.074349 1e-06 0.013953
3-5-0-4-3-5-0-4-3-5-0-0-1-1-0 52630265 0.301494 0.070033 0 0.014459
3-5-0-4-3-5-0-4-3-5-0-2-2-3-0 32665634 0.259875 0.069015 1e-06 0.014365
3-5-0-4-3-5-0-4-3-5-0-4-3-5-0 166867136 0.670066 0.223038 1e-06 0.014465
