0-0-1-1-0 285299 0.038562 0.002519 0 0.009938
0-2-2-3-0 121022 0.021946 0.000846 1e-06 0.004105
0-4-3-5-0 1015379 0.031421 0.001414 0 0.001185
1-1-0-0-1 136551 0.015304 0.000764 1e-06 0.001055
1-1-0-2-2 53154 0.016753 0.000696 0 0.001197
1-1-0-4-3 315769 0.01911 0.000935 0 0.001087
2-3-0-0-1 53154 0.013035 0.00059 0 0.001016
2-3-0-2-2 88299 0.015002 0.000616 0 0.001031
2-3-0-4-3 178486 0.016861 0.000769 0 0.00098
3-5-0-0-1 315769 0.026488 0.001351 0 0.001218
3-5-0-2-2 178486 0.021554 0.001122 0 0.001331
3-5-0-4-3 1388715 0.025959 0.002061 0 0.001352
