0-0-1-1-0 285299 0.050196 0.003412 0 0.010639
0-2-2-3-0 121022 0.027716 0.001016 0 0.005432
0-4-3-5-0 1015379 0.035868 0.001697 0 0.001544
1-1-0-0-1 136551 0.018687 0.000872 0 0.001206
1-1-0-2-2 53154 0.020297 0.000787 0 0.001354
1-1-0-4-3 315769 0.02254 0.001043 0 0.001144
2-3-0-0-1 53154 0.015207 0.000661 0 0.001096
2-3-0-2-2 88299 0.01749 0.000666 0 0.001118
2-3-0-4-3 178486 0.01896 0.000811 0 0.001062
3-5-0-0-1 315769 0.028339 0.001423 0 0.001277
3-5-0-2-2 178486 0.025441 0.00118 0 0.001433
3-5-0-4-3 1388715 0.029194 0.00214 0 0.001403
