0-0-1-1-0-0-1-1-0 335557 0.068408 0.003878 1e-06 0.021461
0-0-1-1-0-2-2-3-0 268471 0.049379 0.002286 1e-06 0.017604
0-0-1-1-0-4-3-5-0 2432007 0.067488 0.004207 1e-06 0.004814
0-2-2-3-0-0-1-1-0 268471 0.038778 0.002646 0 0.004292
0-2-2-3-0-2-2-3-0 190956 0.041683 0.002491 1e-06 0.004415
0-2-2-3-0-4-3-5-0 1621994 0.052598 0.004037 0 0.004558
0-4-3-5-0-0-1-1-0 2432007 0.065809 0.004363 1e-06 0.004918
0-4-3-5-0-2-2-3-0 1621994 0.053858 0.003741 0 0.004998
0-4-3-5-0-4-3-5-0 12688413 0.132435 0.030382 1e-06 0.005199
1-1-0-0-1-1-0-0-1 153801 0.040918 0.002123 0 0.004968
1-1-0-0-1-1-0-2-2 67241 0.047603 0.002262 0 0.004734
1-1-0-0-1-1-0-4-3 396994 0.047785 0.00334 0 0.004766
1-1-0-2-2-3-0-0-1 87814 0.040917 0.002014 0 0.004629
1-1-0-2-2-3-0-2-2 88874 0.040696 0.002099 1e-06 0.004632
1-1-0-2-2-3-0-4-3 331471 0.046019 0.002975 0 0.004548
1-1-0-4-3-5-0-0-1 836840 0.051966 0.003441 0 0.004866
1-1-0-4-3-5-0-2-2 643365 0.051806 0.003256 0 0.004838
1-1-0-4-3-5-0-4-3 2611622 0.060325 0.004529 0 0.00492
2-3-0-0-1-1-0-0-1 67241 0.053898 0.001864 1e-06 0.021893
2-3-0-0-1-1-0-2-2 137950 0.037696 0.001961 0 0.00435
2-3-0-0-1-1-0-4-3 380406 0.040314 0.002292 0 0.004271
2-3-0-2-2-3-0-0-1 88874 0.034852 0.001849 1e-06 0.004208
2-3-0-2-2-3-0-2-2 127045 0.035884 0.001856 0 0.004111
2-3-0-2-2-3-0-4-3 333878 0.038167 0.002645 0 0.004174
2-3-0-4-3-5-0-0-1 643365 0.047319 0.003138 0 0.00442
2-3-0-4-3-5-0-2-2 640634 0.045391 0.002903 0 0.004497
2-3-0-4-3-5-0-4-3 1988788 0.052751 0.0036 0 0.004468
3-5-0-0-1-1-0-0-1 396994 0.046491 0.003158 0 0.004692
3-5-0-0-1-1-0-2-2 380406 0.04764 0.002699 0 0.00457
3-5-0-0-1-1-0-4-3 2529240 0.061022 0.004496 0 0.004723
3-5-0-2-2-3-0-0-1 331471 0.04278 0.002738 1e-06 0.004626
3-5-0-2-2-3-0-2-2 333878 0.040601 0.002831 1e-06 0.004606
3-5-0-2-2-3-0-4-3 1490343 0.046639 0.00361 1e-06 0.004277
3-5-0-4-3-5-0-0-1 2611622 0.059702 0.005119 0 0.004542
3-5-0-4-3-5-0-2-2 1988788 0.054119 0.004244 0 0.004545
3-5-0-4-3-5-0-4-3 8847469 0.078903 0.008305 0 0.004535
