0-0-1-1-0-0-1-1-0-0-1-1-0-0-1 219989 0.158588 0.017942 1e-06 0.046136
0-0-1-1-0-0-1-1-0-0-1-1-0-2-2 166498 0.143992 0.018814 0 0.045345
0-0-1-1-0-0-1-1-0-0-1-1-0-4-3 1007175 0.122595 0.022359 1e-06 0.015104
0-0-1-1-0-0-1-1-0-2-2-3-0-0-1 227118 0.097033 0.01342 1e-06 0.013533
0-0-1-1-0-0-1-1-0-2-2-3-0-2-2 269113 0.107696 0.016091 1e-06 0.014976
0-0-1-1-0-0-1-1-0-2-2-3-0-4-3 1056404 0.115963 0.017143 1e-06 0.015306
0-0-1-1-0-0-1-1-0-4-3-5-0-0-1 2382824 0.14751 0.023351 0 0.015882
0-0-1-1-0-0-1-1-0-4-3-5-0-2-2 2005389 0.14694 0.022885 1e-06 0.028846
0-0-1-1-0-0-1-1-0-4-3-5-0-4-3 7765304 0.165488 0.030495 0 0.025763
0-0-1-1-0-2-2-3-0-0-1-1-0-0-1 254087 0.091908 0.010841 0 0.014975
0-0-1-1-0-2-2-3-0-0-1-1-0-2-2 455112 0.098696 0.012546 1e-06 0.015125
0-0-1-1-0-2-2-3-0-0-1-1-0-4-3 1862906 0.1052 0.016176 1e-06 0.015068
0-0-1-1-0-2-2-3-0-2-2-3-0-0-1 312856 0.090364 0.010412 1e-06 0.012403
0-0-1-1-0-2-2-3-0-2-2-3-0-2-2 365222 0.100542 0.010903 0 0.01485
0-0-1-1-0-2-2-3-0-2-2-3-0-4-3 1393155 0.156146 0.027052 0 0.015013
0-0-1-1-0-2-2-3-0-4-3-5-0-0-1 3006235 0.162962 0.022993 1e-06 0.020966
0-0-1-1-0-2-2-3-0-4-3-5-0-2-2 2939091 0.14451 0.021245 1e-06 0.017766
0-0-1-1-0-2-2-3-0-4-3-5-0-4-3 9092310 0.195855 0.042032 2e-06 0.01777
0-0-1-1-0-4-3-5-0-0-1-1-0-0-1 2542069 0.18793 0.033005 1e-06 0.020104
0-0-1-1-0-4-3-5-0-0-1-1-0-2-2 3581853 0.191052 0.030114 1e-06 0.019208
0-0-1-1-0-4-3-5-0-0-1-1-0-4-3 14250721 0.241042 0.054161 1e-06 0.019575
0-0-1-1-0-4-3-5-0-2-2-3-0-0-1 2736848 0.155795 0.027531 1e-06 0.018511
0-0-1-1-0-4-3-5-0-2-2-3-0-2-2 3246243 0.151626 0.02677 1e-06 0.01796
0-0-1-1-0-4-3-5-0-2-2-3-0-4-3 10539120 0.183074 0.037597 1e-06 0.018008
0-0-1-1-0-4-3-5-0-4-3-5-0-0-1 19536812 0.265154 0.083358 1e-06 0.019221
0-0-1-1-0-4-3-5-0-4-3-5-0-2-2 17228423 0.239704 0.055953 1e-06 0.021149
0-0-1-1-0-4-3-5-0-4-3-5-0-4-3 52630265 0.410524 0.16132 1e-06 0.019318
0-2-2-3-0-0-1-1-0-0-1-1-0-0-1 141290 0.119518 0.014728 1e-06 0.01649
0-2-2-3-0-0-1-1-0-0-1-1-0-2-2 248813 0.117659 0.014439 1e-06 0.018856
0-2-2-3-0-0-1-1-0-0-1-1-0-4-3 988117 0.133446 0.017168 1e-06 0.018949
0-2-2-3-0-0-1-1-0-2-2-3-0-0-1 308439 0.112339 0.013025 1e-06 0.017052
0-2-2-3-0-0-1-1-0-2-2-3-0-2-2 408400 0.108446 0.012978 0 0.018295
0-2-2-3-0-0-1-1-0-2-2-3-0-4-3 1496081 0.124634 0.01809 1e-06 0.018322
0-2-2-3-0-0-1-1-0-4-3-5-0-0-1 2694129 0.144969 0.023564 0 0.017276
0-2-2-3-0-0-1-1-0-4-3-5-0-2-2 2646121 0.135052 0.021778 0 0.016758
0-2-2-3-0-0-1-1-0-4-3-5-0-4-3 8091389 0.169806 0.037094 0 0.016755
0-2-2-3-0-2-2-3-0-0-1-1-0-0-1 188377 0.095717 0.011135 1e-06 0.016079
0-2-2-3-0-2-2-3-0-0-1-1-0-2-2 360293 0.102351 0.013135 1e-06 0.017871
0-2-2-3-0-2-2-3-0-0-1-1-0-4-3 1307204 0.106607 0.013285 1e-06 0.018146
0-2-2-3-0-2-2-3-0-2-2-3-0-0-1 229664 0.093159 0.010831 1e-06 0.015899
0-2-2-3-0-2-2-3-0-2-2-3-0-2-2 266338 0.095909 0.01107 1e-06 0.017576
0-2-2-3-0-2-2-3-0-2-2-3-0-4-3 939938 0.103382 0.014086 1e-06 0.020346
0-2-2-3-0-2-2-3-0-4-3-5-0-0-1 2195693 0.129571 0.019988 0 0.017189
0-2-2-3-0-2-2-3-0-4-3-5-0-2-2 2187268 0.126093 0.018427 1e-06 0.015983
0-2-2-3-0-2-2-3-0-4-3-5-0-4-3 6348703 0.139566 0.024816 1e-06 0.015998
0-2-2-3-0-4-3-5-0-0-1-1-0-0-1 1687902 0.134717 0.025567 0 0.017528
0-2-2-3-0-4-3-5-0-0-1-1-0-2-2 2663360 0.135194 0.023109 1e-06 0.01761
0-2-2-3-0-4-3-5-0-0-1-1-0-4-3 9085093 0.176201 0.041372 1e-06 0.017242
0-2-2-3-0-4-3-5-0-2-2-3-0-0-1 2056435 0.130884 0.023048 1e-06 0.017905
0-2-2-3-0-4-3-5-0-2-2-3-0-2-2 2515710 0.129442 0.023157 0 0.016956
0-2-2-3-0-4-3-5-0-2-2-3-0-4-3 7520982 0.16927 0.044057 1e-06 0.017024
0-2-2-3-0-4-3-5-0-4-3-5-0-0-1 12653171 0.210767 0.060051 1e-06 0.017958
0-2-2-3-0-4-3-5-0-4-3-5-0-2-2 11922624 0.200599 0.054411 1e-06 0.018467
0-2-2-3-0-4-3-5-0-4-3-5-0-4-3 32665634 0.300767 0.107113 0 0.018179
0-4-3-5-0-0-1-1-0-0-1-1-0-0-1 1332890 0.150907 0.02298 0 0.018906
0-4-3-5-0-0-1-1-0-0-1-1-0-2-2 1824440 0.154356 0.027339 0 0.01954
0-4-3-5-0-0-1-1-0-0-1-1-0-4-3 8148870 0.188548 0.03752 1e-06 0.019595
0-4-3-5-0-0-1-1-0-2-2-3-0-0-1 2318991 0.144889 0.023315 1e-06 0.022726
0-4-3-5-0-0-1-1-0-2-2-3-0-2-2 2995057 0.161374 0.029299 1e-06 0.018595
0-4-3-5-0-0-1-1-0-2-2-3-0-4-3 10139913 0.187364 0.039914 1e-06 0.018513
0-4-3-5-0-0-1-1-0-4-3-5-0-0-1 20205284 0.276751 0.065477 1e-06 0.021348
0-4-3-5-0-0-1-1-0-4-3-5-0-2-2 18159506 0.269054 0.058189 1e-06 0.021394
0-4-3-5-0-0-1-1-0-4-3-5-0-4-3 55175418 0.422087 0.113946 1e-06 0.021084
0-4-3-5-0-2-2-3-0-0-1-1-0-0-1 1578412 0.170786 0.021162 2e-06 0.03168
0-4-3-5-0-2-2-3-0-0-1-1-0-2-2 3093998 0.179737 0.023704 2e-06 0.030801
0-4-3-5-0-2-2-3-0-0-1-1-0-4-3 10491003 0.154528 0.033711 1e-06 0.016574
0-4-3-5-0-2-2-3-0-2-2-3-0-0-1 2036936 0.12049 0.019799 1e-06 0.017436
0-4-3-5-0-2-2-3-0-2-2-3-0-2-2 2350930 0.119466 0.019642 1e-06 0.015168
0-4-3-5-0-2-2-3-0-2-2-3-0-4-3 8004004 0.140199 0.030353 1e-06 0.015176
0-4-3-5-0-2-2-3-0-4-3-5-0-0-1 17189893 0.188208 0.048534 1e-06 0.016104
0-4-3-5-0-2-2-3-0-4-3-5-0-2-2 16400959 0.199188 0.043455 0 0.027745
0-4-3-5-0-2-2-3-0-4-3-5-0-4-3 45773415 0.282542 0.085325 1e-06 0.018354
0-4-3-5-0-4-3-5-0-0-1-1-0-0-1 12258976 0.21286 0.052481 1e-06 0.017012
0-4-3-5-0-4-3-5-0-0-1-1-0-2-2 16161615 0.215353 0.050328 1e-06 0.017028
0-4-3-5-0-4-3-5-0-0-1-1-0-4-3 55174169 0.359397 0.123492 1e-06 0.01708
0-4-3-5-0-4-3-5-0-2-2-3-0-0-1 12037649 0.21625 0.050292 0 0.017073
0-4-3-5-0-4-3-5-0-2-2-3-0-2-2 14812754 0.210658 0.054782 1e-06 0.018063
0-4-3-5-0-4-3-5-0-2-2-3-0-4-3 41179648 0.318793 0.104915 1e-06 0.01733
0-4-3-5-0-4-3-5-0-4-3-5-0-0-1 66854831 0.467882 0.181098 0 0.017949
0-4-3-5-0-4-3-5-0-4-3-5-0-2-2 59130651 0.445275 0.153345 1e-06 0.017946
0-4-3-5-0-4-3-5-0-4-3-5-0-4-3 166867136 1.07358 0.428319 1e-06 0.018822
1-1-0-0-1-1-0-0-1-1-0-0-1-1-0 219989 0.153359 0.014962 1e-06 0.02236
1-1-0-0-1-1-0-0-1-1-0-2-2-3-0 141290 0.138713 0.013422 1e-06 0.017448
1-1-0-0-1-1-0-0-1-1-0-4-3-5-0 1332890 0.166274 0.020895 1e-06 0.017754
1-1-0-0-1-1-0-2-2-3-0-0-1-1-0 254087 0.116208 0.014219 1e-06 0.014964
1-1-0-0-1-1-0-2-2-3-0-2-2-3-0 188377 0.123189 0.012216 1e-06 0.017199
1-1-0-0-1-1-0-2-2-3-0-4-3-5-0 1578412 0.134427 0.018536 1e-06 0.017611
1-1-0-0-1-1-0-4-3-5-0-0-1-1-0 2542069 0.167268 0.029556 1e-06 0.015242
1-1-0-0-1-1-0-4-3-5-0-2-2-3-0 1687902 0.126448 0.02096 1e-06 0.014072
1-1-0-0-1-1-0-4-3-5-0-4-3-5-0 12258976 0.221319 0.052119 0 0.014668
1-1-0-2-2-3-0-0-1-1-0-0-1-1-0 227118 0.212365 0.015162 1e-06 0.094303
1-1-0-2-2-3-0-0-1-1-0-2-2-3-0 308439 0.135445 0.014329 1e-06 0.018901
1-1-0-2-2-3-0-0-1-1-0-4-3-5-0 2318991 0.162444 0.021821 1e-06 0.0198
1-1-0-2-2-3-0-2-2-3-0-0-1-1-0 312856 0.116894 0.013226 1e-06 0.014984
1-1-0-2-2-3-0-2-2-3-0-2-2-3-0 229664 0.110254 0.01367 1e-06 0.018436
1-1-0-2-2-3-0-2-2-3-0-4-3-5-0 2036936 0.12181 0.016394 1e-06 0.016589
1-1-0-2-2-3-0-4-3-5-0-0-1-1-0 2736848 0.151065 0.023614 1e-06 0.021763
1-1-0-2-2-3-0-4-3-5-0-2-2-3-0 2056435 0.138139 0.024097 1e-06 0.027999
1-1-0-2-2-3-0-4-3-5-0-4-3-5-0 12037649 0.198883 0.049944 1e-06 0.014713
1-1-0-4-3-5-0-0-1-1-0-0-1-1-0 2382824 0.148761 0.025561 0 0.016235
1-1-0-4-3-5-0-0-1-1-0-2-2-3-0 2694129 0.125195 0.023001 0 0.015736
1-1-0-4-3-5-0-0-1-1-0-4-3-5-0 20205284 0.206111 0.052546 1e-06 0.016105
1-1-0-4-3-5-0-2-2-3-0-0-1-1-0 3006235 0.128691 0.021021 1e-06 0.017957
1-1-0-4-3-5-0-2-2-3-0-2-2-3-0 2195693 0.114266 0.019488 1e-06 0.015204
1-1-0-4-3-5-0-2-2-3-0-4-3-5-0 17189893 0.201857 0.044466 1e-06 0.015634
1-1-0-4-3-5-0-4-3-5-0-0-1-1-0 19536812 0.271653 0.061827 1e-06 0.02098
1-1-0-4-3-5-0-4-3-5-0-2-2-3-0 12653171 0.206542 0.047721 1e-06 0.017458
1-1-0-4-3-5-0-4-3-5-0-4-3-5-0 66854831 0.408972 0.153665 1e-06 0.017132
2-3-0-0-1-1-0-0-1-1-0-0-1-1-0 166498 0.099158 0.010914 1e-06 0.013358
2-3-0-0-1-1-0-0-1-1-0-2-2-3-0 248813 0.093323 0.010385 1e-06 0.015357
2-3-0-0-1-1-0-0-1-1-0-4-3-5-0 1824440 0.109067 0.015779 1e-06 0.015681
2-3-0-0-1-1-0-2-2-3-0-0-1-1-0 455112 0.087107 0.010216 2e-06 0.012787
2-3-0-0-1-1-0-2-2-3-0-2-2-3-0 360293 0.084032 0.01063 1e-06 0.014898
2-3-0-0-1-1-0-2-2-3-0-4-3-5-0 3093998 0.105251 0.015489 1e-06 0.015301
2-3-0-0-1-1-0-4-3-5-0-0-1-1-0 3581853 0.125016 0.022071 1e-06 0.014036
2-3-0-0-1-1-0-4-3-5-0-2-2-3-0 2663360 0.114424 0.018273 1e-06 0.01403
2-3-0-0-1-1-0-4-3-5-0-4-3-5-0 16161615 0.181699 0.048618 0 0.014387
2-3-0-2-2-3-0-0-1-1-0-0-1-1-0 269113 0.084525 0.011381 0 0.012534
2-3-0-2-2-3-0-0-1-1-0-2-2-3-0 408400 0.088488 0.010811 1e-06 0.014589
2-3-0-2-2-3-0-0-1-1-0-4-3-5-0 2995057 0.113006 0.016081 0 0.015013
2-3-0-2-2-3-0-2-2-3-0-0-1-1-0 365222 0.076437 0.009802 1e-06 0.011997
2-3-0-2-2-3-0-2-2-3-0-2-2-3-0 266338 0.07887 0.009622 1e-06 0.014206
2-3-0-2-2-3-0-2-2-3-0-4-3-5-0 2350930 0.096424 0.013348 0 0.014619
2-3-0-2-2-3-0-4-3-5-0-0-1-1-0 3246243 0.11502 0.019669 1e-06 0.013306
2-3-0-2-2-3-0-4-3-5-0-2-2-3-0 2515710 0.106797 0.017502 1e-06 0.013296
2-3-0-2-2-3-0-4-3-5-0-4-3-5-0 14812754 0.164779 0.043957 1e-06 0.013657
2-3-0-4-3-5-0-0-1-1-0-0-1-1-0 2005389 0.114365 0.019191 1e-06 0.014853
2-3-0-4-3-5-0-0-1-1-0-2-2-3-0 2646121 0.113823 0.019099 1e-06 0.014738
2-3-0-4-3-5-0-0-1-1-0-4-3-5-0 18159506 0.17359 0.043172 0 0.015189
2-3-0-4-3-5-0-2-2-3-0-0-1-1-0 2939091 0.110498 0.017544 1e-06 0.01688
2-3-0-4-3-5-0-2-2-3-0-2-2-3-0 2187268 0.103735 0.016763 1e-06 0.014339
2-3-0-4-3-5-0-2-2-3-0-4-3-5-0 16400959 0.159085 0.037358 0 0.014647
2-3-0-4-3-5-0-4-3-5-0-0-1-1-0 17228423 0.200285 0.050891 0 0.018193
2-3-0-4-3-5-0-4-3-5-0-2-2-3-0 11922624 0.166597 0.042131 1e-06 0.015775
2-3-0-4-3-5-0-4-3-5-0-4-3-5-0 59130651 0.361008 0.130255 1e-06 0.016517
3-5-0-0-1-1-0-0-1-1-0-0-1-1-0 1007175 0.147017 0.023881 0 0.029424
3-5-0-0-1-1-0-0-1-1-0-2-2-3-0 988117 0.1307 0.019147 1e-06 0.020441
3-5-0-0-1-1-0-0-1-1-0-4-3-5-0 8148870 0.177437 0.033661 1e-06 0.016769
3-5-0-0-1-1-0-2-2-3-0-0-1-1-0 1862906 0.118308 0.019675 1e-06 0.014959
3-5-0-0-1-1-0-2-2-3-0-2-2-3-0 1307204 0.117757 0.018194 1e-06 0.015091
3-5-0-0-1-1-0-2-2-3-0-4-3-5-0 10491003 0.157789 0.028919 1e-06 0.015975
3-5-0-0-1-1-0-4-3-5-0-0-1-1-0 14250721 0.221212 0.054028 1e-06 0.018712
3-5-0-0-1-1-0-4-3-5-0-2-2-3-0 9085093 0.18483 0.034496 1e-06 0.016928
3-5-0-0-1-1-0-4-3-5-0-4-3-5-0 55174169 0.360688 0.109043 1e-06 0.017376
3-5-0-2-2-3-0-0-1-1-0-0-1-1-0 1056404 0.118833 0.017807 1e-06 0.014747
3-5-0-2-2-3-0-0-1-1-0-2-2-3-0 1496081 0.121027 0.019401 1e-06 0.015719
3-5-0-2-2-3-0-0-1-1-0-4-3-5-0 10139913 0.166807 0.030669 1e-06 0.015543
3-5-0-2-2-3-0-2-2-3-0-0-1-1-0 1393155 0.129314 0.023528 1e-06 0.019033
3-5-0-2-2-3-0-2-2-3-0-2-2-3-0 939938 0.110449 0.018365 1e-06 0.014968
3-5-0-2-2-3-0-2-2-3-0-4-3-5-0 8004004 0.159232 0.029829 0 0.02022
3-5-0-2-2-3-0-4-3-5-0-0-1-1-0 10539120 0.191921 0.043937 1e-06 0.015785
3-5-0-2-2-3-0-4-3-5-0-2-2-3-0 7520982 0.192112 0.048896 1e-06 0.01632
3-5-0-2-2-3-0-4-3-5-0-4-3-5-0 41179648 0.310685 0.091396 1e-06 0.016175
3-5-0-4-3-5-0-0-1-1-0-0-1-1-0 7765304 0.215415 0.041892 1e-06 0.017334
3-5-0-4-3-5-0-0-1-1-0-2-2-3-0 8091389 0.215534 0.0434 1e-06 0.018684
3-5-0-4-3-5-0-0-1-1-0-4-3-5-0 55175418 0.36568 0.115812 1e-06 0.019218
3-5-0-4-3-5-0-2-2-3-0-0-1-1-0 9092310 0.198403 0.038656 1e-06 0.016951
3-5-0-4-3-5-0-2-2-3-0-2-2-3-0 6348703 0.180913 0.036741 1e-06 0.018236
3-5-0-4-3-5-0-2-2-3-0-4-3-5-0 45773415 0.313062 0.09364 0 0.017364
3-5-0-4-3-5-0-4-3-5-0-0-1-1-0 52630265 0.404878 0.13656 1e-06 0.018553
3-5-0-4-3-5-0-4-3-5-0-2-2-3-0 32665634 0.34337 0.104475 1e-06 0.018466
3-5-0-4-3-5-0-4-3-5-0-4-3-5-0 166867136 0.940507 0.423626 1e-06 0.018766
