0-0-1-1-0-0-1-1-0-0-1-1-0-0-1 219989 0.111776 0.032799 1e-06 0.054514
0-0-1-1-0-0-1-1-0-0-1-1-0-2-2 166498 0.088236 0.019522 1e-06 0.049936
0-0-1-1-0-0-1-1-0-0-1-1-0-4-3 1007175 0.083716 0.020235 1e-06 0.043312
0-0-1-1-0-0-1-1-0-2-2-3-0-0-1 227118 0.08482 0.015712 1e-06 0.043074
0-0-1-1-0-0-1-1-0-2-2-3-0-2-2 269113 0.069613 0.015808 1e-06 0.043261
0-0-1-1-0-0-1-1-0-2-2-3-0-4-3 1056404 0.037351 0.015977 1e-06 0.011712
0-0-1-1-0-0-1-1-0-4-3-5-0-0-1 2382824 0.09223 0.027102 1e-06 0.049907
0-0-1-1-0-0-1-1-0-4-3-5-0-2-2 2005389 0.094935 0.023508 1e-06 0.050105
0-0-1-1-0-0-1-1-0-4-3-5-0-4-3 7765304 0.078391 0.021539 1e-06 0.043329
0-0-1-1-0-2-2-3-0-0-1-1-0-0-1 254087 0.083123 0.013375 1e-06 0.050221
0-0-1-1-0-2-2-3-0-0-1-1-0-2-2 455112 0.084982 0.018612 1e-06 0.042993
0-0-1-1-0-2-2-3-0-0-1-1-0-4-3 1862906 0.076542 0.014119 1e-06 0.048673
0-0-1-1-0-2-2-3-0-2-2-3-0-0-1 312856 0.081817 0.013434 1e-06 0.049827
0-0-1-1-0-2-2-3-0-2-2-3-0-2-2 365222 0.075716 0.013388 1e-06 0.042965
0-0-1-1-0-2-2-3-0-2-2-3-0-4-3 1393155 0.080528 0.01876 1e-06 0.042855
0-0-1-1-0-2-2-3-0-4-3-5-0-0-1 3006235 0.075341 0.017807 0 0.043175
0-0-1-1-0-2-2-3-0-4-3-5-0-2-2 2939091 0.090718 0.01762 0 0.051784
0-0-1-1-0-2-2-3-0-4-3-5-0-4-3 9092310 0.089169 0.025093 1e-06 0.043242
0-0-1-1-0-4-3-5-0-0-1-1-0-0-1 2542069 0.096 0.027523 1e-06 0.044986
0-0-1-1-0-4-3-5-0-0-1-1-0-2-2 3581853 0.088199 0.023083 1e-06 0.043695
0-0-1-1-0-4-3-5-0-0-1-1-0-4-3 14250721 0.108583 0.043854 1e-06 0.047673
0-0-1-1-0-4-3-5-0-2-2-3-0-0-1 2736848 0.046323 0.020658 0 0.012114
0-0-1-1-0-4-3-5-0-2-2-3-0-2-2 3246243 0.047171 0.020765 1e-06 0.012023
0-0-1-1-0-4-3-5-0-2-2-3-0-4-3 10539120 0.047544 0.022079 1e-06 0.011961
0-0-1-1-0-4-3-5-0-4-3-5-0-0-1 19536812 0.071478 0.043537 1e-06 0.012279
0-0-1-1-0-4-3-5-0-4-3-5-0-2-2 17228423 0.05448 0.027073 1e-06 0.012395
0-0-1-1-0-4-3-5-0-4-3-5-0-4-3 52630265 0.187345 0.104428 1e-06 0.057683
0-2-2-3-0-0-1-1-0-0-1-1-0-0-1 141290 0.081913 0.016141 0 0.047307
0-2-2-3-0-0-1-1-0-0-1-1-0-2-2 248813 0.078893 0.01614 1e-06 0.043391
0-2-2-3-0-0-1-1-0-0-1-1-0-4-3 988117 0.079755 0.016771 1e-06 0.043238
0-2-2-3-0-0-1-1-0-2-2-3-0-0-1 308439 0.078974 0.014946 1e-06 0.044839
0-2-2-3-0-0-1-1-0-2-2-3-0-2-2 408400 0.089078 0.014668 1e-06 0.05529
0-2-2-3-0-0-1-1-0-2-2-3-0-4-3 1496081 0.078502 0.016478 2e-06 0.043299
0-2-2-3-0-0-1-1-0-4-3-5-0-0-1 2694129 0.083287 0.019043 1e-06 0.043351
0-2-2-3-0-0-1-1-0-4-3-5-0-2-2 2646121 0.084428 0.019197 0 0.0434
0-2-2-3-0-0-1-1-0-4-3-5-0-4-3 8091389 0.085648 0.021627 1e-06 0.04361
0-2-2-3-0-2-2-3-0-0-1-1-0-0-1 188377 0.074086 0.012636 1e-06 0.043111
0-2-2-3-0-2-2-3-0-0-1-1-0-2-2 360293 0.075287 0.013859 1e-06 0.042875
0-2-2-3-0-2-2-3-0-0-1-1-0-4-3 1307204 0.076223 0.013295 1e-06 0.043103
0-2-2-3-0-2-2-3-0-2-2-3-0-0-1 229664 0.075081 0.012835 1e-06 0.043062
0-2-2-3-0-2-2-3-0-2-2-3-0-2-2 266338 0.076559 0.013086 1e-06 0.042994
0-2-2-3-0-2-2-3-0-2-2-3-0-4-3 939938 0.075876 0.013561 0 0.042881
0-2-2-3-0-2-2-3-0-4-3-5-0-0-1 2195693 0.081334 0.017285 1e-06 0.043291
0-2-2-3-0-2-2-3-0-4-3-5-0-2-2 2187268 0.081663 0.017036 1e-06 0.043284
0-2-2-3-0-2-2-3-0-4-3-5-0-4-3 6348703 0.080754 0.014259 1e-06 0.04336
0-2-2-3-0-4-3-5-0-0-1-1-0-0-1 1687902 0.088307 0.024169 1e-06 0.043646
0-2-2-3-0-4-3-5-0-0-1-1-0-2-2 2663360 0.08513 0.02189 2e-06 0.043723
0-2-2-3-0-4-3-5-0-0-1-1-0-4-3 9085093 0.089857 0.024329 1e-06 0.043637
0-2-2-3-0-4-3-5-0-2-2-3-0-0-1 2056435 0.084252 0.020876 1e-06 0.043793
0-2-2-3-0-4-3-5-0-2-2-3-0-2-2 2515710 0.086142 0.022574 1e-06 0.043624
0-2-2-3-0-4-3-5-0-2-2-3-0-4-3 7520982 0.091528 0.02581 1e-06 0.043631
0-2-2-3-0-4-3-5-0-4-3-5-0-0-1 12653171 0.094548 0.027379 1e-06 0.044152
0-2-2-3-0-4-3-5-0-4-3-5-0-2-2 11922624 0.092766 0.026459 1e-06 0.043788
0-2-2-3-0-4-3-5-0-4-3-5-0-4-3 32665634 0.095335 0.031868 1e-06 0.042475
0-4-3-5-0-0-1-1-0-0-1-1-0-0-1 1332890 0.086019 0.020443 1e-06 0.043979
0-4-3-5-0-0-1-1-0-0-1-1-0-2-2 1824440 0.085094 0.020888 1e-06 0.044121
0-4-3-5-0-0-1-1-0-0-1-1-0-4-3 8148870 0.086329 0.021862 2e-06 0.044089
0-4-3-5-0-0-1-1-0-2-2-3-0-0-1 2318991 0.084442 0.019383 1e-06 0.044059
0-4-3-5-0-0-1-1-0-2-2-3-0-2-2 2995057 0.083459 0.019537 1e-06 0.043989
0-4-3-5-0-0-1-1-0-2-2-3-0-4-3 10139913 0.085927 0.021484 1e-06 0.043975
0-4-3-5-0-0-1-1-0-4-3-5-0-0-1 20205284 0.094638 0.027234 1e-06 0.044182
0-4-3-5-0-0-1-1-0-4-3-5-0-2-2 18159506 0.100496 0.026404 1e-06 0.049925
0-4-3-5-0-0-1-1-0-4-3-5-0-4-3 55175418 0.116026 0.041581 0 0.049399
0-4-3-5-0-2-2-3-0-0-1-1-0-0-1 1578412 0.089026 0.017498 1e-06 0.049018
0-4-3-5-0-2-2-3-0-0-1-1-0-2-2 3093998 0.089237 0.018745 1e-06 0.048882
0-4-3-5-0-2-2-3-0-0-1-1-0-4-3 10491003 0.089679 0.018787 2e-06 0.048963
0-4-3-5-0-2-2-3-0-2-2-3-0-0-1 2036936 0.087638 0.017764 1e-06 0.048806
0-4-3-5-0-2-2-3-0-2-2-3-0-2-2 2350930 0.089013 0.017783 0 0.048735
0-4-3-5-0-2-2-3-0-2-2-3-0-4-3 8004004 0.088514 0.018736 1e-06 0.048806
0-4-3-5-0-2-2-3-0-4-3-5-0-0-1 17189893 0.096571 0.024176 1e-06 0.048984
0-4-3-5-0-2-2-3-0-4-3-5-0-2-2 16400959 0.095288 0.023473 1e-06 0.049076
0-4-3-5-0-2-2-3-0-4-3-5-0-4-3 45773415 0.099478 0.025903 1e-06 0.049074
0-4-3-5-0-4-3-5-0-0-1-1-0-0-1 12258976 0.102123 0.026855 1e-06 0.049325
0-4-3-5-0-4-3-5-0-0-1-1-0-2-2 16161615 0.10024 0.024984 1e-06 0.049452
0-4-3-5-0-4-3-5-0-0-1-1-0-4-3 55174169 0.121537 0.047516 1e-06 0.049487
0-4-3-5-0-4-3-5-0-2-2-3-0-0-1 12037649 0.0923 0.022701 1e-06 0.044498
0-4-3-5-0-4-3-5-0-2-2-3-0-2-2 14812754 0.092236 0.02317 1e-06 0.044412
0-4-3-5-0-4-3-5-0-2-2-3-0-4-3 41179648 0.102044 0.033575 1e-06 0.044498
0-4-3-5-0-4-3-5-0-4-3-5-0-0-1 66854831 0.143755 0.073106 1e-06 0.044526
0-4-3-5-0-4-3-5-0-4-3-5-0-2-2 59130651 0.112875 0.041104 0 0.04455
0-4-3-5-0-4-3-5-0-4-3-5-0-4-3 166867136 0.292137 0.227053 1e-06 0.044681
1-1-0-0-1-1-0-0-1-1-0-0-1-1-0 219989 0.040791 0.015513 1e-06 0.01247
1-1-0-0-1-1-0-0-1-1-0-2-2-3-0 141290 0.037947 0.014085 1e-06 0.012323
1-1-0-0-1-1-0-0-1-1-0-4-3-5-0 1332890 0.041708 0.015436 1e-06 0.012394
1-1-0-0-1-1-0-2-2-3-0-0-1-1-0 254087 0.034479 0.013132 1e-06 0.012273
1-1-0-0-1-1-0-2-2-3-0-2-2-3-0 188377 0.034068 0.012764 1e-06 0.012137
1-1-0-0-1-1-0-2-2-3-0-4-3-5-0 1578412 0.037955 0.013685 1e-06 0.012247
1-1-0-0-1-1-0-4-3-5-0-0-1-1-0 2542069 0.044621 0.019172 0 0.012519
1-1-0-0-1-1-0-4-3-5-0-2-2-3-0 1687902 0.043292 0.0183 1e-06 0.012518
1-1-0-0-1-1-0-4-3-5-0-4-3-5-0 12258976 0.046504 0.019161 0 0.012637
1-1-0-2-2-3-0-0-1-1-0-0-1-1-0 227118 0.035593 0.013695 1e-06 0.012257
1-1-0-2-2-3-0-0-1-1-0-2-2-3-0 308439 0.034744 0.012917 1e-06 0.012122
1-1-0-2-2-3-0-0-1-1-0-4-3-5-0 2318991 0.037042 0.01377 1e-06 0.012272
1-1-0-2-2-3-0-2-2-3-0-0-1-1-0 312856 0.032116 0.011134 1e-06 0.012041
1-1-0-2-2-3-0-2-2-3-0-2-2-3-0 229664 0.032571 0.010926 1e-06 0.012013
1-1-0-2-2-3-0-2-2-3-0-4-3-5-0 2036936 0.035527 0.011707 1e-06 0.012072
1-1-0-2-2-3-0-4-3-5-0-0-1-1-0 2736848 0.041397 0.018158 1e-06 0.012357
1-1-0-2-2-3-0-4-3-5-0-2-2-3-0 2056435 0.040127 0.01796 1e-06 0.012357
1-1-0-2-2-3-0-4-3-5-0-4-3-5-0 12037649 0.046003 0.018984 1e-06 0.012463
1-1-0-4-3-5-0-0-1-1-0-0-1-1-0 2382824 0.042228 0.017666 1e-06 0.012565
1-1-0-4-3-5-0-0-1-1-0-2-2-3-0 2694129 0.04108 0.017353 1e-06 0.012527
1-1-0-4-3-5-0-0-1-1-0-4-3-5-0 20205284 0.047839 0.021448 0 0.012622
1-1-0-4-3-5-0-2-2-3-0-0-1-1-0 3006235 0.03895 0.015437 1e-06 0.012384
1-1-0-4-3-5-0-2-2-3-0-2-2-3-0 2195693 0.039094 0.015228 1e-06 0.012385
1-1-0-4-3-5-0-2-2-3-0-4-3-5-0 17189893 0.042738 0.017871 1e-06 0.01243
1-1-0-4-3-5-0-4-3-5-0-0-1-1-0 19536812 0.049815 0.023129 1e-06 0.012602
1-1-0-4-3-5-0-4-3-5-0-2-2-3-0 12653171 0.048346 0.021231 1e-06 0.01261
1-1-0-4-3-5-0-4-3-5-0-4-3-5-0 66854831 0.063798 0.036243 1e-06 0.012579
2-3-0-0-1-1-0-0-1-1-0-0-1-1-0 166498 0.031271 0.009939 1e-06 0.012208
2-3-0-0-1-1-0-0-1-1-0-2-2-3-0 248813 0.033173 0.009643 1e-06 0.012024
2-3-0-0-1-1-0-0-1-1-0-4-3-5-0 1824440 0.035015 0.010612 1e-06 0.0122
2-3-0-0-1-1-0-2-2-3-0-0-1-1-0 455112 0.029981 0.009105 1e-06 0.011989
2-3-0-0-1-1-0-2-2-3-0-2-2-3-0 360293 0.029315 0.008867 1e-06 0.011916
2-3-0-0-1-1-0-2-2-3-0-4-3-5-0 3093998 0.033534 0.010038 1e-06 0.011998
2-3-0-0-1-1-0-4-3-5-0-0-1-1-0 3581853 0.038742 0.01452 1e-06 0.012234
2-3-0-0-1-1-0-4-3-5-0-2-2-3-0 2663360 0.036835 0.013627 1e-06 0.012183
2-3-0-0-1-1-0-4-3-5-0-4-3-5-0 16161615 0.091856 0.016959 1e-06 0.051192
2-3-0-2-2-3-0-0-1-1-0-0-1-1-0 269113 0.072793 0.011601 1e-06 0.043162
2-3-0-2-2-3-0-0-1-1-0-2-2-3-0 408400 0.073186 0.011463 1e-06 0.043214
2-3-0-2-2-3-0-0-1-1-0-4-3-5-0 2995057 0.076358 0.012105 1e-06 0.043567
2-3-0-2-2-3-0-2-2-3-0-0-1-1-0 365222 0.071082 0.009523 0 0.043195
2-3-0-2-2-3-0-2-2-3-0-2-2-3-0 266338 0.070695 0.00941 1e-06 0.043143
2-3-0-2-2-3-0-2-2-3-0-4-3-5-0 2350930 0.073516 0.009985 1e-06 0.043234
2-3-0-2-2-3-0-4-3-5-0-0-1-1-0 3246243 0.083642 0.015849 1e-06 0.045397
2-3-0-2-2-3-0-4-3-5-0-2-2-3-0 2515710 0.078564 0.015112 1e-06 0.04386
2-3-0-2-2-3-0-4-3-5-0-4-3-5-0 14812754 0.082653 0.016146 1e-06 0.043722
2-3-0-4-3-5-0-0-1-1-0-0-1-1-0 2005389 0.08226 0.015732 0 0.043836
2-3-0-4-3-5-0-0-1-1-0-2-2-3-0 2646121 0.079579 0.015389 1e-06 0.043978
2-3-0-4-3-5-0-0-1-1-0-4-3-5-0 18159506 0.084563 0.019201 1e-06 0.044302
2-3-0-4-3-5-0-2-2-3-0-0-1-1-0 2939091 0.086097 0.013559 1e-06 0.049574
2-3-0-4-3-5-0-2-2-3-0-2-2-3-0 2187268 0.084644 0.013412 2e-06 0.049355
2-3-0-4-3-5-0-2-2-3-0-4-3-5-0 16400959 0.087745 0.016074 1e-06 0.049478
2-3-0-4-3-5-0-4-3-5-0-0-1-1-0 17228423 0.094849 0.019826 1e-06 0.049813
2-3-0-4-3-5-0-4-3-5-0-2-2-3-0 11922624 0.09414 0.019113 1e-06 0.04979
2-3-0-4-3-5-0-4-3-5-0-4-3-5-0 59130651 0.107923 0.031333 0 0.049936
3-5-0-0-1-1-0-0-1-1-0-0-1-1-0 1007175 0.096015 0.023683 1e-06 0.049773
3-5-0-0-1-1-0-0-1-1-0-2-2-3-0 988117 0.0966 0.021007 1e-06 0.055728
3-5-0-0-1-1-0-0-1-1-0-4-3-5-0 8148870 0.092802 0.025099 1e-06 0.044355
3-5-0-0-1-1-0-2-2-3-0-0-1-1-0 1862906 0.085434 0.020031 1e-06 0.044453
3-5-0-0-1-1-0-2-2-3-0-2-2-3-0 1307204 0.083955 0.019929 1e-06 0.044135
3-5-0-0-1-1-0-2-2-3-0-4-3-5-0 10491003 0.085908 0.020695 1e-06 0.044423
3-5-0-0-1-1-0-4-3-5-0-0-1-1-0 14250721 0.098878 0.030501 1e-06 0.044555
3-5-0-0-1-1-0-4-3-5-0-2-2-3-0 9085093 0.093617 0.025824 1e-06 0.045585
3-5-0-0-1-1-0-4-3-5-0-4-3-5-0 55174169 0.10775 0.038582 1e-06 0.044714
3-5-0-2-2-3-0-0-1-1-0-0-1-1-0 1056404 0.087753 0.020736 1e-06 0.04726
3-5-0-2-2-3-0-0-1-1-0-2-2-3-0 1496081 0.084003 0.020606 1e-06 0.043898
3-5-0-2-2-3-0-0-1-1-0-4-3-5-0 10139913 0.086437 0.021615 1e-06 0.04407
3-5-0-2-2-3-0-2-2-3-0-0-1-1-0 1393155 0.088085 0.022846 1e-06 0.044063
3-5-0-2-2-3-0-2-2-3-0-2-2-3-0 939938 0.08588 0.020916 1e-06 0.043988
3-5-0-2-2-3-0-2-2-3-0-4-3-5-0 8004004 0.087355 0.02161 0 0.044093
3-5-0-2-2-3-0-4-3-5-0-0-1-1-0 10539120 0.098758 0.028174 1e-06 0.044273
3-5-0-2-2-3-0-4-3-5-0-2-2-3-0 7520982 0.100749 0.030093 1e-06 0.04542
3-5-0-2-2-3-0-4-3-5-0-4-3-5-0 41179648 0.10609 0.036614 1e-06 0.044464
3-5-0-4-3-5-0-0-1-1-0-0-1-1-0 7765304 0.099633 0.026566 1e-06 0.04456
3-5-0-4-3-5-0-0-1-1-0-2-2-3-0 8091389 0.09644 0.027468 0 0.04468
3-5-0-4-3-5-0-0-1-1-0-4-3-5-0 55175418 0.108229 0.037442 1e-06 0.044853
3-5-0-4-3-5-0-2-2-3-0-0-1-1-0 9092310 0.097668 0.025646 1e-06 0.044737
3-5-0-4-3-5-0-2-2-3-0-2-2-3-0 6348703 0.09502 0.024098 1e-06 0.044528
3-5-0-4-3-5-0-2-2-3-0-4-3-5-0 45773415 0.106142 0.034083 1e-06 0.044609
3-5-0-4-3-5-0-4-3-5-0-0-1-1-0 52630265 0.112733 0.03849 1e-06 0.044972
3-5-0-4-3-5-0-4-3-5-0-2-2-3-0 32665634 0.114082 0.035984 1e-06 0.045829
3-5-0-4-3-5-0-4-3-5-0-4-3-5-0 166867136 0.175322 0.096247 0 0.044986
