0-0-1-1-0-0-1-1-0-0-1-1-0-0-1 219989 0.15034 0.044719 1e-06 0.06174
0-0-1-1-0-0-1-1-0-0-1-1-0-2-2 166498 0.145114 0.034855 1e-06 0.061583
0-0-1-1-0-0-1-1-0-0-1-1-0-4-3 1007175 0.144512 0.035935 1e-06 0.061267
0-0-1-1-0-0-1-1-0-2-2-3-0-0-1 227118 0.141951 0.032598 1e-06 0.061047
0-0-1-1-0-0-1-1-0-2-2-3-0-2-2 269113 0.169308 0.049296 1e-06 0.063386
0-0-1-1-0-0-1-1-0-2-2-3-0-4-3 1056404 0.18581 0.056492 2e-06 0.062978
0-0-1-1-0-0-1-1-0-4-3-5-0-0-1 2382824 0.200305 0.067513 1e-06 0.0638
0-0-1-1-0-0-1-1-0-4-3-5-0-2-2 2005389 0.200917 0.07308 1e-06 0.063344
0-0-1-1-0-0-1-1-0-4-3-5-0-4-3 7765304 0.195328 0.068523 1e-06 0.063423
0-0-1-1-0-2-2-3-0-0-1-1-0-0-1 254087 0.133767 0.04539 1e-06 0.046692
0-0-1-1-0-2-2-3-0-0-1-1-0-2-2 455112 0.141329 0.051065 0 0.046795
0-0-1-1-0-2-2-3-0-0-1-1-0-4-3 1862906 0.139754 0.048798 0 0.046895
0-0-1-1-0-2-2-3-0-2-2-3-0-0-1 312856 0.129334 0.045069 1e-06 0.045865
0-0-1-1-0-2-2-3-0-2-2-3-0-2-2 365222 0.130286 0.045369 1e-06 0.046051
0-0-1-1-0-2-2-3-0-2-2-3-0-4-3 1393155 0.157894 0.066878 1e-06 0.04597
0-0-1-1-0-2-2-3-0-4-3-5-0-0-1 3006235 0.161262 0.063193 1e-06 0.046849
0-0-1-1-0-2-2-3-0-4-3-5-0-2-2 2939091 0.155184 0.062258 1e-06 0.046686
0-0-1-1-0-2-2-3-0-4-3-5-0-4-3 9092310 0.177977 0.077894 1e-06 0.046639
0-0-1-1-0-4-3-5-0-0-1-1-0-0-1 2542069 0.201952 0.086742 1e-06 0.053911
0-0-1-1-0-4-3-5-0-0-1-1-0-2-2 3581853 0.169257 0.077216 1e-06 0.048249
0-0-1-1-0-4-3-5-0-0-1-1-0-4-3 14250721 0.167874 0.100106 1e-06 0.015511
0-0-1-1-0-4-3-5-0-2-2-3-0-0-1 2736848 0.143126 0.075653 1e-06 0.016629
0-0-1-1-0-4-3-5-0-2-2-3-0-2-2 3246243 0.168851 0.081776 0 0.040224
0-0-1-1-0-4-3-5-0-2-2-3-0-4-3 10539120 0.163406 0.087367 0 0.025249
0-0-1-1-0-4-3-5-0-4-3-5-0-0-1 19536812 0.20586 0.129281 1e-06 0.017014
0-0-1-1-0-4-3-5-0-4-3-5-0-2-2 17228423 0.197126 0.108891 1e-06 0.017809
0-0-1-1-0-4-3-5-0-4-3-5-0-4-3 52630265 0.289303 0.19909 0 0.01796
0-2-2-3-0-0-1-1-0-0-1-1-0-0-1 141290 0.11768 0.055878 0 0.013804
0-2-2-3-0-0-1-1-0-0-1-1-0-2-2 248813 0.106362 0.054714 1e-06 0.01353
0-2-2-3-0-0-1-1-0-0-1-1-0-4-3 988117 0.109623 0.052941 1e-06 0.013541
0-2-2-3-0-0-1-1-0-2-2-3-0-0-1 308439 0.089708 0.031287 1e-06 0.013985
0-2-2-3-0-0-1-1-0-2-2-3-0-2-2 408400 0.084369 0.032958 0 0.013862
0-2-2-3-0-0-1-1-0-2-2-3-0-4-3 1496081 0.089946 0.038835 1e-06 0.013978
0-2-2-3-0-0-1-1-0-4-3-5-0-0-1 2694129 0.122342 0.05121 0 0.014511
0-2-2-3-0-0-1-1-0-4-3-5-0-2-2 2646121 0.107431 0.047969 0 0.014179
0-2-2-3-0-0-1-1-0-4-3-5-0-4-3 8091389 0.170128 0.061284 1e-06 0.046781
0-2-2-3-0-2-2-3-0-0-1-1-0-0-1 188377 0.107114 0.026134 1e-06 0.04553
0-2-2-3-0-2-2-3-0-0-1-1-0-2-2 360293 0.107706 0.028662 1e-06 0.046086
0-2-2-3-0-2-2-3-0-0-1-1-0-4-3 1307204 0.108047 0.027976 1e-06 0.045302
0-2-2-3-0-2-2-3-0-2-2-3-0-0-1 229664 0.106068 0.025762 1e-06 0.045123
0-2-2-3-0-2-2-3-0-2-2-3-0-2-2 266338 0.103362 0.025276 1e-06 0.045203
0-2-2-3-0-2-2-3-0-2-2-3-0-4-3 939938 0.104095 0.02666 0 0.045293
0-2-2-3-0-2-2-3-0-4-3-5-0-0-1 2195693 0.131921 0.038893 0 0.045873
0-2-2-3-0-2-2-3-0-4-3-5-0-2-2 2187268 0.127356 0.037799 1e-06 0.046148
0-2-2-3-0-2-2-3-0-4-3-5-0-4-3 6348703 0.128677 0.036149 1e-06 0.046217
0-2-2-3-0-4-3-5-0-0-1-1-0-0-1 1687902 0.158869 0.055328 1e-06 0.047608
0-2-2-3-0-4-3-5-0-0-1-1-0-2-2 2663360 0.147642 0.050252 1e-06 0.047663
0-2-2-3-0-4-3-5-0-0-1-1-0-4-3 9085093 0.173202 0.066806 1e-06 0.047458
0-2-2-3-0-4-3-5-0-2-2-3-0-0-1 2056435 0.150203 0.050449 0 0.047211
0-2-2-3-0-4-3-5-0-2-2-3-0-2-2 2515710 0.160552 0.054766 0 0.05342
0-2-2-3-0-4-3-5-0-2-2-3-0-4-3 7520982 0.160118 0.065198 0 0.04701
0-2-2-3-0-4-3-5-0-4-3-5-0-0-1 12653171 0.198407 0.090772 0 0.048015
0-2-2-3-0-4-3-5-0-4-3-5-0-2-2 11922624 0.190155 0.082145 0 0.047956
0-2-2-3-0-4-3-5-0-4-3-5-0-4-3 32665634 0.236151 0.127953 1e-06 0.048025
0-4-3-5-0-0-1-1-0-0-1-1-0-0-1 1332890 0.152999 0.048218 0 0.051066
0-4-3-5-0-0-1-1-0-0-1-1-0-2-2 1824440 0.148821 0.050423 1e-06 0.04871
0-4-3-5-0-0-1-1-0-0-1-1-0-4-3 8148870 0.159152 0.05764 1e-06 0.048741
0-4-3-5-0-0-1-1-0-2-2-3-0-0-1 2318991 0.143405 0.047017 1e-06 0.050253
0-4-3-5-0-0-1-1-0-2-2-3-0-2-2 2995057 0.142225 0.047035 1e-06 0.048402
0-4-3-5-0-0-1-1-0-2-2-3-0-4-3 10139913 0.149267 0.055776 1e-06 0.048416
0-4-3-5-0-0-1-1-0-4-3-5-0-0-1 20205284 0.192595 0.086177 1e-06 0.04896
0-4-3-5-0-0-1-1-0-4-3-5-0-2-2 18159506 0.186847 0.079583 1e-06 0.049418
0-4-3-5-0-0-1-1-0-4-3-5-0-4-3 55175418 0.269708 0.147437 1e-06 0.049111
0-4-3-5-0-2-2-3-0-0-1-1-0-0-1 1578412 0.190238 0.064908 1e-06 0.0649
0-4-3-5-0-2-2-3-0-0-1-1-0-2-2 3093998 0.194516 0.070619 1e-06 0.065281
0-4-3-5-0-2-2-3-0-0-1-1-0-4-3 10491003 0.196854 0.073376 2e-06 0.064848
0-4-3-5-0-2-2-3-0-2-2-3-0-0-1 2036936 0.185554 0.065914 2e-06 0.064654
0-4-3-5-0-2-2-3-0-2-2-3-0-2-2 2350930 0.184543 0.06568 2e-06 0.064496
0-4-3-5-0-2-2-3-0-2-2-3-0-4-3 8004004 0.189032 0.070776 1e-06 0.064502
0-4-3-5-0-2-2-3-0-4-3-5-0-0-1 17189893 0.235355 0.103301 1e-06 0.065685
0-4-3-5-0-2-2-3-0-4-3-5-0-2-2 16400959 0.22951 0.099778 1e-06 0.065742
0-4-3-5-0-2-2-3-0-4-3-5-0-4-3 45773415 0.254064 0.125494 1e-06 0.065724
0-4-3-5-0-4-3-5-0-0-1-1-0-0-1 12258976 0.265696 0.118923 1e-06 0.067138
0-4-3-5-0-4-3-5-0-0-1-1-0-2-2 16161615 0.227081 0.106664 1e-06 0.05111
0-4-3-5-0-4-3-5-0-0-1-1-0-4-3 55174169 0.303697 0.188245 1e-06 0.051157
0-4-3-5-0-4-3-5-0-2-2-3-0-0-1 12037649 0.166843 0.09467 1e-06 0.01787
0-4-3-5-0-4-3-5-0-2-2-3-0-2-2 14812754 0.172135 0.097718 1e-06 0.018466
0-4-3-5-0-4-3-5-0-2-2-3-0-4-3 41179648 0.237721 0.154288 1e-06 0.018386
0-4-3-5-0-4-3-5-0-4-3-5-0-0-1 66854831 0.318561 0.231423 1e-06 0.01854
0-4-3-5-0-4-3-5-0-4-3-5-0-2-2 59130651 0.300461 0.209528 1e-06 0.018686
0-4-3-5-0-4-3-5-0-4-3-5-0-4-3 166867136 0.521758 0.425968 1e-06 0.018768
1-1-0-0-1-1-0-0-1-1-0-0-1-1-0 219989 0.12238 0.05527 1e-06 0.015213
1-1-0-0-1-1-0-0-1-1-0-2-2-3-0 141290 0.114142 0.052972 1e-06 0.015015
1-1-0-0-1-1-0-0-1-1-0-4-3-5-0 1332890 0.122996 0.058127 1e-06 0.015485
1-1-0-0-1-1-0-2-2-3-0-0-1-1-0 254087 0.100448 0.049253 2e-06 0.014684
1-1-0-0-1-1-0-2-2-3-0-2-2-3-0 188377 0.097683 0.047723 1e-06 0.014498
1-1-0-0-1-1-0-2-2-3-0-4-3-5-0 1578412 0.108701 0.052885 1e-06 0.014851
1-1-0-0-1-1-0-4-3-5-0-0-1-1-0 2542069 0.179377 0.073486 1e-06 0.051535
1-1-0-0-1-1-0-4-3-5-0-2-2-3-0 1687902 0.142693 0.070797 2e-06 0.015866
1-1-0-0-1-1-0-4-3-5-0-4-3-5-0 12258976 0.16341 0.083862 1e-06 0.016229
1-1-0-2-2-3-0-0-1-1-0-0-1-1-0 227118 0.106402 0.050818 0 0.021651
1-1-0-2-2-3-0-0-1-1-0-2-2-3-0 308439 0.090908 0.048158 1e-06 0.013038
1-1-0-2-2-3-0-0-1-1-0-4-3-5-0 2318991 0.102135 0.051141 1e-06 0.013454
1-1-0-2-2-3-0-2-2-3-0-0-1-1-0 312856 0.07964 0.040053 0 0.012722
1-1-0-2-2-3-0-2-2-3-0-2-2-3-0 229664 0.077984 0.039472 1e-06 0.012661
1-1-0-2-2-3-0-2-2-3-0-4-3-5-0 2036936 0.086244 0.042183 1e-06 0.01303
1-1-0-2-2-3-0-4-3-5-0-0-1-1-0 2736848 0.129524 0.070881 1e-06 0.014141
1-1-0-2-2-3-0-4-3-5-0-2-2-3-0 2056435 0.121885 0.069172 1e-06 0.013996
1-1-0-2-2-3-0-4-3-5-0-4-3-5-0 12037649 0.146749 0.08259 1e-06 0.014548
1-1-0-4-3-5-0-0-1-1-0-0-1-1-0 2382824 0.142057 0.069889 1e-06 0.016465
1-1-0-4-3-5-0-0-1-1-0-2-2-3-0 2694129 0.129437 0.068164 1e-06 0.015637
1-1-0-4-3-5-0-0-1-1-0-4-3-5-0 20205284 0.163868 0.09394 0 0.016076
1-1-0-4-3-5-0-2-2-3-0-0-1-1-0 3006235 0.118008 0.059159 1e-06 0.015465
1-1-0-4-3-5-0-2-2-3-0-2-2-3-0 2195693 0.114599 0.057767 1e-06 0.015185
1-1-0-4-3-5-0-2-2-3-0-4-3-5-0 17189893 0.132577 0.073969 1e-06 0.015491
1-1-0-4-3-5-0-4-3-5-0-0-1-1-0 19536812 0.168708 0.101083 1e-06 0.016678
1-1-0-4-3-5-0-4-3-5-0-2-2-3-0 12653171 0.151792 0.089722 0 0.016608
1-1-0-4-3-5-0-4-3-5-0-4-3-5-0 66854831 0.257858 0.184522 1e-06 0.016844
2-3-0-0-1-1-0-0-1-1-0-0-1-1-0 166498 0.086511 0.03636 0 0.01446
2-3-0-0-1-1-0-0-1-1-0-2-2-3-0 248813 0.083158 0.035208 1e-06 0.013844
2-3-0-0-1-1-0-0-1-1-0-4-3-5-0 1824440 0.094953 0.039003 1e-06 0.013883
2-3-0-0-1-1-0-2-2-3-0-0-1-1-0 455112 0.075607 0.032308 1e-06 0.01311
2-3-0-0-1-1-0-2-2-3-0-2-2-3-0 360293 0.07206 0.032098 1e-06 0.013169
2-3-0-0-1-1-0-2-2-3-0-4-3-5-0 3093998 0.081594 0.035334 1e-06 0.013591
2-3-0-0-1-1-0-4-3-5-0-0-1-1-0 3581853 0.114153 0.056087 1e-06 0.015035
2-3-0-0-1-1-0-4-3-5-0-2-2-3-0 2663360 0.103418 0.051526 1e-06 0.014311
2-3-0-0-1-1-0-4-3-5-0-4-3-5-0 16161615 0.127833 0.068559 1e-06 0.014639
2-3-0-2-2-3-0-0-1-1-0-0-1-1-0 269113 0.077861 0.035322 1e-06 0.012853
2-3-0-2-2-3-0-0-1-1-0-2-2-3-0 408400 0.075084 0.034778 0 0.01255
2-3-0-2-2-3-0-0-1-1-0-4-3-5-0 2995057 0.086041 0.037818 0 0.012763
2-3-0-2-2-3-0-2-2-3-0-0-1-1-0 365222 0.064095 0.026728 1e-06 0.012193
2-3-0-2-2-3-0-2-2-3-0-2-2-3-0 266338 0.062302 0.026392 1e-06 0.012061
2-3-0-2-2-3-0-2-2-3-0-4-3-5-0 2350930 0.071841 0.028762 1e-06 0.012307
2-3-0-2-2-3-0-4-3-5-0-0-1-1-0 3246243 0.105207 0.053198 0 0.013516
2-3-0-2-2-3-0-4-3-5-0-2-2-3-0 2515710 0.101189 0.05188 1e-06 0.01366
2-3-0-2-2-3-0-4-3-5-0-4-3-5-0 14812754 0.116891 0.063924 0 0.013934
2-3-0-4-3-5-0-0-1-1-0-0-1-1-0 2005389 0.111149 0.054748 0 0.01512
2-3-0-4-3-5-0-0-1-1-0-2-2-3-0 2646121 0.106507 0.054477 1e-06 0.01484
2-3-0-4-3-5-0-0-1-1-0-4-3-5-0 18159506 0.136183 0.076366 1e-06 0.015207
2-3-0-4-3-5-0-2-2-3-0-0-1-1-0 2939091 0.096872 0.046486 1e-06 0.015367
2-3-0-4-3-5-0-2-2-3-0-2-2-3-0 2187268 0.091425 0.044834 1e-06 0.014496
2-3-0-4-3-5-0-2-2-3-0-4-3-5-0 16400959 0.115827 0.06227 0 0.014872
2-3-0-4-3-5-0-4-3-5-0-0-1-1-0 17228423 0.141285 0.079007 1e-06 0.016105
2-3-0-4-3-5-0-4-3-5-0-2-2-3-0 11922624 0.142526 0.077242 1e-06 0.017628
2-3-0-4-3-5-0-4-3-5-0-4-3-5-0 59130651 0.225492 0.156025 1e-06 0.017402
3-5-0-0-1-1-0-0-1-1-0-0-1-1-0 1007175 0.154509 0.088662 1e-06 0.016629
3-5-0-0-1-1-0-0-1-1-0-2-2-3-0 988117 0.137379 0.076765 1e-06 0.016456
3-5-0-0-1-1-0-0-1-1-0-4-3-5-0 8148870 0.169306 0.094496 2e-06 0.016958
3-5-0-0-1-1-0-2-2-3-0-0-1-1-0 1862906 0.132881 0.071619 2e-06 0.016102
3-5-0-0-1-1-0-2-2-3-0-2-2-3-0 1307204 0.125455 0.072069 2e-06 0.015835
3-5-0-0-1-1-0-2-2-3-0-4-3-5-0 10491003 0.134984 0.075709 2e-06 0.016228
3-5-0-0-1-1-0-4-3-5-0-0-1-1-0 14250721 0.202026 0.120504 1e-06 0.017532
3-5-0-0-1-1-0-4-3-5-0-2-2-3-0 9085093 0.171849 0.096451 1e-06 0.01799
3-5-0-0-1-1-0-4-3-5-0-4-3-5-0 55174169 0.264261 0.181938 1e-06 0.017934
3-5-0-2-2-3-0-0-1-1-0-0-1-1-0 1056404 0.13375 0.072276 1e-06 0.016349
3-5-0-2-2-3-0-0-1-1-0-2-2-3-0 1496081 0.127342 0.07261 2e-06 0.015984
3-5-0-2-2-3-0-0-1-1-0-4-3-5-0 10139913 0.144364 0.079633 2e-06 0.015987
3-5-0-2-2-3-0-2-2-3-0-0-1-1-0 1393155 0.139622 0.081942 2e-06 0.015297
3-5-0-2-2-3-0-2-2-3-0-2-2-3-0 939938 0.128637 0.07491 2e-06 0.015076
3-5-0-2-2-3-0-2-2-3-0-4-3-5-0 8004004 0.134353 0.078372 2e-06 0.015355
3-5-0-2-2-3-0-4-3-5-0-0-1-1-0 10539120 0.172435 0.106454 1e-06 0.016672
3-5-0-2-2-3-0-4-3-5-0-2-2-3-0 7520982 0.172168 0.107681 1e-06 0.016572
3-5-0-2-2-3-0-4-3-5-0-4-3-5-0 41179648 0.22432 0.150153 1e-06 0.016856
3-5-0-4-3-5-0-0-1-1-0-0-1-1-0 7765304 0.177517 0.099637 1e-06 0.017186
3-5-0-4-3-5-0-0-1-1-0-2-2-3-0 8091389 0.172965 0.103104 1e-06 0.017249
3-5-0-4-3-5-0-0-1-1-0-4-3-5-0 55175418 0.246266 0.165784 1e-06 0.017501
3-5-0-4-3-5-0-2-2-3-0-0-1-1-0 9092310 0.160986 0.095336 1e-06 0.016676
3-5-0-4-3-5-0-2-2-3-0-2-2-3-0 6348703 0.16217 0.084788 1e-06 0.017462
3-5-0-4-3-5-0-2-2-3-0-4-3-5-0 45773415 0.206316 0.135182 1e-06 0.017077
3-5-0-4-3-5-0-4-3-5-0-0-1-1-0 52630265 0.260314 0.177886 1e-06 0.018223
3-5-0-4-3-5-0-4-3-5-0-2-2-3-0 32665634 0.240859 0.153312 0 0.018228
3-5-0-4-3-5-0-4-3-5-0-4-3-5-0 166867136 0.565929 0.46697 1e-06 0.018598
