0-0-1-1-0-0-1 160792 0.055198 0.026278 0 0.014589
0-0-1-1-0-2-2 122977 0.029416 0.006862 0 0.012018
0-0-1-1-0-4-3 719976 0.035464 0.011642 0 0.012043
0-2-2-3-0-0-1 98344 0.028187 0.005831 0 0.011918
0-2-2-3-0-2-2 102281 0.028156 0.005807 0 0.011812
0-2-2-3-0-4-3 406341 0.030509 0.007711 0 0.011822
0-4-3-5-0-0-1 904361 0.066135 0.043105 1e-06 0.013367
0-4-3-5-0-2-2 705440 0.022676 0.008419 0 0.002691
0-4-3-5-0-4-3 3004893 0.035201 0.009377 0 0.012317
1-1-0-0-1-1-0 160792 0.030983 0.006601 0 0.012122
1-1-0-2-2-3-0 98344 0.026805 0.005914 0 0.011201
1-1-0-4-3-5-0 904361 0.023985 0.006623 0 0.010746
2-3-0-0-1-1-0 122977 0.010431 0.002621 0 0.002392
2-3-0-2-2-3-0 102281 0.009548 0.002624 0 0.002251
2-3-0-4-3-5-0 705440 0.011041 0.003057 0 0.00228
3-5-0-0-1-1-0 719976 0.018695 0.009987 1e-06 0.002578
3-5-0-2-2-3-0 406341 0.015512 0.007876 0 0.002602
3-5-0-4-3-5-0 3004893 0.023564 0.013001 0 0.002728
