0-0-1-1-0 285299 0.028176 0.011169 0 0.010042
0-2-2-3-0 121022 0.01408 0.00482 0 0.006396
0-4-3-5-0 1015379 0.03553 0.030272 0 0.00124
1-1-0-0-1 136551 0.005842 0.002385 1e-06 0.001273
1-1-0-2-2 53154 0.005066 0.00218 1e-06 0.001132
1-1-0-4-3 315769 0.005551 0.002341 1e-06 0.001126
2-3-0-0-1 53154 0.004409 0.001268 0 0.001044
2-3-0-2-2 88299 0.004358 0.001298 1e-06 0.001006
2-3-0-4-3 178486 0.004521 0.001279 0 0.001005
3-5-0-0-1 315769 0.025324 0.017908 0 0.00121
3-5-0-2-2 178486 0.0099 0.004926 0 0.001473
3-5-0-4-3 1388715 0.012102 0.007503 0 0.001322
