0-0-1-1-0-0-1-1-0-0-1-1-0 385077 0.093242 0.029158 1e-06 0.042778
0-0-1-1-0-0-1-1-0-2-2-3-0 314630 0.070257 0.015727 0 0.037257
0-0-1-1-0-0-1-1-0-4-3-5-0 2876689 0.072749 0.022533 1e-06 0.037255
0-0-1-1-0-2-2-3-0-0-1-1-0 605877 0.028853 0.010404 1e-06 0.008728
0-0-1-1-0-2-2-3-0-2-2-3-0 428137 0.026959 0.009944 1e-06 0.008597
0-0-1-1-0-2-2-3-0-4-3-5-0 3702635 0.031803 0.012004 0 0.008675
0-0-1-1-0-4-3-5-0-0-1-1-0 5480740 0.049231 0.025071 1e-06 0.008987
0-0-1-1-0-4-3-5-0-2-2-3-0 3633311 0.037465 0.016359 1e-06 0.009052
0-0-1-1-0-4-3-5-0-4-3-5-0 24609554 0.110142 0.084351 0 0.009076
0-2-2-3-0-0-1-1-0-0-1-1-0 314630 0.032742 0.011617 1e-06 0.008674
0-2-2-3-0-0-1-1-0-2-2-3-0 467252 0.029427 0.011231 0 0.008501
0-2-2-3-0-0-1-1-0-4-3-5-0 3373925 0.031977 0.012062 1e-06 0.008548
0-2-2-3-0-2-2-3-0-0-1-1-0 428137 0.027019 0.00945 1e-06 0.008387
0-2-2-3-0-2-2-3-0-2-2-3-0 301270 0.027008 0.009341 1e-06 0.008333
0-2-2-3-0-2-2-3-0-4-3-5-0 2689339 0.029151 0.010036 1e-06 0.008418
0-2-2-3-0-4-3-5-0-0-1-1-0 3633311 0.03782 0.017253 1e-06 0.008851
0-2-2-3-0-4-3-5-0-2-2-3-0 2725374 0.035391 0.017091 0 0.008671
0-2-2-3-0-4-3-5-0-4-3-5-0 16058905 0.042577 0.021276 0 0.008877
0-4-3-5-0-0-1-1-0-0-1-1-0 2876689 0.036981 0.016159 1e-06 0.009203
0-4-3-5-0-0-1-1-0-2-2-3-0 3373925 0.062509 0.019263 1e-06 0.032565
0-4-3-5-0-0-1-1-0-4-3-5-0 26070955 0.053552 0.03139 1e-06 0.009208
0-4-3-5-0-2-2-3-0-0-1-1-0 3702635 0.033428 0.013795 0 0.009094
0-4-3-5-0-2-2-3-0-2-2-3-0 2689339 0.032476 0.013606 1e-06 0.009027
0-4-3-5-0-2-2-3-0-4-3-5-0 21938451 0.077217 0.018632 0 0.037582
0-4-3-5-0-4-3-5-0-0-1-1-0 24609554 0.088216 0.027642 0 0.037824
0-4-3-5-0-4-3-5-0-2-2-3-0 16058905 0.081836 0.021258 1e-06 0.037959
0-4-3-5-0-4-3-5-0-4-3-5-0 86376943 0.228497 0.164579 0 0.038241
1-1-0-0-1-1-0-0-1-1-0-0-1 173807 0.069707 0.013103 1e-06 0.037799
1-1-0-0-1-1-0-0-1-1-0-2-2 78091 0.068543 0.012688 1e-06 0.037495
1-1-0-0-1-1-0-0-1-1-0-4-3 475465 0.069495 0.013018 1e-06 0.037377
1-1-0-0-1-1-0-2-2-3-0-0-1 106572 0.06739 0.011239 1e-06 0.037395
1-1-0-0-1-1-0-2-2-3-0-2-2 112583 0.069219 0.016767 0 0.037309
1-1-0-0-1-1-0-2-2-3-0-4-3 413472 0.064574 0.012474 1e-06 0.037246
1-1-0-0-1-1-0-4-3-5-0-0-1 1039297 0.075033 0.015846 1e-06 0.0377
1-1-0-0-1-1-0-4-3-5-0-2-2 811057 0.074102 0.015389 1e-06 0.037739
1-1-0-0-1-1-0-4-3-5-0-4-3 3251126 0.075154 0.016763 1e-06 0.037783
1-1-0-2-2-3-0-0-1-1-0-0-1 106572 0.066358 0.011441 1e-06 0.03765
1-1-0-2-2-3-0-0-1-1-0-2-2 161109 0.065507 0.011294 1e-06 0.037033
1-1-0-2-2-3-0-0-1-1-0-4-3 618519 0.06619 0.01193 0 0.037251
1-1-0-2-2-3-0-2-2-3-0-0-1 126798 0.065391 0.012073 1e-06 0.037
1-1-0-2-2-3-0-2-2-3-0-2-2 135529 0.064021 0.010441 1e-06 0.036777
1-1-0-2-2-3-0-2-2-3-0-4-3 492375 0.06474 0.010896 0 0.036697
1-1-0-2-2-3-0-4-3-5-0-0-1 1087723 0.075834 0.01594 1e-06 0.041456
1-1-0-2-2-3-0-4-3-5-0-2-2 1039476 0.06845 0.014788 1e-06 0.039194
1-1-0-2-2-3-0-4-3-5-0-4-3 3229172 0.068898 0.015882 0 0.037523
1-1-0-4-3-5-0-0-1-1-0-0-1 1039297 0.075939 0.017603 1e-06 0.037912
1-1-0-4-3-5-0-0-1-1-0-2-2 1354836 0.072742 0.015753 1e-06 0.038032
1-1-0-4-3-5-0-0-1-1-0-4-3 5607921 0.075096 0.01641 2e-06 0.03803
1-1-0-4-3-5-0-2-2-3-0-0-1 1087723 0.071063 0.014325 0 0.037834
1-1-0-4-3-5-0-2-2-3-0-2-2 1250680 0.073162 0.016169 1e-06 0.037922
1-1-0-4-3-5-0-2-2-3-0-4-3 4149373 0.072231 0.014547 1e-06 0.037937
1-1-0-4-3-5-0-4-3-5-0-0-1 8529188 0.079359 0.018341 1e-06 0.038181
1-1-0-4-3-5-0-4-3-5-0-2-2 7341684 0.077172 0.017405 0 0.038265
1-1-0-4-3-5-0-4-3-5-0-4-3 22903283 0.080159 0.020668 1e-06 0.03823
2-3-0-0-1-1-0-0-1-1-0-0-1 78091 0.060185 0.00831 1e-06 0.037671
2-3-0-0-1-1-0-0-1-1-0-2-2 152128 0.065583 0.009889 0 0.03744
2-3-0-0-1-1-0-0-1-1-0-4-3 451039 0.061739 0.008842 1e-06 0.037517
2-3-0-0-1-1-0-2-2-3-0-0-1 161109 0.064383 0.009105 1e-06 0.037365
2-3-0-0-1-1-0-2-2-3-0-2-2 231730 0.06474 0.008333 1e-06 0.037166
2-3-0-0-1-1-0-2-2-3-0-4-3 728268 0.064107 0.008647 1e-06 0.037151
2-3-0-0-1-1-0-4-3-5-0-0-1 1354836 0.066066 0.011509 1e-06 0.037451
2-3-0-0-1-1-0-4-3-5-0-2-2 1354897 0.064674 0.01128 1e-06 0.037607
2-3-0-0-1-1-0-4-3-5-0-4-3 4173093 0.067066 0.012461 1e-06 0.037633
2-3-0-2-2-3-0-0-1-1-0-0-1 112583 0.062574 0.007371 1e-06 0.037128
2-3-0-2-2-3-0-0-1-1-0-2-2 231730 0.062574 0.00837 1e-06 0.037026
2-3-0-2-2-3-0-0-1-1-0-4-3 708078 0.062577 0.008755 0 0.037087
2-3-0-2-2-3-0-2-2-3-0-0-1 135529 0.061125 0.007474 1e-06 0.036889
2-3-0-2-2-3-0-2-2-3-0-2-2 186363 0.062764 0.009082 1e-06 0.036815
2-3-0-2-2-3-0-2-2-3-0-4-3 524137 0.062588 0.007888 1e-06 0.036887
2-3-0-2-2-3-0-4-3-5-0-0-1 1250680 0.080595 0.0131 0 0.047199
2-3-0-2-2-3-0-4-3-5-0-2-2 1280966 0.068452 0.011142 1e-06 0.03732
2-3-0-2-2-3-0-4-3-5-0-4-3 3699360 0.069141 0.012082 1e-06 0.037334
2-3-0-4-3-5-0-0-1-1-0-0-1 811057 0.071445 0.011922 1e-06 0.037676
2-3-0-4-3-5-0-0-1-1-0-2-2 1354897 0.06949 0.013134 0 0.037712
2-3-0-4-3-5-0-0-1-1-0-4-3 4700966 0.071261 0.012996 0 0.037678
2-3-0-4-3-5-0-2-2-3-0-0-1 1039476 0.068195 0.012075 0 0.037467
2-3-0-4-3-5-0-2-2-3-0-2-2 1280966 0.070457 0.013821 1e-06 0.037427
2-3-0-4-3-5-0-2-2-3-0-4-3 3916148 0.068567 0.011414 1e-06 0.037438
2-3-0-4-3-5-0-4-3-5-0-0-1 7341684 0.073594 0.01469 1e-06 0.03775
2-3-0-4-3-5-0-4-3-5-0-2-2 7062360 0.074167 0.014322 0 0.037947
2-3-0-4-3-5-0-4-3-5-0-4-3 19470406 0.075322 0.017324 1e-06 0.037927
3-5-0-0-1-1-0-0-1-1-0-0-1 475465 0.073834 0.016901 0 0.037987
3-5-0-0-1-1-0-0-1-1-0-2-2 451039 0.074341 0.017015 1e-06 0.037726
3-5-0-0-1-1-0-0-1-1-0-4-3 2958680 0.075347 0.017662 1e-06 0.037786
3-5-0-0-1-1-0-2-2-3-0-0-1 618519 0.072102 0.015452 1e-06 0.037739
3-5-0-0-1-1-0-2-2-3-0-2-2 708078 0.07197 0.015535 1e-06 0.037578
3-5-0-0-1-1-0-2-2-3-0-4-3 2989271 0.075216 0.016838 1e-06 0.038357
3-5-0-0-1-1-0-4-3-5-0-0-1 5607921 0.080089 0.0204 1e-06 0.037926
3-5-0-0-1-1-0-4-3-5-0-2-2 4700966 0.080341 0.020029 1e-06 0.038593
3-5-0-0-1-1-0-4-3-5-0-4-3 18362821 0.087765 0.026359 1e-06 0.038675
3-5-0-2-2-3-0-0-1-1-0-0-1 413472 0.073315 0.013787 1e-06 0.037794
3-5-0-2-2-3-0-0-1-1-0-2-2 728268 0.072491 0.01471 1e-06 0.037588
3-5-0-2-2-3-0-0-1-1-0-4-3 2989271 0.072881 0.014577 1e-06 0.037598
3-5-0-2-2-3-0-2-2-3-0-0-1 492375 0.07009 0.013726 1e-06 0.037437
3-5-0-2-2-3-0-2-2-3-0-2-2 524137 0.070968 0.013876 0 0.037234
3-5-0-2-2-3-0-2-2-3-0-4-3 2170955 0.077654 0.021159 1e-06 0.037401
3-5-0-2-2-3-0-4-3-5-0-0-1 4149373 0.078326 0.018342 1e-06 0.037765
3-5-0-2-2-3-0-4-3-5-0-2-2 3916148 0.077356 0.018009 1e-06 0.037658
3-5-0-2-2-3-0-4-3-5-0-4-3 12675068 0.08354 0.023338 1e-06 0.037635
3-5-0-4-3-5-0-0-1-1-0-0-1 3251126 0.085271 0.022834 1e-06 0.038084
3-5-0-4-3-5-0-0-1-1-0-2-2 4173093 0.080544 0.020628 1e-06 0.038982
3-5-0-4-3-5-0-0-1-1-0-4-3 18362821 0.088003 0.025699 1e-06 0.038383
3-5-0-4-3-5-0-2-2-3-0-0-1 3229172 0.083082 0.019998 1e-06 0.039883
3-5-0-4-3-5-0-2-2-3-0-2-2 3699360 0.088168 0.021883 1e-06 0.042395
3-5-0-4-3-5-0-2-2-3-0-4-3 12675068 0.083755 0.022515 1e-06 0.037991
3-5-0-4-3-5-0-4-3-5-0-0-1 22903283 0.092348 0.028217 1e-06 0.038669
3-5-0-4-3-5-0-4-3-5-0-2-2 19470406 0.090455 0.025737 1e-06 0.038472
3-5-0-4-3-5-0-4-3-5-0-4-3 64565795 0.109582 0.040354 0 0.038398
