0-0-1-1-0-0-1-1-0-0-1-1-0-0-1 219989 0.120522 0.041977 1e-06 0.050607
0-0-1-1-0-0-1-1-0-0-1-1-0-2-2 166498 0.110738 0.027261 2e-06 0.05986
0-0-1-1-0-0-1-1-0-0-1-1-0-4-3 1007175 0.11396 0.028031 1e-06 0.060026
0-0-1-1-0-0-1-1-0-2-2-3-0-0-1 227118 0.109789 0.024407 1e-06 0.059872
0-0-1-1-0-0-1-1-0-2-2-3-0-2-2 269113 0.110231 0.024579 2e-06 0.059758
0-0-1-1-0-0-1-1-0-2-2-3-0-4-3 1056404 0.112381 0.02695 1e-06 0.059903
0-0-1-1-0-0-1-1-0-4-3-5-0-0-1 2382824 0.104652 0.035576 1e-06 0.04664
0-0-1-1-0-0-1-1-0-4-3-5-0-2-2 2005389 0.06288 0.03124 0 0.011639
0-0-1-1-0-0-1-1-0-4-3-5-0-4-3 7765304 0.059078 0.027656 1e-06 0.011776
0-0-1-1-0-2-2-3-0-0-1-1-0-0-1 254087 0.056474 0.021766 1e-06 0.011271
0-0-1-1-0-2-2-3-0-0-1-1-0-2-2 455112 0.078138 0.020563 1e-06 0.039674
0-0-1-1-0-2-2-3-0-0-1-1-0-4-3 1862906 0.049624 0.020032 1e-06 0.011318
0-0-1-1-0-2-2-3-0-2-2-3-0-0-1 312856 0.045643 0.018868 1e-06 0.011185
0-0-1-1-0-2-2-3-0-2-2-3-0-2-2 365222 0.047745 0.019084 1e-06 0.011269
0-0-1-1-0-2-2-3-0-2-2-3-0-4-3 1393155 0.053803 0.027187 1e-06 0.011149
0-0-1-1-0-2-2-3-0-4-3-5-0-0-1 3006235 0.058718 0.026778 1e-06 0.011567
0-0-1-1-0-2-2-3-0-4-3-5-0-2-2 2939091 0.05546 0.025772 1e-06 0.011404
0-0-1-1-0-2-2-3-0-4-3-5-0-4-3 9092310 0.065571 0.033625 0 0.011423
0-0-1-1-0-4-3-5-0-0-1-1-0-0-1 2542069 0.071024 0.037116 1e-06 0.012229
0-0-1-1-0-4-3-5-0-0-1-1-0-2-2 3581853 0.062999 0.032449 1e-06 0.012146
0-0-1-1-0-4-3-5-0-0-1-1-0-4-3 14250721 0.088153 0.052797 1e-06 0.012009
0-0-1-1-0-4-3-5-0-2-2-3-0-0-1 2736848 0.070629 0.031544 1e-06 0.012842
0-0-1-1-0-4-3-5-0-2-2-3-0-2-2 3246243 0.071739 0.034472 1e-06 0.01221
0-0-1-1-0-4-3-5-0-2-2-3-0-4-3 10539120 0.07561 0.037704 0 0.01204
0-0-1-1-0-4-3-5-0-4-3-5-0-0-1 19536812 0.099751 0.059658 1e-06 0.0132
0-0-1-1-0-4-3-5-0-4-3-5-0-2-2 17228423 0.089019 0.043145 1e-06 0.013478
0-0-1-1-0-4-3-5-0-4-3-5-0-4-3 52630265 0.139446 0.100868 1e-06 0.013504
0-2-2-3-0-0-1-1-0-0-1-1-0-0-1 141290 0.051939 0.024005 1e-06 0.012328
0-2-2-3-0-0-1-1-0-0-1-1-0-2-2 248813 0.052843 0.023991 1e-06 0.012199
0-2-2-3-0-0-1-1-0-0-1-1-0-4-3 988117 0.052985 0.02486 1e-06 0.012161
0-2-2-3-0-0-1-1-0-2-2-3-0-0-1 308439 0.047485 0.020869 2e-06 0.012037
0-2-2-3-0-0-1-1-0-2-2-3-0-2-2 408400 0.04688 0.021271 2e-06 0.012005
0-2-2-3-0-0-1-1-0-2-2-3-0-4-3 1496081 0.049219 0.023705 1e-06 0.011985
0-2-2-3-0-0-1-1-0-4-3-5-0-0-1 2694129 0.059939 0.02866 1e-06 0.012277
0-2-2-3-0-0-1-1-0-4-3-5-0-2-2 2646121 0.118261 0.029801 1e-06 0.061116
0-2-2-3-0-0-1-1-0-4-3-5-0-4-3 8091389 0.123371 0.034209 1e-06 0.0585
0-2-2-3-0-2-2-3-0-0-1-1-0-0-1 188377 0.104396 0.019391 1e-06 0.058079
0-2-2-3-0-2-2-3-0-0-1-1-0-2-2 360293 0.109501 0.022092 2e-06 0.057928
0-2-2-3-0-2-2-3-0-0-1-1-0-4-3 1307204 0.106083 0.020648 1e-06 0.05832
0-2-2-3-0-2-2-3-0-2-2-3-0-0-1 229664 0.103549 0.019691 1e-06 0.057938
0-2-2-3-0-2-2-3-0-2-2-3-0-2-2 266338 0.094417 0.019478 1e-06 0.051468
0-2-2-3-0-2-2-3-0-2-2-3-0-4-3 939938 0.089093 0.020124 1e-06 0.044352
0-2-2-3-0-2-2-3-0-4-3-5-0-0-1 2195693 0.101383 0.026919 1e-06 0.045525
0-2-2-3-0-2-2-3-0-4-3-5-0-2-2 2187268 0.097137 0.025949 0 0.045406
0-2-2-3-0-2-2-3-0-4-3-5-0-4-3 6348703 0.097169 0.021055 1e-06 0.043752
0-2-2-3-0-4-3-5-0-0-1-1-0-0-1 1687902 0.10758 0.037318 1e-06 0.044154
0-2-2-3-0-4-3-5-0-0-1-1-0-2-2 2663360 0.103175 0.033403 1e-06 0.04497
0-2-2-3-0-4-3-5-0-0-1-1-0-4-3 9085093 0.109793 0.037688 1e-06 0.044935
0-2-2-3-0-4-3-5-0-2-2-3-0-0-1 2056435 0.098684 0.031684 1e-06 0.042996
0-2-2-3-0-4-3-5-0-2-2-3-0-2-2 2515710 0.103539 0.034606 0 0.044062
0-2-2-3-0-4-3-5-0-2-2-3-0-4-3 7520982 0.116061 0.038139 1e-06 0.051003
0-2-2-3-0-4-3-5-0-4-3-5-0-0-1 12653171 0.117221 0.043051 1e-06 0.044469
0-2-2-3-0-4-3-5-0-4-3-5-0-2-2 11922624 0.11304 0.041681 0 0.044439
0-2-2-3-0-4-3-5-0-4-3-5-0-4-3 32665634 0.119461 0.049381 1e-06 0.044499
0-4-3-5-0-0-1-1-0-0-1-1-0-0-1 1332890 0.102564 0.030684 1e-06 0.04619
0-4-3-5-0-0-1-1-0-0-1-1-0-2-2 1824440 0.102307 0.031738 1e-06 0.046056
0-4-3-5-0-0-1-1-0-0-1-1-0-4-3 8148870 0.103014 0.033097 1e-06 0.045735
0-4-3-5-0-0-1-1-0-2-2-3-0-0-1 2318991 0.098532 0.028757 2e-06 0.046019
0-4-3-5-0-0-1-1-0-2-2-3-0-2-2 2995057 0.097105 0.029261 1e-06 0.044822
0-4-3-5-0-0-1-1-0-2-2-3-0-4-3 10139913 0.10145 0.03187 0 0.045104
0-4-3-5-0-0-1-1-0-4-3-5-0-0-1 20205284 0.114458 0.042213 1e-06 0.045423
0-4-3-5-0-0-1-1-0-4-3-5-0-2-2 18159506 0.112012 0.040436 1e-06 0.044018
0-4-3-5-0-0-1-1-0-4-3-5-0-4-3 55175418 0.12881 0.053068 1e-06 0.045715
0-4-3-5-0-2-2-3-0-0-1-1-0-0-1 1578412 0.098019 0.025644 1e-06 0.04625
0-4-3-5-0-2-2-3-0-0-1-1-0-2-2 3093998 0.096096 0.027541 1e-06 0.044408
0-4-3-5-0-2-2-3-0-0-1-1-0-4-3 10491003 0.096906 0.02743 1e-06 0.043182
0-4-3-5-0-2-2-3-0-2-2-3-0-0-1 2036936 0.094604 0.025586 0 0.044413
0-4-3-5-0-2-2-3-0-2-2-3-0-2-2 2350930 0.09556 0.025827 1e-06 0.044266
0-4-3-5-0-2-2-3-0-2-2-3-0-4-3 8004004 0.101779 0.026531 1e-06 0.045046
0-4-3-5-0-2-2-3-0-4-3-5-0-0-1 17189893 0.120792 0.037677 1e-06 0.050104
0-4-3-5-0-2-2-3-0-4-3-5-0-2-2 16400959 0.122864 0.035237 1e-06 0.057502
0-4-3-5-0-2-2-3-0-4-3-5-0-4-3 45773415 0.115446 0.039739 1e-06 0.044695
0-4-3-5-0-4-3-5-0-0-1-1-0-0-1 12258976 0.126159 0.042154 0 0.045899
0-4-3-5-0-4-3-5-0-0-1-1-0-2-2 16161615 0.117781 0.037551 1e-06 0.047823
0-4-3-5-0-4-3-5-0-0-1-1-0-4-3 55174169 0.140497 0.063427 0 0.045252
0-4-3-5-0-4-3-5-0-2-2-3-0-0-1 12037649 0.115867 0.03493 1e-06 0.046204
0-4-3-5-0-4-3-5-0-2-2-3-0-2-2 14812754 0.112328 0.036122 1e-06 0.045141
0-4-3-5-0-4-3-5-0-2-2-3-0-4-3 41179648 0.128399 0.049489 0 0.045774
0-4-3-5-0-4-3-5-0-4-3-5-0-0-1 66854831 0.165631 0.084264 1e-06 0.04554
0-4-3-5-0-4-3-5-0-4-3-5-0-2-2 59130651 0.155323 0.066438 1e-06 0.047624
0-4-3-5-0-4-3-5-0-4-3-5-0-4-3 166867136 0.263868 0.187466 1e-06 0.045708
1-1-0-0-1-1-0-0-1-1-0-0-1-1-0 219989 0.051888 0.023347 1e-06 0.011572
1-1-0-0-1-1-0-0-1-1-0-2-2-3-0 141290 0.051835 0.021761 1e-06 0.011467
1-1-0-0-1-1-0-0-1-1-0-4-3-5-0 1332890 0.052242 0.023628 1e-06 0.011673
1-1-0-0-1-1-0-2-2-3-0-0-1-1-0 254087 0.045526 0.019697 1e-06 0.011385
1-1-0-0-1-1-0-2-2-3-0-2-2-3-0 188377 0.043037 0.019393 0 0.011226
1-1-0-0-1-1-0-2-2-3-0-4-3-5-0 1578412 0.049438 0.020502 1e-06 0.011928
1-1-0-0-1-1-0-4-3-5-0-0-1-1-0 2542069 0.058064 0.029545 1e-06 0.011737
1-1-0-0-1-1-0-4-3-5-0-2-2-3-0 1687902 0.055585 0.028098 1e-06 0.011859
1-1-0-0-1-1-0-4-3-5-0-4-3-5-0 12258976 0.061067 0.029551 1e-06 0.012007
1-1-0-2-2-3-0-0-1-1-0-0-1-1-0 227118 0.043999 0.020215 1e-06 0.011236
1-1-0-2-2-3-0-0-1-1-0-2-2-3-0 308439 0.042277 0.019787 1e-06 0.011218
1-1-0-2-2-3-0-0-1-1-0-4-3-5-0 2318991 0.046655 0.021172 1e-06 0.011281
1-1-0-2-2-3-0-2-2-3-0-0-1-1-0 312856 0.040783 0.017021 1e-06 0.011046
1-1-0-2-2-3-0-2-2-3-0-2-2-3-0 229664 0.04076 0.016552 1e-06 0.010964
1-1-0-2-2-3-0-2-2-3-0-4-3-5-0 2036936 0.044984 0.01756 1e-06 0.011285
1-1-0-2-2-3-0-4-3-5-0-0-1-1-0 2736848 0.056612 0.028649 1e-06 0.011567
1-1-0-2-2-3-0-4-3-5-0-2-2-3-0 2056435 0.054569 0.027529 1e-06 0.011654
1-1-0-2-2-3-0-4-3-5-0-4-3-5-0 12037649 0.058656 0.029748 1e-06 0.011623
1-1-0-4-3-5-0-0-1-1-0-0-1-1-0 2382824 0.057662 0.027932 1e-06 0.011852
1-1-0-4-3-5-0-0-1-1-0-2-2-3-0 2694129 0.054978 0.027217 1e-06 0.011916
1-1-0-4-3-5-0-0-1-1-0-4-3-5-0 20205284 0.065197 0.034081 1e-06 0.011876
1-1-0-4-3-5-0-2-2-3-0-0-1-1-0 3006235 0.052644 0.023835 1e-06 0.01179
1-1-0-4-3-5-0-2-2-3-0-2-2-3-0 2195693 0.051434 0.023357 2e-06 0.01152
1-1-0-4-3-5-0-2-2-3-0-4-3-5-0 17189893 0.059027 0.028 0 0.011754
1-1-0-4-3-5-0-4-3-5-0-0-1-1-0 19536812 0.069296 0.037198 1e-06 0.012118
1-1-0-4-3-5-0-4-3-5-0-2-2-3-0 12653171 0.065327 0.033743 1e-06 0.01206
1-1-0-4-3-5-0-4-3-5-0-4-3-5-0 66854831 0.094992 0.060283 0 0.012188
2-3-0-0-1-1-0-0-1-1-0-0-1-1-0 166498 0.04218 0.01528 0 0.011379
2-3-0-0-1-1-0-0-1-1-0-2-2-3-0 248813 0.041535 0.014923 0 0.011189
2-3-0-0-1-1-0-0-1-1-0-4-3-5-0 1824440 0.045335 0.016506 1e-06 0.011632
2-3-0-0-1-1-0-2-2-3-0-0-1-1-0 455112 0.037841 0.013846 1e-06 0.010931
2-3-0-0-1-1-0-2-2-3-0-2-2-3-0 360293 0.036217 0.013442 1e-06 0.010872
2-3-0-0-1-1-0-2-2-3-0-4-3-5-0 3093998 0.041161 0.014611 0 0.011113
2-3-0-0-1-1-0-4-3-5-0-0-1-1-0 3581853 0.051968 0.02275 1e-06 0.011263
2-3-0-0-1-1-0-4-3-5-0-2-2-3-0 2663360 0.049931 0.02118 2e-06 0.01134
2-3-0-0-1-1-0-4-3-5-0-4-3-5-0 16161615 0.056809 0.024298 0 0.011315
2-3-0-2-2-3-0-0-1-1-0-0-1-1-0 269113 0.039459 0.01566 1e-06 0.010789
2-3-0-2-2-3-0-0-1-1-0-2-2-3-0 408400 0.037855 0.015186 1e-06 0.010762
2-3-0-2-2-3-0-0-1-1-0-4-3-5-0 2995057 0.04263 0.016482 1e-06 0.010765
2-3-0-2-2-3-0-2-2-3-0-0-1-1-0 365222 0.080288 0.013257 1e-06 0.045675
2-3-0-2-2-3-0-2-2-3-0-2-2-3-0 266338 0.076405 0.01304 1e-06 0.042357
2-3-0-2-2-3-0-2-2-3-0-4-3-5-0 2350930 0.080696 0.013839 1e-06 0.042885
2-3-0-2-2-3-0-4-3-5-0-0-1-1-0 3246243 0.092459 0.02361 1e-06 0.04337
2-3-0-2-2-3-0-4-3-5-0-2-2-3-0 2515710 0.090193 0.022634 1e-06 0.044085
2-3-0-2-2-3-0-4-3-5-0-4-3-5-0 14812754 0.096327 0.024271 1e-06 0.043626
2-3-0-4-3-5-0-0-1-1-0-0-1-1-0 2005389 0.092623 0.023559 1e-06 0.044005
2-3-0-4-3-5-0-0-1-1-0-2-2-3-0 2646121 0.090863 0.023178 1e-06 0.04394
2-3-0-4-3-5-0-0-1-1-0-4-3-5-0 18159506 0.097534 0.029061 0 0.044359
2-3-0-4-3-5-0-2-2-3-0-0-1-1-0 2939091 0.095597 0.02092 1e-06 0.045117
2-3-0-4-3-5-0-2-2-3-0-2-2-3-0 2187268 0.093408 0.01967 1e-06 0.048539
2-3-0-4-3-5-0-2-2-3-0-4-3-5-0 16400959 0.093566 0.023999 0 0.043708
2-3-0-4-3-5-0-4-3-5-0-0-1-1-0 17228423 0.104175 0.029681 1e-06 0.044258
2-3-0-4-3-5-0-4-3-5-0-2-2-3-0 11922624 0.101981 0.029253 0 0.046308
2-3-0-4-3-5-0-4-3-5-0-4-3-5-0 59130651 0.126754 0.050347 1e-06 0.044275
3-5-0-0-1-1-0-0-1-1-0-0-1-1-0 1007175 0.108581 0.037459 1e-06 0.047002
3-5-0-0-1-1-0-0-1-1-0-2-2-3-0 988117 0.100515 0.031602 1e-06 0.047168
3-5-0-0-1-1-0-0-1-1-0-4-3-5-0 8148870 0.110665 0.038904 0 0.04568
3-5-0-0-1-1-0-2-2-3-0-0-1-1-0 1862906 0.102998 0.030143 0 0.047828
3-5-0-0-1-1-0-2-2-3-0-2-2-3-0 1307204 0.099425 0.029546 1e-06 0.04576
3-5-0-0-1-1-0-2-2-3-0-4-3-5-0 10491003 0.101338 0.031323 1e-06 0.045274
3-5-0-0-1-1-0-4-3-5-0-0-1-1-0 14250721 0.123235 0.047706 1e-06 0.045469
3-5-0-0-1-1-0-4-3-5-0-2-2-3-0 9085093 0.114571 0.039594 1e-06 0.046273
3-5-0-0-1-1-0-4-3-5-0-4-3-5-0 55174169 0.135736 0.058701 1e-06 0.047634
3-5-0-2-2-3-0-0-1-1-0-0-1-1-0 1056404 0.10337 0.03132 1e-06 0.047517
3-5-0-2-2-3-0-0-1-1-0-2-2-3-0 1496081 0.099468 0.030961 1e-06 0.044662
3-5-0-2-2-3-0-0-1-1-0-4-3-5-0 10139913 0.112563 0.034532 1e-06 0.046264
3-5-0-2-2-3-0-2-2-3-0-0-1-1-0 1393155 0.111985 0.035054 1e-06 0.049569
3-5-0-2-2-3-0-2-2-3-0-2-2-3-0 939938 0.113081 0.031845 1e-06 0.05494
3-5-0-2-2-3-0-2-2-3-0-4-3-5-0 8004004 0.108743 0.033017 0 0.047003
3-5-0-2-2-3-0-4-3-5-0-0-1-1-0 10539120 0.123484 0.043807 1e-06 0.044643
3-5-0-2-2-3-0-4-3-5-0-2-2-3-0 7520982 0.116495 0.042924 1e-06 0.044883
3-5-0-2-2-3-0-4-3-5-0-4-3-5-0 41179648 0.131457 0.055793 1e-06 0.04436
3-5-0-4-3-5-0-0-1-1-0-0-1-1-0 7765304 0.12001 0.041044 0 0.047452
3-5-0-4-3-5-0-0-1-1-0-2-2-3-0 8091389 0.116131 0.042717 1e-06 0.0451
3-5-0-4-3-5-0-0-1-1-0-4-3-5-0 55175418 0.135623 0.058567 2e-06 0.045328
3-5-0-4-3-5-0-2-2-3-0-0-1-1-0 9092310 0.115674 0.03946 0 0.045762
3-5-0-4-3-5-0-2-2-3-0-2-2-3-0 6348703 0.11571 0.036669 1e-06 0.045421
3-5-0-4-3-5-0-2-2-3-0-4-3-5-0 45773415 0.133447 0.052304 1e-06 0.044178
3-5-0-4-3-5-0-4-3-5-0-0-1-1-0 52630265 0.140437 0.060728 1e-06 0.045587
3-5-0-4-3-5-0-4-3-5-0-2-2-3-0 32665634 0.144373 0.056946 0 0.049163
3-5-0-4-3-5-0-4-3-5-0-4-3-5-0 166867136 0.223923 0.134644 1e-06 0.04661
