0-0-1-1-0 285299 0.05926 0.033684 0 0.011411
0-2-2-3-0 121022 0.021386 0.008131 1e-06 0.008254
0-4-3-5-0 1015379 0.040039 0.033563 0 0.001895
1-1-0-0-1 136551 0.009184 0.00441 0 0.001923
1-1-0-2-2 53154 0.007621 0.003975 0 0.001676
1-1-0-4-3 315769 0.008444 0.004114 0 0.001649
2-3-0-0-1 53154 0.005114 0.001693 0 0.001324
2-3-0-2-2 88299 0.005084 0.001682 1e-06 0.001211
2-3-0-4-3 178486 0.004778 0.001601 0 0.001159
3-5-0-0-1 315769 0.023585 0.017451 0 0.001351
3-5-0-2-2 178486 0.010469 0.005765 0 0.001442
3-5-0-4-3 1388715 0.015304 0.010559 1e-06 0.001403
