0-0-1-1-0-0-1-1-0-0-1-1-0-0-1 219989 0.148104 0.042719 1e-06 0.060415
0-0-1-1-0-0-1-1-0-0-1-1-0-2-2 166498 0.133405 0.034443 1e-06 0.060344
0-0-1-1-0-0-1-1-0-0-1-1-0-4-3 1007175 0.134372 0.034907 1e-06 0.060357
0-0-1-1-0-0-1-1-0-2-2-3-0-0-1 227118 0.128225 0.031155 1e-06 0.060374
0-0-1-1-0-0-1-1-0-2-2-3-0-2-2 269113 0.126863 0.030527 1e-06 0.060483
0-0-1-1-0-0-1-1-0-2-2-3-0-4-3 1056404 0.136883 0.037454 1e-06 0.060303
0-0-1-1-0-0-1-1-0-4-3-5-0-0-1 2382824 0.167899 0.0499 1e-06 0.062745
0-0-1-1-0-0-1-1-0-4-3-5-0-2-2 2005389 0.165173 0.051972 0 0.06174
0-0-1-1-0-0-1-1-0-4-3-5-0-4-3 7765304 0.165357 0.050189 1e-06 0.061791
0-0-1-1-0-2-2-3-0-0-1-1-0-0-1 254087 0.134682 0.033725 1e-06 0.060917
0-0-1-1-0-2-2-3-0-0-1-1-0-2-2 455112 0.14029 0.037669 1e-06 0.060626
0-0-1-1-0-2-2-3-0-0-1-1-0-4-3 1862906 0.140171 0.036211 2e-06 0.060727
0-0-1-1-0-2-2-3-0-2-2-3-0-0-1 312856 0.120329 0.032938 1e-06 0.051344
0-0-1-1-0-2-2-3-0-2-2-3-0-2-2 365222 0.117992 0.03383 1e-06 0.045809
0-0-1-1-0-2-2-3-0-2-2-3-0-4-3 1393155 0.132884 0.0483 1e-06 0.046714
0-0-1-1-0-2-2-3-0-4-3-5-0-0-1 3006235 0.138991 0.046891 1e-06 0.046345
0-0-1-1-0-2-2-3-0-4-3-5-0-2-2 2939091 0.138204 0.047792 1e-06 0.045771
0-0-1-1-0-2-2-3-0-4-3-5-0-4-3 9092310 0.153701 0.063098 0 0.045958
0-0-1-1-0-4-3-5-0-0-1-1-0-0-1 2542069 0.180509 0.071622 1e-06 0.047186
0-0-1-1-0-4-3-5-0-0-1-1-0-2-2 3581853 0.189197 0.066065 1e-06 0.062654
0-0-1-1-0-4-3-5-0-0-1-1-0-4-3 14250721 0.218384 0.096966 1e-06 0.063183
0-0-1-1-0-4-3-5-0-2-2-3-0-0-1 2736848 0.183644 0.06233 1e-06 0.063673
0-0-1-1-0-4-3-5-0-2-2-3-0-2-2 3246243 0.186786 0.067518 1e-06 0.063312
0-0-1-1-0-4-3-5-0-2-2-3-0-4-3 10539120 0.191262 0.072772 2e-06 0.063068
0-0-1-1-0-4-3-5-0-4-3-5-0-0-1 19536812 0.243566 0.107427 1e-06 0.070005
0-0-1-1-0-4-3-5-0-4-3-5-0-2-2 17228423 0.218754 0.086452 1e-06 0.064292
0-0-1-1-0-4-3-5-0-4-3-5-0-4-3 52630265 0.297451 0.189573 1e-06 0.052686
0-2-2-3-0-0-1-1-0-0-1-1-0-0-1 141290 0.096437 0.045589 1e-06 0.013133
0-2-2-3-0-0-1-1-0-0-1-1-0-2-2 248813 0.095002 0.046068 1e-06 0.013173
0-2-2-3-0-0-1-1-0-0-1-1-0-4-3 988117 0.095465 0.049262 1e-06 0.012887
0-2-2-3-0-0-1-1-0-2-2-3-0-0-1 308439 0.083123 0.0411 2e-06 0.012776
0-2-2-3-0-0-1-1-0-2-2-3-0-2-2 408400 0.084559 0.041274 1e-06 0.012627
0-2-2-3-0-0-1-1-0-2-2-3-0-4-3 1496081 0.089591 0.04672 1e-06 0.012605
0-2-2-3-0-0-1-1-0-4-3-5-0-0-1 2694129 0.109323 0.057401 1e-06 0.013312
0-2-2-3-0-0-1-1-0-4-3-5-0-2-2 2646121 0.1014 0.055183 1e-06 0.012015
0-2-2-3-0-0-1-1-0-4-3-5-0-4-3 8091389 0.112472 0.063675 0 0.011999
0-2-2-3-0-2-2-3-0-0-1-1-0-0-1 188377 0.075176 0.033312 1e-06 0.011518
0-2-2-3-0-2-2-3-0-0-1-1-0-2-2 360293 0.076453 0.036923 1e-06 0.011547
0-2-2-3-0-2-2-3-0-0-1-1-0-4-3 1307204 0.072412 0.034777 1e-06 0.011352
0-2-2-3-0-2-2-3-0-2-2-3-0-0-1 229664 0.069597 0.033223 1e-06 0.011337
0-2-2-3-0-2-2-3-0-2-2-3-0-2-2 266338 0.068409 0.033913 0 0.011874
0-2-2-3-0-2-2-3-0-2-2-3-0-4-3 939938 0.071479 0.035664 1e-06 0.011404
0-2-2-3-0-2-2-3-0-4-3-5-0-0-1 2195693 0.092191 0.048323 0 0.011609
0-2-2-3-0-2-2-3-0-4-3-5-0-2-2 2187268 0.088369 0.047352 1e-06 0.01166
0-2-2-3-0-2-2-3-0-4-3-5-0-4-3 6348703 0.081091 0.037719 1e-06 0.011683
0-2-2-3-0-4-3-5-0-0-1-1-0-0-1 1687902 0.115862 0.070842 1e-06 0.012177
0-2-2-3-0-4-3-5-0-0-1-1-0-2-2 2663360 0.10343 0.061852 1e-06 0.012387
0-2-2-3-0-4-3-5-0-0-1-1-0-4-3 9085093 0.113197 0.067855 1e-06 0.012376
0-2-2-3-0-4-3-5-0-2-2-3-0-0-1 2056435 0.097099 0.058027 1e-06 0.012039
0-2-2-3-0-4-3-5-0-2-2-3-0-2-2 2515710 0.103335 0.064192 1e-06 0.012076
0-2-2-3-0-4-3-5-0-2-2-3-0-4-3 7520982 0.110491 0.070443 1e-06 0.012285
0-2-2-3-0-4-3-5-0-4-3-5-0-0-1 12653171 0.128356 0.07944 1e-06 0.0128
0-2-2-3-0-4-3-5-0-4-3-5-0-2-2 11922624 0.120077 0.075945 0 0.012637
0-2-2-3-0-4-3-5-0-4-3-5-0-4-3 32665634 0.137026 0.091432 1e-06 0.012578
0-4-3-5-0-0-1-1-0-0-1-1-0-0-1 1332890 0.141654 0.058432 0 0.045266
0-4-3-5-0-0-1-1-0-0-1-1-0-2-2 1824440 0.147807 0.060992 1e-06 0.046622
0-4-3-5-0-0-1-1-0-0-1-1-0-4-3 8148870 0.145195 0.058786 1e-06 0.048425
0-4-3-5-0-0-1-1-0-2-2-3-0-0-1 2318991 0.134016 0.052066 0 0.045547
0-4-3-5-0-0-1-1-0-2-2-3-0-2-2 2995057 0.135828 0.052396 1e-06 0.045541
0-4-3-5-0-0-1-1-0-2-2-3-0-4-3 10139913 0.139975 0.057412 1e-06 0.045645
0-4-3-5-0-0-1-1-0-4-3-5-0-0-1 20205284 0.164059 0.076161 1e-06 0.04618
0-4-3-5-0-0-1-1-0-4-3-5-0-2-2 18159506 0.16274 0.072141 1e-06 0.046357
0-4-3-5-0-0-1-1-0-4-3-5-0-4-3 55175418 0.19339 0.098182 1e-06 0.046258
0-4-3-5-0-2-2-3-0-0-1-1-0-0-1 1578412 0.127707 0.043851 1e-06 0.046617
0-4-3-5-0-2-2-3-0-0-1-1-0-2-2 3093998 0.129943 0.047489 1e-06 0.045714
0-4-3-5-0-2-2-3-0-0-1-1-0-4-3 10491003 0.129136 0.046864 0 0.045468
0-4-3-5-0-2-2-3-0-2-2-3-0-0-1 2036936 0.124013 0.044643 1e-06 0.045078
0-4-3-5-0-2-2-3-0-2-2-3-0-2-2 2350930 0.123914 0.044711 1e-06 0.044972
0-4-3-5-0-2-2-3-0-2-2-3-0-4-3 8004004 0.127112 0.046032 1e-06 0.045097
0-4-3-5-0-2-2-3-0-4-3-5-0-0-1 17189893 0.148464 0.063217 1e-06 0.045724
0-4-3-5-0-2-2-3-0-4-3-5-0-2-2 16400959 0.147811 0.061154 1e-06 0.046269
0-4-3-5-0-2-2-3-0-4-3-5-0-4-3 45773415 0.157033 0.070025 1e-06 0.045734
0-4-3-5-0-4-3-5-0-0-1-1-0-0-1 12258976 0.163002 0.071785 0 0.046753
0-4-3-5-0-4-3-5-0-0-1-1-0-2-2 16161615 0.157098 0.065131 1e-06 0.04663
0-4-3-5-0-4-3-5-0-0-1-1-0-4-3 55174169 0.203011 0.109773 1e-06 0.047018
0-4-3-5-0-4-3-5-0-2-2-3-0-0-1 12037649 0.151399 0.062835 1e-06 0.04699
0-4-3-5-0-4-3-5-0-2-2-3-0-2-2 14812754 0.153755 0.063911 0 0.046894
0-4-3-5-0-4-3-5-0-2-2-3-0-4-3 41179648 0.18447 0.090342 1e-06 0.046649
0-4-3-5-0-4-3-5-0-4-3-5-0-0-1 66854831 0.239115 0.137453 1e-06 0.047532
0-4-3-5-0-4-3-5-0-4-3-5-0-2-2 59130651 0.218548 0.117979 1e-06 0.047441
0-4-3-5-0-4-3-5-0-4-3-5-0-4-3 166867136 0.382713 0.272917 1e-06 0.047891
1-1-0-0-1-1-0-0-1-1-0-0-1-1-0 219989 0.086026 0.043227 1e-06 0.012601
1-1-0-0-1-1-0-0-1-1-0-2-2-3-0 141290 0.081379 0.039444 1e-06 0.012089
1-1-0-0-1-1-0-0-1-1-0-4-3-5-0 1332890 0.09006 0.043536 1e-06 0.012301
1-1-0-0-1-1-0-2-2-3-0-0-1-1-0 254087 0.071604 0.03658 1e-06 0.011906
1-1-0-0-1-1-0-2-2-3-0-2-2-3-0 188377 0.074417 0.036628 1e-06 0.012018
1-1-0-0-1-1-0-2-2-3-0-4-3-5-0 1578412 0.077896 0.037894 1e-06 0.012311
1-1-0-0-1-1-0-4-3-5-0-0-1-1-0 2542069 0.102639 0.054973 1e-06 0.012714
1-1-0-0-1-1-0-4-3-5-0-2-2-3-0 1687902 0.098617 0.052254 1e-06 0.012728
1-1-0-0-1-1-0-4-3-5-0-4-3-5-0 12258976 0.113985 0.056345 1e-06 0.012865
1-1-0-2-2-3-0-0-1-1-0-0-1-1-0 227118 0.07483 0.038012 1e-06 0.012256
1-1-0-2-2-3-0-0-1-1-0-2-2-3-0 308439 0.069402 0.036709 1e-06 0.01152
1-1-0-2-2-3-0-0-1-1-0-4-3-5-0 2318991 0.07822 0.039254 0 0.01179
1-1-0-2-2-3-0-2-2-3-0-0-1-1-0 312856 0.062591 0.031143 1e-06 0.011408
1-1-0-2-2-3-0-2-2-3-0-2-2-3-0 229664 0.064009 0.030487 1e-06 0.011344
1-1-0-2-2-3-0-2-2-3-0-4-3-5-0 2036936 0.068531 0.032191 1e-06 0.011639
1-1-0-2-2-3-0-4-3-5-0-0-1-1-0 2736848 0.102747 0.053447 1e-06 0.012139
1-1-0-2-2-3-0-4-3-5-0-2-2-3-0 2056435 0.090016 0.050636 1e-06 0.012023
1-1-0-2-2-3-0-4-3-5-0-4-3-5-0 12037649 0.097078 0.053448 1e-06 0.012068
1-1-0-4-3-5-0-0-1-1-0-0-1-1-0 2382824 0.094692 0.050013 1e-06 0.01277
1-1-0-4-3-5-0-0-1-1-0-2-2-3-0 2694129 0.091928 0.049507 1e-06 0.012824
1-1-0-4-3-5-0-0-1-1-0-4-3-5-0 20205284 0.107852 0.060802 1e-06 0.013087
1-1-0-4-3-5-0-2-2-3-0-0-1-1-0 3006235 0.085026 0.042708 1e-06 0.012895
1-1-0-4-3-5-0-2-2-3-0-2-2-3-0 2195693 0.082548 0.042429 1e-06 0.012567
1-1-0-4-3-5-0-2-2-3-0-4-3-5-0 17189893 0.093375 0.04957 0 0.01276
1-1-0-4-3-5-0-4-3-5-0-0-1-1-0 19536812 0.119132 0.067392 1e-06 0.013367
1-1-0-4-3-5-0-4-3-5-0-2-2-3-0 12653171 0.151455 0.062127 1e-06 0.045988
1-1-0-4-3-5-0-4-3-5-0-4-3-5-0 66854831 0.207149 0.109254 0 0.046449
2-3-0-0-1-1-0-0-1-1-0-0-1-1-0 166498 0.107911 0.027862 1e-06 0.046186
2-3-0-0-1-1-0-0-1-1-0-2-2-3-0 248813 0.100087 0.026854 0 0.041778
2-3-0-0-1-1-0-0-1-1-0-4-3-5-0 1824440 0.108307 0.029639 1e-06 0.044891
2-3-0-0-1-1-0-2-2-3-0-0-1-1-0 455112 0.095113 0.024833 1e-06 0.043013
2-3-0-0-1-1-0-2-2-3-0-2-2-3-0 360293 0.093058 0.024439 1e-06 0.042394
2-3-0-0-1-1-0-2-2-3-0-4-3-5-0 3093998 0.098497 0.026141 0 0.042915
2-3-0-0-1-1-0-4-3-5-0-0-1-1-0 3581853 0.119455 0.041394 1e-06 0.043622
2-3-0-0-1-1-0-4-3-5-0-2-2-3-0 2663360 0.11847 0.038612 1e-06 0.04393
2-3-0-0-1-1-0-4-3-5-0-4-3-5-0 16161615 0.126538 0.043882 1e-06 0.043505
2-3-0-2-2-3-0-0-1-1-0-0-1-1-0 269113 0.102324 0.028046 0 0.042835
2-3-0-2-2-3-0-0-1-1-0-2-2-3-0 408400 0.097954 0.027338 1e-06 0.043739
2-3-0-2-2-3-0-0-1-1-0-4-3-5-0 2995057 0.106996 0.029596 1e-06 0.043814
2-3-0-2-2-3-0-2-2-3-0-0-1-1-0 365222 0.094728 0.021883 2e-06 0.043461
2-3-0-2-2-3-0-2-2-3-0-2-2-3-0 266338 0.091841 0.021563 0 0.042918
2-3-0-2-2-3-0-2-2-3-0-4-3-5-0 2350930 0.097075 0.023179 1e-06 0.043873
2-3-0-2-2-3-0-4-3-5-0-0-1-1-0 3246243 0.121037 0.041318 1e-06 0.044208
2-3-0-2-2-3-0-4-3-5-0-2-2-3-0 2515710 0.118032 0.039068 1e-06 0.045455
2-3-0-2-2-3-0-4-3-5-0-4-3-5-0 14812754 0.12459 0.042182 1e-06 0.044262
2-3-0-4-3-5-0-0-1-1-0-0-1-1-0 2005389 0.12305 0.041551 1e-06 0.045898
2-3-0-4-3-5-0-0-1-1-0-2-2-3-0 2646121 0.125568 0.041022 0 0.047991
2-3-0-4-3-5-0-0-1-1-0-4-3-5-0 18159506 0.145993 0.054322 0 0.048186
2-3-0-4-3-5-0-2-2-3-0-0-1-1-0 2939091 0.121737 0.034691 0 0.049892
2-3-0-4-3-5-0-2-2-3-0-2-2-3-0 2187268 0.115141 0.033981 1e-06 0.045317
2-3-0-4-3-5-0-2-2-3-0-4-3-5-0 16400959 0.124808 0.042295 1e-06 0.045484
2-3-0-4-3-5-0-4-3-5-0-0-1-1-0 17228423 0.142886 0.053699 0 0.046248
2-3-0-4-3-5-0-4-3-5-0-2-2-3-0 11922624 0.137286 0.052047 1e-06 0.045585
2-3-0-4-3-5-0-4-3-5-0-4-3-5-0 59130651 0.179015 0.088381 1e-06 0.046111
3-5-0-0-1-1-0-0-1-1-0-0-1-1-0 1007175 0.153435 0.067593 1e-06 0.048288
3-5-0-0-1-1-0-0-1-1-0-2-2-3-0 988117 0.136686 0.058086 1e-06 0.044661
3-5-0-0-1-1-0-0-1-1-0-4-3-5-0 8148870 0.158638 0.068917 0 0.046295
3-5-0-0-1-1-0-2-2-3-0-0-1-1-0 1862906 0.132459 0.053098 1e-06 0.043929
3-5-0-0-1-1-0-2-2-3-0-2-2-3-0 1307204 0.133016 0.052913 1e-06 0.046298
3-5-0-0-1-1-0-2-2-3-0-4-3-5-0 10491003 0.136123 0.054827 0 0.045122
3-5-0-0-1-1-0-4-3-5-0-0-1-1-0 14250721 0.179614 0.085248 1e-06 0.047799
3-5-0-0-1-1-0-4-3-5-0-2-2-3-0 9085093 0.165358 0.069945 1e-06 0.045082
3-5-0-0-1-1-0-4-3-5-0-4-3-5-0 55174169 0.210456 0.110661 0 0.047039
3-5-0-2-2-3-0-0-1-1-0-0-1-1-0 1056404 0.137936 0.055833 0 0.045158
3-5-0-2-2-3-0-0-1-1-0-2-2-3-0 1496081 0.137231 0.05494 1e-06 0.047623
3-5-0-2-2-3-0-0-1-1-0-4-3-5-0 10139913 0.146676 0.057473 1e-06 0.045314
3-5-0-2-2-3-0-2-2-3-0-0-1-1-0 1393155 0.145652 0.06095 1e-06 0.047823
3-5-0-2-2-3-0-2-2-3-0-2-2-3-0 939938 0.139035 0.056066 1e-06 0.046132
3-5-0-2-2-3-0-2-2-3-0-4-3-5-0 8004004 0.144103 0.057996 1e-06 0.045916
3-5-0-2-2-3-0-4-3-5-0-0-1-1-0 10539120 0.170185 0.07759 1e-06 0.045625
3-5-0-2-2-3-0-4-3-5-0-2-2-3-0 7520982 0.162906 0.076449 1e-06 0.045801
3-5-0-2-2-3-0-4-3-5-0-4-3-5-0 41179648 0.188055 0.096799 1e-06 0.046099
3-5-0-4-3-5-0-0-1-1-0-0-1-1-0 7765304 0.168115 0.073418 1e-06 0.046865
3-5-0-4-3-5-0-0-1-1-0-2-2-3-0 8091389 0.167164 0.076311 1e-06 0.046402
3-5-0-4-3-5-0-0-1-1-0-4-3-5-0 55175418 0.200521 0.10322 0 0.046132
3-5-0-4-3-5-0-2-2-3-0-0-1-1-0 9092310 0.165287 0.070762 1e-06 0.04776
3-5-0-4-3-5-0-2-2-3-0-2-2-3-0 6348703 0.160855 0.066553 1e-06 0.045906
3-5-0-4-3-5-0-2-2-3-0-4-3-5-0 45773415 0.18308 0.091017 0 0.047524
3-5-0-4-3-5-0-4-3-5-0-0-1-1-0 52630265 0.211128 0.111417 1e-06 0.047667
3-5-0-4-3-5-0-4-3-5-0-2-2-3-0 32665634 0.204083 0.099648 0 0.047226
3-5-0-4-3-5-0-4-3-5-0-4-3-5-0 166867136 0.378623 0.276633 1e-06 0.047124
