0-0-1-1-0-0-1-1-0 335557 0.072761 0.030187 0 0.022419
0-0-1-1-0-2-2-3-0 268471 0.046378 0.009545 0 0.02412
0-0-1-1-0-4-3-5-0 2432007 0.064114 0.035399 0 0.01843
0-2-2-3-0-0-1-1-0 268471 0.017463 0.007234 0 0.004354
0-2-2-3-0-2-2-3-0 190956 0.018681 0.008881 0 0.004167
0-2-2-3-0-4-3-5-0 1621994 0.022089 0.010632 0 0.00426
0-4-3-5-0-0-1-1-0 2432007 0.030229 0.015014 0 0.004729
0-4-3-5-0-2-2-3-0 1621994 0.026821 0.013864 0 0.00473
0-4-3-5-0-4-3-5-0 12688413 0.052647 0.035513 0 0.004734
1-1-0-0-1-1-0-0-1 153801 0.019202 0.00711 0 0.004569
1-1-0-0-1-1-0-2-2 67241 0.019354 0.007415 1e-06 0.004435
1-1-0-0-1-1-0-4-3 396994 0.01956 0.007038 1e-06 0.004474
1-1-0-2-2-3-0-0-1 87814 0.017606 0.005645 1e-06 0.004357
1-1-0-2-2-3-0-2-2 88874 0.017266 0.005659 1e-06 0.004262
1-1-0-2-2-3-0-4-3 331471 0.018235 0.006768 0 0.004274
1-1-0-4-3-5-0-0-1 836840 0.024144 0.009654 1e-06 0.004586
1-1-0-4-3-5-0-2-2 643365 0.023166 0.00936 0 0.004682
1-1-0-4-3-5-0-4-3 2611622 0.022136 0.008332 1e-06 0.004645
2-3-0-0-1-1-0-0-1 67241 0.016309 0.003735 0 0.004335
2-3-0-0-1-1-0-2-2 137950 0.016296 0.004773 0 0.004257
2-3-0-0-1-1-0-4-3 380406 0.016433 0.003859 1e-06 0.004222
2-3-0-2-2-3-0-0-1 88874 0.016556 0.003842 1e-06 0.004157
2-3-0-2-2-3-0-2-2 127045 0.016052 0.003918 0 0.004051
2-3-0-2-2-3-0-4-3 333878 0.017084 0.004301 1e-06 0.004032
2-3-0-4-3-5-0-0-1 643365 0.0233 0.008315 1e-06 0.005187
2-3-0-4-3-5-0-2-2 640634 0.020937 0.007581 1e-06 0.004404
2-3-0-4-3-5-0-4-3 1988788 0.01833 0.005124 1e-06 0.004418
3-5-0-0-1-1-0-0-1 396994 0.024632 0.012206 0 0.004597
3-5-0-0-1-1-0-2-2 380406 0.021137 0.010042 1e-06 0.00466
3-5-0-0-1-1-0-4-3 2529240 0.026331 0.012729 0 0.004593
3-5-0-2-2-3-0-0-1 331471 0.020649 0.008917 0 0.004598
3-5-0-2-2-3-0-2-2 333878 0.023843 0.010802 0 0.004514
3-5-0-2-2-3-0-4-3 1490343 0.024685 0.011441 0 0.004519
3-5-0-4-3-5-0-0-1 2611622 0.028724 0.014154 0 0.004774
3-5-0-4-3-5-0-2-2 1988788 0.036222 0.018776 1e-06 0.0048
3-5-0-4-3-5-0-4-3 8847469 0.066976 0.032739 1e-06 0.018295
