0-0-1-1-0-0-1-1-0-0-1 188528 0.084731 0.028913 1e-06 0.03612
0-0-1-1-0-0-1-1-0-2-2 146148 0.057629 0.012386 0 0.032284
0-0-1-1-0-0-1-1-0-4-3 863044 0.048033 0.015384 1e-06 0.018425
0-0-1-1-0-2-2-3-0-0-1 196108 0.043044 0.011355 1e-06 0.01836
0-0-1-1-0-2-2-3-0-2-2 226712 0.043279 0.011326 0 0.018265
0-0-1-1-0-2-2-3-0-4-3 902647 0.04343 0.011631 0 0.018331
0-0-1-1-0-4-3-5-0-0-1 2034443 0.069745 0.036529 1e-06 0.018644
0-0-1-1-0-4-3-5-0-2-2 1705498 0.03796 0.019485 1e-06 0.007146
0-0-1-1-0-4-3-5-0-4-3 6631528 0.04465 0.025901 1e-06 0.007175
0-2-2-3-0-0-1-1-0-0-1 123077 0.02634 0.009834 0 0.006905
0-2-2-3-0-0-1-1-0-2-2 219503 0.025888 0.009991 0 0.006815
0-2-2-3-0-0-1-1-0-4-3 850321 0.027287 0.010287 1e-06 0.006822
0-2-2-3-0-2-2-3-0-0-1 149919 0.026346 0.010588 1e-06 0.006707
0-2-2-3-0-2-2-3-0-2-2 163876 0.024713 0.008721 1e-06 0.006613
0-2-2-3-0-2-2-3-0-4-3 625402 0.025415 0.009117 1e-06 0.006613
0-2-2-3-0-4-3-5-0-0-1 1369799 0.032737 0.015174 1e-06 0.006945
0-2-2-3-0-4-3-5-0-2-2 1312522 0.032542 0.014944 1e-06 0.006979
0-2-2-3-0-4-3-5-0-4-3 4190131 0.033985 0.016349 1e-06 0.006993
0-4-3-5-0-0-1-1-0-0-1 1139429 0.043132 0.022444 1e-06 0.007316
0-4-3-5-0-0-1-1-0-2-2 1584734 0.031747 0.014348 0 0.007341
0-4-3-5-0-0-1-1-0-4-3 6892753 0.036804 0.018478 0 0.007207
0-4-3-5-0-2-2-3-0-0-1 1261874 0.02958 0.012677 0 0.007243
0-4-3-5-0-2-2-3-0-2-2 1438868 0.031466 0.013589 0 0.007111
0-4-3-5-0-2-2-3-0-4-3 5005518 0.045691 0.021762 0 0.007103
0-4-3-5-0-4-3-5-0-0-1 10335808 0.078837 0.036478 1e-06 0.028036
0-4-3-5-0-4-3-5-0-2-2 8888041 0.066907 0.020599 0 0.034084
0-4-3-5-0-4-3-5-0-4-3 28500286 0.215767 0.196586 0 0.007388
1-1-0-0-1-1-0-0-1-1-0 188528 0.028837 0.011465 0 0.007744
1-1-0-0-1-1-0-2-2-3-0 123077 0.024884 0.009923 1e-06 0.00726
1-1-0-0-1-1-0-4-3-5-0 1139429 0.027141 0.010798 0 0.007151
1-1-0-2-2-3-0-0-1-1-0 196108 0.022981 0.008087 0 0.00699
1-1-0-2-2-3-0-2-2-3-0 149919 0.023941 0.010339 1e-06 0.006838
1-1-0-2-2-3-0-4-3-5-0 1261874 0.025449 0.010474 1e-06 0.00694
1-1-0-4-3-5-0-0-1-1-0 2034443 0.031217 0.014481 0 0.007275
1-1-0-4-3-5-0-2-2-3-0 1369799 0.02915 0.013736 1e-06 0.007223
1-1-0-4-3-5-0-4-3-5-0 10335808 0.032036 0.014418 0 0.007324
2-3-0-0-1-1-0-0-1-1-0 146148 0.019352 0.005556 0 0.006982
2-3-0-0-1-1-0-2-2-3-0 219503 0.021329 0.007553 1e-06 0.006837
2-3-0-0-1-1-0-4-3-5-0 1584734 0.022327 0.006338 1e-06 0.006971
2-3-0-2-2-3-0-0-1-1-0 226712 0.019612 0.005844 1e-06 0.00678
2-3-0-2-2-3-0-2-2-3-0 163876 0.021438 0.0057 1e-06 0.007058
2-3-0-2-2-3-0-4-3-5-0 1438868 0.023057 0.006441 1e-06 0.006809
2-3-0-4-3-5-0-0-1-1-0 1705498 0.062782 0.013862 1e-06 0.032669
2-3-0-4-3-5-0-2-2-3-0 1312522 0.046456 0.013152 1e-06 0.018822
2-3-0-4-3-5-0-4-3-5-0 8888041 0.049548 0.012654 1e-06 0.019
3-5-0-0-1-1-0-0-1-1-0 863044 0.05217 0.017849 0 0.019212
3-5-0-0-1-1-0-2-2-3-0 850321 0.05133 0.017196 0 0.01904
3-5-0-0-1-1-0-4-3-5-0 6892753 0.056607 0.01916 1e-06 0.019199
3-5-0-2-2-3-0-0-1-1-0 902647 0.055781 0.015809 0 0.024129
3-5-0-2-2-3-0-2-2-3-0 625402 0.048565 0.014839 1e-06 0.018533
3-5-0-2-2-3-0-4-3-5-0 5005518 0.052964 0.016165 1e-06 0.018626
3-5-0-4-3-5-0-0-1-1-0 6631528 0.059327 0.022414 1e-06 0.018965
3-5-0-4-3-5-0-2-2-3-0 4190131 0.058184 0.021327 0 0.019063
3-5-0-4-3-5-0-4-3-5-0 28500286 0.114812 0.073807 1e-06 0.019135
