0-0-1-3-0-0-1-3-0-0-1-3-0-0-1 1419222105 74.3915 19.2361 1e-06 54.8196
0-0-1-3-0-0-1-3-0-0-1-3-0-1-2 138163365 46.2902 1.67595 2e-06 44.2058
0-0-1-3-0-0-1-3-0-0-1-3-0-2-3 557356291 58.0781 2.47994 0 55.3354
0-0-1-3-0-0-1-3-0-1-2-4-0-0-1 8528240999 50.567 13.2939 0 37.0789
0-0-1-3-0-0-1-3-0-1-2-4-0-1-2 32064885 32.9608 2.23466 1e-06 28.5142
0-0-1-3-0-0-1-3-0-1-2-4-0-2-3 2046689750 41.2569 4.76265 0 36.1598
0-0-1-3-0-0-1-3-0-2-3-5-0-0-1 2936038078 56.8248 3.23996 1e-06 53.163
0-0-1-3-0-0-1-3-0-2-3-5-0-1-2 223660339 42.9899 1.31923 1e-06 41.298
0-0-1-3-0-0-1-3-0-2-3-5-0-2-3 775328762 57.0018 2.21624 1e-06 54.5342
0-0-1-3-0-1-2-4-0-0-1-3-0-0-1 7987729204 46.787 18.5917 0 28.0117
0-0-1-3-0-1-2-4-0-0-1-3-0-1-2 318472348 31.7938 9.02633 0 20.6263
0-0-1-3-0-1-2-4-0-0-1-3-0-2-3 2251924502 42.5672 12.1378 1e-06 30.0666
0-0-1-3-0-1-2-4-0-1-2-4-0-0-1 2048424087 18.2195 2.18696 1e-06 15.4453
0-0-1-3-0-1-2-4-0-1-2-4-0-1-2 4858893 10.6429 0.660689 1e-06 9.73133
0-0-1-3-0-1-2-4-0-1-2-4-0-2-3 571674484 17.2287 1.44381 0 15.631
0-0-1-3-0-1-2-4-0-2-3-5-0-0-1 11787767512 44.6194 17.1234 1e-06 27.3073
0-0-1-3-0-1-2-4-0-2-3-5-0-1-2 410442979 28.1766 5.8057 1e-06 19.9474
0-0-1-3-0-1-2-4-0-2-3-5-0-2-3 2711106070 39.5237 10.6518 1e-06 28.3475
0-0-1-3-0-2-3-5-0-0-1-3-0-0-1 3772537047 59.144 7.51079 1e-06 50.662
0-0-1-3-0-2-3-5-0-0-1-3-0-1-2 261962127 41.6148 3.03978 1e-06 38.0103
0-0-1-3-0-2-3-5-0-0-1-3-0-2-3 1323919871 54.5794 4.84282 1e-06 49.5215
0-0-1-3-0-2-3-5-0-1-2-4-0-0-1 16986975289 52.7526 18.6253 1e-06 33.8188
0-0-1-3-0-2-3-5-0-1-2-4-0-1-2 61703686 35.3818 4.62284 1e-06 24.8938
0-0-1-3-0-2-3-5-0-1-2-4-0-2-3 3651237370 45.1755 9.62961 1e-06 35.1786
0-0-1-3-0-2-3-5-0-2-3-5-0-0-1 4348753892 54.7756 4.84435 1e-06 48.6834
0-0-1-3-0-2-3-5-0-2-3-5-0-1-2 284130311 39.8952 1.86136 1e-06 37.4894
0-0-1-3-0-2-3-5-0-2-3-5-0-2-3 1094724705 54.5824 3.29177 1e-06 51.0046
0-1-2-4-0-0-1-3-0-0-1-3-0-0-1 6981552054 41.6325 17.9923 0 23.4259
0-1-2-4-0-0-1-3-0-0-1-3-0-1-2 340624697 24.0385 8.14846 1e-06 15.2318
0-1-2-4-0-0-1-3-0-0-1-3-0-2-3 2154511237 35.5458 11.3608 1e-06 23.8906
0-1-2-4-0-0-1-3-0-1-2-4-0-0-1 24412339572 40.8561 30.0332 1e-06 10.4832
0-1-2-4-0-0-1-3-0-1-2-4-0-1-2 123397885 14.9078 6.63598 1e-06 6.10977
0-1-2-4-0-0-1-3-0-1-2-4-0-2-3 5149393700 29.0001 16.1471 1e-06 10.7246
0-1-2-4-0-0-1-3-0-2-3-5-0-0-1 12404302670 41.5701 17.0746 1e-06 22.7663
0-1-2-4-0-0-1-3-0-2-3-5-0-1-2 437484879 23.0376 6.07386 0 15.2247
0-1-2-4-0-0-1-3-0-2-3-5-0-2-3 2866699894 32.9625 10.4422 1e-06 21.6934
0-1-2-4-0-1-2-4-0-0-1-3-0-0-1 1526994749 8.88758 2.61196 1e-06 5.86003
0-1-2-4-0-1-2-4-0-0-1-3-0-1-2 123397885 3.84406 0.684935 2e-06 2.89779
0-1-2-4-0-1-2-4-0-0-1-3-0-2-3 558683771 7.16911 1.27631 1e-06 5.62629
0-1-2-4-0-1-2-4-0-1-2-4-0-0-1 162901838 0.856565 0.113065 1e-06 0.617273
0-1-2-4-0-1-2-4-0-1-2-4-0-1-2 214540 0.766071 0.087276 1e-06 0.486755
0-1-2-4-0-1-2-4-0-1-2-4-0-2-3 49992362 0.854654 0.093328 1e-06 0.610943
0-1-2-4-0-1-2-4-0-2-3-5-0-0-1 2284018485 7.85457 2.08452 1e-06 5.66075
0-1-2-4-0-1-2-4-0-2-3-5-0-1-2 204481511 2.81407 0.53003 1e-06 2.16993
0-1-2-4-0-1-2-4-0-2-3-5-0-2-3 606916000 5.78297 1.08914 2e-06 4.54413
0-1-2-4-0-2-3-5-0-0-1-3-0-0-1 13132687846 52.912 33.0328 1e-06 19.7203
0-1-2-4-0-2-3-5-0-0-1-3-0-1-2 432860830 28.7285 13.7702 1e-06 13.0002
0-1-2-4-0-2-3-5-0-0-1-3-0-2-3 3706945361 40.7502 20.0294 1e-06 19.5869
0-1-2-4-0-2-3-5-0-1-2-4-0-0-1 35145744956 50.9812 41.867 1e-06 8.29628
0-1-2-4-0-2-3-5-0-1-2-4-0-1-2 204481511 15.975 8.77134 0 4.97579
0-1-2-4-0-2-3-5-0-1-2-4-0-2-3 7067847345 28.9423 19.9902 1e-06 8.07008
0-1-2-4-0-2-3-5-0-2-3-5-0-0-1 13712931524 38.1566 18.9897 0 17.8882
0-1-2-4-0-2-3-5-0-2-3-5-0-1-2 453417926 21.5643 6.90522 0 12.43
0-1-2-4-0-2-3-5-0-2-3-5-0-2-3 3056988612 32.7598 12.1152 0 18.8022
0-2-3-5-0-0-1-3-0-0-1-3-0-0-1 1672292507 54.065 3.68042 0 48.6224
0-2-3-5-0-0-1-3-0-0-1-3-0-1-2 131792782 37.2984 1.73807 1e-06 34.9999
0-2-3-5-0-0-1-3-0-0-1-3-0-2-3 621471008 50.1376 2.4443 2e-06 47.3468
0-2-3-5-0-0-1-3-0-1-2-4-0-0-1 9235067917 41.8382 10.7608 0 30.8759
0-2-3-5-0-0-1-3-0-1-2-4-0-1-2 37830920 27.8419 2.32303 1e-06 23.6734
0-2-3-5-0-0-1-3-0-1-2-4-0-2-3 2059925133 36.2666 5.3122 1e-06 30.6537
0-2-3-5-0-0-1-3-0-2-3-5-0-0-1 3415726164 51.0385 4.08874 1e-06 46.4497
0-2-3-5-0-0-1-3-0-2-3-5-0-1-2 190198833 35.734 1.62876 0 33.7765
0-2-3-5-0-0-1-3-0-2-3-5-0-2-3 850019208 49.1107 2.68184 2e-06 46.1158
0-2-3-5-0-1-2-4-0-0-1-3-0-0-1 7395941882 40.9516 16.7852 0 24.035
0-2-3-5-0-1-2-4-0-0-1-3-0-1-2 218358783 25.4079 7.79115 1e-06 16.885
0-2-3-5-0-1-2-4-0-0-1-3-0-2-3 1943486327 33.5409 11.0025 0 22.1579
0-2-3-5-0-1-2-4-0-1-2-4-0-0-1 1894734503 13.5596 1.77146 0 11.5693
0-2-3-5-0-1-2-4-0-1-2-4-0-1-2 3655061 8.84614 0.598121 0 8.00843
0-2-3-5-0-1-2-4-0-1-2-4-0-2-3 506118651 14.4045 1.27164 1e-06 13.002
0-2-3-5-0-1-2-4-0-2-3-5-0-0-1 9318882335 36.488 14.0128 1e-06 22.3375
0-2-3-5-0-1-2-4-0-2-3-5-0-1-2 255197384 23.0505 5.14948 1e-06 16.783
0-2-3-5-0-1-2-4-0-2-3-5-0-2-3 2055095988 30.7005 8.08005 1e-06 22.4468
0-2-3-5-0-2-3-5-0-0-1-3-0-0-1 2530088289 47.2645 5.01865 3e-06 41.7302
0-2-3-5-0-2-3-5-0-0-1-3-0-1-2 161408745 34.2238 2.21301 0 31.7772
0-2-3-5-0-2-3-5-0-0-1-3-0-2-3 870458224 45.5238 3.19541 0 42.1683
0-2-3-5-0-2-3-5-0-1-2-4-0-0-1 10914351715 38.1695 11.3342 1e-06 26.7041
0-2-3-5-0-2-3-5-0-1-2-4-0-1-2 40945109 24.5847 2.60736 1e-06 20.2734
0-2-3-5-0-2-3-5-0-1-2-4-0-2-3 2309517773 35.2696 5.65069 1e-06 29.3035
0-2-3-5-0-2-3-5-0-2-3-5-0-0-1 2915519858 45.5026 3.65074 2e-06 41.2464
0-2-3-5-0-2-3-5-0-2-3-5-0-1-2 171400878 33.5798 1.41171 2e-06 31.9138
0-2-3-5-0-2-3-5-0-2-3-5-0-2-3 720236673 44.6639 2.4524 2e-06 42.0586
1-3-0-0-1-3-0-0-1-3-0-0-1-3-0 1419222105 53.485 1.40733 1e-06 51.8008
1-3-0-0-1-3-0-0-1-3-0-1-2-4-0 6981552054 38.837 1.65793 1e-06 36.8185
1-3-0-0-1-3-0-0-1-3-0-2-3-5-0 1672292507 54.4381 0.866796 1e-06 53.1396
1-3-0-0-1-3-0-1-2-4-0-0-1-3-0 7987729204 40.953 8.41914 1e-06 32.293
1-3-0-0-1-3-0-1-2-4-0-1-2-4-0 1526994749 22.3798 0.771236 1e-06 20.6454
1-3-0-0-1-3-0-1-2-4-0-2-3-5-0 7395941882 36.6776 4.41121 1e-06 32.0542
1-3-0-0-1-3-0-2-3-5-0-0-1-3-0 3772537047 51.4939 2.54426 1e-06 48.4434
1-3-0-0-1-3-0-2-3-5-0-1-2-4-0 13132687846 40.4064 3.50469 2e-06 36.6243
1-3-0-0-1-3-0-2-3-5-0-2-3-5-0 2530088289 51.4764 1.24545 1e-06 48.5609
1-3-0-1-2-4-0-0-1-3-0-0-1-3-0 8528240999 36.8708 10.8516 1e-06 25.8234
1-3-0-1-2-4-0-0-1-3-0-1-2-4-0 24412339572 25.9288 9.87027 2e-06 15.4671
1-3-0-1-2-4-0-0-1-3-0-2-3-5-0 9235067917 34.8102 6.96883 1e-06 25.2027
1-3-0-1-2-4-0-1-2-4-0-0-1-3-0 2048424087 11.5309 1.48893 1e-06 8.83569
1-3-0-1-2-4-0-1-2-4-0-1-2-4-0 162901838 3.29084 0.135856 2e-06 2.9813
1-3-0-1-2-4-0-1-2-4-0-2-3-5-0 1894734503 9.99 0.803464 1e-06 8.98029
1-3-0-1-2-4-0-2-3-5-0-0-1-3-0 16986975289 40.1691 16.4747 2e-06 23.5211
1-3-0-1-2-4-0-2-3-5-0-1-2-4-0 35145744956 25.4766 11.5736 1e-06 12.8099
1-3-0-1-2-4-0-2-3-5-0-2-3-5-0 10914351715 33.3801 7.41242 1e-06 22.4158
1-3-0-2-3-5-0-0-1-3-0-0-1-3-0 2936038078 53.2124 2.5738 1e-06 47.653
1-3-0-2-3-5-0-0-1-3-0-1-2-4-0 12404302670 35.6828 2.91957 0 32.525
1-3-0-2-3-5-0-0-1-3-0-2-3-5-0 3415726164 50.4896 1.79841 1e-06 47.3208
1-3-0-2-3-5-0-1-2-4-0-0-1-3-0 11787767512 40.2739 12.2628 1e-06 27.8253
1-3-0-2-3-5-0-1-2-4-0-1-2-4-0 2284018485 20.6176 1.0071 1e-06 17.932
1-3-0-2-3-5-0-1-2-4-0-2-3-5-0 9318882335 35.2396 6.3249 0 28.6274
1-3-0-2-3-5-0-2-3-5-0-0-1-3-0 4348753892 48.8194 3.09735 2e-06 44.871
1-3-0-2-3-5-0-2-3-5-0-1-2-4-0 13712931524 37.0955 3.38858 1e-06 33.4449
1-3-0-2-3-5-0-2-3-5-0-2-3-5-0 2915519858 48.3344 1.56868 1e-06 45.2721
2-4-0-0-1-3-0-0-1-3-0-0-1-3-0 138163365 37.5405 0.27955 0 37.1154
2-4-0-0-1-3-0-0-1-3-0-1-2-4-0 340624697 25.3694 0.133776 0 25.1426
2-4-0-0-1-3-0-0-1-3-0-2-3-5-0 131792782 36.747 0.168556 1e-06 36.4741
2-4-0-0-1-3-0-1-2-4-0-0-1-3-0 318472348 18.9255 0.626285 1e-06 18.1899
2-4-0-0-1-3-0-1-2-4-0-1-2-4-0 123397885 10.2294 0.075116 1e-06 10.0616
2-4-0-0-1-3-0-1-2-4-0-2-3-5-0 218358783 19.6736 0.293271 0 19.2874
2-4-0-0-1-3-0-2-3-5-0-0-1-3-0 261962127 35.2625 0.416667 1e-06 34.7414
2-4-0-0-1-3-0-2-3-5-0-1-2-4-0 432860830 25.5661 0.137912 1e-06 25.3364
2-4-0-0-1-3-0-2-3-5-0-2-3-5-0 161408745 33.8533 0.197677 0 33.5123
2-4-0-1-2-4-0-0-1-3-0-0-1-3-0 32064885 14.0848 0.063716 1e-06 13.891
2-4-0-1-2-4-0-0-1-3-0-1-2-4-0 123397885 6.16778 0.035513 2e-06 6.0505
2-4-0-1-2-4-0-0-1-3-0-2-3-5-0 37830920 13.033 0.036848 1e-06 12.9074
2-4-0-1-2-4-0-1-2-4-0-0-1-3-0 4858893 1.89354 0.009381 1e-06 1.79731
2-4-0-1-2-4-0-1-2-4-0-1-2-4-0 214540 0.709598 0.067813 1e-06 0.535985
2-4-0-1-2-4-0-1-2-4-0-2-3-5-0 3655061 2.32611 0.00784 1e-06 2.24264
2-4-0-1-2-4-0-2-3-5-0-0-1-3-0 61703686 11.9985 0.090165 1e-06 11.8123
2-4-0-1-2-4-0-2-3-5-0-1-2-4-0 204481511 5.94807 0.046607 1e-06 5.81645
2-4-0-1-2-4-0-2-3-5-0-2-3-5-0 40945109 11.7449 0.03657 0 11.6296
2-4-0-2-3-5-0-0-1-3-0-0-1-3-0 223660339 32.9617 0.464635 1e-06 32.4043
2-4-0-2-3-5-0-0-1-3-0-1-2-4-0 437484879 20.3313 0.187492 1e-06 20.0557
2-4-0-2-3-5-0-0-1-3-0-2-3-5-0 190198833 31.758 0.287294 1e-06 31.3811
2-4-0-2-3-5-0-1-2-4-0-0-1-3-0 410442979 16.0765 0.941347 1e-06 15.0433
2-4-0-2-3-5-0-1-2-4-0-1-2-4-0 204481511 9.29104 0.112661 1e-06 9.10196
2-4-0-2-3-5-0-1-2-4-0-2-3-5-0 255197384 15.6324 0.408876 0 15.1409
2-4-0-2-3-5-0-2-3-5-0-0-1-3-0 284130311 28.356 0.473534 1e-06 27.7602
2-4-0-2-3-5-0-2-3-5-0-1-2-4-0 453417926 20.0106 0.148925 1e-06 19.7934
2-4-0-2-3-5-0-2-3-5-0-2-3-5-0 171400878 29.4764 0.213522 1e-06 29.1952
3-5-0-0-1-3-0-0-1-3-0-0-1-3-0 557356291 49.2169 0.667069 1e-06 48.3859
3-5-0-0-1-3-0-0-1-3-0-1-2-4-0 2154511237 34.4593 0.592587 1e-06 33.749
3-5-0-0-1-3-0-0-1-3-0-2-3-5-0 621471008 49.97 0.376296 1e-06 49.4963
3-5-0-0-1-3-0-1-2-4-0-0-1-3-0 2251924502 31.735 2.57167 0 29.0485
3-5-0-0-1-3-0-1-2-4-0-1-2-4-0 558683771 17.7473 0.277728 0 17.3689
3-5-0-0-1-3-0-1-2-4-0-2-3-5-0 1943486327 29.9241 1.47489 1e-06 28.2972
3-5-0-0-1-3-0-2-3-5-0-0-1-3-0 1323919871 47.7946 1.06706 1e-06 46.6276
3-5-0-0-1-3-0-2-3-5-0-1-2-4-0 3706945361 33.7312 0.727282 2e-06 32.9125
3-5-0-0-1-3-0-2-3-5-0-2-3-5-0 870458224 47.4276 0.52408 1e-06 46.7789
3-5-0-1-2-4-0-0-1-3-0-0-1-3-0 2046689750 26.198 3.02797 2e-06 23.0663
3-5-0-1-2-4-0-0-1-3-0-1-2-4-0 5149393700 14.2874 1.7591 0 12.4448
3-5-0-1-2-4-0-0-1-3-0-2-3-5-0 2059925133 25.195 2.01722 0 23.0573
3-5-0-1-2-4-0-1-2-4-0-0-1-3-0 571674484 6.97569 0.373485 1e-06 6.5061
3-5-0-1-2-4-0-1-2-4-0-1-2-4-0 49992362 2.60345 0.040104 0 2.49192
3-5-0-1-2-4-0-1-2-4-0-2-3-5-0 506118651 6.5055 0.224287 1e-06 6.20524
3-5-0-1-2-4-0-2-3-5-0-0-1-3-0 3651237370 23.1445 3.92634 1e-06 19.1332
3-5-0-1-2-4-0-2-3-5-0-1-2-4-0 7067847345 12.892 2.0443 1e-06 10.7363
3-5-0-1-2-4-0-2-3-5-0-2-3-5-0 2309517773 21.6305 2.03685 1e-06 19.4228
3-5-0-2-3-5-0-0-1-3-0-0-1-3-0 775328762 45.1873 0.836756 2e-06 44.1126
3-5-0-2-3-5-0-0-1-3-0-1-2-4-0 2866699894 30.5816 0.608273 1e-06 29.8089
3-5-0-2-3-5-0-0-1-3-0-2-3-5-0 850019208 45.5976 0.536221 0 44.9696
3-5-0-2-3-5-0-1-2-4-0-0-1-3-0 2711106070 28.6228 2.95622 1e-06 25.5713
3-5-0-2-3-5-0-1-2-4-0-1-2-4-0 606916000 15.0296 0.254869 2e-06 14.6675
3-5-0-2-3-5-0-1-2-4-0-2-3-5-0 2055095988 26.6333 1.54707 2e-06 24.9974
3-5-0-2-3-5-0-2-3-5-0-0-1-3-0 1094724705 41.5559 0.907944 2e-06 40.5575
3-5-0-2-3-5-0-2-3-5-0-1-2-4-0 3056988612 29.3312 0.629031 2e-06 28.623
3-5-0-2-3-5-0-2-3-5-0-2-3-5-0 720236673 42.1366 0.450697 1e-06 41.5806
