0-0-1-3-0 8295777 1.32744 0.200289 1e-06 1.03981
0-1-2-4-0 62478594 0.923491 0.80592 1e-06 0.04073
0-2-3-5-0 5203624 1.53747 0.010233 0 1.49045
1-3-0-0-1 1664545 1.20905 0.007241 1e-06 1.1694
1-3-0-1-2 560269 0.356117 0.010829 1e-06 0.318079
1-3-0-2-3 580033 1.15018 0.019701 0 1.09264
2-4-0-0-1 560269 0.092681 0.001918 0 0.045713
2-4-0-1-2 2309 0.049515 0.00074 0 0.026116
2-4-0-2-3 177569 0.05857 0.001047 1e-06 0.037437
3-5-0-0-1 580033 0.710875 0.003547 0 0.682438
3-5-0-1-2 177569 0.228251 0.003044 0 0.197593
3-5-0-2-3 236289 0.646833 0.00342 0 0.597783
