0-0-1-3-0-0-1-3-0-0-1-3-0 1200719971 42.7997 10.1216 0 32.4237
0-0-1-3-0-0-1-3-0-1-2-4-0 6268640177 28.7178 3.44606 1e-06 24.9806
0-0-1-3-0-0-1-3-0-2-3-5-0 1411253161 36.0393 0.903716 1e-06 33.2685
0-0-1-3-0-1-2-4-0-0-1-3-0 7143745039 25.6261 7.1711 0 18.1309
0-0-1-3-0-1-2-4-0-1-2-4-0 1306671714 12.3803 0.472383 0 10.3915
0-0-1-3-0-1-2-4-0-2-3-5-0 6798970777 21.846 3.60789 1e-06 18.0491
0-0-1-3-0-2-3-5-0-0-1-3-0 3197405526 33.0973 1.55761 1e-06 30.4969
0-0-1-3-0-2-3-5-0-1-2-4-0 12244116763 28.7225 6.67506 2e-06 21.6831
0-0-1-3-0-2-3-5-0-2-3-5-0 2119598948 37.1139 0.690361 1e-06 33.7888
0-1-2-4-0-0-1-3-0-0-1-3-0 6268640177 20.0893 6.94685 1e-06 12.9462
0-1-2-4-0-0-1-3-0-1-2-4-0 19647442637 17.0462 10.7072 1e-06 5.88682
0-1-2-4-0-0-1-3-0-2-3-5-0 7169468361 16.5004 3.48314 1e-06 11.4963
0-1-2-4-0-1-2-4-0-0-1-3-0 1306671714 3.17971 0.751186 1e-06 1.56322
0-1-2-4-0-1-2-4-0-1-2-4-0 62478594 0.911958 0.057503 1e-06 0.32513
0-1-2-4-0-1-2-4-0-2-3-5-0 1060374840 2.47871 0.234292 1e-06 1.82198
0-1-2-4-0-2-3-5-0-0-1-3-0 12244116763 20.0696 10.6317 1e-06 9.14741
0-1-2-4-0-2-3-5-0-1-2-4-0 29301429046 18.1492 12.4799 0 4.63084
0-1-2-4-0-2-3-5-0-2-3-5-0 8007804094 15.7983 3.94211 0 10.2262
0-2-3-5-0-0-1-3-0-0-1-3-0 1411253161 30.3059 1.07711 0 26.5189
0-2-3-5-0-0-1-3-0-1-2-4-0 7169468361 20.4735 2.21802 1e-06 17.5517
0-2-3-5-0-0-1-3-0-2-3-5-0 1749579324 29.5446 0.634798 0 27.6419
0-2-3-5-0-1-2-4-0-0-1-3-0 6798970777 20.0753 5.5762 0 14.321
0-2-3-5-0-1-2-4-0-1-2-4-0 1060374840 8.86723 0.404491 1e-06 7.54196
0-2-3-5-0-1-2-4-0-2-3-5-0 5692292682 17.2372 2.97694 0 14.058
0-2-3-5-0-2-3-5-0-0-1-3-0 2119598948 25.4883 1.13109 1e-06 23.6553
0-2-3-5-0-2-3-5-0-1-2-4-0 8007804094 21.2759 2.92345 1e-06 18.0657
0-2-3-5-0-2-3-5-0-2-3-5-0 1435985598 27.4039 0.55496 1e-06 25.6515
1-3-0-0-1-3-0-0-1-3-0-0-1 211653511 33.6952 0.312315 1e-06 33.1411
1-3-0-0-1-3-0-0-1-3-0-1-2 37465054 23.6936 0.139299 2e-06 23.3806
1-3-0-0-1-3-0-0-1-3-0-2-3 94494222 32.5581 0.189563 1e-06 32.239
1-3-0-0-1-3-0-1-2-4-0-0-1 2435153216 23.7935 2.81603 1e-06 20.8407
1-3-0-0-1-3-0-1-2-4-0-1-2 6077715 13.9554 0.332867 1e-06 13.3288
1-3-0-0-1-3-0-1-2-4-0-2-3 663562074 20.7339 0.887097 1e-06 19.7283
1-3-0-0-1-3-0-2-3-5-0-0-1 492952736 32.815 0.288463 1e-06 32.415
1-3-0-0-1-3-0-2-3-5-0-1-2 71117008 22.5163 0.129464 1e-06 22.2415
1-3-0-0-1-3-0-2-3-5-0-2-3 144168858 30.1783 0.198266 1e-06 29.8658
1-3-0-1-2-4-0-0-1-3-0-0-1 2435153216 16.1257 3.42473 1e-06 12.6062
1-3-0-1-2-4-0-0-1-3-0-1-2 165472842 8.68309 1.23239 1e-06 6.95265
1-3-0-1-2-4-0-0-1-3-0-2-3 824065675 15.0044 1.95108 1e-06 12.9238
1-3-0-1-2-4-0-1-2-4-0-0-1 360430421 4.84495 0.175255 2e-06 4.51389
1-3-0-1-2-4-0-1-2-4-0-1-2 560269 1.91123 0.072307 2e-06 1.73401
1-3-0-1-2-4-0-1-2-4-0-2-3 108629855 4.34267 0.122193 1e-06 4.13035
1-3-0-1-2-4-0-2-3-5-0-0-1 3881323081 16.2752 3.24033 1e-06 12.891
1-3-0-1-2-4-0-2-3-5-0-1-2 270475619 10.2162 0.99155 0 8.22786
1-3-0-1-2-4-0-2-3-5-0-2-3 986646163 14.3758 1.77808 1e-06 12.445
1-3-0-2-3-5-0-0-1-3-0-0-1 492952736 27.9193 0.593902 1e-06 27.1681
1-3-0-2-3-5-0-0-1-3-0-1-2 72381185 20.6186 0.245158 0 20.2618
1-3-0-2-3-5-0-0-1-3-0-2-3 214694911 28.632 0.336517 0 28.1818
1-3-0-2-3-5-0-1-2-4-0-0-1 3881323081 20.4731 2.88958 0 17.4949
1-3-0-2-3-5-0-1-2-4-0-1-2 8586696 14.8524 0.557908 1e-06 13.4351
1-3-0-2-3-5-0-1-2-4-0-2-3 977297157 18.5716 1.16204 1e-06 17.2572
1-3-0-2-3-5-0-2-3-5-0-0-1 621473695 26.8225 0.336972 0 26.2728
1-3-0-2-3-5-0-2-3-5-0-1-2 79049098 19.9703 0.15512 1e-06 19.6546
1-3-0-2-3-5-0-2-3-5-0-2-3 176949807 26.3991 0.259637 1e-06 26.0493
2-4-0-0-1-3-0-0-1-3-0-0-1 37465054 23.1402 0.088533 0 22.9685
2-4-0-0-1-3-0-0-1-3-0-1-2 2746067 14.8732 0.045484 1e-06 14.7497
2-4-0-0-1-3-0-0-1-3-0-2-3 13206540 23.5236 0.06159 1e-06 23.384
2-4-0-0-1-3-0-1-2-4-0-0-1 165472842 11.8057 0.147351 1e-06 11.549
2-4-0-0-1-3-0-1-2-4-0-1-2 793231 7.21287 0.04724 0 7.08524
2-4-0-0-1-3-0-1-2-4-0-2-3 37851690 13.4334 0.08045 0 13.2784
2-4-0-0-1-3-0-2-3-5-0-0-1 72381185 24.3764 0.092448 0 24.2234
2-4-0-0-1-3-0-2-3-5-0-1-2 3963418 16.6467 0.037745 0 16.5253
2-4-0-0-1-3-0-2-3-5-0-2-3 18163560 22.048 0.065197 1e-06 21.8466
2-4-0-1-2-4-0-0-1-3-0-0-1 6077715 6.27133 0.016509 0 6.14652
2-4-0-1-2-4-0-0-1-3-0-1-2 793231 2.71993 0.008255 1e-06 2.65788
2-4-0-1-2-4-0-0-1-3-0-2-3 2523483 7.27182 0.014878 0 7.19058
2-4-0-1-2-4-0-1-2-4-0-0-1 560269 0.451887 0.003637 1e-06 0.384319
2-4-0-1-2-4-0-1-2-4-0-1-2 2309 0.352102 0.041447 1e-06 0.24673
2-4-0-1-2-4-0-1-2-4-0-2-3 177569 0.426521 0.003294 1e-06 0.370738
2-4-0-1-2-4-0-2-3-5-0-0-1 8586696 5.88763 0.013077 1e-06 5.81716
2-4-0-1-2-4-0-2-3-5-0-1-2 1249649 2.85065 0.007437 1e-06 2.78605
2-4-0-1-2-4-0-2-3-5-0-2-3 2510707 4.94234 0.009641 0 4.87376
2-4-0-2-3-5-0-0-1-3-0-0-1 71117008 18.5693 0.133373 0 18.3669
2-4-0-2-3-5-0-0-1-3-0-1-2 3963418 11.8543 0.064378 1e-06 11.7307
2-4-0-2-3-5-0-0-1-3-0-2-3 23447742 18.2102 0.091504 0 18.0609
2-4-0-2-3-5-0-1-2-4-0-0-1 270475619 8.62574 0.220107 1e-06 8.34705
2-4-0-2-3-5-0-1-2-4-0-1-2 1249649 5.73983 0.058781 1e-06 5.62445
2-4-0-2-3-5-0-1-2-4-0-2-3 56692000 8.78121 0.119205 0 8.61267
2-4-0-2-3-5-0-2-3-5-0-0-1 79049098 17.8179 0.087146 0 17.6662
2-4-0-2-3-5-0-2-3-5-0-1-2 4296935 11.6093 0.035012 1e-06 11.5018
2-4-0-2-3-5-0-2-3-5-0-2-3 19367940 17.9271 0.053936 1e-06 17.7928
3-5-0-0-1-3-0-0-1-3-0-0-1 94494222 29.2037 0.124363 1e-06 28.9863
3-5-0-0-1-3-0-0-1-3-0-1-2 13206540 20.663 0.064784 1e-06 20.4965
3-5-0-0-1-3-0-0-1-3-0-2-3 41003648 29.2332 0.076116 1e-06 29.0729
3-5-0-0-1-3-0-1-2-4-0-0-1 824065675 15.6725 0.522341 0 15.0622
3-5-0-0-1-3-0-1-2-4-0-1-2 2523483 10.7128 0.11028 1e-06 10.5259
3-5-0-0-1-3-0-1-2-4-0-2-3 215363168 15.4422 0.281926 1e-06 15.0777
3-5-0-0-1-3-0-2-3-5-0-0-1 214694911 27.8542 0.131252 1e-06 27.6348
3-5-0-0-1-3-0-2-3-5-0-1-2 23447742 19.0285 0.05493 0 18.8909
3-5-0-0-1-3-0-2-3-5-0-2-3 60308475 29.0495 0.099331 0 28.8215
3-5-0-1-2-4-0-0-1-3-0-0-1 663562074 12.2958 0.916539 2e-06 11.2465
3-5-0-1-2-4-0-0-1-3-0-1-2 37851690 6.28071 0.357788 0 5.84742
3-5-0-1-2-4-0-0-1-3-0-2-3 215363168 10.7399 0.542496 0 10.1298
3-5-0-1-2-4-0-1-2-4-0-0-1 108629855 2.37424 0.056148 1e-06 2.23778
3-5-0-1-2-4-0-1-2-4-0-1-2 177569 1.15577 0.028802 1e-06 1.05702
3-5-0-1-2-4-0-1-2-4-0-2-3 32570709 2.77139 0.040739 2e-06 2.66941
3-5-0-1-2-4-0-2-3-5-0-0-1 977297157 9.50162 0.756619 1e-06 8.68403
3-5-0-1-2-4-0-2-3-5-0-1-2 56692000 6.26206 0.264789 0 5.90911
3-5-0-1-2-4-0-2-3-5-0-2-3 241400395 8.77315 0.454719 2e-06 8.25336
3-5-0-2-3-5-0-0-1-3-0-0-1 144168858 24.169 0.169412 1e-06 23.8957
3-5-0-2-3-5-0-0-1-3-0-1-2 18163560 16.8441 0.074389 1e-06 16.6943
3-5-0-2-3-5-0-0-1-3-0-2-3 60308475 23.2083 0.113216 1e-06 23.0044
3-5-0-2-3-5-0-1-2-4-0-0-1 986646163 15.0774 0.583781 1e-06 14.4256
3-5-0-2-3-5-0-1-2-4-0-1-2 2510707 11.3155 0.136344 1e-06 11.0682
3-5-0-2-3-5-0-1-2-4-0-2-3 241400395 14.1804 0.346115 1e-06 13.7584
3-5-0-2-3-5-0-2-3-5-0-0-1 176949807 24.6933 0.129288 1e-06 24.4785
3-5-0-2-3-5-0-2-3-5-0-1-2 19367940 17.8699 0.055849 0 17.7185
3-5-0-2-3-5-0-2-3-5-0-2-3 49276971 24.3343 0.101216 1e-06 24.1608
