0-0-1-3-0-0-1 11946758 6.51329 0.118167 0 6.30122
0-0-1-3-0-1-2 4858893 3.03266 0.01725 1e-06 2.88888
0-0-1-3-0-2-3 6055132 5.93844 0.019433 1e-06 5.78755
0-1-2-4-0-0-1 162901838 1.13487 0.884593 1e-06 0.13355
0-1-2-4-0-1-2 214540 0.182204 0.021591 0 0.127227
0-1-2-4-0-2-3 49992362 0.155032 0.027437 0 0.090811
0-2-3-5-0-0-1 13858287 5.4942 0.017415 0 5.43512
0-2-3-5-0-1-2 3655061 2.28828 0.012854 1e-06 2.20996
0-2-3-5-0-2-3 4352217 4.78498 0.013651 1e-06 4.7228
1-3-0-0-1-3-0 11946758 5.10818 0.014958 0 5.03609
1-3-0-1-2-4-0 162901838 0.885951 0.050536 0 0.801352
1-3-0-2-3-5-0 13858287 4.79096 0.013435 0 4.73847
2-4-0-0-1-3-0 4858893 1.37534 0.005566 0 1.32615
2-4-0-1-2-4-0 214540 0.088766 0.00129 0 0.065893
2-4-0-2-3-5-0 3655061 1.55081 0.002813 1e-06 1.5242
3-5-0-0-1-3-0 6055132 3.85265 0.005851 0 3.81373
3-5-0-1-2-4-0 49992362 0.470846 0.012007 0 0.435037
3-5-0-2-3-5-0 4352217 3.99474 0.003619 0 3.96039
