0-0-1-3-0-0-1-3-0-0-1-3-0-0-1 1419222105 63.6543 8.95598 1e-06 54.2443
0-0-1-3-0-0-1-3-0-0-1-3-0-1-2 138163365 45.5987 3.00782 1e-06 42.292
0-0-1-3-0-0-1-3-0-0-1-3-0-2-3 557356291 56.0551 3.81725 1e-06 51.9373
0-0-1-3-0-0-1-3-0-1-2-4-0-0-1 8528240999 52.0478 17.3151 1e-06 34.5095
0-0-1-3-0-0-1-3-0-1-2-4-0-1-2 32064885 34.3166 4.95597 2e-06 26.8475
0-0-1-3-0-0-1-3-0-1-2-4-0-2-3 2046689750 46.0498 10.4165 0 35.185
0-0-1-3-0-0-1-3-0-2-3-5-0-0-1 2936038078 59.2924 5.99994 1e-06 52.8852
0-0-1-3-0-0-1-3-0-2-3-5-0-1-2 223660339 41.6734 2.49021 1e-06 38.899
0-0-1-3-0-0-1-3-0-2-3-5-0-2-3 775328762 55.926 4.02029 1e-06 51.6497
0-0-1-3-0-1-2-4-0-0-1-3-0-0-1 7987729204 62.2442 34.2467 1e-06 27.7132
0-0-1-3-0-1-2-4-0-0-1-3-0-1-2 318472348 37.3664 16.5213 1e-06 19.5727
0-0-1-3-0-1-2-4-0-0-1-3-0-2-3 2251924502 51.298 22.7441 1e-06 28.0646
0-0-1-3-0-1-2-4-0-1-2-4-0-0-1 2048424087 18.6381 3.74357 1e-06 14.5902
0-0-1-3-0-1-2-4-0-1-2-4-0-1-2 4858893 12.3896 1.3303 1e-06 10.7744
0-0-1-3-0-1-2-4-0-1-2-4-0-2-3 571674484 18.2057 2.55841 0 15.2936
0-0-1-3-0-1-2-4-0-2-3-5-0-0-1 11787767512 58.1276 30.904 2e-06 27.0071
0-0-1-3-0-1-2-4-0-2-3-5-0-1-2 410442979 32.084 10.7127 1e-06 18.9085
0-0-1-3-0-1-2-4-0-2-3-5-0-2-3 2711106070 45.2965 18.8585 1e-06 26.1095
0-0-1-3-0-2-3-5-0-0-1-3-0-0-1 3772537047 63.758 13.4349 0 49.7447
0-0-1-3-0-2-3-5-0-0-1-3-0-1-2 261962127 42.9217 5.40496 2e-06 37.1549
0-0-1-3-0-2-3-5-0-0-1-3-0-2-3 1323919871 57.9845 8.715 1e-06 48.9707
0-0-1-3-0-2-3-5-0-1-2-4-0-0-1 16986975289 64.2139 31.1489 1e-06 32.78
0-0-1-3-0-2-3-5-0-1-2-4-0-1-2 61703686 33.7838 6.58742 2e-06 24.2529
0-0-1-3-0-2-3-5-0-1-2-4-0-2-3 3651237370 50.2171 16.7188 0 32.9519
0-0-1-3-0-2-3-5-0-2-3-5-0-0-1 4348753892 57.6394 8.81807 1e-06 47.7665
0-0-1-3-0-2-3-5-0-2-3-5-0-1-2 284130311 40.5241 3.11776 1e-06 36.7506
0-0-1-3-0-2-3-5-0-2-3-5-0-2-3 1094724705 53.2765 6.03894 1e-06 46.82
0-1-2-4-0-0-1-3-0-0-1-3-0-0-1 6981552054 55.3205 31.569 1e-06 23.5075
0-1-2-4-0-0-1-3-0-0-1-3-0-1-2 340624697 29.783 13.9498 1e-06 15.1798
0-1-2-4-0-0-1-3-0-0-1-3-0-2-3 2154511237 43.1532 19.6186 1e-06 23.2783
0-1-2-4-0-0-1-3-0-1-2-4-0-0-1 24412339572 60.2366 49.346 1e-06 10.3758
0-1-2-4-0-0-1-3-0-1-2-4-0-1-2 123397885 19.4181 11.2348 1e-06 5.74715
0-1-2-4-0-0-1-3-0-1-2-4-0-2-3 5149393700 37.5459 26.5416 1e-06 10.1024
0-1-2-4-0-0-1-3-0-2-3-5-0-0-1 12404302670 54.5318 30.6966 1e-06 21.8604
0-1-2-4-0-0-1-3-0-2-3-5-0-1-2 437484879 26.947 10.5823 1e-06 14.5636
0-1-2-4-0-0-1-3-0-2-3-5-0-2-3 2866699894 40.8613 18.3762 1e-06 21.7272
0-1-2-4-0-1-2-4-0-0-1-3-0-0-1 1526994749 10.4041 4.09062 1e-06 5.79577
0-1-2-4-0-1-2-4-0-0-1-3-0-1-2 123397885 4.2022 1.54869 2e-06 2.43521
0-1-2-4-0-1-2-4-0-0-1-3-0-2-3 558683771 8.21644 2.28339 0 5.78484
0-1-2-4-0-1-2-4-0-1-2-4-0-0-1 162901838 0.804572 0.176675 1e-06 0.515679
0-1-2-4-0-1-2-4-0-1-2-4-0-1-2 214540 0.663217 0.141182 1e-06 0.411891
0-1-2-4-0-1-2-4-0-1-2-4-0-2-3 49992362 0.847235 0.156372 1e-06 0.571111
0-1-2-4-0-1-2-4-0-2-3-5-0-0-1 2284018485 9.56466 3.38268 1e-06 5.68876
0-1-2-4-0-1-2-4-0-2-3-5-0-1-2 204481511 3.32529 0.868812 1e-06 2.28789
0-1-2-4-0-1-2-4-0-2-3-5-0-2-3 606916000 7.05028 1.72572 1e-06 5.07744
0-1-2-4-0-2-3-5-0-0-1-3-0-0-1 13132687846 76.2514 56.8205 1e-06 19.2195
0-1-2-4-0-2-3-5-0-0-1-3-0-1-2 432860830 37.0309 23.883 0 12.2558
0-1-2-4-0-2-3-5-0-0-1-3-0-2-3 3706945361 56.6419 35.1285 1e-06 19.7772
0-1-2-4-0-2-3-5-0-1-2-4-0-0-1 35145744956 80.8883 71.1436 0 8.44842
0-1-2-4-0-2-3-5-0-1-2-4-0-1-2 204481511 24.6443 15.9268 1e-06 5.27699
0-1-2-4-0-2-3-5-0-1-2-4-0-2-3 7067847345 46.9134 37.4269 0 8.20186
0-1-2-4-0-2-3-5-0-2-3-5-0-0-1 13712931524 55.1027 34.7122 1e-06 18.0393
0-1-2-4-0-2-3-5-0-2-3-5-0-1-2 453417926 25.4541 12.0611 1e-06 11.5732
0-1-2-4-0-2-3-5-0-2-3-5-0-2-3 3056988612 39.2405 20.5758 1e-06 18.0211
0-2-3-5-0-0-1-3-0-0-1-3-0-0-1 1672292507 53.6062 6.63074 1e-06 46.5198
0-2-3-5-0-0-1-3-0-0-1-3-0-1-2 131792782 38.3781 3.08327 0 34.6862
0-2-3-5-0-0-1-3-0-0-1-3-0-2-3 621471008 49.9192 4.48515 2e-06 45.1875
0-2-3-5-0-0-1-3-0-1-2-4-0-0-1 9235067917 48.4034 17.8332 1e-06 30.3192
0-2-3-5-0-0-1-3-0-1-2-4-0-1-2 37830920 25.5826 3.83057 1e-06 21.0106
0-2-3-5-0-0-1-3-0-1-2-4-0-2-3 2059925133 40.154 9.73649 1e-06 30.0157
0-2-3-5-0-0-1-3-0-2-3-5-0-0-1 3415726164 52.7858 7.44225 2e-06 45.0797
0-2-3-5-0-0-1-3-0-2-3-5-0-1-2 190198833 36.745 2.61414 1e-06 33.9303
0-2-3-5-0-0-1-3-0-2-3-5-0-2-3 850019208 51.7592 4.7585 1e-06 46.7754
0-2-3-5-0-1-2-4-0-0-1-3-0-0-1 7395941882 54.1772 31.8611 1e-06 22.0033
0-2-3-5-0-1-2-4-0-0-1-3-0-1-2 218358783 31.9112 14.6859 3e-06 16.7049
0-2-3-5-0-1-2-4-0-0-1-3-0-2-3 1943486327 43.4682 20.5442 2e-06 22.6613
0-2-3-5-0-1-2-4-0-1-2-4-0-0-1 1894734503 15.01 3.13199 1e-06 11.6472
0-2-3-5-0-1-2-4-0-1-2-4-0-1-2 3655061 8.79876 1.05072 0 7.60114
0-2-3-5-0-1-2-4-0-1-2-4-0-2-3 506118651 14.6068 2.12421 1e-06 12.2714
0-2-3-5-0-1-2-4-0-2-3-5-0-0-1 9318882335 47.6872 25.5803 1e-06 21.8571
0-2-3-5-0-1-2-4-0-2-3-5-0-1-2 255197384 25.5004 9.17862 0 15.6957
0-2-3-5-0-1-2-4-0-2-3-5-0-2-3 2055095988 36.4342 14.888 2e-06 21.3719
0-2-3-5-0-2-3-5-0-0-1-3-0-0-1 2530088289 51.9313 9.14477 2e-06 42.4686
0-2-3-5-0-2-3-5-0-0-1-3-0-1-2 161408745 33.9393 3.76177 1e-06 29.9707
0-2-3-5-0-2-3-5-0-0-1-3-0-2-3 870458224 47.3783 5.89479 2e-06 41.2889
0-2-3-5-0-2-3-5-0-1-2-4-0-0-1 10914351715 47.7314 19.5839 1e-06 27.878
0-2-3-5-0-2-3-5-0-1-2-4-0-1-2 40945109 24.7831 4.1292 1e-06 19.8026
0-2-3-5-0-2-3-5-0-1-2-4-0-2-3 2309517773 37.3038 10.4456 1e-06 26.58
0-2-3-5-0-2-3-5-0-2-3-5-0-0-1 2915519858 48.3426 6.33443 1e-06 41.6898
0-2-3-5-0-2-3-5-0-2-3-5-0-1-2 171400878 32.9685 2.42189 2e-06 30.3283
0-2-3-5-0-2-3-5-0-2-3-5-0-2-3 720236673 45.1195 4.20687 1e-06 40.7047
1-3-0-0-1-3-0-0-1-3-0-0-1-3-0 1419222105 53.5861 2.344 2e-06 50.9032
1-3-0-0-1-3-0-0-1-3-0-1-2-4-0 6981552054 40.8161 2.97282 2e-06 37.4328
1-3-0-0-1-3-0-0-1-3-0-2-3-5-0 1672292507 53.7963 1.44137 1e-06 52.0305
1-3-0-0-1-3-0-1-2-4-0-0-1-3-0 7987729204 44.986 14.3531 1e-06 30.434
1-3-0-0-1-3-0-1-2-4-0-1-2-4-0 1526994749 21.9965 1.24221 1e-06 20.0774
1-3-0-0-1-3-0-1-2-4-0-2-3-5-0 7395941882 38.3033 7.35991 0 30.7623
1-3-0-0-1-3-0-2-3-5-0-0-1-3-0 3772537047 53.881 4.27529 1e-06 49.1259
1-3-0-0-1-3-0-2-3-5-0-1-2-4-0 13132687846 40.354 5.18786 1e-06 34.9341
1-3-0-0-1-3-0-2-3-5-0-2-3-5-0 2530088289 54.4302 2.23331 1e-06 51.4962
1-3-0-1-2-4-0-0-1-3-0-0-1-3-0 8528240999 43.9769 19.7231 1e-06 23.9877
1-3-0-1-2-4-0-0-1-3-0-1-2-4-0 24412339572 27.1302 12.882 1e-06 13.8125
1-3-0-1-2-4-0-0-1-3-0-2-3-5-0 9235067917 40.0429 11.8332 1e-06 25.4171
1-3-0-1-2-4-0-1-2-4-0-0-1-3-0 2048424087 11.3152 2.51169 2e-06 8.34088
1-3-0-1-2-4-0-1-2-4-0-1-2-4-0 162901838 3.27859 0.218202 1e-06 2.92329
1-3-0-1-2-4-0-1-2-4-0-2-3-5-0 1894734503 9.99325 1.34886 0 8.42377
1-3-0-1-2-4-0-2-3-5-0-0-1-3-0 16986975289 51.8064 29.9127 1e-06 21.6982
1-3-0-1-2-4-0-2-3-5-0-1-2-4-0 35145744956 30.6735 16.5949 0 12.76
1-3-0-1-2-4-0-2-3-5-0-2-3-5-0 10914351715 37.9214 12.9424 1e-06 21.9183
1-3-0-2-3-5-0-0-1-3-0-0-1-3-0 2936038078 50.7477 4.57576 0 45.2177
1-3-0-2-3-5-0-0-1-3-0-1-2-4-0 12404302670 37.787 4.26258 0 33.078
1-3-0-2-3-5-0-0-1-3-0-2-3-5-0 3415726164 50.0085 3.24601 0 46.047
1-3-0-2-3-5-0-1-2-4-0-0-1-3-0 11787767512 49.3149 21.6943 2e-06 27.3396
1-3-0-2-3-5-0-1-2-4-0-1-2-4-0 2284018485 20.7727 1.78368 1e-06 18.2563
1-3-0-2-3-5-0-1-2-4-0-2-3-5-0 9318882335 38.459 10.7016 1e-06 27.5786
1-3-0-2-3-5-0-2-3-5-0-0-1-3-0 4348753892 49.372 5.20916 1e-06 43.6981
1-3-0-2-3-5-0-2-3-5-0-1-2-4-0 13712931524 35.6354 5.06187 2e-06 30.4057
1-3-0-2-3-5-0-2-3-5-0-2-3-5-0 2915519858 47.8826 2.69968 1e-06 44.1089
2-4-0-0-1-3-0-0-1-3-0-0-1-3-0 138163365 35.2989 0.501909 1e-06 34.6918
2-4-0-0-1-3-0-0-1-3-0-1-2-4-0 340624697 23.8154 0.240243 1e-06 23.4818
2-4-0-0-1-3-0-0-1-3-0-2-3-5-0 131792782 36.5274 0.292041 0 36.1166
2-4-0-0-1-3-0-1-2-4-0-0-1-3-0 318472348 19.7935 1.11782 0 18.5823
2-4-0-0-1-3-0-1-2-4-0-1-2-4-0 123397885 9.26103 0.122547 1e-06 9.05962
2-4-0-0-1-3-0-1-2-4-0-2-3-5-0 218358783 18.0698 0.527777 1e-06 17.4581
2-4-0-0-1-3-0-2-3-5-0-0-1-3-0 261962127 34.5069 0.712849 0 33.688
2-4-0-0-1-3-0-2-3-5-0-1-2-4-0 432860830 22.9364 0.249692 1e-06 22.6014
2-4-0-0-1-3-0-2-3-5-0-2-3-5-0 161408745 33.1841 0.347288 1e-06 32.7437
2-4-0-1-2-4-0-0-1-3-0-0-1-3-0 32064885 14.036 0.100079 1e-06 13.8326
2-4-0-1-2-4-0-0-1-3-0-1-2-4-0 123397885 6.25907 0.055392 1e-06 6.11462
2-4-0-1-2-4-0-0-1-3-0-2-3-5-0 37830920 12.8554 0.065001 1e-06 12.698
2-4-0-1-2-4-0-1-2-4-0-0-1-3-0 4858893 1.89381 0.012442 2e-06 1.78606
2-4-0-1-2-4-0-1-2-4-0-1-2-4-0 214540 0.693454 0.099555 1e-06 0.505679
2-4-0-1-2-4-0-1-2-4-0-2-3-5-0 3655061 2.28126 0.007218 0 2.21029
2-4-0-1-2-4-0-2-3-5-0-0-1-3-0 61703686 12.0827 0.117347 1e-06 11.8877
2-4-0-1-2-4-0-2-3-5-0-1-2-4-0 204481511 4.78515 0.078707 1e-06 4.64265
2-4-0-1-2-4-0-2-3-5-0-2-3-5-0 40945109 10.5331 0.055962 1e-06 10.4108
2-4-0-2-3-5-0-0-1-3-0-0-1-3-0 223660339 31.0525 0.849167 1e-06 30.0933
2-4-0-2-3-5-0-0-1-3-0-1-2-4-0 437484879 19.9235 0.313683 1e-06 19.5318
2-4-0-2-3-5-0-0-1-3-0-2-3-5-0 190198833 32.1273 0.481805 0 31.5534
2-4-0-2-3-5-0-1-2-4-0-0-1-3-0 410442979 16.3818 1.58433 1e-06 14.71
2-4-0-2-3-5-0-1-2-4-0-1-2-4-0 204481511 7.38648 0.171129 2e-06 7.15286
2-4-0-2-3-5-0-1-2-4-0-2-3-5-0 255197384 14.9939 0.747782 0 14.1771
2-4-0-2-3-5-0-2-3-5-0-0-1-3-0 284130311 28.222 0.779728 1e-06 27.3528
2-4-0-2-3-5-0-2-3-5-0-1-2-4-0 453417926 19.289 0.24997 2e-06 18.9711
2-4-0-2-3-5-0-2-3-5-0-2-3-5-0 171400878 27.7933 0.382633 1e-06 27.3015
3-5-0-0-1-3-0-0-1-3-0-0-1-3-0 557356291 50.675 1.09582 1e-06 49.4482
3-5-0-0-1-3-0-0-1-3-0-1-2-4-0 2154511237 35.2909 0.981857 2e-06 34.1892
3-5-0-0-1-3-0-0-1-3-0-2-3-5-0 621471008 50.0811 0.732448 0 49.2389
3-5-0-0-1-3-0-1-2-4-0-0-1-3-0 2251924502 32.6914 4.84148 1e-06 27.6818
3-5-0-0-1-3-0-1-2-4-0-1-2-4-0 558683771 18.7891 0.446508 1e-06 18.2309
3-5-0-0-1-3-0-1-2-4-0-2-3-5-0 1943486327 29.8938 2.47641 1e-06 27.3123
3-5-0-0-1-3-0-2-3-5-0-0-1-3-0 1323919871 47.8761 1.9246 1e-06 45.5141
3-5-0-0-1-3-0-2-3-5-0-1-2-4-0 3706945361 33.6954 1.3773 2e-06 32.2187
3-5-0-0-1-3-0-2-3-5-0-2-3-5-0 870458224 45.8802 0.966832 2e-06 44.6951
3-5-0-1-2-4-0-0-1-3-0-0-1-3-0 2046689750 27.6864 5.41117 0 22.1477
3-5-0-1-2-4-0-0-1-3-0-1-2-4-0 5149393700 14.6489 2.89451 1e-06 11.6391
3-5-0-1-2-4-0-0-1-3-0-2-3-5-0 2059925133 24.3306 3.42279 1e-06 20.7654
3-5-0-1-2-4-0-1-2-4-0-0-1-3-0 571674484 7.30713 0.712926 1e-06 6.50481
3-5-0-1-2-4-0-1-2-4-0-1-2-4-0 49992362 2.50092 0.067414 1e-06 2.35649
3-5-0-1-2-4-0-1-2-4-0-2-3-5-0 506118651 7.39075 0.441689 1e-06 6.86042
3-5-0-1-2-4-0-2-3-5-0-0-1-3-0 3651237370 25.519 7.22944 1e-06 18.1795
3-5-0-1-2-4-0-2-3-5-0-1-2-4-0 7067847345 13.557 3.02532 1e-06 10.4052
3-5-0-1-2-4-0-2-3-5-0-2-3-5-0 2309517773 23.0556 3.39382 1e-06 19.5282
3-5-0-2-3-5-0-0-1-3-0-0-1-3-0 775328762 44.2521 1.53358 1e-06 42.5654
3-5-0-2-3-5-0-0-1-3-0-1-2-4-0 2866699894 29.2929 0.976174 2e-06 28.193
3-5-0-2-3-5-0-0-1-3-0-2-3-5-0 850019208 43.4899 0.945067 1e-06 42.4355
3-5-0-2-3-5-0-1-2-4-0-0-1-3-0 2711106070 29.4606 5.21813 2e-06 24.1275
3-5-0-2-3-5-0-1-2-4-0-1-2-4-0 606916000 15.4274 0.469746 1e-06 14.8524
3-5-0-2-3-5-0-1-2-4-0-2-3-5-0 2055095988 27.0709 2.6305 1e-06 24.3481
3-5-0-2-3-5-0-2-3-5-0-0-1-3-0 1094724705 41.9215 1.50626 0 40.3085
3-5-0-2-3-5-0-2-3-5-0-1-2-4-0 3056988612 28.5375 0.949872 1e-06 27.4954
3-5-0-2-3-5-0-2-3-5-0-2-3-5-0 720236673 39.2825 0.821246 1e-06 38.3457
