0-0-1-3-0-0-1-3-0-0-1-3-0-0-1 1419222105 68.6088 17.9832 0 50.3178
0-0-1-3-0-0-1-3-0-0-1-3-0-1-2 138163365 43.9649 1.51407 1e-06 41.8932
0-0-1-3-0-0-1-3-0-0-1-3-0-2-3 557356291 52.995 1.48864 0 51.2326
0-0-1-3-0-0-1-3-0-1-2-4-0-0-1 8528240999 43.6641 8.82941 0 34.6605
0-0-1-3-0-0-1-3-0-1-2-4-0-1-2 32064885 31.9317 2.01632 1e-06 27.0516
0-0-1-3-0-0-1-3-0-1-2-4-0-2-3 2046689750 47.9421 13.2332 2e-06 34.451
0-0-1-3-0-0-1-3-0-2-3-5-0-0-1 2936038078 55.438 2.73147 2e-06 51.831
0-0-1-3-0-0-1-3-0-2-3-5-0-1-2 223660339 39.0862 0.839059 0 37.7897
0-0-1-3-0-0-1-3-0-2-3-5-0-2-3 775328762 52.595 1.62639 1e-06 50.7081
0-0-1-3-0-1-2-4-0-0-1-3-0-0-1 7987729204 42.804 13.1875 0 29.4537
0-0-1-3-0-1-2-4-0-0-1-3-0-1-2 318472348 26.0361 5.54502 1e-06 18.5861
0-0-1-3-0-1-2-4-0-0-1-3-0-2-3 2251924502 33.398 7.63704 1e-06 25.3529
0-0-1-3-0-1-2-4-0-1-2-4-0-0-1 2048424087 15.7438 1.33962 1e-06 13.684
0-0-1-3-0-1-2-4-0-1-2-4-0-1-2 4858893 11.7058 0.451796 2e-06 11.1035
0-0-1-3-0-1-2-4-0-1-2-4-0-2-3 571674484 16.3691 0.838101 2e-06 15.431
0-0-1-3-0-1-2-4-0-2-3-5-0-0-1 11787767512 39.2165 11.6412 1e-06 27.4316
0-0-1-3-0-1-2-4-0-2-3-5-0-1-2 410442979 25.39 3.7132 2e-06 19.1068
0-0-1-3-0-1-2-4-0-2-3-5-0-2-3 2711106070 32.8816 6.90407 2e-06 25.5311
0-0-1-3-0-2-3-5-0-0-1-3-0-0-1 3772537047 51.1615 5.1013 2e-06 44.8889
0-0-1-3-0-2-3-5-0-0-1-3-0-1-2 261962127 37.0007 1.9982 1e-06 34.2233
0-0-1-3-0-2-3-5-0-0-1-3-0-2-3 1323919871 49.7969 2.99599 1e-06 46.4947
0-0-1-3-0-2-3-5-0-1-2-4-0-0-1 16986975289 44.5936 13.5293 1e-06 30.8087
0-0-1-3-0-2-3-5-0-1-2-4-0-1-2 61703686 33.6908 3.65439 2e-06 24.2971
0-0-1-3-0-2-3-5-0-1-2-4-0-2-3 3651237370 38.3237 6.20081 1e-06 31.8417
0-0-1-3-0-2-3-5-0-2-3-5-0-0-1 4348753892 49.2365 3.05568 1e-06 44.4061
0-0-1-3-0-2-3-5-0-2-3-5-0-1-2 284130311 35.667 1.05305 2e-06 34.1562
0-0-1-3-0-2-3-5-0-2-3-5-0-2-3 1094724705 47.5568 1.9492 2e-06 45.4087
0-1-2-4-0-0-1-3-0-0-1-3-0-0-1 6981552054 33.1956 11.0482 1e-06 21.8374
0-1-2-4-0-0-1-3-0-0-1-3-0-1-2 340624697 19.7045 5.21031 2e-06 14.0173
0-1-2-4-0-0-1-3-0-0-1-3-0-2-3 2154511237 28.2476 6.66014 1e-06 21.3792
0-1-2-4-0-0-1-3-0-1-2-4-0-0-1 24412339572 34.4772 24.5738 1e-06 9.56176
0-1-2-4-0-0-1-3-0-1-2-4-0-1-2 123397885 12.8938 4.50738 1e-06 6.28531
0-1-2-4-0-0-1-3-0-1-2-4-0-2-3 5149393700 20.7359 9.80476 0 9.8226
0-1-2-4-0-0-1-3-0-2-3-5-0-0-1 12404302670 31.9479 10.4348 1e-06 20.3567
0-1-2-4-0-0-1-3-0-2-3-5-0-1-2 437484879 18.2994 3.86084 1e-06 13.3221
0-1-2-4-0-0-1-3-0-2-3-5-0-2-3 2866699894 27.2542 6.16252 1e-06 20.1488
0-1-2-4-0-1-2-4-0-0-1-3-0-0-1 1526994749 7.24475 1.27743 0 5.48033
0-1-2-4-0-1-2-4-0-0-1-3-0-1-2 123397885 3.38524 0.448603 2e-06 2.26348
0-1-2-4-0-1-2-4-0-0-1-3-0-2-3 558683771 6.7135 0.842242 1e-06 5.63348
0-1-2-4-0-1-2-4-0-1-2-4-0-0-1 162901838 0.680935 0.06702 1e-06 0.458206
0-1-2-4-0-1-2-4-0-1-2-4-0-1-2 214540 0.5074 0.054623 2e-06 0.316085
0-1-2-4-0-1-2-4-0-1-2-4-0-2-3 49992362 0.595539 0.057698 1e-06 0.432179
0-1-2-4-0-1-2-4-0-2-3-5-0-0-1 2284018485 6.69216 1.2464 0 5.30419
0-1-2-4-0-1-2-4-0-2-3-5-0-1-2 204481511 2.48852 0.329806 1e-06 2.03078
0-1-2-4-0-1-2-4-0-2-3-5-0-2-3 606916000 6.08879 0.664233 1e-06 5.19757
0-1-2-4-0-2-3-5-0-0-1-3-0-0-1 13132687846 38.93 20.7976 1e-06 18.0058
0-1-2-4-0-2-3-5-0-0-1-3-0-1-2 432860830 20.5743 8.46149 1e-06 10.8095
0-1-2-4-0-2-3-5-0-0-1-3-0-2-3 3706945361 29.8434 11.8994 1e-06 17.1889
0-1-2-4-0-2-3-5-0-1-2-4-0-0-1 35145744956 36.4467 28.523 1e-06 7.24984
0-1-2-4-0-2-3-5-0-1-2-4-0-1-2 204481511 14.6012 6.59487 1e-06 4.51252
0-1-2-4-0-2-3-5-0-1-2-4-0-2-3 7067847345 22.0118 12.5168 1e-06 8.11728
0-1-2-4-0-2-3-5-0-2-3-5-0-0-1 13712931524 29.9058 11.4417 0 16.4421
0-1-2-4-0-2-3-5-0-2-3-5-0-1-2 453417926 15.3786 4.00405 1e-06 9.72534
0-1-2-4-0-2-3-5-0-2-3-5-0-2-3 3056988612 24.524 7.1971 1e-06 15.6664
0-2-3-5-0-0-1-3-0-0-1-3-0-0-1 1672292507 45.2482 2.18914 2e-06 40.3951
0-2-3-5-0-0-1-3-0-0-1-3-0-1-2 131792782 31.1504 0.960997 1e-06 29.2125
0-2-3-5-0-0-1-3-0-0-1-3-0-2-3 621471008 43.2809 1.42024 1e-06 41.5444
0-2-3-5-0-0-1-3-0-1-2-4-0-0-1 9235067917 34.2215 6.99922 1e-06 26.8525
0-2-3-5-0-0-1-3-0-1-2-4-0-1-2 37830920 23.3231 1.7163 2e-06 19.7051
0-2-3-5-0-0-1-3-0-1-2-4-0-2-3 2059925133 32.106 3.51091 1e-06 28.4705
0-2-3-5-0-0-1-3-0-2-3-5-0-0-1 3415726164 44.8838 2.58896 1e-06 41.5291
0-2-3-5-0-0-1-3-0-2-3-5-0-1-2 190198833 31.3664 0.849301 2e-06 30.2597
0-2-3-5-0-0-1-3-0-2-3-5-0-2-3 850019208 41.7558 1.62687 2e-06 39.9887
0-2-3-5-0-1-2-4-0-0-1-3-0-0-1 7395941882 32.3287 10.9094 2e-06 21.2508
0-2-3-5-0-1-2-4-0-0-1-3-0-1-2 218358783 20.5023 5.13336 1e-06 14.2987
0-2-3-5-0-1-2-4-0-0-1-3-0-2-3 1943486327 28.2353 6.83697 2e-06 21.0921
0-2-3-5-0-1-2-4-0-1-2-4-0-0-1 1894734503 11.3763 1.06874 2e-06 9.96369
0-2-3-5-0-1-2-4-0-1-2-4-0-1-2 3655061 7.84718 0.377244 3e-06 7.30578
0-2-3-5-0-1-2-4-0-1-2-4-0-2-3 506118651 12.2435 0.753841 0 11.3653
0-2-3-5-0-1-2-4-0-2-3-5-0-0-1 9318882335 30.8925 8.56994 2e-06 22.1678
0-2-3-5-0-1-2-4-0-2-3-5-0-1-2 255197384 17.1433 3.08907 1e-06 13.0383
0-2-3-5-0-1-2-4-0-2-3-5-0-2-3 2055095988 23.7176 5.0533 2e-06 18.4102
0-2-3-5-0-2-3-5-0-0-1-3-0-0-1 2530088289 40.4337 3.14343 1e-06 36.8189
0-2-3-5-0-2-3-5-0-0-1-3-0-1-2 161408745 27.4775 1.23969 0 26.0202
0-2-3-5-0-2-3-5-0-0-1-3-0-2-3 870458224 39.625 1.99145 0 37.4759
0-2-3-5-0-2-3-5-0-1-2-4-0-0-1 10914351715 32.3894 7.81042 1e-06 24.4735
0-2-3-5-0-2-3-5-0-1-2-4-0-1-2 40945109 22.4952 1.7468 1e-06 18.711
0-2-3-5-0-2-3-5-0-1-2-4-0-2-3 2309517773 29.9022 3.88232 2e-06 25.8505
0-2-3-5-0-2-3-5-0-2-3-5-0-0-1 2915519858 38.2727 2.31699 1e-06 35.0792
0-2-3-5-0-2-3-5-0-2-3-5-0-1-2 171400878 27.7832 0.797327 2e-06 26.6557
0-2-3-5-0-2-3-5-0-2-3-5-0-2-3 720236673 37.9534 1.50746 1e-06 36.2928
1-3-0-0-1-3-0-0-1-3-0-0-1-3-0 1419222105 46.9844 0.738347 0 45.8718
1-3-0-0-1-3-0-0-1-3-0-1-2-4-0 6981552054 34.076 1.23309 1e-06 32.7004
1-3-0-0-1-3-0-0-1-3-0-2-3-5-0 1672292507 47.4911 0.526208 1e-06 46.3899
1-3-0-0-1-3-0-1-2-4-0-0-1-3-0 7987729204 33.0499 5.19188 3e-06 27.705
1-3-0-0-1-3-0-1-2-4-0-1-2-4-0 1526994749 18.845 0.432636 2e-06 17.4013
1-3-0-0-1-3-0-1-2-4-0-2-3-5-0 7395941882 31.4064 2.63761 1e-06 28.5833
1-3-0-0-1-3-0-2-3-5-0-0-1-3-0 3772537047 45.7602 1.54038 1e-06 43.6187
1-3-0-0-1-3-0-2-3-5-0-1-2-4-0 13132687846 36.5113 3.48221 2e-06 32.8204
1-3-0-0-1-3-0-2-3-5-0-2-3-5-0 2530088289 44.8142 0.787178 2e-06 42.2739
1-3-0-1-2-4-0-0-1-3-0-0-1-3-0 8528240999 28.6835 6.80534 0 21.6253
1-3-0-1-2-4-0-0-1-3-0-1-2-4-0 24412339572 20.9757 8.43495 1e-06 11.761
1-3-0-1-2-4-0-0-1-3-0-2-3-5-0 9235067917 27.7734 4.14328 2e-06 21.1179
1-3-0-1-2-4-0-1-2-4-0-0-1-3-0 2048424087 9.18398 0.766456 2e-06 6.9892
1-3-0-1-2-4-0-1-2-4-0-1-2-4-0 162901838 2.83525 0.081318 1e-06 2.58293
1-3-0-1-2-4-0-1-2-4-0-2-3-5-0 1894734503 7.13841 0.434266 2e-06 6.5039
1-3-0-1-2-4-0-2-3-5-0-0-1-3-0 16986975289 29.1266 10.7152 1e-06 18.1233
1-3-0-1-2-4-0-2-3-5-0-1-2-4-0 35145744956 23.9743 11.9547 2e-06 10.2636
1-3-0-1-2-4-0-2-3-5-0-2-3-5-0 10914351715 25.9918 4.97754 1e-06 17.9938
1-3-0-2-3-5-0-0-1-3-0-0-1-3-0 2936038078 43.3684 1.69541 1e-06 39.4169
1-3-0-2-3-5-0-0-1-3-0-1-2-4-0 12404302670 32.8974 3.06197 2e-06 29.0513
1-3-0-2-3-5-0-0-1-3-0-2-3-5-0 3415726164 40.7875 1.11493 2e-06 38.4155
1-3-0-2-3-5-0-1-2-4-0-0-1-3-0 11787767512 33.9666 8.03727 1e-06 25.6566
1-3-0-2-3-5-0-1-2-4-0-1-2-4-0 2284018485 18.6163 0.909371 2e-06 15.7496
1-3-0-2-3-5-0-1-2-4-0-2-3-5-0 9318882335 28.5774 3.94571 1e-06 24.3848
1-3-0-2-3-5-0-2-3-5-0-0-1-3-0 4348753892 41.548 1.9791 1e-06 38.5825
1-3-0-2-3-5-0-2-3-5-0-1-2-4-0 13712931524 30.3734 3.54212 2e-06 26.5554
1-3-0-2-3-5-0-2-3-5-0-2-3-5-0 2915519858 39.3458 1.07273 1e-06 36.53
2-4-0-0-1-3-0-0-1-3-0-0-1-3-0 138163365 34.145 0.17099 1e-06 33.8704
2-4-0-0-1-3-0-0-1-3-0-1-2-4-0 340624697 23.8618 0.105662 1e-06 23.6583
2-4-0-0-1-3-0-0-1-3-0-2-3-5-0 131792782 33.4981 0.100688 0 33.289
2-4-0-0-1-3-0-1-2-4-0-0-1-3-0 318472348 17.271 0.353223 1e-06 16.8488
2-4-0-0-1-3-0-1-2-4-0-1-2-4-0 123397885 9.55241 0.048608 1e-06 9.42021
2-4-0-0-1-3-0-1-2-4-0-2-3-5-0 218358783 16.7459 0.165806 0 16.5065
2-4-0-0-1-3-0-2-3-5-0-0-1-3-0 261962127 32.0164 0.236934 1e-06 31.677
2-4-0-0-1-3-0-2-3-5-0-1-2-4-0 432860830 21.9244 0.084342 0 21.7681
2-4-0-0-1-3-0-2-3-5-0-2-3-5-0 161408745 31.3533 0.109928 1e-06 31.1795
2-4-0-1-2-4-0-0-1-3-0-0-1-3-0 32064885 13.1718 0.031397 0 13.0728
2-4-0-1-2-4-0-0-1-3-0-1-2-4-0 123397885 5.09915 0.020922 0 4.98088
2-4-0-1-2-4-0-0-1-3-0-2-3-5-0 37830920 13.1856 0.021931 1e-06 13.0937
2-4-0-1-2-4-0-1-2-4-0-0-1-3-0 4858893 1.98605 0.007099 1e-06 1.91075
2-4-0-1-2-4-0-1-2-4-0-1-2-4-0 214540 0.509537 0.040831 1e-06 0.372807
2-4-0-1-2-4-0-1-2-4-0-2-3-5-0 3655061 1.88734 0.00607 1e-06 1.8194
2-4-0-1-2-4-0-2-3-5-0-0-1-3-0 61703686 10.4293 0.046661 1e-06 10.3103
2-4-0-1-2-4-0-2-3-5-0-1-2-4-0 204481511 4.62608 0.028296 1e-06 4.5336
2-4-0-1-2-4-0-2-3-5-0-2-3-5-0 40945109 9.85592 0.019564 1e-06 9.76723
2-4-0-2-3-5-0-0-1-3-0-0-1-3-0 223660339 28.231 0.267765 1e-06 27.8818
2-4-0-2-3-5-0-0-1-3-0-1-2-4-0 437484879 19.6588 0.117827 1e-06 19.4683
2-4-0-2-3-5-0-0-1-3-0-2-3-5-0 190198833 28.744 0.160039 1e-06 28.5092
2-4-0-2-3-5-0-1-2-4-0-0-1-3-0 410442979 13.8001 0.519209 1e-06 13.1733
2-4-0-2-3-5-0-1-2-4-0-1-2-4-0 204481511 7.72665 0.069559 1e-06 7.58969
2-4-0-2-3-5-0-1-2-4-0-2-3-5-0 255197384 14.4351 0.222628 1e-06 14.1561
2-4-0-2-3-5-0-2-3-5-0-0-1-3-0 284130311 25.5956 0.243802 1e-06 25.2849
2-4-0-2-3-5-0-2-3-5-0-1-2-4-0 453417926 16.3909 0.086386 1e-06 16.2451
2-4-0-2-3-5-0-2-3-5-0-2-3-5-0 171400878 26.0758 0.118275 1e-06 25.8897
3-5-0-0-1-3-0-0-1-3-0-0-1-3-0 557356291 40.9424 0.33296 1e-06 40.5265
3-5-0-0-1-3-0-0-1-3-0-1-2-4-0 2154511237 30.0568 0.432238 1e-06 29.5308
3-5-0-0-1-3-0-0-1-3-0-2-3-5-0 621471008 39.844 0.201728 1e-06 39.5407
3-5-0-0-1-3-0-1-2-4-0-0-1-3-0 2251924502 25.4481 1.65897 2e-06 23.7035
3-5-0-0-1-3-0-1-2-4-0-1-2-4-0 558683771 14.8267 0.170358 1e-06 14.5662
3-5-0-0-1-3-0-1-2-4-0-2-3-5-0 1943486327 25.9001 0.89198 1e-06 24.9146
3-5-0-0-1-3-0-2-3-5-0-0-1-3-0 1323919871 39.5466 0.664204 2e-06 38.7872
3-5-0-0-1-3-0-2-3-5-0-1-2-4-0 3706945361 29.7171 0.666 2e-06 28.9605
3-5-0-0-1-3-0-2-3-5-0-2-3-5-0 870458224 38.3159 0.337021 0 37.8373
3-5-0-1-2-4-0-0-1-3-0-0-1-3-0 2046689750 20.966 1.8883 1e-06 18.945
3-5-0-1-2-4-0-0-1-3-0-1-2-4-0 5149393700 10.2198 1.32893 1e-06 8.78911
3-5-0-1-2-4-0-0-1-3-0-2-3-5-0 2059925133 18.4176 1.17925 2e-06 17.0728
3-5-0-1-2-4-0-1-2-4-0-0-1-3-0 571674484 5.55299 0.263326 1e-06 5.1985
3-5-0-1-2-4-0-1-2-4-0-1-2-4-0 49992362 1.92057 0.026723 0 1.82985
3-5-0-1-2-4-0-1-2-4-0-2-3-5-0 506118651 4.90257 0.137088 2e-06 4.68703
3-5-0-1-2-4-0-2-3-5-0-0-1-3-0 3651237370 18.4468 2.49267 2e-06 15.8789
3-5-0-1-2-4-0-2-3-5-0-1-2-4-0 7067847345 10.2874 2.08935 1e-06 8.03254
3-5-0-1-2-4-0-2-3-5-0-2-3-5-0 2309517773 16.0098 1.19708 0 14.6828
3-5-0-2-3-5-0-0-1-3-0-0-1-3-0 775328762 39.3206 0.476803 2e-06 38.5916
3-5-0-2-3-5-0-0-1-3-0-1-2-4-0 2866699894 26.4672 0.411873 1e-06 25.9725
3-5-0-2-3-5-0-0-1-3-0-2-3-5-0 850019208 37.4977 0.304248 1e-06 37.1063
3-5-0-2-3-5-0-1-2-4-0-0-1-3-0 2711106070 23.9452 1.88376 2e-06 21.9727
3-5-0-2-3-5-0-1-2-4-0-1-2-4-0 606916000 12.8107 0.171412 2e-06 12.4579
3-5-0-2-3-5-0-1-2-4-0-2-3-5-0 2055095988 21.7663 0.9244 1e-06 20.7628
3-5-0-2-3-5-0-2-3-5-0-0-1-3-0 1094724705 34.9633 0.547384 2e-06 34.3144
3-5-0-2-3-5-0-2-3-5-0-1-2-4-0 3056988612 24.9775 0.421806 1e-06 24.4836
3-5-0-2-3-5-0-2-3-5-0-2-3-5-0 720236673 33.096 0.280436 1e-06 32.6753
