0-0-1-3-0-0-1-3-0 116647351 13.0209 0.401228 1e-06 12.4608
0-0-1-3-0-1-2-4-0 1306671714 8.23858 1.61002 1e-06 6.49326
0-0-1-3-0-2-3-5-0 148793049 12.285 0.052052 1e-06 12.1231
0-1-2-4-0-0-1-3-0 1306671714 2.72749 0.81674 0 1.81058
0-1-2-4-0-1-2-4-0 62478594 0.249031 0.037537 0 0.120499
0-1-2-4-0-2-3-5-0 1060374840 2.00974 0.289045 1e-06 1.6681
0-2-3-5-0-0-1-3-0 148793049 9.24328 0.067296 1e-06 9.11281
0-2-3-5-0-1-2-4-0 1060374840 5.20943 0.300774 0 4.86373
0-2-3-5-0-2-3-5-0 103574624 9.41155 0.043082 0 9.29925
1-3-0-0-1-3-0-0-1 18776209 11.7359 0.034249 0 11.6139
1-3-0-0-1-3-0-1-2 6077715 5.84315 0.022148 0 5.76383
1-3-0-0-1-3-0-2-3 8863750 12.0335 0.026619 0 11.9472
1-3-0-1-2-4-0-0-1 360430421 3.12327 0.194271 1e-06 2.85935
1-3-0-1-2-4-0-1-2 560269 1.23026 0.048703 6e-06 1.09217
1-3-0-1-2-4-0-2-3 108629855 2.46781 0.107443 1e-06 2.29495
1-3-0-2-3-5-0-0-1 37385083 11.0383 0.034012 0 10.9515
1-3-0-2-3-5-0-1-2 8586696 6.90302 0.019588 1e-06 6.8085
1-3-0-2-3-5-0-2-3 11511089 10.5409 0.025097 0 10.4671
2-4-0-0-1-3-0-0-1 6077715 6.86458 0.015692 0 6.80557
2-4-0-0-1-3-0-1-2 793231 2.99695 0.007527 0 2.94904
2-4-0-0-1-3-0-2-3 2523483 6.52911 0.01361 1e-06 6.44146
2-4-0-1-2-4-0-0-1 560269 0.202484 0.002094 0 0.157551
2-4-0-1-2-4-0-1-2 2309 0.15318 0.002055 0 0.114153
2-4-0-1-2-4-0-2-3 177569 0.215162 0.002038 0 0.171421
2-4-0-2-3-5-0-0-1 8586696 5.44144 0.013319 0 5.38492
2-4-0-2-3-5-0-1-2 1249649 2.18461 0.005926 1e-06 2.13871
2-4-0-2-3-5-0-2-3 2510707 4.8233 0.00855 1e-06 4.77367
3-5-0-0-1-3-0-0-1 8863750 9.50624 0.01438 1e-06 9.43722
3-5-0-0-1-3-0-1-2 2523483 4.53773 0.010241 2e-06 4.4767
3-5-0-0-1-3-0-2-3 4568986 10.3879 0.010329 1e-06 10.3298
3-5-0-1-2-4-0-0-1 108629855 1.95278 0.063316 1e-06 1.84643
3-5-0-1-2-4-0-1-2 177569 0.938471 0.01862 0 0.878289
3-5-0-1-2-4-0-2-3 32570709 2.16546 0.037234 0 2.08531
3-5-0-2-3-5-0-0-1 11511089 8.99918 0.010772 1e-06 8.94753
3-5-0-2-3-5-0-1-2 2510707 4.83284 0.006754 0 4.77561
3-5-0-2-3-5-0-2-3 3674955 8.1742 0.009774 0 8.10799
