0-0-1-3-0-0-1-3-0-0-1 156357361 24.8576 2.41092 1e-06 22.2173
0-0-1-3-0-0-1-3-0-1-2 32064885 17.0766 0.112196 0 16.7382
0-0-1-3-0-0-1-3-0-2-3 72602572 24.2488 0.137569 0 23.8954
0-0-1-3-0-1-2-4-0-0-1 2048424087 28.977 18.1746 1e-06 10.6
0-0-1-3-0-1-2-4-0-1-2 4858893 8.73024 0.528365 1e-06 7.71677
0-0-1-3-0-1-2-4-0-2-3 571674484 12.0845 0.903467 0 11.0262
0-0-1-3-0-2-3-5-0-0-1 368626275 21.5166 0.223418 0 21.1916
0-0-1-3-0-2-3-5-0-1-2 61703686 15.105 0.09097 1e-06 14.8601
0-0-1-3-0-2-3-5-0-2-3 109695304 21.658 0.165983 1e-06 21.3771
0-1-2-4-0-0-1-3-0-0-1 1526994749 7.85386 2.41939 1e-06 5.33467
0-1-2-4-0-0-1-3-0-1-2 123397885 4.06923 0.640685 1e-06 3.2406
0-1-2-4-0-0-1-3-0-2-3 558683771 6.99785 0.982794 1e-06 5.90957
0-1-2-4-0-1-2-4-0-0-1 162901838 0.418708 0.062117 1e-06 0.268824
0-1-2-4-0-1-2-4-0-1-2 214540 0.296951 0.041574 1e-06 0.194235
0-1-2-4-0-1-2-4-0-2-3 49992362 0.388346 0.047004 0 0.283555
0-1-2-4-0-2-3-5-0-0-1 2284018485 7.43965 2.31608 0 5.04368
0-1-2-4-0-2-3-5-0-1-2 204481511 3.41552 0.462398 1e-06 2.67712
0-1-2-4-0-2-3-5-0-2-3 606916000 5.35704 0.983956 1e-06 4.26761
0-2-3-5-0-0-1-3-0-0-1 203127281 19.4856 0.289923 1e-06 19.0898
0-2-3-5-0-0-1-3-0-1-2 37830920 13.5911 0.131651 0 13.3397
0-2-3-5-0-0-1-3-0-2-3 95160060 18.79 0.189035 1e-06 18.5131
0-2-3-5-0-1-2-4-0-0-1 1894734503 10.5538 1.43982 1e-06 9.00684
0-2-3-5-0-1-2-4-0-1-2 3655061 5.81848 0.263103 0 5.31581
0-2-3-5-0-1-2-4-0-2-3 506118651 9.1817 0.67883 1e-06 8.42268
0-2-3-5-0-2-3-5-0-0-1 258473495 16.693 0.199221 1e-06 16.4189
0-2-3-5-0-2-3-5-0-1-2 40945109 12.2219 0.09003 0 12.0329
0-2-3-5-0-2-3-5-0-2-3 76504726 19.2197 0.136408 1e-06 18.9778
1-3-0-0-1-3-0-0-1-3-0 156357361 22.5034 0.10027 1e-06 22.309
1-3-0-0-1-3-0-1-2-4-0 1526994749 12.1011 0.472182 1e-06 11.5502
1-3-0-0-1-3-0-2-3-5-0 203127281 20.8643 0.069008 0 20.6544
1-3-0-1-2-4-0-0-1-3-0 2048424087 8.3013 1.32127 0 6.90484
1-3-0-1-2-4-0-1-2-4-0 162901838 2.08215 0.076068 1e-06 1.86271
1-3-0-1-2-4-0-2-3-5-0 1894734503 7.91664 0.58795 0 7.22653
1-3-0-2-3-5-0-0-1-3-0 368626275 17.6572 0.154247 0 17.3803
1-3-0-2-3-5-0-1-2-4-0 2284018485 11.2594 0.576651 1e-06 10.6105
1-3-0-2-3-5-0-2-3-5-0 258473495 17.9707 0.093598 0 17.7346
2-4-0-0-1-3-0-0-1-3-0 32064885 12.9526 0.034451 0 12.8429
2-4-0-0-1-3-0-1-2-4-0 123397885 5.43169 0.024546 0 5.34541
2-4-0-0-1-3-0-2-3-5-0 37830920 11.6674 0.023492 1e-06 11.5784
2-4-0-1-2-4-0-0-1-3-0 4858893 1.61573 0.00582 1e-06 1.56004
2-4-0-1-2-4-0-1-2-4-0 214540 0.211175 0.002478 0 0.170748
2-4-0-1-2-4-0-2-3-5-0 3655061 1.25352 0.004145 0 1.21044
2-4-0-2-3-5-0-0-1-3-0 61703686 9.17334 0.04631 1e-06 9.0796
2-4-0-2-3-5-0-1-2-4-0 204481511 4.35175 0.036433 1e-06 4.27571
2-4-0-2-3-5-0-2-3-5-0 40945109 9.57983 0.023974 1e-06 9.51391
3-5-0-0-1-3-0-0-1-3-0 72602572 17.429 0.040707 0 17.323
3-5-0-0-1-3-0-1-2-4-0 558683771 9.08727 0.107507 0 8.90333
3-5-0-0-1-3-0-2-3-5-0 95160060 16.7699 0.029447 1e-06 16.6709
3-5-0-1-2-4-0-0-1-3-0 571674484 5.1047 0.292541 1e-06 4.75318
3-5-0-1-2-4-0-1-2-4-0 49992362 0.9246 0.021899 0 0.855212
3-5-0-1-2-4-0-2-3-5-0 506118651 5.0365 0.148144 1e-06 4.84374
3-5-0-2-3-5-0-0-1-3-0 109695304 13.8993 0.045487 1e-06 13.7943
3-5-0-2-3-5-0-1-2-4-0 606916000 7.88464 0.082611 1e-06 7.75788
3-5-0-2-3-5-0-2-3-5-0 76504726 14.3162 0.026066 1e-06 14.2321
