0-0-1-3-0-0-1-3-0-0-1-3-0-0-1 1419222105 64.4387 10.9176 1e-06 53.1462
0-0-1-3-0-0-1-3-0-0-1-3-0-1-2 138163365 46.0946 5.07756 1e-06 40.6617
0-0-1-3-0-0-1-3-0-0-1-3-0-2-3 557356291 61.2621 7.09577 1e-06 53.75
0-0-1-3-0-0-1-3-0-1-2-4-0-0-1 8528240999 67.7049 30.9988 0 36.3577
0-0-1-3-0-0-1-3-0-1-2-4-0-1-2 32064885 34.1147 5.92249 3e-06 27.5552
0-0-1-3-0-0-1-3-0-1-2-4-0-2-3 2046689750 53.4186 16.8717 1e-06 36.2598
0-0-1-3-0-0-1-3-0-2-3-5-0-0-1 2936038078 65.6489 11.281 1e-06 53.8445
0-0-1-3-0-0-1-3-0-2-3-5-0-1-2 223660339 44.3311 4.10146 1e-06 39.5813
0-0-1-3-0-0-1-3-0-2-3-5-0-2-3 775328762 59.4776 7.69175 1e-06 51.4131
0-0-1-3-0-1-2-4-0-0-1-3-0-0-1 7987729204 97.8072 67.688 1e-06 29.3235
0-0-1-3-0-1-2-4-0-0-1-3-0-1-2 318472348 54.0761 32.6091 2e-06 20.4773
0-0-1-3-0-1-2-4-0-0-1-3-0-2-3 2251924502 73.4291 44.2777 2e-06 28.7101
0-0-1-3-0-1-2-4-0-1-2-4-0-0-1 2048424087 22.5172 7.16544 2e-06 15.0522
0-0-1-3-0-1-2-4-0-1-2-4-0-1-2 4858893 13.1793 2.57468 2e-06 10.3741
0-0-1-3-0-1-2-4-0-1-2-4-0-2-3 571674484 20.6698 4.69232 1e-06 15.6232
0-0-1-3-0-1-2-4-0-2-3-5-0-0-1 11787767512 88.0388 61.1167 1e-06 26.4314
0-0-1-3-0-1-2-4-0-2-3-5-0-1-2 410442979 43.0238 21.174 0 20.0113
0-0-1-3-0-1-2-4-0-2-3-5-0-2-3 2711106070 65.2504 37.1682 1e-06 27.415
0-0-1-3-0-2-3-5-0-0-1-3-0-0-1 3772537047 76.7743 26.4375 0 49.7237
0-0-1-3-0-2-3-5-0-0-1-3-0-1-2 261962127 49.8569 10.3598 0 38.9764
0-0-1-3-0-2-3-5-0-0-1-3-0-2-3 1323919871 65.8844 17.1071 1e-06 48.3874
0-0-1-3-0-2-3-5-0-1-2-4-0-0-1 16986975289 91.8334 57.3763 1e-06 34.1173
0-0-1-3-0-2-3-5-0-1-2-4-0-1-2 61703686 38.7212 11.619 2e-06 24.9213
0-0-1-3-0-2-3-5-0-1-2-4-0-2-3 3651237370 67.862 33.0818 1e-06 34.2773
0-0-1-3-0-2-3-5-0-2-3-5-0-0-1 4348753892 65.1668 17.3981 1e-06 47.3506
0-0-1-3-0-2-3-5-0-2-3-5-0-1-2 284130311 44.1522 6.17037 1e-06 37.3477
0-0-1-3-0-2-3-5-0-2-3-5-0-2-3 1094724705 59.1856 11.3106 2e-06 47.5137
0-1-2-4-0-0-1-3-0-0-1-3-0-0-1 6981552054 83.7181 59.643 0 23.7086
0-1-2-4-0-0-1-3-0-0-1-3-0-1-2 340624697 45.32 28.541 0 16.0169
0-1-2-4-0-0-1-3-0-0-1-3-0-2-3 2154511237 63.5228 38.7976 1e-06 24.2774
0-1-2-4-0-0-1-3-0-1-2-4-0-0-1 24412339572 103.022 91.7687 1e-06 10.8049
0-1-2-4-0-0-1-3-0-1-2-4-0-1-2 123397885 28.958 20.9456 1e-06 6.10359
0-1-2-4-0-0-1-3-0-1-2-4-0-2-3 5149393700 61.7729 50.7648 1e-06 10.4753
0-1-2-4-0-0-1-3-0-2-3-5-0-0-1 12404302670 92.7079 69.9986 1e-06 21.7026
0-1-2-4-0-0-1-3-0-2-3-5-0-1-2 437484879 36.1511 20.5847 0 15.12
0-1-2-4-0-0-1-3-0-2-3-5-0-2-3 2866699894 58.4943 36.106 0 21.9599
0-1-2-4-0-1-2-4-0-0-1-3-0-0-1 1526994749 14.7008 7.96785 1e-06 6.18537
0-1-2-4-0-1-2-4-0-0-1-3-0-1-2 123397885 5.42461 2.71809 1e-06 2.47569
0-1-2-4-0-1-2-4-0-0-1-3-0-2-3 558683771 9.7514 3.99157 1e-06 5.57116
0-1-2-4-0-1-2-4-0-1-2-4-0-0-1 162901838 0.932167 0.286769 1e-06 0.521136
0-1-2-4-0-1-2-4-0-1-2-4-0-1-2 214540 0.980787 0.238448 1e-06 0.435102
0-1-2-4-0-1-2-4-0-1-2-4-0-2-3 49992362 0.929631 0.264569 1e-06 0.523291
0-1-2-4-0-1-2-4-0-2-3-5-0-0-1 2284018485 11.5106 6.59652 0 4.72073
0-1-2-4-0-1-2-4-0-2-3-5-0-1-2 204481511 6.36923 2.81651 1e-06 2.99445
0-1-2-4-0-1-2-4-0-2-3-5-0-2-3 606916000 11.7156 5.11421 1e-06 6.34618
0-1-2-4-0-2-3-5-0-0-1-3-0-0-1 13132687846 130.801 109.941 2e-06 20.4886
0-1-2-4-0-2-3-5-0-0-1-3-0-1-2 432860830 61.0397 46.2942 0 13.6008
0-1-2-4-0-2-3-5-0-0-1-3-0-2-3 3706945361 89.4567 69.0725 1e-06 19.2158
0-1-2-4-0-2-3-5-0-1-2-4-0-0-1 35145744956 152.05 143.259 1e-06 8.17226
0-1-2-4-0-2-3-5-0-1-2-4-0-1-2 204481511 38.2236 30.457 1e-06 5.33185
0-1-2-4-0-2-3-5-0-1-2-4-0-2-3 7067847345 81.4084 71.3866 0 8.07657
0-1-2-4-0-2-3-5-0-2-3-5-0-0-1 13712931524 85.8582 66.3774 0 18.7233
0-1-2-4-0-2-3-5-0-2-3-5-0-1-2 453417926 37.3734 23.1931 1e-06 13.2302
0-1-2-4-0-2-3-5-0-2-3-5-0-2-3 3056988612 59.4589 40.6585 0 18.4713
0-2-3-5-0-0-1-3-0-0-1-3-0-0-1 1672292507 59.3784 12.7825 1e-06 46.123
0-2-3-5-0-0-1-3-0-0-1-3-0-1-2 131792782 41.6923 5.93163 0 35.2049
0-2-3-5-0-0-1-3-0-0-1-3-0-2-3 621471008 55.0427 8.39832 0 46.322
0-2-3-5-0-0-1-3-0-1-2-4-0-0-1 9235067917 65.4954 33.7351 0 31.1398
0-2-3-5-0-0-1-3-0-1-2-4-0-1-2 37830920 28.951 7.30318 0 21.1322
0-2-3-5-0-0-1-3-0-1-2-4-0-2-3 2059925133 49.2097 19.2268 1e-06 29.729
0-2-3-5-0-0-1-3-0-2-3-5-0-0-1 3415726164 60.49 14.5505 2e-06 45.6956
0-2-3-5-0-0-1-3-0-2-3-5-0-1-2 190198833 40.0122 5.17108 1e-06 34.5961
0-2-3-5-0-0-1-3-0-2-3-5-0-2-3 850019208 54.0742 9.48247 1e-06 44.3774
0-2-3-5-0-1-2-4-0-0-1-3-0-0-1 7395941882 85.4299 61.8766 1e-06 23.2737
0-2-3-5-0-1-2-4-0-0-1-3-0-1-2 218358783 47.4978 29.2483 2e-06 17.9604
0-2-3-5-0-1-2-4-0-0-1-3-0-2-3 1943486327 76.6864 50.74 1e-06 25.6308
0-2-3-5-0-1-2-4-0-1-2-4-0-0-1 1894734503 18.642 5.9854 0 12.3774
0-2-3-5-0-1-2-4-0-1-2-4-0-1-2 3655061 9.69289 1.90535 1e-06 7.60221
0-2-3-5-0-1-2-4-0-1-2-4-0-2-3 506118651 15.3865 3.80498 2e-06 11.3939
0-2-3-5-0-1-2-4-0-2-3-5-0-0-1 9318882335 72.3692 50.583 2e-06 21.5358
0-2-3-5-0-1-2-4-0-2-3-5-0-1-2 255197384 33.6844 17.4704 1e-06 15.8817
0-2-3-5-0-1-2-4-0-2-3-5-0-2-3 2055095988 50.811 29.4866 0 21.1168
0-2-3-5-0-2-3-5-0-0-1-3-0-0-1 2530088289 59.2898 17.8679 0 41.0579
0-2-3-5-0-2-3-5-0-0-1-3-0-1-2 161408745 37.16 6.73852 1e-06 30.2218
0-2-3-5-0-2-3-5-0-0-1-3-0-2-3 870458224 53.7302 11.3797 1e-06 42.1217
0-2-3-5-0-2-3-5-0-1-2-4-0-0-1 10914351715 66.1743 37.1507 1e-06 28.8103
0-2-3-5-0-2-3-5-0-1-2-4-0-1-2 40945109 28.9273 7.72895 1e-06 20.886
0-2-3-5-0-2-3-5-0-1-2-4-0-2-3 2309517773 51.1117 22.8036 3e-06 28.011
0-2-3-5-0-2-3-5-0-2-3-5-0-0-1 2915519858 61.0801 18.2323 1e-06 42.5608
0-2-3-5-0-2-3-5-0-2-3-5-0-1-2 171400878 35.4883 4.22481 2e-06 31.0161
0-2-3-5-0-2-3-5-0-2-3-5-0-2-3 720236673 48.6945 7.81844 1e-06 40.6536
1-3-0-0-1-3-0-0-1-3-0-0-1-3-0 1419222105 55.1983 4.12061 2e-06 50.8617
1-3-0-0-1-3-0-0-1-3-0-1-2-4-0 6981552054 40.8864 5.04234 0 35.6189
1-3-0-0-1-3-0-0-1-3-0-2-3-5-0 1672292507 53.5734 2.71654 0 50.607
1-3-0-0-1-3-0-1-2-4-0-0-1-3-0 7987729204 59.6138 27.7866 1e-06 31.5023
1-3-0-0-1-3-0-1-2-4-0-1-2-4-0 1526994749 22.6588 2.01706 1e-06 20.4128
1-3-0-0-1-3-0-1-2-4-0-2-3-5-0 7395941882 45.5907 14.4694 1e-06 30.6873
1-3-0-0-1-3-0-2-3-5-0-0-1-3-0 3772537047 56.4809 8.01605 2e-06 48.1926
1-3-0-0-1-3-0-2-3-5-0-1-2-4-0 13132687846 43.5507 8.30419 0 34.9322
1-3-0-0-1-3-0-2-3-5-0-2-3-5-0 2530088289 54.0168 4.00428 1e-06 49.5624
1-3-0-1-2-4-0-0-1-3-0-0-1-3-0 8528240999 63.4787 38.748 1e-06 24.0844
1-3-0-1-2-4-0-0-1-3-0-1-2-4-0 24412339572 35.6081 20.6866 2e-06 14.4408
1-3-0-1-2-4-0-0-1-3-0-2-3-5-0 9235067917 47.4088 23.0002 1e-06 23.932
1-3-0-1-2-4-0-1-2-4-0-0-1-3-0 2048424087 12.8884 4.46839 2e-06 8.10093
1-3-0-1-2-4-0-1-2-4-0-1-2-4-0 162901838 3.93607 0.393683 2e-06 3.25052
1-3-0-1-2-4-0-1-2-4-0-2-3-5-0 1894734503 10.2864 2.37054 0 7.73262
1-3-0-1-2-4-0-2-3-5-0-0-1-3-0 16986975289 79.2173 57.4226 1e-06 21.5232
1-3-0-1-2-4-0-2-3-5-0-1-2-4-0 35145744956 39.6892 25.2841 2e-06 13.9093
1-3-0-1-2-4-0-2-3-5-0-2-3-5-0 10914351715 47.6518 25.481 2e-06 21.4305
1-3-0-2-3-5-0-0-1-3-0-0-1-3-0 2936038078 55.4958 8.69185 1e-06 46.4208
1-3-0-2-3-5-0-0-1-3-0-1-2-4-0 12404302670 41.5236 7.56442 1e-06 33.3196
1-3-0-2-3-5-0-0-1-3-0-2-3-5-0 3415726164 51.2265 5.43198 2e-06 45.5833
1-3-0-2-3-5-0-1-2-4-0-0-1-3-0 11787767512 69.0136 41.872 2e-06 26.8018
1-3-0-2-3-5-0-1-2-4-0-1-2-4-0 2284018485 21.3835 2.92975 2e-06 18.2605
1-3-0-2-3-5-0-1-2-4-0-2-3-5-0 9318882335 48.0426 21.0596 1e-06 26.2628
1-3-0-2-3-5-0-2-3-5-0-0-1-3-0 4348753892 54.5341 9.99996 1e-06 44.2982
1-3-0-2-3-5-0-2-3-5-0-1-2-4-0 13712931524 40.681 8.97896 2e-06 31.418
1-3-0-2-3-5-0-2-3-5-0-2-3-5-0 2915519858 48.2654 4.7701 0 43.2363
2-4-0-0-1-3-0-0-1-3-0-0-1-3-0 138163365 36.8898 1.13986 1e-06 35.6206
2-4-0-0-1-3-0-0-1-3-0-1-2-4-0 340624697 24.1746 0.433906 1e-06 23.6184
2-4-0-0-1-3-0-0-1-3-0-2-3-5-0 131792782 36.3878 0.536005 1e-06 35.676
2-4-0-0-1-3-0-1-2-4-0-0-1-3-0 318472348 19.4825 1.94634 1e-06 17.4257
2-4-0-0-1-3-0-1-2-4-0-1-2-4-0 123397885 8.80301 0.220481 1e-06 8.49697
2-4-0-0-1-3-0-1-2-4-0-2-3-5-0 218358783 18.1985 0.938352 0 17.1619
2-4-0-0-1-3-0-2-3-5-0-0-1-3-0 261962127 35.7588 1.32693 1e-06 34.3236
2-4-0-0-1-3-0-2-3-5-0-1-2-4-0 432860830 23.5206 0.46802 1e-06 22.9372
2-4-0-0-1-3-0-2-3-5-0-2-3-5-0 161408745 34.2802 0.700874 0 33.4786
2-4-0-1-2-4-0-0-1-3-0-0-1-3-0 32064885 13.1999 0.153802 1e-06 12.9022
2-4-0-1-2-4-0-0-1-3-0-1-2-4-0 123397885 5.42953 0.103603 1e-06 5.23772
2-4-0-1-2-4-0-0-1-3-0-2-3-5-0 37830920 13.9203 0.084991 1e-06 13.7447
2-4-0-1-2-4-0-1-2-4-0-0-1-3-0 4858893 2.19681 0.018229 1e-06 2.09189
2-4-0-1-2-4-0-1-2-4-0-1-2-4-0 214540 0.75092 0.159336 0 0.47927
2-4-0-1-2-4-0-1-2-4-0-2-3-5-0 3655061 1.67946 0.009914 0 1.59577
2-4-0-1-2-4-0-2-3-5-0-0-1-3-0 61703686 11.2018 0.199252 0 10.9066
2-4-0-1-2-4-0-2-3-5-0-1-2-4-0 204481511 5.19512 0.143809 0 4.97668
2-4-0-1-2-4-0-2-3-5-0-2-3-5-0 40945109 10.4392 0.088795 2e-06 10.2694
2-4-0-2-3-5-0-0-1-3-0-0-1-3-0 223660339 32.5072 1.56473 1e-06 30.8167
2-4-0-2-3-5-0-0-1-3-0-1-2-4-0 437484879 20.6362 0.550623 0 19.9828
2-4-0-2-3-5-0-0-1-3-0-2-3-5-0 190198833 30.8784 0.909454 0 29.871
2-4-0-2-3-5-0-1-2-4-0-0-1-3-0 410442979 17.4579 3.03094 0 14.3295
2-4-0-2-3-5-0-1-2-4-0-1-2-4-0 204481511 7.86481 0.339545 1e-06 7.4228
2-4-0-2-3-5-0-1-2-4-0-2-3-5-0 255197384 16.7554 1.39748 1e-06 15.2714
2-4-0-2-3-5-0-2-3-5-0-0-1-3-0 284130311 29.9888 1.3854 0 28.5024
2-4-0-2-3-5-0-2-3-5-0-1-2-4-0 453417926 18.807 0.48287 1e-06 18.2448
2-4-0-2-3-5-0-2-3-5-0-2-3-5-0 171400878 29.4095 0.688784 1e-06 28.5993
3-5-0-0-1-3-0-0-1-3-0-0-1-3-0 557356291 50.9433 2.05927 1e-06 48.7226
3-5-0-0-1-3-0-0-1-3-0-1-2-4-0 2154511237 35.3683 1.62303 2e-06 33.5733
3-5-0-0-1-3-0-0-1-3-0-2-3-5-0 621471008 48.1358 1.27091 1e-06 46.7339
3-5-0-0-1-3-0-1-2-4-0-0-1-3-0 2251924502 36.6576 9.06893 1e-06 27.4109
3-5-0-0-1-3-0-1-2-4-0-1-2-4-0 558683771 17.7019 0.755863 2e-06 16.8369
3-5-0-0-1-3-0-1-2-4-0-2-3-5-0 1943486327 32.0127 4.64161 1e-06 27.2432
3-5-0-0-1-3-0-2-3-5-0-0-1-3-0 1323919871 48.899 3.52201 2e-06 45.2435
3-5-0-0-1-3-0-2-3-5-0-1-2-4-0 3706945361 33.9454 2.43174 1e-06 31.3872
3-5-0-0-1-3-0-2-3-5-0-2-3-5-0 870458224 47.0119 1.67443 1e-06 45.2145
3-5-0-1-2-4-0-0-1-3-0-0-1-3-0 2046689750 31.8165 10.3517 1e-06 21.3
3-5-0-1-2-4-0-0-1-3-0-1-2-4-0 5149393700 16.4861 5.0699 1e-06 11.2933
3-5-0-1-2-4-0-0-1-3-0-2-3-5-0 2059925133 28.415 6.17385 1e-06 22.1028
3-5-0-1-2-4-0-1-2-4-0-0-1-3-0 571674484 8.16008 1.40786 1e-06 6.64219
3-5-0-1-2-4-0-1-2-4-0-1-2-4-0 49992362 2.48862 0.121796 1e-06 2.2636
3-5-0-1-2-4-0-1-2-4-0-2-3-5-0 506118651 8.03813 0.866261 0 7.06634
3-5-0-1-2-4-0-2-3-5-0-0-1-3-0 3651237370 33.1147 13.8222 1e-06 19.14
3-5-0-1-2-4-0-2-3-5-0-1-2-4-0 7067847345 15.8908 5.40556 1e-06 10.3783
3-5-0-1-2-4-0-2-3-5-0-2-3-5-0 2309517773 25.4751 6.27158 0 19.0877
3-5-0-2-3-5-0-0-1-3-0-0-1-3-0 775328762 44.6091 2.7412 0 41.7051
3-5-0-2-3-5-0-0-1-3-0-1-2-4-0 2866699894 31.711 2.00016 1e-06 29.5475
3-5-0-2-3-5-0-0-1-3-0-2-3-5-0 850019208 45.8568 1.83212 2e-06 43.8948
3-5-0-2-3-5-0-1-2-4-0-0-1-3-0 2711106070 35.1116 10.4601 1e-06 24.5224
3-5-0-2-3-5-0-1-2-4-0-1-2-4-0 606916000 17.5528 0.827096 2e-06 16.629
3-5-0-2-3-5-0-1-2-4-0-2-3-5-0 2055095988 32.0118 5.12208 0 26.7456
3-5-0-2-3-5-0-2-3-5-0-0-1-3-0 1094724705 41.8419 2.92778 1e-06 38.7894
3-5-0-2-3-5-0-2-3-5-0-1-2-4-0 3056988612 30.131 1.92519 0 28.0994
3-5-0-2-3-5-0-2-3-5-0-2-3-5-0 720236673 41.738 1.42345 1e-06 40.1673
