0-0-1-3-0-0-1-3-0-0-1-3-0 1200719971 1.96263 1.91647 0 0
0-0-1-3-0-0-1-3-0-1-2-4-0 6268640177 3.49434 3.40723 0 0
0-0-1-3-0-0-1-3-0-2-3-5-0 1411253161 1.76569 0.698941 0 0
0-0-1-3-0-1-2-4-0-0-1-3-0 7143745039 7.05637 6.87853 0 0
0-0-1-3-0-1-2-4-0-1-2-4-0 1306671714 1.50449 0.478978 0 0
0-0-1-3-0-1-2-4-0-2-3-5-0 6798970777 4.12408 3.99232 0 0
0-0-1-3-0-2-3-5-0-0-1-3-0 3197405526 2.54158 1.75067 0 0
0-0-1-3-0-2-3-5-0-1-2-4-0 12244116763 5.28343 4.92039 0 0
0-0-1-3-0-2-3-5-0-2-3-5-0 2119598948 2.70462 0.736071 0 0
0-1-2-4-0-0-1-3-0-0-1-3-0 6268640177 6.6401 6.47634 0 0
0-1-2-4-0-0-1-3-0-1-2-4-0 19647442637 10.6226 10.1264 0 0
0-1-2-4-0-0-1-3-0-2-3-5-0 7169468361 4.52133 3.1405 0 0
0-1-2-4-0-1-2-4-0-0-1-3-0 1306671714 1.34195 0.492301 0 0
0-1-2-4-0-1-2-4-0-1-2-4-0 62478594 0.339918 0.050665 0 0
0-1-2-4-0-1-2-4-0-2-3-5-0 1060374840 0.440745 0.206137 0 0
0-1-2-4-0-2-3-5-0-0-1-3-0 12244116763 9.58667 9.52528 0 0
0-1-2-4-0-2-3-5-0-1-2-4-0 29301429046 12.3642 11.5362 0 0
0-1-2-4-0-2-3-5-0-2-3-5-0 8007804094 5.24342 3.51216 0 0
0-2-3-5-0-0-1-3-0-0-1-3-0 1411253161 3.40038 0.945517 0 0
0-2-3-5-0-0-1-3-0-1-2-4-0 7169468361 2.17391 1.71409 0 0
0-2-3-5-0-0-1-3-0-2-3-5-0 1749579324 1.34805 0.533969 0 0
0-2-3-5-0-1-2-4-0-0-1-3-0 6798970777 5.26949 5.11391 0 0
0-2-3-5-0-1-2-4-0-1-2-4-0 1060374840 1.25732 0.395774 0 0
0-2-3-5-0-1-2-4-0-2-3-5-0 5692292682 2.87152 2.68044 0 0
0-2-3-5-0-2-3-5-0-0-1-3-0 2119598948 1.45823 0.948182 0 0
0-2-3-5-0-2-3-5-0-1-2-4-0 8007804094 2.68242 2.5554 0 0
0-2-3-5-0-2-3-5-0-2-3-5-0 1435985598 1.44286 0.476952 0 0
1-3-0-0-1-3-0-0-1-3-0-0-1 211653511 0.434205 0.279858 0 0
1-3-0-0-1-3-0-0-1-3-0-1-2 37465054 0.200021 0.1297 0 0
1-3-0-0-1-3-0-0-1-3-0-2-3 94494222 0.229831 0.171792 0 0
1-3-0-0-1-3-0-1-2-4-0-0-1 2435153216 1.99213 1.93566 0 0
1-3-0-0-1-3-0-1-2-4-0-1-2 6077715 0.624135 0.328941 0 0
1-3-0-0-1-3-0-1-2-4-0-2-3 663562074 0.861155 0.783822 0 0
1-3-0-0-1-3-0-2-3-5-0-0-1 492952736 0.339377 0.289129 0 0
1-3-0-0-1-3-0-2-3-5-0-1-2 71117008 0.166049 0.128398 0 0
1-3-0-0-1-3-0-2-3-5-0-2-3 144168858 0.248704 0.198214 0 0
1-3-0-1-2-4-0-0-1-3-0-0-1 2435153216 3.41757 3.35509 0 0
1-3-0-1-2-4-0-0-1-3-0-1-2 165472842 1.67015 1.24472 0 0
1-3-0-1-2-4-0-0-1-3-0-2-3 824065675 2.01112 1.93407 0 0
1-3-0-1-2-4-0-1-2-4-0-0-1 360430421 0.312701 0.179205 0 0
1-3-0-1-2-4-0-1-2-4-0-1-2 560269 0.168116 0.076685 0 0
1-3-0-1-2-4-0-1-2-4-0-2-3 108629855 0.191001 0.128823 0 0
1-3-0-1-2-4-0-2-3-5-0-0-1 3881323081 3.47091 3.41285 0 0
1-3-0-1-2-4-0-2-3-5-0-1-2 270475619 1.91685 1.16049 0 0
1-3-0-1-2-4-0-2-3-5-0-2-3 986646163 1.97756 1.86877 0 0
1-3-0-2-3-5-0-0-1-3-0-0-1 492952736 0.765869 0.54924 0 0
1-3-0-2-3-5-0-0-1-3-0-1-2 72381185 0.291023 0.224691 0 0
1-3-0-2-3-5-0-0-1-3-0-2-3 214694911 0.409711 0.330715 0 0
1-3-0-2-3-5-0-1-2-4-0-0-1 3881323081 2.75984 2.71098 0 0
1-3-0-2-3-5-0-1-2-4-0-1-2 8586696 1.21902 0.622952 0 0
1-3-0-2-3-5-0-1-2-4-0-2-3 977297157 1.2551 1.19406 0 0
1-3-0-2-3-5-0-2-3-5-0-0-1 621473695 0.482086 0.360593 0 0
1-3-0-2-3-5-0-2-3-5-0-1-2 79049098 0.244362 0.157282 0 0
1-3-0-2-3-5-0-2-3-5-0-2-3 176949807 0.340097 0.255347 0 0
2-4-0-0-1-3-0-0-1-3-0-0-1 37465054 0.097506 0.078987 0 0
2-4-0-0-1-3-0-0-1-3-0-1-2 2746067 0.055512 0.041953 0 0
2-4-0-0-1-3-0-0-1-3-0-2-3 13206540 0.065897 0.052207 0 0
2-4-0-0-1-3-0-1-2-4-0-0-1 165472842 0.148483 0.127105 0 0
2-4-0-0-1-3-0-1-2-4-0-1-2 793231 0.055702 0.039887 0 0
2-4-0-0-1-3-0-1-2-4-0-2-3 37851690 0.094895 0.083798 0 0
2-4-0-0-1-3-0-2-3-5-0-0-1 72381185 0.086018 0.074889 0 0
2-4-0-0-1-3-0-2-3-5-0-1-2 3963418 0.043595 0.033393 0 0
2-4-0-0-1-3-0-2-3-5-0-2-3 18163560 0.059792 0.049086 0 0
2-4-0-1-2-4-0-0-1-3-0-0-1 6077715 0.031532 0.014264 0 0
2-4-0-1-2-4-0-0-1-3-0-1-2 793231 0.018833 0.008178 0 0
2-4-0-1-2-4-0-0-1-3-0-2-3 2523483 0.019893 0.009978 0 0
2-4-0-1-2-4-0-1-2-4-0-0-1 560269 0.010254 0.002709 0 0
2-4-0-1-2-4-0-1-2-4-0-1-2 2309 0.009546 0.002537 0 0
2-4-0-1-2-4-0-1-2-4-0-2-3 177569 0.020061 0.002583 0 0
2-4-0-1-2-4-0-2-3-5-0-0-1 8586696 0.026001 0.011389 0 0
2-4-0-1-2-4-0-2-3-5-0-1-2 1249649 0.013892 0.005763 0 0
2-4-0-1-2-4-0-2-3-5-0-2-3 2510707 0.015479 0.008286 0 0
2-4-0-2-3-5-0-0-1-3-0-0-1 71117008 0.135673 0.120108 0 0
2-4-0-2-3-5-0-0-1-3-0-1-2 3963418 0.074946 0.064538 0 0
2-4-0-2-3-5-0-0-1-3-0-2-3 23447742 0.092118 0.081106 0 0
2-4-0-2-3-5-0-1-2-4-0-0-1 270475619 0.202493 0.193757 0 0
2-4-0-2-3-5-0-1-2-4-0-1-2 1249649 0.068024 0.059913 0 0
2-4-0-2-3-5-0-1-2-4-0-2-3 56692000 0.121087 0.11303 0 0
2-4-0-2-3-5-0-2-3-5-0-0-1 79049098 0.085587 0.07718 0 0
2-4-0-2-3-5-0-2-3-5-0-1-2 4296935 0.042986 0.034983 0 0
2-4-0-2-3-5-0-2-3-5-0-2-3 19367940 0.059605 0.052566 0 0
3-5-0-0-1-3-0-0-1-3-0-0-1 94494222 0.155039 0.123958 0 0
3-5-0-0-1-3-0-0-1-3-0-1-2 13206540 0.095835 0.061234 0 0
3-5-0-0-1-3-0-0-1-3-0-2-3 41003648 0.111651 0.079011 0 0
3-5-0-0-1-3-0-1-2-4-0-0-1 824065675 0.504964 0.484403 0 0
3-5-0-0-1-3-0-1-2-4-0-1-2 2523483 0.154893 0.131037 0 0
3-5-0-0-1-3-0-1-2-4-0-2-3 215363168 0.29834 0.280732 0 0
3-5-0-0-1-3-0-2-3-5-0-0-1 214694911 0.172514 0.140542 0 0
3-5-0-0-1-3-0-2-3-5-0-1-2 23447742 0.076454 0.058499 0 0
3-5-0-0-1-3-0-2-3-5-0-2-3 60308475 0.13458 0.098107 0 0
3-5-0-1-2-4-0-0-1-3-0-0-1 663562074 0.936457 0.914957 0 0
3-5-0-1-2-4-0-0-1-3-0-1-2 37851690 0.439396 0.413657 0 0
3-5-0-1-2-4-0-0-1-3-0-2-3 215363168 0.614886 0.589989 0 0
3-5-0-1-2-4-0-1-2-4-0-0-1 108629855 0.084112 0.061722 0 0
3-5-0-1-2-4-0-1-2-4-0-1-2 177569 0.038736 0.025604 0 0
3-5-0-1-2-4-0-1-2-4-0-2-3 32570709 0.087519 0.043447 0 0
3-5-0-1-2-4-0-2-3-5-0-0-1 977297157 0.852012 0.827237 0 0
3-5-0-1-2-4-0-2-3-5-0-1-2 56692000 0.335672 0.295644 0 0
3-5-0-1-2-4-0-2-3-5-0-2-3 241400395 0.507417 0.491351 0 0
3-5-0-2-3-5-0-0-1-3-0-0-1 144168858 0.192296 0.170837 0 0
3-5-0-2-3-5-0-0-1-3-0-1-2 18163560 0.094135 0.070856 0 0
3-5-0-2-3-5-0-0-1-3-0-2-3 60308475 0.123084 0.105831 0 0
3-5-0-2-3-5-0-1-2-4-0-0-1 986646163 0.545592 0.528991 0 0
3-5-0-2-3-5-0-1-2-4-0-1-2 2510707 0.189921 0.138747 0 0
3-5-0-2-3-5-0-1-2-4-0-2-3 241400395 0.321096 0.305678 0 0
3-5-0-2-3-5-0-2-3-5-0-0-1 176949807 0.13076 0.116034 0 0
3-5-0-2-3-5-0-2-3-5-0-1-2 19367940 0.07186 0.049687 0 0
3-5-0-2-3-5-0-2-3-5-0-2-3 49276971 0.101556 0.08768 0 0
