0-0-1-3-0-0-1-3-0-0-1-3-0-0-1 1419222105 7.2581 7.10234 0 0
0-0-1-3-0-0-1-3-0-0-1-3-0-1-2 138163365 2.2521 1.87782 0 0
0-0-1-3-0-0-1-3-0-0-1-3-0-2-3 557356291 2.98643 2.82054 0 0
0-0-1-3-0-0-1-3-0-1-2-4-0-0-1 8528240999 13.0605 12.9187 0 0
0-0-1-3-0-0-1-3-0-1-2-4-0-1-2 32064885 4.51598 2.28712 0 0
0-0-1-3-0-0-1-3-0-1-2-4-0-2-3 2046689750 5.98597 5.716 0 0
0-0-1-3-0-0-1-3-0-2-3-5-0-0-1 2936038078 3.47762 3.07598 0 0
0-0-1-3-0-0-1-3-0-2-3-5-0-1-2 223660339 1.27745 1.08933 0 0
0-0-1-3-0-0-1-3-0-2-3-5-0-2-3 775328762 2.12904 1.97841 0 0
0-0-1-3-0-1-2-4-0-0-1-3-0-0-1 7987729204 19.216 19.0361 0 0
0-0-1-3-0-1-2-4-0-0-1-3-0-1-2 318472348 10.2003 8.55384 0 0
0-0-1-3-0-1-2-4-0-0-1-3-0-2-3 2251924502 11.942 11.6051 0 0
0-0-1-3-0-1-2-4-0-1-2-4-0-0-1 2048424087 2.22248 1.86471 0 0
0-0-1-3-0-1-2-4-0-1-2-4-0-1-2 4858893 0.835247 0.620944 0 0
0-0-1-3-0-1-2-4-0-1-2-4-0-2-3 571674484 1.38995 1.25494 0 0
0-0-1-3-0-1-2-4-0-2-3-5-0-0-1 11787767512 16.6324 16.5109 0 0
0-0-1-3-0-1-2-4-0-2-3-5-0-1-2 410442979 7.55306 5.55166 0 0
0-0-1-3-0-1-2-4-0-2-3-5-0-2-3 2711106070 10.3871 9.9768 0 0
0-0-1-3-0-2-3-5-0-0-1-3-0-0-1 3772537047 7.76091 6.99852 0 0
0-0-1-3-0-2-3-5-0-0-1-3-0-1-2 261962127 3.13201 2.73015 0 0
0-0-1-3-0-2-3-5-0-0-1-3-0-2-3 1323919871 4.5253 4.42366 0 0
0-0-1-3-0-2-3-5-0-1-2-4-0-0-1 16986975289 18.1766 17.9519 0 0
0-0-1-3-0-2-3-5-0-1-2-4-0-1-2 61703686 9.26335 4.15736 0 0
0-0-1-3-0-2-3-5-0-1-2-4-0-2-3 3651237370 9.45624 9.21155 0 0
0-0-1-3-0-2-3-5-0-2-3-5-0-0-1 4348753892 5.72957 4.474 0 0
0-0-1-3-0-2-3-5-0-2-3-5-0-1-2 284130311 1.80829 1.55013 0 0
0-0-1-3-0-2-3-5-0-2-3-5-0-2-3 1094724705 2.96249 2.87983 0 0
0-1-2-4-0-0-1-3-0-0-1-3-0-0-1 6981552054 16.9216 16.8015 0 0
0-1-2-4-0-0-1-3-0-0-1-3-0-1-2 340624697 8.11383 7.69323 0 0
0-1-2-4-0-0-1-3-0-0-1-3-0-2-3 2154511237 11.1149 10.8677 0 0
0-1-2-4-0-0-1-3-0-1-2-4-0-0-1 24412339572 29.7294 29.505 0 0
0-1-2-4-0-0-1-3-0-1-2-4-0-1-2 123397885 8.33191 6.02376 0 0
0-1-2-4-0-0-1-3-0-1-2-4-0-2-3 5149393700 15.9079 14.7922 0 0
0-1-2-4-0-0-1-3-0-2-3-5-0-0-1 12404302670 17.6235 16.4678 0 0
0-1-2-4-0-0-1-3-0-2-3-5-0-1-2 437484879 6.44216 5.30523 0 0
0-1-2-4-0-0-1-3-0-2-3-5-0-2-3 2866699894 10.6121 9.85641 0 0
0-1-2-4-0-1-2-4-0-0-1-3-0-0-1 1526994749 2.53106 2.28556 0 0
0-1-2-4-0-1-2-4-0-0-1-3-0-1-2 123397885 0.772114 0.676776 0 0
0-1-2-4-0-1-2-4-0-0-1-3-0-2-3 558683771 1.16687 1.08466 0 0
0-1-2-4-0-1-2-4-0-1-2-4-0-0-1 162901838 0.13768 0.103323 0 0
0-1-2-4-0-1-2-4-0-1-2-4-0-1-2 214540 0.151442 0.084681 0 0
0-1-2-4-0-1-2-4-0-1-2-4-0-2-3 49992362 0.193361 0.095802 0 0
0-1-2-4-0-1-2-4-0-2-3-5-0-0-1 2284018485 1.89307 1.84269 0 0
0-1-2-4-0-1-2-4-0-2-3-5-0-1-2 204481511 0.60951 0.509028 0 0
0-1-2-4-0-1-2-4-0-2-3-5-0-2-3 606916000 1.12602 1.05401 0 0
0-1-2-4-0-2-3-5-0-0-1-3-0-0-1 13132687846 31.671 31.5263 0 0
0-1-2-4-0-2-3-5-0-0-1-3-0-1-2 432860830 14.1317 13.3048 0 0
0-1-2-4-0-2-3-5-0-0-1-3-0-2-3 3706945361 19.5795 18.9396 0 0
0-1-2-4-0-2-3-5-0-1-2-4-0-0-1 35145744956 40.7255 40.0783 0 0
0-1-2-4-0-2-3-5-0-1-2-4-0-1-2 204481511 11.8889 8.93721 0 0
0-1-2-4-0-2-3-5-0-1-2-4-0-2-3 7067847345 21.4734 20.3496 0 0
0-1-2-4-0-2-3-5-0-2-3-5-0-0-1 13712931524 19.685 18.568 0 0
0-1-2-4-0-2-3-5-0-2-3-5-0-1-2 453417926 7.35248 6.35432 0 0
0-1-2-4-0-2-3-5-0-2-3-5-0-2-3 3056988612 12.339 11.2396 0 0
0-2-3-5-0-0-1-3-0-0-1-3-0-0-1 1672292507 4.49644 3.26851 0 0
0-2-3-5-0-0-1-3-0-0-1-3-0-1-2 131792782 1.85126 1.42374 0 0
0-2-3-5-0-0-1-3-0-0-1-3-0-2-3 621471008 2.28541 2.14064 0 0
0-2-3-5-0-0-1-3-0-1-2-4-0-0-1 9235067917 8.98336 8.9205 0 0
0-2-3-5-0-0-1-3-0-1-2-4-0-1-2 37830920 3.11599 1.92213 0 0
0-2-3-5-0-0-1-3-0-1-2-4-0-2-3 2059925133 4.97856 4.79953 0 0
0-2-3-5-0-0-1-3-0-2-3-5-0-0-1 3415726164 4.08871 3.77735 0 0
0-2-3-5-0-0-1-3-0-2-3-5-0-1-2 190198833 1.51035 1.34333 0 0
0-2-3-5-0-0-1-3-0-2-3-5-0-2-3 850019208 2.43528 2.37159 0 0
0-2-3-5-0-1-2-4-0-0-1-3-0-0-1 7395941882 16.457 16.3486 0 0
0-2-3-5-0-1-2-4-0-0-1-3-0-1-2 218358783 8.19681 7.49818 0 0
0-2-3-5-0-1-2-4-0-0-1-3-0-2-3 1943486327 10.8048 10.6799 0 0
0-2-3-5-0-1-2-4-0-1-2-4-0-0-1 1894734503 1.81116 1.53712 0 0
0-2-3-5-0-1-2-4-0-1-2-4-0-1-2 3655061 0.62696 0.524549 0 0
0-2-3-5-0-1-2-4-0-1-2-4-0-2-3 506118651 1.11388 1.05915 0 0
0-2-3-5-0-1-2-4-0-2-3-5-0-0-1 9318882335 13.5237 13.4454 0 0
0-2-3-5-0-1-2-4-0-2-3-5-0-1-2 255197384 5.43387 4.67412 0 0
0-2-3-5-0-1-2-4-0-2-3-5-0-2-3 2055095988 8.10972 7.88966 0 0
0-2-3-5-0-2-3-5-0-0-1-3-0-0-1 2530088289 5.13912 4.77771 0 0
0-2-3-5-0-2-3-5-0-0-1-3-0-1-2 161408745 1.97235 1.86991 0 0
0-2-3-5-0-2-3-5-0-0-1-3-0-2-3 870458224 3.11592 3.02226 0 0
0-2-3-5-0-2-3-5-0-1-2-4-0-0-1 10914351715 10.7332 10.6571 0 0
0-2-3-5-0-2-3-5-0-1-2-4-0-1-2 40945109 3.69442 2.18961 0 0
0-2-3-5-0-2-3-5-0-1-2-4-0-2-3 2309517773 5.7081 5.57256 0 0
0-2-3-5-0-2-3-5-0-2-3-5-0-0-1 2915519858 3.40218 3.1492 0 0
0-2-3-5-0-2-3-5-0-2-3-5-0-1-2 171400878 1.23506 1.09691 0 0
0-2-3-5-0-2-3-5-0-2-3-5-0-2-3 720236673 2.20132 2.07597 0 0
1-3-0-0-1-3-0-0-1-3-0-0-1-3-0 1419222105 1.20859 1.106 0 0
1-3-0-0-1-3-0-0-1-3-0-1-2-4-0 6981552054 1.30822 1.16437 0 0
1-3-0-0-1-3-0-0-1-3-0-2-3-5-0 1672292507 0.931384 0.68673 0 0
1-3-0-0-1-3-0-1-2-4-0-0-1-3-0 7987729204 7.6216 7.46651 0 0
1-3-0-0-1-3-0-1-2-4-0-1-2-4-0 1526994749 1.07908 0.60296 0 0
1-3-0-0-1-3-0-1-2-4-0-2-3-5-0 7395941882 3.81834 3.72305 0 0
1-3-0-0-1-3-0-2-3-5-0-0-1-3-0 3772537047 2.28115 2.07191 0 0
1-3-0-0-1-3-0-2-3-5-0-1-2-4-0 13132687846 2.6483 2.55385 0 0
1-3-0-0-1-3-0-2-3-5-0-2-3-5-0 2530088289 1.94226 1.07918 0 0
1-3-0-1-2-4-0-0-1-3-0-0-1-3-0 8528240999 10.783 10.6153 0 0
1-3-0-1-2-4-0-0-1-3-0-1-2-4-0 24412339572 9.42116 8.79529 0 0
1-3-0-1-2-4-0-0-1-3-0-2-3-5-0 9235067917 7.86964 6.14621 0 0
1-3-0-1-2-4-0-1-2-4-0-0-1-3-0 2048424087 2.47616 1.23682 0 0
1-3-0-1-2-4-0-1-2-4-0-1-2-4-0 162901838 0.318546 0.127615 0 0
1-3-0-1-2-4-0-1-2-4-0-2-3-5-0 1894734503 0.897804 0.662768 0 0
1-3-0-1-2-4-0-2-3-5-0-0-1-3-0 16986975289 16.1287 16.0496 0 0
1-3-0-1-2-4-0-2-3-5-0-1-2-4-0 35145744956 14.3964 12.8622 0 0
1-3-0-1-2-4-0-2-3-5-0-2-3-5-0 10914351715 9.06876 6.8209 0 0
1-3-0-2-3-5-0-0-1-3-0-0-1-3-0 2936038078 4.57484 2.29857 0 0
1-3-0-2-3-5-0-0-1-3-0-1-2-4-0 12404302670 2.70757 2.35838 0 0
1-3-0-2-3-5-0-0-1-3-0-2-3-5-0 3415726164 2.49076 1.73606 0 0
1-3-0-2-3-5-0-1-2-4-0-0-1-3-0 11787767512 11.8877 11.7734 0 0
1-3-0-2-3-5-0-1-2-4-0-1-2-4-0 2284018485 2.25805 0.909273 0 0
1-3-0-2-3-5-0-1-2-4-0-2-3-5-0 9318882335 5.77966 5.57593 0 0
1-3-0-2-3-5-0-2-3-5-0-0-1-3-0 4348753892 3.20994 2.68135 0 0
1-3-0-2-3-5-0-2-3-5-0-1-2-4-0 13712931524 3.08747 2.94875 0 0
1-3-0-2-3-5-0-2-3-5-0-2-3-5-0 2915519858 2.44623 1.23889 0 0
2-4-0-0-1-3-0-0-1-3-0-0-1-3-0 138163365 0.254731 0.225352 0 0
2-4-0-0-1-3-0-0-1-3-0-1-2-4-0 340624697 0.147786 0.10759 0 0
2-4-0-0-1-3-0-0-1-3-0-2-3-5-0 131792782 0.153934 0.13492 0 0
2-4-0-0-1-3-0-1-2-4-0-0-1-3-0 318472348 0.499293 0.478384 0 0
2-4-0-0-1-3-0-1-2-4-0-1-2-4-0 123397885 0.097869 0.06474 0 0
2-4-0-0-1-3-0-1-2-4-0-2-3-5-0 218358783 0.242335 0.225587 0 0
2-4-0-0-1-3-0-2-3-5-0-0-1-3-0 261962127 0.3447 0.318769 0 0
2-4-0-0-1-3-0-2-3-5-0-1-2-4-0 432860830 0.118328 0.10209 0 0
2-4-0-0-1-3-0-2-3-5-0-2-3-5-0 161408745 0.165231 0.149498 0 0
2-4-0-1-2-4-0-0-1-3-0-0-1-3-0 32064885 0.060783 0.040303 0 0
2-4-0-1-2-4-0-0-1-3-0-1-2-4-0 123397885 0.040186 0.025871 0 0
2-4-0-1-2-4-0-0-1-3-0-2-3-5-0 37830920 0.041393 0.027074 0 0
2-4-0-1-2-4-0-1-2-4-0-0-1-3-0 4858893 0.020912 0.007176 0 0
2-4-0-1-2-4-0-1-2-4-0-1-2-4-0 214540 0.013406 0.003493 0 0
2-4-0-1-2-4-0-1-2-4-0-2-3-5-0 3655061 0.015486 0.004976 0 0
2-4-0-1-2-4-0-2-3-5-0-0-1-3-0 61703686 0.068769 0.053521 0 0
2-4-0-1-2-4-0-2-3-5-0-1-2-4-0 204481511 0.044959 0.035026 0 0
2-4-0-1-2-4-0-2-3-5-0-2-3-5-0 40945109 0.039128 0.027641 0 0
2-4-0-2-3-5-0-0-1-3-0-0-1-3-0 223660339 0.38216 0.362531 0 0
2-4-0-2-3-5-0-0-1-3-0-1-2-4-0 437484879 0.150666 0.13522 0 0
2-4-0-2-3-5-0-0-1-3-0-2-3-5-0 190198833 0.230768 0.211004 0 0
2-4-0-2-3-5-0-1-2-4-0-0-1-3-0 410442979 0.677188 0.658591 0 0
2-4-0-2-3-5-0-1-2-4-0-1-2-4-0 204481511 0.101176 0.090682 0 0
2-4-0-2-3-5-0-1-2-4-0-2-3-5-0 255197384 0.303227 0.292507 0 0
2-4-0-2-3-5-0-2-3-5-0-0-1-3-0 284130311 0.344018 0.323508 0 0
2-4-0-2-3-5-0-2-3-5-0-1-2-4-0 453417926 0.114251 0.102831 0 0
2-4-0-2-3-5-0-2-3-5-0-2-3-5-0 171400878 0.164214 0.152218 0 0
3-5-0-0-1-3-0-0-1-3-0-0-1-3-0 557356291 0.539382 0.489057 0 0
3-5-0-0-1-3-0-0-1-3-0-1-2-4-0 2154511237 0.427876 0.361652 0 0
3-5-0-0-1-3-0-0-1-3-0-2-3-5-0 621471008 0.340198 0.288913 0 0
3-5-0-0-1-3-0-1-2-4-0-0-1-3-0 2251924502 2.39368 2.35771 0 0
3-5-0-0-1-3-0-1-2-4-0-1-2-4-0 558683771 0.249458 0.219422 0 0
3-5-0-0-1-3-0-1-2-4-0-2-3-5-0 1943486327 1.20579 1.17401 0 0
3-5-0-0-1-3-0-2-3-5-0-0-1-3-0 1323919871 0.897355 0.863563 0 0
3-5-0-0-1-3-0-2-3-5-0-1-2-4-0 3706945361 0.606692 0.578451 0 0
3-5-0-0-1-3-0-2-3-5-0-2-3-5-0 870458224 0.473002 0.429465 0 0
3-5-0-1-2-4-0-0-1-3-0-0-1-3-0 2046689750 2.82115 2.72691 0 0
3-5-0-1-2-4-0-0-1-3-0-1-2-4-0 5149393700 1.31665 1.28075 0 0
3-5-0-1-2-4-0-0-1-3-0-2-3-5-0 2059925133 1.69819 1.64112 0 0
3-5-0-1-2-4-0-1-2-4-0-0-1-3-0 571674484 0.404741 0.370884 0 0
3-5-0-1-2-4-0-1-2-4-0-1-2-4-0 49992362 0.098945 0.047186 0 0
3-5-0-1-2-4-0-1-2-4-0-2-3-5-0 506118651 0.233109 0.212831 0 0
3-5-0-1-2-4-0-2-3-5-0-0-1-3-0 3651237370 3.64172 3.60996 0 0
3-5-0-1-2-4-0-2-3-5-0-1-2-4-0 7067847345 1.6025 1.53003 0 0
3-5-0-1-2-4-0-2-3-5-0-2-3-5-0 2309517773 1.72091 1.66817 0 0
3-5-0-2-3-5-0-0-1-3-0-0-1-3-0 775328762 0.716683 0.665069 0 0
3-5-0-2-3-5-0-0-1-3-0-1-2-4-0 2866699894 0.511822 0.468431 0 0
3-5-0-2-3-5-0-0-1-3-0-2-3-5-0 850019208 0.468325 0.418559 0 0
3-5-0-2-3-5-0-1-2-4-0-0-1-3-0 2711106070 2.69297 2.65754 0 0
3-5-0-2-3-5-0-1-2-4-0-1-2-4-0 606916000 0.267108 0.226258 0 0
3-5-0-2-3-5-0-1-2-4-0-2-3-5-0 2055095988 1.36298 1.32464 0 0
3-5-0-2-3-5-0-2-3-5-0-0-1-3-0 1094724705 0.742682 0.715342 0 0
3-5-0-2-3-5-0-2-3-5-0-1-2-4-0 3056988612 0.4879 0.462019 0 0
3-5-0-2-3-5-0-2-3-5-0-2-3-5-0 720236673 0.374085 0.345388 0 0
