0-0-1-3-0-0-1-3-0-0-1-3-0-0-1 1419222105 7.3152 7.15729 0 0
0-0-1-3-0-0-1-3-0-0-1-3-0-1-2 138163365 2.54876 2.29549 0 0
0-0-1-3-0-0-1-3-0-0-1-3-0-2-3 557356291 3.70142 3.49624 0 0
0-0-1-3-0-0-1-3-0-1-2-4-0-0-1 8528240999 17.7326 17.579 0 0
0-0-1-3-0-0-1-3-0-1-2-4-0-1-2 32064885 4.57358 3.42475 0 0
0-0-1-3-0-0-1-3-0-1-2-4-0-2-3 2046689750 9.24942 8.68579 0 0
0-0-1-3-0-0-1-3-0-2-3-5-0-0-1 2936038078 5.81386 5.45313 0 0
0-0-1-3-0-0-1-3-0-2-3-5-0-1-2 223660339 2.27863 2.01451 0 0
0-0-1-3-0-0-1-3-0-2-3-5-0-2-3 775328762 3.76106 3.52349 0 0
0-0-1-3-0-1-2-4-0-0-1-3-0-0-1 7987729204 35.9376 35.6253 0 0
0-0-1-3-0-1-2-4-0-0-1-3-0-1-2 318472348 17.2126 16.1508 0 0
0-0-1-3-0-1-2-4-0-0-1-3-0-2-3 2251924502 22.6213 22.3801 0 0
0-0-1-3-0-1-2-4-0-1-2-4-0-0-1 2048424087 3.89212 3.52987 0 0
0-0-1-3-0-1-2-4-0-1-2-4-0-1-2 4858893 1.47532 1.22002 0 0
0-0-1-3-0-1-2-4-0-1-2-4-0-2-3 571674484 2.61872 2.43686 0 0
0-0-1-3-0-1-2-4-0-2-3-5-0-0-1 11787767512 31.1699 30.9858 0 0
0-0-1-3-0-1-2-4-0-2-3-5-0-1-2 410442979 12.2698 10.4517 0 0
0-0-1-3-0-1-2-4-0-2-3-5-0-2-3 2711106070 18.5751 18.3626 0 0
0-0-1-3-0-2-3-5-0-0-1-3-0-0-1 3772537047 13.8082 13.2958 0 0
0-0-1-3-0-2-3-5-0-0-1-3-0-1-2 261962127 5.21403 5.00807 0 0
0-0-1-3-0-2-3-5-0-0-1-3-0-2-3 1323919871 8.37118 8.17944 0 0
0-0-1-3-0-2-3-5-0-1-2-4-0-0-1 16986975289 31.3062 31.0888 0 0
0-0-1-3-0-2-3-5-0-1-2-4-0-1-2 61703686 8.06743 6.14743 0 0
0-0-1-3-0-2-3-5-0-1-2-4-0-2-3 3651237370 16.8851 16.459 0 0
0-0-1-3-0-2-3-5-0-2-3-5-0-0-1 4348753892 9.2552 8.40497 0 0
0-0-1-3-0-2-3-5-0-2-3-5-0-1-2 284130311 3.15059 2.81661 0 0
0-0-1-3-0-2-3-5-0-2-3-5-0-2-3 1094724705 5.66642 5.49787 0 0
0-1-2-4-0-0-1-3-0-0-1-3-0-0-1 6981552054 30.1151 29.8072 0 0
0-1-2-4-0-0-1-3-0-0-1-3-0-1-2 340624697 14.3177 13.8211 0 0
0-1-2-4-0-0-1-3-0-0-1-3-0-2-3 2154511237 19.8681 19.5525 0 0
0-1-2-4-0-0-1-3-0-1-2-4-0-0-1 24412339572 49.8147 49.5872 0 0
0-1-2-4-0-0-1-3-0-1-2-4-0-1-2 123397885 14.0506 11.1837 0 0
0-1-2-4-0-0-1-3-0-1-2-4-0-2-3 5149393700 27.3267 26.048 0 0
0-1-2-4-0-0-1-3-0-2-3-5-0-0-1 12404302670 31.1868 30.3044 0 0
0-1-2-4-0-0-1-3-0-2-3-5-0-1-2 437484879 10.6675 9.8866 0 0
0-1-2-4-0-0-1-3-0-2-3-5-0-2-3 2866699894 18.5953 18.3223 0 0
0-1-2-4-0-1-2-4-0-0-1-3-0-0-1 1526994749 4.24552 4.01248 0 0
0-1-2-4-0-1-2-4-0-0-1-3-0-1-2 123397885 1.68738 1.24324 0 0
0-1-2-4-0-1-2-4-0-0-1-3-0-2-3 558683771 2.18839 2.06116 0 0
0-1-2-4-0-1-2-4-0-1-2-4-0-0-1 162901838 0.397792 0.227123 0 0
0-1-2-4-0-1-2-4-0-1-2-4-0-1-2 214540 0.307135 0.140581 0 0
0-1-2-4-0-1-2-4-0-1-2-4-0-2-3 49992362 0.221868 0.154341 0 0
0-1-2-4-0-1-2-4-0-2-3-5-0-0-1 2284018485 3.43694 3.31587 0 0
0-1-2-4-0-1-2-4-0-2-3-5-0-1-2 204481511 0.963562 0.88494 0 0
0-1-2-4-0-1-2-4-0-2-3-5-0-2-3 606916000 1.91162 1.82111 0 0
0-1-2-4-0-2-3-5-0-0-1-3-0-0-1 13132687846 55.9756 55.8142 0 0
0-1-2-4-0-2-3-5-0-0-1-3-0-1-2 432860830 24.2149 23.1301 0 0
0-1-2-4-0-2-3-5-0-0-1-3-0-2-3 3706945361 35.375 35.0135 0 0
0-1-2-4-0-2-3-5-0-1-2-4-0-0-1 35145744956 71.3537 70.8019 0 0
0-1-2-4-0-2-3-5-0-1-2-4-0-1-2 204481511 19.2496 16.3677 0 0
0-1-2-4-0-2-3-5-0-1-2-4-0-2-3 7067847345 38.5638 37.9498 0 0
0-1-2-4-0-2-3-5-0-2-3-5-0-0-1 13712931524 34.244 33.4855 0 0
0-1-2-4-0-2-3-5-0-2-3-5-0-1-2 453417926 13.2437 11.8149 0 0
0-1-2-4-0-2-3-5-0-2-3-5-0-2-3 3056988612 21.5465 20.4604 0 0
0-2-3-5-0-0-1-3-0-0-1-3-0-0-1 1672292507 6.89022 6.24334 0 0
0-2-3-5-0-0-1-3-0-0-1-3-0-1-2 131792782 3.08839 2.7784 0 0
0-2-3-5-0-0-1-3-0-0-1-3-0-2-3 621471008 4.27296 4.14291 0 0
0-2-3-5-0-0-1-3-0-1-2-4-0-0-1 9235067917 16.6073 16.4548 0 0
0-2-3-5-0-0-1-3-0-1-2-4-0-1-2 37830920 4.05046 3.49913 0 0
0-2-3-5-0-0-1-3-0-1-2-4-0-2-3 2059925133 9.52936 9.34207 0 0
0-2-3-5-0-0-1-3-0-2-3-5-0-0-1 3415726164 7.35047 7.02831 0 0
0-2-3-5-0-0-1-3-0-2-3-5-0-1-2 190198833 2.53438 2.41033 0 0
0-2-3-5-0-0-1-3-0-2-3-5-0-2-3 850019208 4.63794 4.52436 0 0
0-2-3-5-0-1-2-4-0-0-1-3-0-0-1 7395941882 32.1289 31.9855 0 0
0-2-3-5-0-1-2-4-0-0-1-3-0-1-2 218358783 14.841 14.3731 0 0
0-2-3-5-0-1-2-4-0-0-1-3-0-2-3 1943486327 20.6246 20.4456 0 0
0-2-3-5-0-1-2-4-0-1-2-4-0-0-1 1894734503 3.12292 2.86961 0 0
0-2-3-5-0-1-2-4-0-1-2-4-0-1-2 3655061 1.1048 0.992945 0 0
0-2-3-5-0-1-2-4-0-1-2-4-0-2-3 506118651 2.07987 1.98858 0 0
0-2-3-5-0-1-2-4-0-2-3-5-0-0-1 9318882335 25.9029 25.7838 0 0
0-2-3-5-0-1-2-4-0-2-3-5-0-1-2 255197384 9.51802 8.86302 0 0
0-2-3-5-0-1-2-4-0-2-3-5-0-2-3 2055095988 15.4853 15.379 0 0
0-2-3-5-0-2-3-5-0-0-1-3-0-0-1 2530088289 9.3848 9.17172 0 0
0-2-3-5-0-2-3-5-0-0-1-3-0-1-2 161408745 3.58133 3.45934 0 0
0-2-3-5-0-2-3-5-0-0-1-3-0-2-3 870458224 5.72305 5.62015 0 0
0-2-3-5-0-2-3-5-0-1-2-4-0-0-1 10914351715 19.0042 18.9038 0 0
0-2-3-5-0-2-3-5-0-1-2-4-0-1-2 40945109 4.58469 3.92731 0 0
0-2-3-5-0-2-3-5-0-1-2-4-0-2-3 2309517773 10.5758 10.4169 0 0
0-2-3-5-0-2-3-5-0-2-3-5-0-0-1 2915519858 6.27259 5.9966 0 0
0-2-3-5-0-2-3-5-0-2-3-5-0-1-2 171400878 2.18773 2.07003 0 0
0-2-3-5-0-2-3-5-0-2-3-5-0-2-3 720236673 4.05256 3.89394 0 0
1-3-0-0-1-3-0-0-1-3-0-0-1-3-0 1419222105 2.24161 2.12583 0 0
1-3-0-0-1-3-0-0-1-3-0-1-2-4-0 6981552054 2.42483 2.2529 0 0
1-3-0-0-1-3-0-0-1-3-0-2-3-5-0 1672292507 1.44961 1.28859 0 0
1-3-0-0-1-3-0-1-2-4-0-0-1-3-0 7987729204 13.7879 13.6129 0 0
1-3-0-0-1-3-0-1-2-4-0-1-2-4-0 1526994749 1.32568 1.02784 0 0
1-3-0-0-1-3-0-1-2-4-0-2-3-5-0 7395941882 7.14478 6.94635 0 0
1-3-0-0-1-3-0-2-3-5-0-0-1-3-0 3772537047 4.15867 3.96115 0 0
1-3-0-0-1-3-0-2-3-5-0-1-2-4-0 13132687846 4.2804 4.13455 0 0
1-3-0-0-1-3-0-2-3-5-0-2-3-5-0 2530088289 2.64611 2.10373 0 0
1-3-0-1-2-4-0-0-1-3-0-0-1-3-0 8528240999 19.2068 19.0051 0 0
1-3-0-1-2-4-0-0-1-3-0-1-2-4-0 24412339572 12.1828 11.9904 0 0
1-3-0-1-2-4-0-0-1-3-0-2-3-5-0 9235067917 12.7871 11.6672 0 0
1-3-0-1-2-4-0-1-2-4-0-0-1-3-0 2048424087 2.5005 2.30416 0 0
1-3-0-1-2-4-0-1-2-4-0-1-2-4-0 162901838 0.376168 0.229937 0 0
1-3-0-1-2-4-0-1-2-4-0-2-3-5-0 1894734503 1.32896 1.24946 0 0
1-3-0-1-2-4-0-2-3-5-0-0-1-3-0 16986975289 28.6425 28.4765 0 0
1-3-0-1-2-4-0-2-3-5-0-1-2-4-0 35145744956 16.7261 15.8383 0 0
1-3-0-1-2-4-0-2-3-5-0-2-3-5-0 10914351715 15.6238 13.2015 0 0
1-3-0-2-3-5-0-0-1-3-0-0-1-3-0 2936038078 5.22737 4.27494 0 0
1-3-0-2-3-5-0-0-1-3-0-1-2-4-0 12404302670 4.15441 3.95776 0 0
1-3-0-2-3-5-0-0-1-3-0-2-3-5-0 3415726164 3.26063 2.96536 0 0
1-3-0-2-3-5-0-1-2-4-0-0-1-3-0 11787767512 21.367 21.2016 0 0
1-3-0-2-3-5-0-1-2-4-0-1-2-4-0 2284018485 2.06233 1.62733 0 0
1-3-0-2-3-5-0-1-2-4-0-2-3-5-0 9318882335 10.7037 10.3944 0 0
1-3-0-2-3-5-0-2-3-5-0-0-1-3-0 4348753892 5.05967 4.85212 0 0
1-3-0-2-3-5-0-2-3-5-0-1-2-4-0 13712931524 4.48261 4.33108 0 0
1-3-0-2-3-5-0-2-3-5-0-2-3-5-0 2915519858 2.89732 2.45348 0 0
2-4-0-0-1-3-0-0-1-3-0-0-1-3-0 138163365 0.481372 0.369702 0 0
2-4-0-0-1-3-0-0-1-3-0-1-2-4-0 340624697 0.201158 0.170501 0 0
2-4-0-0-1-3-0-0-1-3-0-2-3-5-0 131792782 0.249591 0.221255 0 0
2-4-0-0-1-3-0-1-2-4-0-0-1-3-0 318472348 0.900839 0.86958 0 0
2-4-0-0-1-3-0-1-2-4-0-1-2-4-0 123397885 0.129045 0.105909 0 0
2-4-0-0-1-3-0-1-2-4-0-2-3-5-0 218358783 0.444683 0.413883 0 0
2-4-0-0-1-3-0-2-3-5-0-0-1-3-0 261962127 0.61272 0.57846 0 0
2-4-0-0-1-3-0-2-3-5-0-1-2-4-0 432860830 0.196387 0.17373 0 0
2-4-0-0-1-3-0-2-3-5-0-2-3-5-0 161408745 0.290372 0.264803 0 0
2-4-0-1-2-4-0-0-1-3-0-0-1-3-0 32064885 0.107883 0.074485 0 0
2-4-0-1-2-4-0-0-1-3-0-1-2-4-0 123397885 0.067584 0.043497 0 0
2-4-0-1-2-4-0-0-1-3-0-2-3-5-0 37830920 0.067905 0.042676 0 0
2-4-0-1-2-4-0-1-2-4-0-0-1-3-0 4858893 0.032991 0.009743 0 0
2-4-0-1-2-4-0-1-2-4-0-1-2-4-0 214540 0.020475 0.004814 0 0
2-4-0-1-2-4-0-1-2-4-0-2-3-5-0 3655061 0.023973 0.006756 0 0
2-4-0-1-2-4-0-2-3-5-0-0-1-3-0 61703686 0.122845 0.094188 0 0
2-4-0-1-2-4-0-2-3-5-0-1-2-4-0 204481511 0.081347 0.063495 0 0
2-4-0-1-2-4-0-2-3-5-0-2-3-5-0 40945109 0.065014 0.045778 0 0
2-4-0-2-3-5-0-0-1-3-0-0-1-3-0 223660339 0.702042 0.666298 0 0
2-4-0-2-3-5-0-0-1-3-0-1-2-4-0 437484879 0.25298 0.228301 0 0
2-4-0-2-3-5-0-0-1-3-0-2-3-5-0 190198833 0.407584 0.373043 0 0
2-4-0-2-3-5-0-1-2-4-0-0-1-3-0 410442979 1.28619 1.25766 0 0
2-4-0-2-3-5-0-1-2-4-0-1-2-4-0 204481511 0.17734 0.159889 0 0
2-4-0-2-3-5-0-1-2-4-0-2-3-5-0 255197384 0.585126 0.563644 0 0
2-4-0-2-3-5-0-2-3-5-0-0-1-3-0 284130311 0.62953 0.597329 0 0
2-4-0-2-3-5-0-2-3-5-0-1-2-4-0 453417926 0.210509 0.190455 0 0
2-4-0-2-3-5-0-2-3-5-0-2-3-5-0 171400878 0.301282 0.278614 0 0
3-5-0-0-1-3-0-0-1-3-0-0-1-3-0 557356291 0.960517 0.899216 0 0
3-5-0-0-1-3-0-0-1-3-0-1-2-4-0 2154511237 0.720235 0.651881 0 0
3-5-0-0-1-3-0-0-1-3-0-2-3-5-0 621471008 0.591283 0.539224 0 0
3-5-0-0-1-3-0-1-2-4-0-0-1-3-0 2251924502 4.40133 4.33654 0 0
3-5-0-0-1-3-0-1-2-4-0-1-2-4-0 558683771 0.422263 0.376646 0 0
3-5-0-0-1-3-0-1-2-4-0-2-3-5-0 1943486327 2.25535 2.20721 0 0
3-5-0-0-1-3-0-2-3-5-0-0-1-3-0 1323919871 1.7187 1.6637 0 0
3-5-0-0-1-3-0-2-3-5-0-1-2-4-0 3706945361 1.17002 1.12632 0 0
3-5-0-0-1-3-0-2-3-5-0-2-3-5-0 870458224 0.844113 0.798266 0 0
3-5-0-1-2-4-0-0-1-3-0-0-1-3-0 2046689750 5.13983 5.07776 0 0
3-5-0-1-2-4-0-0-1-3-0-1-2-4-0 5149393700 2.32971 2.27485 0 0
3-5-0-1-2-4-0-0-1-3-0-2-3-5-0 2059925133 3.10078 3.0199 0 0
3-5-0-1-2-4-0-1-2-4-0-0-1-3-0 571674484 0.739728 0.698616 0 0
3-5-0-1-2-4-0-1-2-4-0-1-2-4-0 49992362 0.098733 0.068146 0 0
3-5-0-1-2-4-0-1-2-4-0-2-3-5-0 506118651 0.400111 0.366012 0 0
3-5-0-1-2-4-0-2-3-5-0-0-1-3-0 3651237370 6.74796 6.6932 0 0
3-5-0-1-2-4-0-2-3-5-0-1-2-4-0 7067847345 2.61831 2.57892 0 0
3-5-0-1-2-4-0-2-3-5-0-2-3-5-0 2309517773 3.32842 3.23172 0 0
3-5-0-2-3-5-0-0-1-3-0-0-1-3-0 775328762 1.31818 1.26017 0 0
3-5-0-2-3-5-0-0-1-3-0-1-2-4-0 2866699894 0.904265 0.858067 0 0
3-5-0-2-3-5-0-0-1-3-0-2-3-5-0 850019208 0.831017 0.784179 0 0
3-5-0-2-3-5-0-1-2-4-0-0-1-3-0 2711106070 5.01349 4.9653 0 0
3-5-0-2-3-5-0-1-2-4-0-1-2-4-0 606916000 0.437373 0.402843 0 0
3-5-0-2-3-5-0-1-2-4-0-2-3-5-0 2055095988 2.54112 2.43171 0 0
3-5-0-2-3-5-0-2-3-5-0-0-1-3-0 1094724705 1.39954 1.35206 0 0
3-5-0-2-3-5-0-2-3-5-0-1-2-4-0 3056988612 0.887436 0.846972 0 0
3-5-0-2-3-5-0-2-3-5-0-2-3-5-0 720236673 0.6904 0.646769 0 0
