0-0-1-3-0-0-1-3-0-0-1-3-0-0-1 1419222105 11.3073 11.0709 0 0
0-0-1-3-0-0-1-3-0-0-1-3-0-1-2 138163365 4.43679 4.24617 0 0
0-0-1-3-0-0-1-3-0-0-1-3-0-2-3 557356291 6.4881 6.28991 0 0
0-0-1-3-0-0-1-3-0-1-2-4-0-0-1 8528240999 30.7657 30.4897 0 0
0-0-1-3-0-0-1-3-0-1-2-4-0-1-2 32064885 6.93632 5.97199 0 0
0-0-1-3-0-0-1-3-0-1-2-4-0-2-3 2046689750 16.5993 16.3462 0 0
0-0-1-3-0-0-1-3-0-2-3-5-0-0-1 2936038078 10.6346 10.4005 0 0
0-0-1-3-0-0-1-3-0-2-3-5-0-1-2 223660339 4.13802 3.70268 0 0
0-0-1-3-0-0-1-3-0-2-3-5-0-2-3 775328762 7.79021 7.51115 0 0
0-0-1-3-0-1-2-4-0-0-1-3-0-0-1 7987729204 69.426 68.8602 0 0
0-0-1-3-0-1-2-4-0-0-1-3-0-1-2 318472348 32.0946 31.2649 0 0
0-0-1-3-0-1-2-4-0-0-1-3-0-2-3 2251924502 44.4074 43.9121 0 0
0-0-1-3-0-1-2-4-0-1-2-4-0-0-1 2048424087 7.59223 7.16512 0 0
0-0-1-3-0-1-2-4-0-1-2-4-0-1-2 4858893 2.34385 2.1824 0 0
0-0-1-3-0-1-2-4-0-1-2-4-0-2-3 571674484 4.86423 4.67209 0 0
0-0-1-3-0-1-2-4-0-2-3-5-0-0-1 11787767512 60.7465 60.3915 0 0
0-0-1-3-0-1-2-4-0-2-3-5-0-1-2 410442979 22.0077 20.7169 0 0
0-0-1-3-0-1-2-4-0-2-3-5-0-2-3 2711106070 35.9031 35.6347 0 0
0-0-1-3-0-2-3-5-0-0-1-3-0-0-1 3772537047 27.1399 26.4572 0 0
0-0-1-3-0-2-3-5-0-0-1-3-0-1-2 261962127 10.2429 9.84488 0 0
0-0-1-3-0-2-3-5-0-0-1-3-0-2-3 1323919871 16.6757 16.3718 0 0
0-0-1-3-0-2-3-5-0-1-2-4-0-0-1 16986975289 60.2035 59.8379 0 0
0-0-1-3-0-2-3-5-0-1-2-4-0-1-2 61703686 13.9631 11.9876 0 0
0-0-1-3-0-2-3-5-0-1-2-4-0-2-3 3651237370 33.278 32.8962 0 0
0-0-1-3-0-2-3-5-0-2-3-5-0-0-1 4348753892 17.0388 16.5996 0 0
0-0-1-3-0-2-3-5-0-2-3-5-0-1-2 284130311 6.4576 5.98251 0 0
0-0-1-3-0-2-3-5-0-2-3-5-0-2-3 1094724705 11.2364 10.947 0 0
0-1-2-4-0-0-1-3-0-0-1-3-0-0-1 6981552054 60.8694 60.5004 0 0
0-1-2-4-0-0-1-3-0-0-1-3-0-1-2 340624697 28.676 28.3043 0 0
0-1-2-4-0-0-1-3-0-0-1-3-0-2-3 2154511237 38.8695 38.5719 0 0
0-1-2-4-0-0-1-3-0-1-2-4-0-0-1 24412339572 95.8679 95.5882 0 0
0-1-2-4-0-0-1-3-0-1-2-4-0-1-2 123397885 26.0185 22.9275 0 0
0-1-2-4-0-0-1-3-0-1-2-4-0-2-3 5149393700 53.7535 53.0334 0 0
0-1-2-4-0-0-1-3-0-2-3-5-0-0-1 12404302670 60.5827 59.9112 0 0
0-1-2-4-0-0-1-3-0-2-3-5-0-1-2 437484879 20.7584 19.8075 0 0
0-1-2-4-0-0-1-3-0-2-3-5-0-2-3 2866699894 35.8579 35.6004 0 0
0-1-2-4-0-1-2-4-0-0-1-3-0-0-1 1526994749 8.57823 8.06647 0 0
0-1-2-4-0-1-2-4-0-0-1-3-0-1-2 123397885 2.72921 2.56084 0 0
0-1-2-4-0-1-2-4-0-0-1-3-0-2-3 558683771 4.16447 4.02026 0 0
0-1-2-4-0-1-2-4-0-1-2-4-0-0-1 162901838 0.375607 0.282398 0 0
0-1-2-4-0-1-2-4-0-1-2-4-0-1-2 214540 0.489826 0.218032 0 0
0-1-2-4-0-1-2-4-0-1-2-4-0-2-3 49992362 0.325975 0.241645 0 0
0-1-2-4-0-1-2-4-0-2-3-5-0-0-1 2284018485 6.70067 6.28043 0 0
0-1-2-4-0-1-2-4-0-2-3-5-0-1-2 204481511 1.95734 1.78364 0 0
0-1-2-4-0-1-2-4-0-2-3-5-0-2-3 606916000 3.49114 3.36188 0 0
0-1-2-4-0-2-3-5-0-0-1-3-0-0-1 13132687846 111.238 110.861 0 0
0-1-2-4-0-2-3-5-0-0-1-3-0-1-2 432860830 46.1573 45.4281 0 0
0-1-2-4-0-2-3-5-0-0-1-3-0-2-3 3706945361 68.361 67.8536 0 0
0-1-2-4-0-2-3-5-0-1-2-4-0-0-1 35145744956 138.627 137.568 0 0
0-1-2-4-0-2-3-5-0-1-2-4-0-1-2 204481511 34.9088 32.288 0 0
0-1-2-4-0-2-3-5-0-1-2-4-0-2-3 7067847345 78.048 76.3207 0 0
0-1-2-4-0-2-3-5-0-2-3-5-0-0-1 13712931524 67.8166 66.9395 0 0
0-1-2-4-0-2-3-5-0-2-3-5-0-1-2 453417926 23.0902 22.0249 0 0
0-1-2-4-0-2-3-5-0-2-3-5-0-2-3 3056988612 40.4131 40.0308 0 0
0-2-3-5-0-0-1-3-0-0-1-3-0-0-1 1672292507 12.5115 12.286 0 0
0-2-3-5-0-0-1-3-0-0-1-3-0-1-2 131792782 5.79331 5.31107 0 0
0-2-3-5-0-0-1-3-0-0-1-3-0-2-3 621471008 8.08825 7.76737 0 0
0-2-3-5-0-0-1-3-0-1-2-4-0-0-1 9235067917 32.4487 32.2751 0 0
0-2-3-5-0-0-1-3-0-1-2-4-0-1-2 37830920 7.07408 6.79995 0 0
0-2-3-5-0-0-1-3-0-1-2-4-0-2-3 2059925133 18.2903 18.0629 0 0
0-2-3-5-0-0-1-3-0-2-3-5-0-0-1 3415726164 13.7719 13.6069 0 0
0-2-3-5-0-0-1-3-0-2-3-5-0-1-2 190198833 5.08317 4.5846 0 0
0-2-3-5-0-0-1-3-0-2-3-5-0-2-3 850019208 8.94793 8.70818 0 0
0-2-3-5-0-1-2-4-0-0-1-3-0-0-1 7395941882 61.0442 60.8083 0 0
0-2-3-5-0-1-2-4-0-0-1-3-0-1-2 218358783 28.4843 28.1763 0 0
0-2-3-5-0-1-2-4-0-0-1-3-0-2-3 1943486327 40.3672 40.1684 0 0
0-2-3-5-0-1-2-4-0-1-2-4-0-0-1 1894734503 5.72506 5.53986 0 0
0-2-3-5-0-1-2-4-0-1-2-4-0-1-2 3655061 1.98401 1.81086 0 0
0-2-3-5-0-1-2-4-0-1-2-4-0-2-3 506118651 3.86013 3.73083 0 0
0-2-3-5-0-1-2-4-0-2-3-5-0-0-1 9318882335 49.5357 49.36 0 0
0-2-3-5-0-1-2-4-0-2-3-5-0-1-2 255197384 17.6787 17.4836 0 0
0-2-3-5-0-1-2-4-0-2-3-5-0-2-3 2055095988 29.6417 29.4431 0 0
0-2-3-5-0-2-3-5-0-0-1-3-0-0-1 2530088289 18.0851 17.7871 0 0
0-2-3-5-0-2-3-5-0-0-1-3-0-1-2 161408745 7.0024 6.83932 0 0
0-2-3-5-0-2-3-5-0-0-1-3-0-2-3 870458224 11.0452 10.8983 0 0
0-2-3-5-0-2-3-5-0-1-2-4-0-0-1 10914351715 37.7873 37.637 0 0
0-2-3-5-0-2-3-5-0-1-2-4-0-1-2 40945109 8.35242 7.63035 0 0
0-2-3-5-0-2-3-5-0-1-2-4-0-2-3 2309517773 21.0671 20.8909 0 0
0-2-3-5-0-2-3-5-0-2-3-5-0-0-1 2915519858 11.7798 11.5454 0 0
0-2-3-5-0-2-3-5-0-2-3-5-0-1-2 171400878 4.20467 4.03648 0 0
0-2-3-5-0-2-3-5-0-2-3-5-0-2-3 720236673 7.75138 7.56571 0 0
1-3-0-0-1-3-0-0-1-3-0-0-1-3-0 1419222105 4.07476 3.85688 0 0
1-3-0-0-1-3-0-0-1-3-0-1-2-4-0 6981552054 4.07893 3.95195 0 0
1-3-0-0-1-3-0-0-1-3-0-2-3-5-0 1672292507 2.3728 2.23869 0 0
1-3-0-0-1-3-0-1-2-4-0-0-1-3-0 7987729204 26.9211 26.732 0 0
1-3-0-0-1-3-0-1-2-4-0-1-2-4-0 1526994749 2.34679 2.14409 0 0
1-3-0-0-1-3-0-1-2-4-0-2-3-5-0 7395941882 13.9622 13.8067 0 0
1-3-0-0-1-3-0-2-3-5-0-0-1-3-0 3772537047 7.69714 7.55804 0 0
1-3-0-0-1-3-0-2-3-5-0-1-2-4-0 13132687846 7.93703 7.81186 0 0
1-3-0-0-1-3-0-2-3-5-0-2-3-5-0 2530088289 3.96171 3.68552 0 0
1-3-0-1-2-4-0-0-1-3-0-0-1-3-0 8528240999 37.105 36.8896 0 0
1-3-0-1-2-4-0-0-1-3-0-1-2-4-0 24412339572 21.7395 21.5235 0 0
1-3-0-1-2-4-0-0-1-3-0-2-3-5-0 9235067917 23.2869 22.1514 0 0
1-3-0-1-2-4-0-1-2-4-0-0-1-3-0 2048424087 4.95952 4.22447 0 0
1-3-0-1-2-4-0-1-2-4-0-1-2-4-0 162901838 0.611995 0.422456 0 0
1-3-0-1-2-4-0-1-2-4-0-2-3-5-0 1894734503 2.57304 2.41761 0 0
1-3-0-1-2-4-0-2-3-5-0-0-1-3-0 16986975289 56.0729 55.8688 0 0
1-3-0-1-2-4-0-2-3-5-0-1-2-4-0 35145744956 28.5404 27.826 0 0
1-3-0-1-2-4-0-2-3-5-0-2-3-5-0 10914351715 27.4073 25.7169 0 0
1-3-0-2-3-5-0-0-1-3-0-0-1-3-0 2936038078 9.65998 8.42553 0 0
1-3-0-2-3-5-0-0-1-3-0-1-2-4-0 12404302670 7.78993 7.27209 0 0
1-3-0-2-3-5-0-0-1-3-0-2-3-5-0 3415726164 5.63515 5.28183 0 0
1-3-0-2-3-5-0-1-2-4-0-0-1-3-0 11787767512 41.0633 40.9185 0 0
1-3-0-2-3-5-0-1-2-4-0-1-2-4-0 2284018485 3.12487 2.96798 0 0
1-3-0-2-3-5-0-1-2-4-0-2-3-5-0 9318882335 20.9116 20.5435 0 0
1-3-0-2-3-5-0-2-3-5-0-0-1-3-0 4348753892 9.58435 9.44772 0 0
1-3-0-2-3-5-0-2-3-5-0-1-2-4-0 13712931524 7.91288 7.75968 0 0
1-3-0-2-3-5-0-2-3-5-0-2-3-5-0 2915519858 4.78929 4.45216 0 0
2-4-0-0-1-3-0-0-1-3-0-0-1-3-0 138163365 0.785336 0.719924 0 0
2-4-0-0-1-3-0-0-1-3-0-1-2-4-0 340624697 0.370689 0.324819 0 0
2-4-0-0-1-3-0-0-1-3-0-2-3-5-0 131792782 0.485648 0.422492 0 0
2-4-0-0-1-3-0-1-2-4-0-0-1-3-0 318472348 1.66891 1.62154 0 0
2-4-0-0-1-3-0-1-2-4-0-1-2-4-0 123397885 0.229285 0.195901 0 0
2-4-0-0-1-3-0-1-2-4-0-2-3-5-0 218358783 0.807283 0.766048 0 0
2-4-0-0-1-3-0-2-3-5-0-0-1-3-0 261962127 1.11334 1.06453 0 0
2-4-0-0-1-3-0-2-3-5-0-1-2-4-0 432860830 0.371159 0.336766 0 0
2-4-0-0-1-3-0-2-3-5-0-2-3-5-0 161408745 0.52938 0.489216 0 0
2-4-0-1-2-4-0-0-1-3-0-0-1-3-0 32064885 0.159665 0.11607 0 0
2-4-0-1-2-4-0-0-1-3-0-1-2-4-0 123397885 0.110333 0.078956 0 0
2-4-0-1-2-4-0-0-1-3-0-2-3-5-0 37830920 0.102277 0.070163 0 0
2-4-0-1-2-4-0-1-2-4-0-0-1-3-0 4858893 0.047912 0.014193 0 0
2-4-0-1-2-4-0-1-2-4-0-1-2-4-0 214540 0.025856 0.004825 0 0
2-4-0-1-2-4-0-1-2-4-0-2-3-5-0 3655061 0.032689 0.009525 0 0
2-4-0-1-2-4-0-2-3-5-0-0-1-3-0 61703686 0.182196 0.146185 0 0
2-4-0-1-2-4-0-2-3-5-0-1-2-4-0 204481511 0.140043 0.114383 0 0
2-4-0-1-2-4-0-2-3-5-0-2-3-5-0 40945109 0.099337 0.072274 0 0
2-4-0-2-3-5-0-0-1-3-0-0-1-3-0 223660339 1.23886 1.18595 0 0
2-4-0-2-3-5-0-0-1-3-0-1-2-4-0 437484879 0.498242 0.459372 0 0
2-4-0-2-3-5-0-0-1-3-0-2-3-5-0 190198833 0.76492 0.723939 0 0
2-4-0-2-3-5-0-1-2-4-0-0-1-3-0 410442979 2.50751 2.46369 0 0
2-4-0-2-3-5-0-1-2-4-0-1-2-4-0 204481511 0.332038 0.304517 0 0
2-4-0-2-3-5-0-1-2-4-0-2-3-5-0 255197384 1.1163 1.08005 0 0
2-4-0-2-3-5-0-2-3-5-0-0-1-3-0 284130311 1.18493 1.14217 0 0
2-4-0-2-3-5-0-2-3-5-0-1-2-4-0 453417926 0.425613 0.396035 0 0
2-4-0-2-3-5-0-2-3-5-0-2-3-5-0 171400878 0.616451 0.581186 0 0
3-5-0-0-1-3-0-0-1-3-0-0-1-3-0 557356291 1.8761 1.78927 0 0
3-5-0-0-1-3-0-0-1-3-0-1-2-4-0 2154511237 1.36772 1.29864 0 0
3-5-0-0-1-3-0-0-1-3-0-2-3-5-0 621471008 1.19279 1.12009 0 0
3-5-0-0-1-3-0-1-2-4-0-0-1-3-0 2251924502 8.61327 8.53409 0 0
3-5-0-0-1-3-0-1-2-4-0-1-2-4-0 558683771 0.803959 0.744557 0 0
3-5-0-0-1-3-0-1-2-4-0-2-3-5-0 1943486327 4.41064 4.34699 0 0
3-5-0-0-1-3-0-2-3-5-0-0-1-3-0 1323919871 3.34879 3.27554 0 0
3-5-0-0-1-3-0-2-3-5-0-1-2-4-0 3706945361 2.07416 2.01878 0 0
3-5-0-0-1-3-0-2-3-5-0-2-3-5-0 870458224 1.62459 1.5578 0 0
3-5-0-1-2-4-0-0-1-3-0-0-1-3-0 2046689750 10.1387 10.0399 0 0
3-5-0-1-2-4-0-0-1-3-0-1-2-4-0 5149393700 4.51387 4.43756 0 0
3-5-0-1-2-4-0-0-1-3-0-2-3-5-0 2059925133 6.08519 6.00017 0 0
3-5-0-1-2-4-0-1-2-4-0-0-1-3-0 571674484 1.42451 1.35373 0 0
3-5-0-1-2-4-0-1-2-4-0-1-2-4-0 49992362 0.1619 0.122784 0 0
3-5-0-1-2-4-0-1-2-4-0-2-3-5-0 506118651 0.768232 0.717594 0 0
3-5-0-1-2-4-0-2-3-5-0-0-1-3-0 3651237370 13.3164 13.2361 0 0
3-5-0-1-2-4-0-2-3-5-0-1-2-4-0 7067847345 4.9741 4.91206 0 0
3-5-0-1-2-4-0-2-3-5-0-2-3-5-0 2309517773 6.12687 6.06102 0 0
3-5-0-2-3-5-0-0-1-3-0-0-1-3-0 775328762 2.5673 2.48722 0 0
3-5-0-2-3-5-0-0-1-3-0-1-2-4-0 2866699894 1.75204 1.69088 0 0
3-5-0-2-3-5-0-0-1-3-0-2-3-5-0 850019208 1.60379 1.53692 0 0
3-5-0-2-3-5-0-1-2-4-0-0-1-3-0 2711106070 9.90613 9.83555 0 0
3-5-0-2-3-5-0-1-2-4-0-1-2-4-0 606916000 0.832964 0.78715 0 0
3-5-0-2-3-5-0-1-2-4-0-2-3-5-0 2055095988 4.86346 4.80405 0 0
3-5-0-2-3-5-0-2-3-5-0-0-1-3-0 1094724705 2.70195 2.63995 0 0
3-5-0-2-3-5-0-2-3-5-0-1-2-4-0 3056988612 1.70129 1.65395 0 0
3-5-0-2-3-5-0-2-3-5-0-2-3-5-0 720236673 1.35131 1.29656 0 0
