0-0-1-3-0-0-1-3-0 116647351 0.43592 0.413996 0 0
0-0-1-3-0-1-2-4-0 1306671714 1.4732 1.45402 0 0
0-0-1-3-0-2-3-5-0 148793049 0.111576 0.048937 0 0
0-1-2-4-0-0-1-3-0 1306671714 0.790945 0.7656 0 0
0-1-2-4-0-1-2-4-0 62478594 0.098775 0.037765 0 0
0-1-2-4-0-2-3-5-0 1060374840 0.298672 0.278012 0 0
0-2-3-5-0-0-1-3-0 148793049 0.094563 0.062747 0 0
0-2-3-5-0-1-2-4-0 1060374840 0.2398 0.220195 0 0
0-2-3-5-0-2-3-5-0 103574624 0.062518 0.039431 0 0
1-3-0-0-1-3-0-0-1 18776209 0.048574 0.031044 0 0
1-3-0-0-1-3-0-1-2 6077715 0.038131 0.020293 0 0
1-3-0-0-1-3-0-2-3 8863750 0.051866 0.022365 0 0
1-3-0-1-2-4-0-0-1 360430421 0.199699 0.181928 0 0
1-3-0-1-2-4-0-1-2 560269 0.061472 0.045227 0 0
1-3-0-1-2-4-0-2-3 108629855 0.126596 0.108328 0 0
1-3-0-2-3-5-0-0-1 37385083 0.04637 0.029439 0 0
1-3-0-2-3-5-0-1-2 8586696 0.034108 0.019295 0 0
1-3-0-2-3-5-0-2-3 11511089 0.038479 0.024495 0 0
2-4-0-0-1-3-0-0-1 6077715 0.022986 0.014104 0 0
2-4-0-0-1-3-0-1-2 793231 0.016194 0.007112 0 0
2-4-0-0-1-3-0-2-3 2523483 0.018159 0.009414 0 0
2-4-0-1-2-4-0-0-1 560269 0.007293 0.002168 0 0
2-4-0-1-2-4-0-1-2 2309 0.006832 0.001696 0 0
2-4-0-1-2-4-0-2-3 177569 0.007162 0.001858 0 0
2-4-0-2-3-5-0-0-1 8586696 0.018009 0.011564 0 0
2-4-0-2-3-5-0-1-2 1249649 0.011251 0.005401 0 0
2-4-0-2-3-5-0-2-3 2510707 0.015212 0.009563 0 0
3-5-0-0-1-3-0-0-1 8863750 0.026598 0.014241 0 0
3-5-0-0-1-3-0-1-2 2523483 0.019792 0.008512 0 0
3-5-0-0-1-3-0-2-3 4568986 0.022209 0.010041 0 0
3-5-0-1-2-4-0-0-1 108629855 0.066064 0.052515 0 0
3-5-0-1-2-4-0-1-2 177569 0.024253 0.015584 0 0
3-5-0-1-2-4-0-2-3 32570709 0.045136 0.03671 0 0
3-5-0-2-3-5-0-0-1 11511089 0.018688 0.01046 0 0
3-5-0-2-3-5-0-1-2 2510707 0.015633 0.006734 0 0
3-5-0-2-3-5-0-2-3 3674955 0.016984 0.00883 0 0
