0-0-1-3-0-0-1-3-0-0-1-3-0-0-1 1419222105 4.57427 4.51128 0 0
0-0-1-3-0-0-1-3-0-0-1-3-0-1-2 138163365 1.23534 0.963056 0 0
0-0-1-3-0-0-1-3-0-0-1-3-0-2-3 557356291 1.54474 1.46318 0 0
0-0-1-3-0-0-1-3-0-1-2-4-0-0-1 8528240999 9.58458 9.46998 0 0
0-0-1-3-0-0-1-3-0-1-2-4-0-1-2 32064885 5.0931 2.22382 0 0
0-0-1-3-0-0-1-3-0-1-2-4-0-2-3 2046689750 4.61479 4.42414 0 0
0-0-1-3-0-0-1-3-0-2-3-5-0-0-1 2936038078 3.03075 2.28864 0 0
0-0-1-3-0-0-1-3-0-2-3-5-0-1-2 223660339 0.936671 0.737399 0 0
0-0-1-3-0-0-1-3-0-2-3-5-0-2-3 775328762 1.55645 1.43913 0 0
0-0-1-3-0-1-2-4-0-0-1-3-0-0-1 7987729204 14.123 13.9799 0 0
0-0-1-3-0-1-2-4-0-0-1-3-0-1-2 318472348 7.20527 5.61985 0 0
0-0-1-3-0-1-2-4-0-0-1-3-0-2-3 2251924502 7.87077 7.46463 0 0
0-0-1-3-0-1-2-4-0-1-2-4-0-0-1 2048424087 1.70763 1.19104 0 0
0-0-1-3-0-1-2-4-0-1-2-4-0-1-2 4858893 0.526106 0.408402 0 0
0-0-1-3-0-1-2-4-0-1-2-4-0-2-3 571674484 0.923961 0.759623 0 0
0-0-1-3-0-1-2-4-0-2-3-5-0-0-1 11787767512 10.8654 10.7319 0 0
0-0-1-3-0-1-2-4-0-2-3-5-0-1-2 410442979 5.38208 3.44007 0 0
0-0-1-3-0-1-2-4-0-2-3-5-0-2-3 2711106070 6.70411 6.25047 0 0
0-0-1-3-0-2-3-5-0-0-1-3-0-0-1 3772537047 5.54043 4.49894 0 0
0-0-1-3-0-2-3-5-0-0-1-3-0-1-2 261962127 2.13091 1.60372 0 0
0-0-1-3-0-2-3-5-0-0-1-3-0-2-3 1323919871 2.88189 2.74009 0 0
0-0-1-3-0-2-3-5-0-1-2-4-0-0-1 16986975289 13.3017 13.0656 0 0
0-0-1-3-0-2-3-5-0-1-2-4-0-1-2 61703686 7.68686 3.25149 0 0
0-0-1-3-0-2-3-5-0-1-2-4-0-2-3 3651237370 5.9508 5.78591 0 0
0-0-1-3-0-2-3-5-0-2-3-5-0-0-1 4348753892 4.05469 2.68246 0 0
0-0-1-3-0-2-3-5-0-2-3-5-0-1-2 284130311 1.25292 0.942653 0 0
0-0-1-3-0-2-3-5-0-2-3-5-0-2-3 1094724705 1.88177 1.7375 0 0
0-1-2-4-0-0-1-3-0-0-1-3-0-0-1 6981552054 10.2317 10.1297 0 0
0-1-2-4-0-0-1-3-0-0-1-3-0-1-2 340624697 5.18966 4.71049 0 0
0-1-2-4-0-0-1-3-0-0-1-3-0-2-3 2154511237 6.43384 6.34871 0 0
0-1-2-4-0-0-1-3-0-1-2-4-0-0-1 24412339572 22.0247 21.7336 0 0
0-1-2-4-0-0-1-3-0-1-2-4-0-1-2 123397885 6.24786 4.56275 0 0
0-1-2-4-0-0-1-3-0-1-2-4-0-2-3 5149393700 9.55749 8.97851 0 0
0-1-2-4-0-0-1-3-0-2-3-5-0-0-1 12404302670 10.8944 9.98681 0 0
0-1-2-4-0-0-1-3-0-2-3-5-0-1-2 437484879 4.51638 3.31862 0 0
0-1-2-4-0-0-1-3-0-2-3-5-0-2-3 2866699894 6.34079 5.88811 0 0
0-1-2-4-0-1-2-4-0-0-1-3-0-0-1 1526994749 1.93372 1.29641 0 0
0-1-2-4-0-1-2-4-0-0-1-3-0-1-2 123397885 0.799858 0.423561 0 0
0-1-2-4-0-1-2-4-0-0-1-3-0-2-3 558683771 1.06022 0.708066 0 0
0-1-2-4-0-1-2-4-0-1-2-4-0-0-1 162901838 0.223867 0.110229 0 0
0-1-2-4-0-1-2-4-0-1-2-4-0-1-2 214540 0.104896 0.055207 0 0
0-1-2-4-0-1-2-4-0-1-2-4-0-2-3 49992362 0.106114 0.058083 0 0
0-1-2-4-0-1-2-4-0-2-3-5-0-0-1 2284018485 1.10309 1.06599 0 0
0-1-2-4-0-1-2-4-0-2-3-5-0-1-2 204481511 0.416196 0.363496 0 0
0-1-2-4-0-1-2-4-0-2-3-5-0-2-3 606916000 0.699536 0.635648 0 0
0-1-2-4-0-2-3-5-0-0-1-3-0-0-1 13132687846 19.8848 19.8143 0 0
0-1-2-4-0-2-3-5-0-0-1-3-0-1-2 432860830 9.43881 8.01054 0 0
0-1-2-4-0-2-3-5-0-0-1-3-0-2-3 3706945361 12.2039 11.5386 0 0
0-1-2-4-0-2-3-5-0-1-2-4-0-0-1 35145744956 30.8186 30.3299 0 0
0-1-2-4-0-2-3-5-0-1-2-4-0-1-2 204481511 9.13241 6.38833 0 0
0-1-2-4-0-2-3-5-0-1-2-4-0-2-3 7067847345 14.6934 13.0355 0 0
0-1-2-4-0-2-3-5-0-2-3-5-0-0-1 13712931524 12.3003 11.1143 0 0
0-1-2-4-0-2-3-5-0-2-3-5-0-1-2 453417926 4.39941 3.77778 0 0
0-1-2-4-0-2-3-5-0-2-3-5-0-2-3 3056988612 7.80641 6.70428 0 0
0-2-3-5-0-0-1-3-0-0-1-3-0-0-1 1672292507 4.97761 1.96829 0 0
0-2-3-5-0-0-1-3-0-0-1-3-0-1-2 131792782 1.82532 0.837783 0 0
0-2-3-5-0-0-1-3-0-0-1-3-0-2-3 621471008 1.51222 1.22699 0 0
0-2-3-5-0-0-1-3-0-1-2-4-0-0-1 9235067917 5.74638 5.69417 0 0
0-2-3-5-0-0-1-3-0-1-2-4-0-1-2 37830920 2.71359 1.52531 0 0
0-2-3-5-0-0-1-3-0-1-2-4-0-2-3 2059925133 3.13763 3.02409 0 0
0-2-3-5-0-0-1-3-0-2-3-5-0-0-1 3415726164 2.74244 2.22059 0 0
0-2-3-5-0-0-1-3-0-2-3-5-0-1-2 190198833 0.902759 0.751666 0 0
0-2-3-5-0-0-1-3-0-2-3-5-0-2-3 850019208 1.4968 1.41871 0 0
0-2-3-5-0-1-2-4-0-0-1-3-0-0-1 7395941882 10.1161 10.0084 0 0
0-2-3-5-0-1-2-4-0-0-1-3-0-1-2 218358783 5.39863 4.57818 0 0
0-2-3-5-0-1-2-4-0-0-1-3-0-2-3 1943486327 6.50528 6.32675 0 0
0-2-3-5-0-1-2-4-0-1-2-4-0-0-1 1894734503 1.16785 0.917792 0 0
0-2-3-5-0-1-2-4-0-1-2-4-0-1-2 3655061 0.456286 0.357235 0 0
0-2-3-5-0-1-2-4-0-1-2-4-0-2-3 506118651 0.670881 0.622491 0 0
0-2-3-5-0-1-2-4-0-2-3-5-0-0-1 9318882335 8.22269 8.18132 0 0
0-2-3-5-0-1-2-4-0-2-3-5-0-1-2 255197384 3.53468 2.77105 0 0
0-2-3-5-0-1-2-4-0-2-3-5-0-2-3 2055095988 4.9206 4.74681 0 0
0-2-3-5-0-2-3-5-0-0-1-3-0-0-1 2530088289 3.1225 2.79806 0 0
0-2-3-5-0-2-3-5-0-0-1-3-0-1-2 161408745 1.24113 1.0882 0 0
0-2-3-5-0-2-3-5-0-0-1-3-0-2-3 870458224 1.83385 1.74707 0 0
0-2-3-5-0-2-3-5-0-1-2-4-0-0-1 10914351715 6.52936 6.46718 0 0
0-2-3-5-0-2-3-5-0-1-2-4-0-1-2 40945109 3.02267 1.69131 0 0
0-2-3-5-0-2-3-5-0-1-2-4-0-2-3 2309517773 3.47942 3.40991 0 0
0-2-3-5-0-2-3-5-0-2-3-5-0-0-1 2915519858 2.20704 1.8415 0 0
0-2-3-5-0-2-3-5-0-2-3-5-0-1-2 171400878 0.952953 0.64435 0 0
0-2-3-5-0-2-3-5-0-2-3-5-0-2-3 720236673 1.31319 1.19427 0 0
1-3-0-0-1-3-0-0-1-3-0-0-1-3-0 1419222105 0.801175 0.669687 0 0
1-3-0-0-1-3-0-0-1-3-0-1-2-4-0 6981552054 0.852369 0.765963 0 0
1-3-0-0-1-3-0-0-1-3-0-2-3-5-0 1672292507 0.686751 0.412339 0 0
1-3-0-0-1-3-0-1-2-4-0-0-1-3-0 7987729204 4.61071 4.48981 0 0
1-3-0-0-1-3-0-1-2-4-0-1-2-4-0 1526994749 0.942298 0.39271 0 0
1-3-0-0-1-3-0-1-2-4-0-2-3-5-0 7395941882 2.41709 2.27441 0 0
1-3-0-0-1-3-0-2-3-5-0-0-1-3-0 3772537047 1.62321 1.2748 0 0
1-3-0-0-1-3-0-2-3-5-0-1-2-4-0 13132687846 2.50236 2.36099 0 0
1-3-0-0-1-3-0-2-3-5-0-2-3-5-0 2530088289 1.64716 0.625231 0 0
1-3-0-1-2-4-0-0-1-3-0-0-1-3-0 8528240999 6.60354 6.42705 0 0
1-3-0-1-2-4-0-0-1-3-0-1-2-4-0 24412339572 8.68464 8.18818 0 0
1-3-0-1-2-4-0-0-1-3-0-2-3-5-0 9235067917 5.63687 3.75577 0 0
1-3-0-1-2-4-0-1-2-4-0-0-1-3-0 2048424087 1.98095 0.720662 0 0
1-3-0-1-2-4-0-1-2-4-0-1-2-4-0 162901838 0.292493 0.079467 0 0
1-3-0-1-2-4-0-1-2-4-0-2-3-5-0 1894734503 0.520461 0.39367 0 0
1-3-0-1-2-4-0-2-3-5-0-0-1-3-0 16986975289 10.5599 10.4914 0 0
1-3-0-1-2-4-0-2-3-5-0-1-2-4-0 35145744956 15.1601 13.358 0 0
1-3-0-1-2-4-0-2-3-5-0-2-3-5-0 10914351715 7.22857 4.47732 0 0
1-3-0-2-3-5-0-0-1-3-0-0-1-3-0 2936038078 3.63073 1.40828 0 0
1-3-0-2-3-5-0-0-1-3-0-1-2-4-0 12404302670 3.18059 2.69168 0 0
1-3-0-2-3-5-0-0-1-3-0-2-3-5-0 3415726164 1.89609 0.936429 0 0
1-3-0-2-3-5-0-1-2-4-0-0-1-3-0 11787767512 7.58 7.39207 0 0
1-3-0-2-3-5-0-1-2-4-0-1-2-4-0 2284018485 2.10453 0.746734 0 0
1-3-0-2-3-5-0-1-2-4-0-2-3-5-0 9318882335 3.77285 3.63589 0 0
1-3-0-2-3-5-0-2-3-5-0-0-1-3-0 4348753892 2.2731 1.5798 0 0
1-3-0-2-3-5-0-2-3-5-0-1-2-4-0 13712931524 3.32505 3.17373 0 0
1-3-0-2-3-5-0-2-3-5-0-2-3-5-0 2915519858 2.01217 0.758643 0 0
2-4-0-0-1-3-0-0-1-3-0-0-1-3-0 138163365 0.273767 0.170737 0 0
2-4-0-0-1-3-0-0-1-3-0-1-2-4-0 340624697 0.092173 0.077387 0 0
2-4-0-0-1-3-0-0-1-3-0-2-3-5-0 131792782 0.103687 0.081138 0 0
2-4-0-0-1-3-0-1-2-4-0-0-1-3-0 318472348 0.300374 0.285708 0 0
2-4-0-0-1-3-0-1-2-4-0-1-2-4-0 123397885 0.063279 0.042046 0 0
2-4-0-0-1-3-0-1-2-4-0-2-3-5-0 218358783 0.140247 0.12984 0 0
2-4-0-0-1-3-0-2-3-5-0-0-1-3-0 261962127 0.199578 0.186258 0 0
2-4-0-0-1-3-0-2-3-5-0-1-2-4-0 432860830 0.092037 0.075158 0 0
2-4-0-0-1-3-0-2-3-5-0-2-3-5-0 161408745 0.104265 0.09305 0 0
2-4-0-1-2-4-0-0-1-3-0-0-1-3-0 32064885 0.058637 0.032815 0 0
2-4-0-1-2-4-0-0-1-3-0-1-2-4-0 123397885 0.026209 0.018027 0 0
2-4-0-1-2-4-0-0-1-3-0-2-3-5-0 37830920 0.026986 0.017154 0 0
2-4-0-1-2-4-0-1-2-4-0-0-1-3-0 4858893 0.014675 0.005799 0 0
2-4-0-1-2-4-0-1-2-4-0-1-2-4-0 214540 0.009849 0.003302 0 0
2-4-0-1-2-4-0-1-2-4-0-2-3-5-0 3655061 0.010719 0.004433 0 0
2-4-0-1-2-4-0-2-3-5-0-0-1-3-0 61703686 0.046953 0.033913 0 0
2-4-0-1-2-4-0-2-3-5-0-1-2-4-0 204481511 0.031121 0.023789 0 0
2-4-0-1-2-4-0-2-3-5-0-2-3-5-0 40945109 0.025406 0.017919 0 0
2-4-0-2-3-5-0-0-1-3-0-0-1-3-0 223660339 0.223496 0.209241 0 0
2-4-0-2-3-5-0-0-1-3-0-1-2-4-0 437484879 0.108003 0.096293 0 0
2-4-0-2-3-5-0-0-1-3-0-2-3-5-0 190198833 0.133686 0.122213 0 0
2-4-0-2-3-5-0-1-2-4-0-0-1-3-0 410442979 0.406375 0.394335 0 0
2-4-0-2-3-5-0-1-2-4-0-1-2-4-0 204481511 0.072112 0.062986 0 0
2-4-0-2-3-5-0-1-2-4-0-2-3-5-0 255197384 0.185661 0.177236 0 0
2-4-0-2-3-5-0-2-3-5-0-0-1-3-0 284130311 0.208791 0.197783 0 0
2-4-0-2-3-5-0-2-3-5-0-1-2-4-0 453417926 0.091738 0.080878 0 0
2-4-0-2-3-5-0-2-3-5-0-2-3-5-0 171400878 0.106805 0.09359 0 0
3-5-0-0-1-3-0-0-1-3-0-0-1-3-0 557356291 0.340052 0.283134 0 0
3-5-0-0-1-3-0-0-1-3-0-1-2-4-0 2154511237 0.253828 0.234196 0 0
3-5-0-0-1-3-0-0-1-3-0-2-3-5-0 621471008 0.206806 0.175133 0 0
3-5-0-0-1-3-0-1-2-4-0-0-1-3-0 2251924502 1.3996 1.37755 0 0
3-5-0-0-1-3-0-1-2-4-0-1-2-4-0 558683771 0.184388 0.137647 0 0
3-5-0-0-1-3-0-1-2-4-0-2-3-5-0 1943486327 0.71706 0.685699 0 0
3-5-0-0-1-3-0-2-3-5-0-0-1-3-0 1323919871 0.542943 0.523867 0 0
3-5-0-0-1-3-0-2-3-5-0-1-2-4-0 3706945361 0.437245 0.418011 0 0
3-5-0-0-1-3-0-2-3-5-0-2-3-5-0 870458224 0.334198 0.255449 0 0
3-5-0-1-2-4-0-0-1-3-0-0-1-3-0 2046689750 1.63905 1.61681 0 0
3-5-0-1-2-4-0-0-1-3-0-1-2-4-0 5149393700 0.954545 0.933083 0 0
3-5-0-1-2-4-0-0-1-3-0-2-3-5-0 2059925133 1.02723 0.978339 0 0
3-5-0-1-2-4-0-1-2-4-0-0-1-3-0 571674484 0.286194 0.223324 0 0
3-5-0-1-2-4-0-1-2-4-0-1-2-4-0 49992362 0.068513 0.031689 0 0
3-5-0-1-2-4-0-1-2-4-0-2-3-5-0 506118651 0.134281 0.122091 0 0
3-5-0-1-2-4-0-2-3-5-0-0-1-3-0 3651237370 2.19743 2.16118 0 0
3-5-0-1-2-4-0-2-3-5-0-1-2-4-0 7067847345 1.47349 1.39935 0 0
3-5-0-1-2-4-0-2-3-5-0-2-3-5-0 2309517773 1.04906 0.989399 0 0
3-5-0-2-3-5-0-0-1-3-0-0-1-3-0 775328762 0.483752 0.39936 0 0
3-5-0-2-3-5-0-0-1-3-0-1-2-4-0 2866699894 0.347869 0.324511 0 0
3-5-0-2-3-5-0-0-1-3-0-2-3-5-0 850019208 0.312774 0.255073 0 0
3-5-0-2-3-5-0-1-2-4-0-0-1-3-0 2711106070 1.63824 1.6178 0 0
3-5-0-2-3-5-0-1-2-4-0-1-2-4-0 606916000 0.24044 0.163763 0 0
3-5-0-2-3-5-0-1-2-4-0-2-3-5-0 2055095988 0.787272 0.763269 0 0
3-5-0-2-3-5-0-2-3-5-0-0-1-3-0 1094724705 0.471802 0.430629 0 0
3-5-0-2-3-5-0-2-3-5-0-1-2-4-0 3056988612 0.35682 0.336371 0 0
3-5-0-2-3-5-0-2-3-5-0-2-3-5-0 720236673 0.237669 0.217812 0 0
