0-0-1-3-0-0-1 11946758 0.104492 0.085955 0 0
0-0-1-3-0-1-2 4858893 0.031483 0.01738 0 0
0-0-1-3-0-2-3 6055132 0.029582 0.017478 0 0
0-1-2-4-0-0-1 162901838 0.906044 0.889485 0 0
0-1-2-4-0-1-2 214540 0.032202 0.021396 0 0
0-1-2-4-0-2-3 49992362 0.038714 0.028326 0 0
0-2-3-5-0-0-1 13858287 0.024423 0.014273 0 0
0-2-3-5-0-1-2 3655061 0.022808 0.011131 0 0
0-2-3-5-0-2-3 4352217 0.023449 0.013037 0 0
1-3-0-0-1-3-0 11946758 0.022692 0.013865 0 0
1-3-0-1-2-4-0 162901838 0.033276 0.026398 0 0
1-3-0-2-3-5-0 13858287 0.02029 0.012421 0 0
2-4-0-0-1-3-0 4858893 0.010895 0.004361 0 0
2-4-0-1-2-4-0 214540 0.00398 0.001254 0 0
2-4-0-2-3-5-0 3655061 0.005659 0.002562 0 0
3-5-0-0-1-3-0 6055132 0.013779 0.004898 0 0
3-5-0-1-2-4-0 49992362 0.011133 0.007846 0 0
3-5-0-2-3-5-0 4352217 0.008049 0.003755 0 0
