0-0-1-3-0-0-1-3-0-0-1 156357361 0.826594 0.792679 0 0
0-0-1-3-0-0-1-3-0-1-2 32064885 0.12739 0.097937 0 0
0-0-1-3-0-0-1-3-0-2-3 72602572 0.16109 0.131828 0 0
0-0-1-3-0-1-2-4-0-0-1 2048424087 3.4367 3.40779 0 0
0-0-1-3-0-1-2-4-0-1-2 4858893 0.539177 0.26817 0 0
0-0-1-3-0-1-2-4-0-2-3 571674484 0.851436 0.754009 0 0
0-0-1-3-0-2-3-5-0-0-1 368626275 0.291587 0.219275 0 0
0-0-1-3-0-2-3-5-0-1-2 61703686 0.153618 0.096107 0 0
0-0-1-3-0-2-3-5-0-2-3 109695304 0.204622 0.164584 0 0
0-1-2-4-0-0-1-3-0-0-1 1526994749 2.09154 2.05167 0 0
0-1-2-4-0-0-1-3-0-1-2 123397885 0.761205 0.652937 0 0
0-1-2-4-0-0-1-3-0-2-3 558683771 1.1627 1.09419 0 0
0-1-2-4-0-1-2-4-0-0-1 162901838 0.094344 0.063531 0 0
0-1-2-4-0-1-2-4-0-1-2 214540 0.076812 0.042185 0 0
0-1-2-4-0-1-2-4-0-2-3 49992362 0.082498 0.047822 0 0
0-1-2-4-0-2-3-5-0-0-1 2284018485 2.58678 2.53635 0 0
0-1-2-4-0-2-3-5-0-1-2 204481511 0.816956 0.56859 0 0
0-1-2-4-0-2-3-5-0-2-3 606916000 1.06322 0.985712 0 0
0-2-3-5-0-0-1-3-0-0-1 203127281 0.324267 0.254856 0 0
0-2-3-5-0-0-1-3-0-1-2 37830920 0.133438 0.102255 0 0
0-2-3-5-0-0-1-3-0-2-3 95160060 0.183346 0.155387 0 0
0-2-3-5-0-1-2-4-0-0-1 1894734503 1.30923 1.25605 0 0
0-2-3-5-0-1-2-4-0-1-2 3655061 0.371044 0.218944 0 0
0-2-3-5-0-1-2-4-0-2-3 506118651 0.692469 0.624155 0 0
0-2-3-5-0-2-3-5-0-0-1 258473495 0.193275 0.160508 0 0
0-2-3-5-0-2-3-5-0-1-2 40945109 0.130786 0.074524 0 0
0-2-3-5-0-2-3-5-0-2-3 76504726 0.159651 0.124042 0 0
1-3-0-0-1-3-0-0-1-3-0 156357361 0.110219 0.07902 0 0
1-3-0-0-1-3-0-1-2-4-0 1526994749 0.299108 0.258934 0 0
1-3-0-0-1-3-0-2-3-5-0 203127281 0.081008 0.057078 0 0
1-3-0-1-2-4-0-0-1-3-0 2048424087 1.40196 1.33076 0 0
1-3-0-1-2-4-0-1-2-4-0 162901838 0.237145 0.074189 0 0
1-3-0-1-2-4-0-2-3-5-0 1894734503 0.630773 0.596898 0 0
1-3-0-2-3-5-0-0-1-3-0 368626275 0.212499 0.128218 0 0
1-3-0-2-3-5-0-1-2-4-0 2284018485 0.548074 0.522232 0 0
1-3-0-2-3-5-0-2-3-5-0 258473495 0.196391 0.097572 0 0
2-4-0-0-1-3-0-0-1-3-0 32064885 0.044877 0.032651 0 0
2-4-0-0-1-3-0-1-2-4-0 123397885 0.029181 0.020945 0 0
2-4-0-0-1-3-0-2-3-5-0 37830920 0.03505 0.021935 0 0
2-4-0-1-2-4-0-0-1-3-0 4858893 0.014287 0.005492 0 0
2-4-0-1-2-4-0-1-2-4-0 214540 0.007101 0.002333 0 0
2-4-0-1-2-4-0-2-3-5-0 3655061 0.008834 0.003771 0 0
2-4-0-2-3-5-0-0-1-3-0 61703686 0.048445 0.040458 0 0
2-4-0-2-3-5-0-1-2-4-0 204481511 0.036909 0.03042 0 0
2-4-0-2-3-5-0-2-3-5-0 40945109 0.027433 0.021124 0 0
3-5-0-0-1-3-0-0-1-3-0 72602572 0.067224 0.038148 0 0
3-5-0-0-1-3-0-1-2-4-0 558683771 0.081293 0.066081 0 0
3-5-0-0-1-3-0-2-3-5-0 95160060 0.041309 0.0269 0 0
3-5-0-1-2-4-0-0-1-3-0 571674484 0.290369 0.274248 0 0
3-5-0-1-2-4-0-1-2-4-0 49992362 0.027832 0.018941 0 0
3-5-0-1-2-4-0-2-3-5-0 506118651 0.172634 0.150905 0 0
3-5-0-2-3-5-0-0-1-3-0 109695304 0.054083 0.041133 0 0
3-5-0-2-3-5-0-1-2-4-0 606916000 0.080407 0.06793 0 0
3-5-0-2-3-5-0-2-3-5-0 76504726 0.054623 0.025635 0 0
