0-0-1-3-0 8295777 3.08121 0.299675 0 2.56559
0-1-2-4-0 62478594 1.9731 0.765577 1e-06 1.05468
0-2-3-5-0 5203624 1.08583 0.009188 0 0.942372
1-3-0-0-1 1664545 2.62166 0.006985 0 2.43916
1-3-0-1-2 560269 2.65019 0.011433 0 2.49147
1-3-0-2-3 580033 1.78161 0.007499 0 1.66446
2-4-0-0-1 560269 1.55765 0.003691 0 1.44622
2-4-0-1-2 2309 1.89421 0.000649 0 1.80588
2-4-0-2-3 177569 0.982735 0.000816 0 0.884968
3-5-0-0-1 580033 1.74639 0.0018 1e-06 1.61913
3-5-0-1-2 177569 1.86485 0.001625 0 1.76582
3-5-0-2-3 236289 1.22757 0.004849 0 1.11388
