0-0-1-3-0-0-1-3-0-0-1 156357361 12.6875 0.643529 1e-06 10.9591
0-0-1-3-0-0-1-3-0-1-2 32064885 11.4553 0.043341 0 10.8564
0-0-1-3-0-0-1-3-0-2-3 72602572 9.5851 0.046646 1e-06 9.06298
0-0-1-3-0-1-2-4-0-0-1 2048424087 10.2257 1.79653 1e-06 7.98015
0-0-1-3-0-1-2-4-0-1-2 4858893 9.82438 0.019243 0 9.27748
0-0-1-3-0-1-2-4-0-2-3 571674484 7.41612 0.144783 1e-06 6.78349
0-0-1-3-0-2-3-5-0-0-1 368626275 8.20787 0.070806 0 7.67046
0-0-1-3-0-2-3-5-0-1-2 61703686 8.46851 0.032163 0 8.00229
0-0-1-3-0-2-3-5-0-2-3 109695304 6.65326 0.036305 0 6.16756
0-1-2-4-0-0-1-3-0-0-1 1526994749 10.5237 0.964178 1e-06 9.09587
0-1-2-4-0-0-1-3-0-1-2 123397885 10.0453 0.020766 1e-06 9.60562
0-1-2-4-0-0-1-3-0-2-3 558683771 8.23065 0.070421 2e-06 7.72715
0-1-2-4-0-1-2-4-0-0-1 162901838 7.53283 0.022028 1e-06 7.11418
0-1-2-4-0-1-2-4-0-1-2 214540 9.05349 0.007006 1e-06 8.67484
0-1-2-4-0-1-2-4-0-2-3 49992362 6.27816 0.011885 2e-06 5.87568
0-1-2-4-0-2-3-5-0-0-1 2284018485 8.96012 2.29031 0 6.24777
0-1-2-4-0-2-3-5-0-1-2 204481511 7.0824 0.028952 1e-06 6.64149
0-1-2-4-0-2-3-5-0-2-3 606916000 5.01497 0.072567 0 4.52185
0-2-3-5-0-0-1-3-0-0-1 203127281 9.55989 0.036033 1e-06 9.03336
0-2-3-5-0-0-1-3-0-1-2 37830920 9.87459 0.036501 2e-06 9.36711
0-2-3-5-0-0-1-3-0-2-3 95160060 7.98451 0.020701 0 7.52138
0-2-3-5-0-1-2-4-0-0-1 1894734503 7.77304 0.701459 1e-06 6.66259
0-2-3-5-0-1-2-4-0-1-2 3655061 8.55448 0.015197 2e-06 8.06557
0-2-3-5-0-1-2-4-0-2-3 506118651 5.76964 0.073801 0 5.28039
0-2-3-5-0-2-3-5-0-0-1 258473495 6.47547 0.050041 0 5.98068
0-2-3-5-0-2-3-5-0-1-2 40945109 7.03935 0.025031 1e-06 6.59472
0-2-3-5-0-2-3-5-0-2-3 76504726 5.16146 0.016538 0 4.73677
1-3-0-0-1-3-0-0-1-3-0 156357361 11.3093 0.041316 1e-06 10.7637
1-3-0-0-1-3-0-1-2-4-0 1526994749 8.78373 0.655722 0 7.67874
1-3-0-0-1-3-0-2-3-5-0 203127281 7.24693 0.043804 1e-06 6.73217
1-3-0-1-2-4-0-0-1-3-0 2048424087 9.99162 0.840412 1e-06 8.6914
1-3-0-1-2-4-0-1-2-4-0 162901838 6.80022 0.034521 0 6.34969
1-3-0-1-2-4-0-2-3-5-0 1894734503 5.61343 0.282334 0 4.90898
1-3-0-2-3-5-0-0-1-3-0 368626275 8.96485 0.044783 0 8.46267
1-3-0-2-3-5-0-1-2-4-0 2284018485 6.56936 0.704359 1e-06 5.448
1-3-0-2-3-5-0-2-3-5-0 258473495 5.05756 0.037263 0 4.56465
2-4-0-0-1-3-0-0-1-3-0 32064885 10.4777 0.0381 0 9.95779
2-4-0-0-1-3-0-1-2-4-0 123397885 7.56186 0.128832 1e-06 7.01048
2-4-0-0-1-3-0-2-3-5-0 37830920 6.60612 0.025342 1e-06 6.1367
2-4-0-1-2-4-0-0-1-3-0 4858893 8.56945 0.006127 0 8.14227
2-4-0-1-2-4-0-1-2-4-0 214540 6.32367 0.002732 0 5.9473
2-4-0-1-2-4-0-2-3-5-0 3655061 4.87011 0.003363 1e-06 4.47906
2-4-0-2-3-5-0-0-1-3-0 61703686 8.2132 0.023449 0 7.74876
2-4-0-2-3-5-0-1-2-4-0 204481511 5.19656 0.120358 0 4.67378
2-4-0-2-3-5-0-2-3-5-0 40945109 4.28217 0.012731 1e-06 3.85577
3-5-0-0-1-3-0-0-1-3-0 72602572 10.6109 0.040278 2e-06 10.0482
3-5-0-0-1-3-0-1-2-4-0 558683771 7.74785 0.152836 1e-06 7.13351
3-5-0-0-1-3-0-2-3-5-0 95160060 6.73269 0.026571 0 6.22811
3-5-0-1-2-4-0-0-1-3-0 571674484 8.71557 0.079664 1e-06 8.18894
3-5-0-1-2-4-0-1-2-4-0 49992362 6.28218 0.008245 1e-06 5.87596
3-5-0-1-2-4-0-2-3-5-0 506118651 4.86674 0.076846 1e-06 4.37396
3-5-0-2-3-5-0-0-1-3-0 109695304 8.34804 0.018076 1e-06 7.86252
3-5-0-2-3-5-0-1-2-4-0 606916000 5.19676 0.124911 1e-06 4.64054
3-5-0-2-3-5-0-2-3-5-0 76504726 4.21797 0.014122 0 3.7639
