0-0-1-3-0-0-1-3-0-0-1-3-0-0-1 1419222105 29.0658 2.27705 1e-06 25.5502
0-0-1-3-0-0-1-3-0-0-1-3-0-1-2 138163365 31.8727 2.0212 3e-06 28.7634
0-0-1-3-0-0-1-3-0-0-1-3-0-2-3 557356291 20.1251 1.33 4e-06 17.9971
0-0-1-3-0-0-1-3-0-1-2-4-0-0-1 8528240999 47.71 25.5931 1e-06 21.2325
0-0-1-3-0-0-1-3-0-1-2-4-0-1-2 32064885 29.4386 0.192381 2e-06 28.6795
0-0-1-3-0-0-1-3-0-1-2-4-0-2-3 2046689750 29.159 8.68554 1e-06 19.047
0-0-1-3-0-0-1-3-0-2-3-5-0-0-1 2936038078 24.4758 4.68221 1e-06 18.889
0-0-1-3-0-0-1-3-0-2-3-5-0-1-2 223660339 25.2961 1.36297 1e-06 23.1382
0-0-1-3-0-0-1-3-0-2-3-5-0-2-3 775328762 18.1023 1.35983 3e-06 16.0593
0-0-1-3-0-1-2-4-0-0-1-3-0-0-1 7987729204 35.8391 11.7926 1e-06 23.3285
0-0-1-3-0-1-2-4-0-0-1-3-0-1-2 318472348 28.631 0.748443 1e-06 26.7353
0-0-1-3-0-1-2-4-0-0-1-3-0-2-3 2251924502 25.9498 4.53367 1e-06 20.8598
0-0-1-3-0-1-2-4-0-1-2-4-0-0-1 2048424087 28.4574 2.898 1e-06 25.0145
0-0-1-3-0-1-2-4-0-1-2-4-0-1-2 4858893 34.5187 0.076236 1e-06 33.9292
0-0-1-3-0-1-2-4-0-1-2-4-0-2-3 571674484 23.2568 1.23428 3e-06 21.5225
0-0-1-3-0-1-2-4-0-2-3-5-0-0-1 11787767512 35.8853 18.9061 1e-06 16.3646
0-0-1-3-0-1-2-4-0-2-3-5-0-1-2 410442979 21.7161 0.984096 3e-06 20.1477
0-0-1-3-0-1-2-4-0-2-3-5-0-2-3 2711106070 20.8455 5.4178 3e-06 14.715
0-0-1-3-0-2-3-5-0-0-1-3-0-0-1 3772537047 22.9084 3.92926 1e-06 18.3385
0-0-1-3-0-2-3-5-0-0-1-3-0-1-2 261962127 22.358 0.627784 1e-06 21.1188
0-0-1-3-0-2-3-5-0-0-1-3-0-2-3 1323919871 22.1807 2.18893 1e-06 19.5742
0-0-1-3-0-2-3-5-0-1-2-4-0-0-1 16986975289 43.6084 24.3563 1e-06 18.8637
0-0-1-3-0-2-3-5-0-1-2-4-0-1-2 61703686 29.2111 0.171164 1e-06 28.4167
0-0-1-3-0-2-3-5-0-1-2-4-0-2-3 3651237370 23.6962 6.65159 3e-06 16.7169
0-0-1-3-0-2-3-5-0-2-3-5-0-0-1 4348753892 20.9361 4.68686 1e-06 15.8649
0-0-1-3-0-2-3-5-0-2-3-5-0-1-2 284130311 20.1319 0.690245 3e-06 18.9886
0-0-1-3-0-2-3-5-0-2-3-5-0-2-3 1094724705 15.9388 1.67903 3e-06 13.9037
0-1-2-4-0-0-1-3-0-0-1-3-0-0-1 6981552054 30.0971 5.29013 1e-06 24.2067
0-1-2-4-0-0-1-3-0-0-1-3-0-1-2 340624697 28.2183 0.392551 3e-06 27.437
0-1-2-4-0-0-1-3-0-0-1-3-0-2-3 2154511237 24.0103 1.6464 1e-06 21.9184
0-1-2-4-0-0-1-3-0-1-2-4-0-0-1 24412339572 38.3699 19.0245 0 18.7952
0-1-2-4-0-0-1-3-0-1-2-4-0-1-2 123397885 32.6205 0.120968 1e-06 31.568
0-1-2-4-0-0-1-3-0-1-2-4-0-2-3 5149393700 23.8998 3.64276 2e-06 19.7938
0-1-2-4-0-0-1-3-0-2-3-5-0-0-1 12404302670 27.4417 7.94219 1e-06 18.9577
0-1-2-4-0-0-1-3-0-2-3-5-0-1-2 437484879 23.2647 0.366818 1e-06 22.2842
0-1-2-4-0-0-1-3-0-2-3-5-0-2-3 2866699894 18.1899 2.04253 2e-06 15.7952
0-1-2-4-0-1-2-4-0-0-1-3-0-0-1 1526994749 26.325 0.852346 1e-06 25.1589
0-1-2-4-0-1-2-4-0-0-1-3-0-1-2 123397885 29.5189 0.109392 3e-06 29.0015
0-1-2-4-0-1-2-4-0-0-1-3-0-2-3 558683771 22.3491 0.405164 3e-06 21.6137
0-1-2-4-0-1-2-4-0-1-2-4-0-0-1 162901838 26.4379 0.126701 1e-06 26.0256
0-1-2-4-0-1-2-4-0-1-2-4-0-1-2 214540 35.7434 0.027744 3e-06 35.4303
0-1-2-4-0-1-2-4-0-1-2-4-0-2-3 49992362 23.5454 0.04992 2e-06 23.2392
0-1-2-4-0-1-2-4-0-2-3-5-0-0-1 2284018485 20.3681 1.41535 1e-06 18.6529
0-1-2-4-0-1-2-4-0-2-3-5-0-1-2 204481511 22.9878 0.138947 3e-06 22.5382
0-1-2-4-0-1-2-4-0-2-3-5-0-2-3 606916000 16.528 0.342141 3e-06 15.9313
0-1-2-4-0-2-3-5-0-0-1-3-0-0-1 13132687846 30.4985 9.00338 1e-06 21.1429
0-1-2-4-0-2-3-5-0-0-1-3-0-1-2 432860830 26.7051 0.377833 1e-06 25.7272
0-1-2-4-0-2-3-5-0-0-1-3-0-2-3 3706945361 21.4492 2.06275 2e-06 18.9633
0-1-2-4-0-2-3-5-0-1-2-4-0-0-1 35145744956 44.0415 24.8474 1e-06 18.76
0-1-2-4-0-2-3-5-0-1-2-4-0-1-2 204481511 28.4745 0.220493 1e-06 27.8501
0-1-2-4-0-2-3-5-0-1-2-4-0-2-3 7067847345 19.923 4.02732 2e-06 15.6084
0-1-2-4-0-2-3-5-0-2-3-5-0-0-1 13712931524 23.4247 7.58128 0 15.1925
0-1-2-4-0-2-3-5-0-2-3-5-0-1-2 453417926 20.3398 0.489867 3e-06 18.9284
0-1-2-4-0-2-3-5-0-2-3-5-0-2-3 3056988612 14.3577 1.88382 1e-06 12.1992
0-2-3-5-0-0-1-3-0-0-1-3-0-0-1 1672292507 27.7818 2.19361 3e-06 24.7289
0-2-3-5-0-0-1-3-0-0-1-3-0-1-2 131792782 29.9537 0.527558 1e-06 28.8832
0-2-3-5-0-0-1-3-0-0-1-3-0-2-3 621471008 24.2129 1.32585 2e-06 22.417
0-2-3-5-0-0-1-3-0-1-2-4-0-0-1 9235067917 59.8945 36.7791 1e-06 22.6173
0-2-3-5-0-0-1-3-0-1-2-4-0-1-2 37830920 32.4558 0.211918 0 31.7062
0-2-3-5-0-0-1-3-0-1-2-4-0-2-3 2059925133 33.4219 13.5416 2e-06 19.4688
0-2-3-5-0-0-1-3-0-2-3-5-0-0-1 3415726164 24.0458 5.1305 1e-06 18.5153
0-2-3-5-0-0-1-3-0-2-3-5-0-1-2 190198833 23.4334 1.58076 1e-06 21.2709
0-2-3-5-0-0-1-3-0-2-3-5-0-2-3 850019208 17.291 1.88966 2e-06 15.0346
0-2-3-5-0-1-2-4-0-0-1-3-0-0-1 7395941882 32.5417 9.89623 1e-06 22.0855
0-2-3-5-0-1-2-4-0-0-1-3-0-1-2 218358783 27.1697 0.554269 1e-06 26.1255
0-2-3-5-0-1-2-4-0-0-1-3-0-2-3 1943486327 23.1141 3.80644 3e-06 18.9745
0-2-3-5-0-1-2-4-0-1-2-4-0-0-1 1894734503 24.3549 1.24451 1e-06 22.8285
0-2-3-5-0-1-2-4-0-1-2-4-0-1-2 3655061 33.0511 0.064209 2e-06 32.6848
0-2-3-5-0-1-2-4-0-1-2-4-0-2-3 506118651 19.6265 0.438894 3e-06 18.8709
0-2-3-5-0-1-2-4-0-2-3-5-0-0-1 9318882335 29.457 15.2022 1e-06 13.9091
0-2-3-5-0-1-2-4-0-2-3-5-0-1-2 255197384 18.6364 0.667544 3e-06 17.5454
0-2-3-5-0-1-2-4-0-2-3-5-0-2-3 2055095988 15.6473 3.97926 2e-06 11.1992
0-2-3-5-0-2-3-5-0-0-1-3-0-0-1 2530088289 19.7732 2.59147 1e-06 16.8117
0-2-3-5-0-2-3-5-0-0-1-3-0-1-2 161408745 24.2099 0.396144 3e-06 23.4672
0-2-3-5-0-2-3-5-0-0-1-3-0-2-3 870458224 20.024 1.47005 3e-06 18.1902
0-2-3-5-0-2-3-5-0-1-2-4-0-0-1 10914351715 34.5004 16.7729 1e-06 17.3711
0-2-3-5-0-2-3-5-0-1-2-4-0-1-2 40945109 24.7814 0.130287 3e-06 24.1319
0-2-3-5-0-2-3-5-0-1-2-4-0-2-3 2309517773 17.6006 4.64754 3e-06 12.6476
0-2-3-5-0-2-3-5-0-2-3-5-0-0-1 2915519858 15.4213 3.39153 3e-06 11.6992
0-2-3-5-0-2-3-5-0-2-3-5-0-1-2 171400878 15.7404 0.438094 1e-06 14.96
0-2-3-5-0-2-3-5-0-2-3-5-0-2-3 720236673 11.1711 1.19257 2e-06 9.6793
1-3-0-0-1-3-0-0-1-3-0-0-1-3-0 1419222105 23.8294 1.87193 1e-06 21.4574
1-3-0-0-1-3-0-0-1-3-0-1-2-4-0 6981552054 27.2779 8.22218 2e-06 18.5854
1-3-0-0-1-3-0-0-1-3-0-2-3-5-0 1672292507 18.1373 1.69212 1e-06 15.9854
1-3-0-0-1-3-0-1-2-4-0-0-1-3-0 7987729204 34.2516 10.4882 1e-06 23.3141
1-3-0-0-1-3-0-1-2-4-0-1-2-4-0 1526994749 27.227 1.38192 1e-06 25.4708
1-3-0-0-1-3-0-1-2-4-0-2-3-5-0 7395941882 24.7352 8.44629 1e-06 15.837
1-3-0-0-1-3-0-2-3-5-0-0-1-3-0 3772537047 24.9263 3.18056 1e-06 21.2775
1-3-0-0-1-3-0-2-3-5-0-1-2-4-0 13132687846 29.2202 11.0722 0 17.7625
1-3-0-0-1-3-0-2-3-5-0-2-3-5-0 2530088289 16.6886 2.04462 1e-06 14.1512
1-3-0-1-2-4-0-0-1-3-0-0-1-3-0 8528240999 31.7526 6.48099 3e-06 24.808
1-3-0-1-2-4-0-0-1-3-0-1-2-4-0 24412339572 39.5298 17.3244 1e-06 21.8039
1-3-0-1-2-4-0-0-1-3-0-2-3-5-0 9235067917 24.7776 6.51299 1e-06 17.3364
1-3-0-1-2-4-0-1-2-4-0-0-1-3-0 2048424087 27.3778 1.43542 1e-06 25.5726
1-3-0-1-2-4-0-1-2-4-0-1-2-4-0 162901838 27.4841 0.166844 1e-06 26.9888
1-3-0-1-2-4-0-1-2-4-0-2-3-5-0 1894734503 19.1982 1.3082 2e-06 17.5847
1-3-0-1-2-4-0-2-3-5-0-0-1-3-0 16986975289 33.3806 14.011 1e-06 19.0108
1-3-0-1-2-4-0-2-3-5-0-1-2-4-0 35145744956 39.9339 23.6277 1e-06 15.84
1-3-0-1-2-4-0-2-3-5-0-2-3-5-0 10914351715 20.5719 7.4225 1e-06 12.1623
1-3-0-2-3-5-0-0-1-3-0-0-1-3-0 2936038078 26.8314 2.06944 1e-06 23.4102
1-3-0-2-3-5-0-0-1-3-0-1-2-4-0 12404302670 28.4522 8.33602 2e-06 19.6173
1-3-0-2-3-5-0-0-1-3-0-2-3-5-0 3415726164 19.175 2.45324 1e-06 16.1379
1-3-0-2-3-5-0-1-2-4-0-0-1-3-0 11787767512 31.8803 10.0965 0 21.1911
1-3-0-2-3-5-0-1-2-4-0-1-2-4-0 2284018485 25.2075 1.85608 0 22.7925
1-3-0-2-3-5-0-1-2-4-0-2-3-5-0 9318882335 22.5207 8.5265 1e-06 13.405
1-3-0-2-3-5-0-2-3-5-0-0-1-3-0 4348753892 19.6937 3.6302 0 15.6801
1-3-0-2-3-5-0-2-3-5-0-1-2-4-0 13712931524 25.7437 12.6194 1e-06 12.7842
1-3-0-2-3-5-0-2-3-5-0-2-3-5-0 2915519858 11.3328 1.99615 1e-06 8.87576
2-4-0-0-1-3-0-0-1-3-0-0-1-3-0 138163365 25.4496 0.451884 1e-06 24.4814
2-4-0-0-1-3-0-0-1-3-0-1-2-4-0 340624697 24.989 2.64146 1e-06 21.9247
2-4-0-0-1-3-0-0-1-3-0-2-3-5-0 131792782 19.5443 0.409819 1e-06 18.5345
2-4-0-0-1-3-0-1-2-4-0-0-1-3-0 318472348 24.7391 0.66282 1e-06 23.7355
2-4-0-0-1-3-0-1-2-4-0-1-2-4-0 123397885 26.8026 0.492662 1e-06 25.961
2-4-0-0-1-3-0-1-2-4-0-2-3-5-0 218358783 17.3033 0.457774 1e-06 16.5481
2-4-0-0-1-3-0-2-3-5-0-0-1-3-0 261962127 21.4281 0.516136 1e-06 20.5217
2-4-0-0-1-3-0-2-3-5-0-1-2-4-0 432860830 18.0557 1.33548 3e-06 16.4018
2-4-0-0-1-3-0-2-3-5-0-2-3-5-0 161408745 13.2535 0.308009 1e-06 12.6276
2-4-0-1-2-4-0-0-1-3-0-0-1-3-0 32064885 24.0313 0.174725 1e-06 23.461
2-4-0-1-2-4-0-0-1-3-0-1-2-4-0 123397885 21.5105 0.491827 2e-06 20.711
2-4-0-1-2-4-0-0-1-3-0-2-3-5-0 37830920 15.3095 0.112905 1e-06 14.8755
2-4-0-1-2-4-0-1-2-4-0-0-1-3-0 4858893 21.4111 0.016573 1e-06 21.0821
2-4-0-1-2-4-0-1-2-4-0-1-2-4-0 214540 25.5321 0.006041 1e-06 25.29
2-4-0-1-2-4-0-1-2-4-0-2-3-5-0 3655061 16.2801 0.014758 1e-06 16.0152
2-4-0-1-2-4-0-2-3-5-0-0-1-3-0 61703686 17.3082 0.087632 1e-06 16.8856
2-4-0-1-2-4-0-2-3-5-0-1-2-4-0 204481511 16.2552 0.435774 1e-06 15.5404
2-4-0-1-2-4-0-2-3-5-0-2-3-5-0 40945109 11.1483 0.053519 1e-06 10.8384
2-4-0-2-3-5-0-0-1-3-0-0-1-3-0 223660339 18.8617 0.58056 1e-06 17.9239
2-4-0-2-3-5-0-0-1-3-0-1-2-4-0 437484879 19.7516 2.91861 1e-06 16.4154
2-4-0-2-3-5-0-0-1-3-0-2-3-5-0 190198833 11.2277 0.62253 1e-06 10.316
2-4-0-2-3-5-0-1-2-4-0-0-1-3-0 410442979 15.7645 0.929837 0 14.5534
2-4-0-2-3-5-0-1-2-4-0-1-2-4-0 204481511 19.5873 0.403914 1e-06 18.933
2-4-0-2-3-5-0-1-2-4-0-2-3-5-0 255197384 10.4661 0.653056 1e-06 9.56855
2-4-0-2-3-5-0-2-3-5-0-0-1-3-0 284130311 13.6441 0.524383 1e-06 12.5917
2-4-0-2-3-5-0-2-3-5-0-1-2-4-0 453417926 13.2428 1.45253 1e-06 11.4422
2-4-0-2-3-5-0-2-3-5-0-2-3-5-0 171400878 7.95985 0.31898 1e-06 7.37109
3-5-0-0-1-3-0-0-1-3-0-0-1-3-0 557356291 19.785 0.876847 1e-06 18.5187
3-5-0-0-1-3-0-0-1-3-0-1-2-4-0 2154511237 21.5385 3.64777 1e-06 17.4748
3-5-0-0-1-3-0-0-1-3-0-2-3-5-0 621471008 16.013 0.847355 1e-06 14.6759
3-5-0-0-1-3-0-1-2-4-0-0-1-3-0 2251924502 22.3209 3.25135 1e-06 18.7244
3-5-0-0-1-3-0-1-2-4-0-1-2-4-0 558683771 23.276 0.720165 1e-06 22.2237
3-5-0-0-1-3-0-1-2-4-0-2-3-5-0 1943486327 15.9564 2.59858 0 12.9614
3-5-0-0-1-3-0-2-3-5-0-0-1-3-0 1323919871 21.0888 1.3769 1e-06 19.3313
3-5-0-0-1-3-0-2-3-5-0-1-2-4-0 3706945361 21.0863 4.13931 1e-06 16.6043
3-5-0-0-1-3-0-2-3-5-0-2-3-5-0 870458224 12.3524 0.888865 1e-06 11.1223
3-5-0-1-2-4-0-0-1-3-0-0-1-3-0 2046689750 20.9721 1.90034 1e-06 18.6674
3-5-0-1-2-4-0-0-1-3-0-1-2-4-0 5149393700 22.3103 4.51796 1e-06 17.4875
3-5-0-1-2-4-0-0-1-3-0-2-3-5-0 2059925133 16.0326 1.90115 1e-06 13.754
3-5-0-1-2-4-0-1-2-4-0-0-1-3-0 571674484 21.4005 0.410594 2e-06 20.6449
3-5-0-1-2-4-0-1-2-4-0-1-2-4-0 49992362 24.3502 0.03954 1e-06 24.0021
3-5-0-1-2-4-0-1-2-4-0-2-3-5-0 506118651 15.7047 0.366395 1e-06 15.0898
3-5-0-1-2-4-0-2-3-5-0-0-1-3-0 3651237370 19.406 3.85228 1e-06 15.2387
3-5-0-1-2-4-0-2-3-5-0-1-2-4-0 7067847345 21.6806 5.81165 1e-06 15.5776
3-5-0-1-2-4-0-2-3-5-0-2-3-5-0 2309517773 13.3128 1.98708 1e-06 10.9975
3-5-0-2-3-5-0-0-1-3-0-0-1-3-0 775328762 19.4016 1.06445 1e-06 17.8472
3-5-0-2-3-5-0-0-1-3-0-1-2-4-0 2866699894 20.9068 4.99669 1e-06 15.5352
3-5-0-2-3-5-0-0-1-3-0-2-3-5-0 850019208 13.5044 1.22932 0 11.8502
3-5-0-2-3-5-0-1-2-4-0-0-1-3-0 2711106070 19.6484 3.68143 1e-06 15.627
3-5-0-2-3-5-0-1-2-4-0-1-2-4-0 606916000 20.3187 0.640161 1e-06 19.3687
3-5-0-2-3-5-0-1-2-4-0-2-3-5-0 2055095988 13.5486 2.82492 1e-06 10.4134
3-5-0-2-3-5-0-2-3-5-0-0-1-3-0 1094724705 14.7067 1.0212 1e-06 13.3626
3-5-0-2-3-5-0-2-3-5-0-1-2-4-0 3056988612 15.2913 3.51964 1e-06 11.4829
3-5-0-2-3-5-0-2-3-5-0-2-3-5-0 720236673 8.88542 0.722694 0 7.8561
