0-0-1-3-0-0-1-3-0-0-1-3-0-0-1 1419222105 24.7877 1.62456 1e-06 21.3851
0-0-1-3-0-0-1-3-0-0-1-3-0-1-2 138163365 28.2958 1.03729 1e-06 26.3592
0-0-1-3-0-0-1-3-0-0-1-3-0-2-3 557356291 22.8838 0.646907 3e-06 21.3438
0-0-1-3-0-0-1-3-0-1-2-4-0-0-1 8528240999 34.8561 13.6223 1e-06 20.3483
0-0-1-3-0-0-1-3-0-1-2-4-0-1-2 32064885 27.5778 0.124071 0 26.262
0-0-1-3-0-0-1-3-0-1-2-4-0-2-3 2046689750 23.9269 4.71931 4e-06 18.1333
0-0-1-3-0-0-1-3-0-2-3-5-0-0-1 2936038078 21.1156 2.10336 1e-06 18.143
0-0-1-3-0-0-1-3-0-2-3-5-0-1-2 223660339 21.437 0.554042 0 20.0851
0-0-1-3-0-0-1-3-0-2-3-5-0-2-3 775328762 17.1089 0.687936 2e-06 15.6826
0-0-1-3-0-1-2-4-0-0-1-3-0-0-1 7987729204 29.0539 6.95417 2e-06 21.3466
0-0-1-3-0-1-2-4-0-0-1-3-0-1-2 318472348 22.3637 0.392001 1e-06 21.0196
0-0-1-3-0-1-2-4-0-0-1-3-0-2-3 2251924502 19.5773 2.36967 2e-06 16.3805
0-0-1-3-0-1-2-4-0-1-2-4-0-0-1 2048424087 20.6999 1.52127 3e-06 18.3966
0-0-1-3-0-1-2-4-0-1-2-4-0-1-2 4858893 27.3202 0.06349 1.4e-05 26.4267
0-0-1-3-0-1-2-4-0-1-2-4-0-2-3 571674484 17.7147 0.634553 3e-06 16.3557
0-0-1-3-0-1-2-4-0-2-3-5-0-0-1 11787767512 26.037 10.8123 1e-06 14.4303
0-0-1-3-0-1-2-4-0-2-3-5-0-1-2 410442979 17.6257 0.488259 0 16.08
0-0-1-3-0-1-2-4-0-2-3-5-0-2-3 2711106070 15.4039 2.49981 1e-06 11.9337
0-0-1-3-0-2-3-5-0-0-1-3-0-0-1 3772537047 20.3966 2.18563 1e-06 17.1909
0-0-1-3-0-2-3-5-0-0-1-3-0-1-2 261962127 19.7404 0.319751 1e-06 18.6412
0-0-1-3-0-2-3-5-0-0-1-3-0-2-3 1323919871 16.4748 1.08967 2e-06 14.6795
0-0-1-3-0-2-3-5-0-1-2-4-0-0-1 16986975289 28.8205 13.6554 1e-06 14.4661
0-0-1-3-0-2-3-5-0-1-2-4-0-1-2 61703686 20.3848 0.108741 1e-06 19.6355
0-0-1-3-0-2-3-5-0-1-2-4-0-2-3 3651237370 15.5336 3.34659 1e-06 11.7404
0-0-1-3-0-2-3-5-0-2-3-5-0-0-1 4348753892 14.6425 2.26583 1e-06 11.869
0-0-1-3-0-2-3-5-0-2-3-5-0-1-2 284130311 14.375 0.324071 1e-06 13.4679
0-0-1-3-0-2-3-5-0-2-3-5-0-2-3 1094724705 10.6745 0.810529 2e-06 9.42227
0-1-2-4-0-0-1-3-0-0-1-3-0-0-1 6981552054 19.743 2.4855 1e-06 16.7457
0-1-2-4-0-0-1-3-0-0-1-3-0-1-2 340624697 21.5173 0.228305 1e-06 20.79
0-1-2-4-0-0-1-3-0-0-1-3-0-2-3 2154511237 17.1354 0.762171 2e-06 15.9285
0-1-2-4-0-0-1-3-0-1-2-4-0-0-1 24412339572 28.2139 11.958 0 15.8341
0-1-2-4-0-0-1-3-0-1-2-4-0-1-2 123397885 22.3356 0.139799 2e-06 21.302
0-1-2-4-0-0-1-3-0-1-2-4-0-2-3 5149393700 15.5944 1.70013 3e-06 13.3546
0-1-2-4-0-0-1-3-0-2-3-5-0-0-1 12404302670 17.8392 4.169 0 12.9484
0-1-2-4-0-0-1-3-0-2-3-5-0-1-2 437484879 16.387 0.203047 2e-06 15.5018
0-1-2-4-0-0-1-3-0-2-3-5-0-2-3 2866699894 12.7633 0.943494 2e-06 11.4174
0-1-2-4-0-1-2-4-0-0-1-3-0-0-1 1526994749 17.7853 0.460794 1e-06 16.8877
0-1-2-4-0-1-2-4-0-0-1-3-0-1-2 123397885 19.5284 0.06226 0 18.9693
0-1-2-4-0-1-2-4-0-0-1-3-0-2-3 558683771 15.4703 0.185365 1e-06 14.8212
0-1-2-4-0-1-2-4-0-1-2-4-0-0-1 162901838 17.487 0.063219 1e-06 17.0259
0-1-2-4-0-1-2-4-0-1-2-4-0-1-2 214540 23.5879 0.016109 2e-06 23.2308
0-1-2-4-0-1-2-4-0-1-2-4-0-2-3 49992362 15.7594 0.032584 3e-06 15.308
0-1-2-4-0-1-2-4-0-2-3-5-0-0-1 2284018485 13.6493 0.777954 1e-06 12.4541
0-1-2-4-0-1-2-4-0-2-3-5-0-1-2 204481511 15.4736 0.070738 1e-06 14.9989
0-1-2-4-0-1-2-4-0-2-3-5-0-2-3 606916000 11.8674 0.192428 3e-06 11.3214
0-1-2-4-0-2-3-5-0-0-1-3-0-0-1 13132687846 22.7388 6.53715 1e-06 15.7221
0-1-2-4-0-2-3-5-0-0-1-3-0-1-2 432860830 20.3936 0.349482 0 19.3761
0-1-2-4-0-2-3-5-0-0-1-3-0-2-3 3706945361 17.2762 1.27108 1e-06 15.4501
0-1-2-4-0-2-3-5-0-1-2-4-0-0-1 35145744956 30.9118 17.9641 3e-06 12.4946
0-1-2-4-0-2-3-5-0-1-2-4-0-1-2 204481511 21.5495 0.168451 3e-06 20.7062
0-1-2-4-0-2-3-5-0-1-2-4-0-2-3 7067847345 15.3305 1.97526 2e-06 11.8346
0-1-2-4-0-2-3-5-0-2-3-5-0-0-1 13712931524 16.2153 4.46044 1e-06 11.0584
0-1-2-4-0-2-3-5-0-2-3-5-0-1-2 453417926 15.9549 0.250545 1e-06 14.3918
0-1-2-4-0-2-3-5-0-2-3-5-0-2-3 3056988612 11.5335 1.06393 3e-06 9.82801
0-2-3-5-0-0-1-3-0-0-1-3-0-0-1 1672292507 21.309 1.06341 1e-06 19.1103
0-2-3-5-0-0-1-3-0-0-1-3-0-1-2 131792782 21.1169 0.2752 2e-06 20.2778
0-2-3-5-0-0-1-3-0-0-1-3-0-2-3 621471008 17.1677 0.688286 3e-06 15.8045
0-2-3-5-0-0-1-3-0-1-2-4-0-0-1 9235067917 36.4547 19.2413 1e-06 16.5206
0-2-3-5-0-0-1-3-0-1-2-4-0-1-2 37830920 23.3513 0.132137 1e-06 22.4459
0-2-3-5-0-0-1-3-0-1-2-4-0-2-3 2059925133 21.6397 7.00207 2e-06 14.1456
0-2-3-5-0-0-1-3-0-2-3-5-0-0-1 3415726164 17.5303 2.74097 1e-06 14.3063
0-2-3-5-0-0-1-3-0-2-3-5-0-1-2 190198833 16.8464 0.785491 1e-06 15.5974
0-2-3-5-0-0-1-3-0-2-3-5-0-2-3 850019208 13.7341 0.953992 2e-06 12.3493
0-2-3-5-0-1-2-4-0-0-1-3-0-0-1 7395941882 24.2234 5.88387 1e-06 17.6412
0-2-3-5-0-1-2-4-0-0-1-3-0-1-2 218358783 20.2855 0.292325 3e-06 19.3046
0-2-3-5-0-1-2-4-0-0-1-3-0-2-3 1943486327 17.2505 1.84084 2e-06 14.9885
0-2-3-5-0-1-2-4-0-1-2-4-0-0-1 1894734503 18.3242 0.6047 1e-06 17.368
0-2-3-5-0-1-2-4-0-1-2-4-0-1-2 3655061 23.4175 0.049177 2e-06 22.9653
0-2-3-5-0-1-2-4-0-1-2-4-0-2-3 506118651 15.1229 0.203126 2e-06 14.5688
0-2-3-5-0-1-2-4-0-2-3-5-0-0-1 9318882335 20.9962 8.44795 1e-06 12.1249
0-2-3-5-0-1-2-4-0-2-3-5-0-1-2 255197384 15.5052 0.393271 1e-06 14.5061
0-2-3-5-0-1-2-4-0-2-3-5-0-2-3 2055095988 12.0044 1.9911 2e-06 9.5665
0-2-3-5-0-2-3-5-0-0-1-3-0-0-1 2530088289 16.859 1.36811 1e-06 15.0314
0-2-3-5-0-2-3-5-0-0-1-3-0-1-2 161408745 19.038 0.213214 3e-06 18.3781
0-2-3-5-0-2-3-5-0-0-1-3-0-2-3 870458224 14.2225 0.79933 3e-06 12.9364
0-2-3-5-0-2-3-5-0-1-2-4-0-0-1 10914351715 21.6698 9.18439 1e-06 12.0824
0-2-3-5-0-2-3-5-0-1-2-4-0-1-2 40945109 18.3273 0.075698 3e-06 17.7248
0-2-3-5-0-2-3-5-0-1-2-4-0-2-3 2309517773 12.7111 2.35176 2e-06 9.82166
0-2-3-5-0-2-3-5-0-2-3-5-0-0-1 2915519858 12.0117 1.76382 2e-06 9.63711
0-2-3-5-0-2-3-5-0-2-3-5-0-1-2 171400878 12.4368 0.235546 1e-06 11.7733
0-2-3-5-0-2-3-5-0-2-3-5-0-2-3 720236673 8.97831 0.635178 2e-06 7.95802
1-3-0-0-1-3-0-0-1-3-0-0-1-3-0 1419222105 20.7641 1.04629 2e-06 19.2156
1-3-0-0-1-3-0-0-1-3-0-1-2-4-0 6981552054 24.876 4.95396 1e-06 19.4462
1-3-0-0-1-3-0-0-1-3-0-2-3-5-0 1672292507 15.9659 0.923467 1e-06 14.4953
1-3-0-0-1-3-0-1-2-4-0-0-1-3-0 7987729204 23.5404 5.76572 1e-06 17.2845
1-3-0-0-1-3-0-1-2-4-0-1-2-4-0 1526994749 18.1282 0.644469 2e-06 17.0871
1-3-0-0-1-3-0-1-2-4-0-2-3-5-0 7395941882 16.3255 4.12567 1e-06 11.7943
1-3-0-0-1-3-0-2-3-5-0-0-1-3-0 3772537047 19.7016 1.61886 2e-06 17.6543
1-3-0-0-1-3-0-2-3-5-0-1-2-4-0 13132687846 20.1493 6.96123 2e-06 12.6259
1-3-0-0-1-3-0-2-3-5-0-2-3-5-0 2530088289 11.578 1.04212 0 9.65985
1-3-0-1-2-4-0-0-1-3-0-0-1-3-0 8528240999 19.5997 3.66385 1e-06 15.2197
1-3-0-1-2-4-0-0-1-3-0-1-2-4-0 24412339572 25.1699 11.6459 1e-06 13.1145
1-3-0-1-2-4-0-0-1-3-0-2-3-5-0 9235067917 17.014 3.55177 1e-06 12.3439
1-3-0-1-2-4-0-1-2-4-0-0-1-3-0 2048424087 17.3029 0.668621 2e-06 16.194
1-3-0-1-2-4-0-1-2-4-0-1-2-4-0 162901838 17.2338 0.088039 1e-06 16.6981
1-3-0-1-2-4-0-1-2-4-0-2-3-5-0 1894734503 11.7436 0.599155 1e-06 10.8756
1-3-0-1-2-4-0-2-3-5-0-0-1-3-0 16986975289 20.8458 8.18641 1e-06 11.9509
1-3-0-1-2-4-0-2-3-5-0-1-2-4-0 35145744956 28.4191 16.044 1e-06 11.7208
1-3-0-1-2-4-0-2-3-5-0-2-3-5-0 10914351715 14.8299 3.93331 1e-06 8.82197
1-3-0-2-3-5-0-0-1-3-0-0-1-3-0 2936038078 19.3356 1.13193 1e-06 17.0355
1-3-0-2-3-5-0-0-1-3-0-1-2-4-0 12404302670 19.6218 4.45332 1e-06 14.5214
1-3-0-2-3-5-0-0-1-3-0-2-3-5-0 3415726164 13.7746 1.267 1e-06 11.8058
1-3-0-2-3-5-0-1-2-4-0-0-1-3-0 11787767512 20.4552 4.99058 1e-06 14.884
1-3-0-2-3-5-0-1-2-4-0-1-2-4-0 2284018485 16.6475 0.933306 1e-06 14.9935
1-3-0-2-3-5-0-1-2-4-0-2-3-5-0 9318882335 12.8178 4.15204 1e-06 8.32447
1-3-0-2-3-5-0-2-3-5-0-0-1-3-0 4348753892 13.2108 1.96456 1e-06 10.8022
1-3-0-2-3-5-0-2-3-5-0-1-2-4-0 13712931524 17.1119 7.46647 1e-06 9.02993
1-3-0-2-3-5-0-2-3-5-0-2-3-5-0 2915519858 9.08987 1.04741 1e-06 7.27485
2-4-0-0-1-3-0-0-1-3-0-0-1-3-0 138163365 20.6299 0.296349 1e-06 19.5412
2-4-0-0-1-3-0-0-1-3-0-1-2-4-0 340624697 16.7821 1.37221 1e-06 14.9542
2-4-0-0-1-3-0-0-1-3-0-2-3-5-0 131792782 13.3118 0.213284 1e-06 12.5104
2-4-0-0-1-3-0-1-2-4-0-0-1-3-0 318472348 16.9825 0.337398 1e-06 16.1712
2-4-0-0-1-3-0-1-2-4-0-1-2-4-0 123397885 17.3797 0.388014 1e-06 16.6065
2-4-0-0-1-3-0-1-2-4-0-2-3-5-0 218358783 11.7097 0.230834 2e-06 10.8532
2-4-0-0-1-3-0-2-3-5-0-0-1-3-0 261962127 15.9426 0.280204 2e-06 15.0607
2-4-0-0-1-3-0-2-3-5-0-1-2-4-0 432860830 14.5751 1.71802 1e-06 12.317
2-4-0-0-1-3-0-2-3-5-0-2-3-5-0 161408745 10.258 0.165902 1e-06 9.66652
2-4-0-1-2-4-0-0-1-3-0-0-1-3-0 32064885 20.1377 0.103931 1e-06 19.5936
2-4-0-1-2-4-0-0-1-3-0-1-2-4-0 123397885 17.2917 0.374476 0 16.5271
2-4-0-1-2-4-0-0-1-3-0-2-3-5-0 37830920 13.6193 0.083374 1e-06 13.1342
2-4-0-1-2-4-0-1-2-4-0-0-1-3-0 4858893 17.5894 0.010989 0 17.1726
2-4-0-1-2-4-0-1-2-4-0-1-2-4-0 214540 18.3616 0.004712 2e-06 17.8222
2-4-0-1-2-4-0-1-2-4-0-2-3-5-0 3655061 13.5875 0.008183 1e-06 13.2267
2-4-0-1-2-4-0-2-3-5-0-0-1-3-0 61703686 16.4989 0.05044 1e-06 16.0495
2-4-0-1-2-4-0-2-3-5-0-1-2-4-0 204481511 13.0536 0.301333 1e-06 12.3983
2-4-0-1-2-4-0-2-3-5-0-2-3-5-0 40945109 10.0345 0.034418 1e-06 9.40024
2-4-0-2-3-5-0-0-1-3-0-0-1-3-0 223660339 17.4492 0.327134 2e-06 16.6625
2-4-0-2-3-5-0-0-1-3-0-1-2-4-0 437484879 16.5938 2.70441 1e-06 13.4238
2-4-0-2-3-5-0-0-1-3-0-2-3-5-0 190198833 10.1106 0.343118 1e-06 9.32243
2-4-0-2-3-5-0-1-2-4-0-0-1-3-0 410442979 12.9464 0.469731 2e-06 12.0852
2-4-0-2-3-5-0-1-2-4-0-1-2-4-0 204481511 13.8681 0.289772 1e-06 13.2165
2-4-0-2-3-5-0-1-2-4-0-2-3-5-0 255197384 8.03967 0.320287 1e-06 7.35743
2-4-0-2-3-5-0-2-3-5-0-0-1-3-0 284130311 10.8416 0.256463 1e-06 10.125
2-4-0-2-3-5-0-2-3-5-0-1-2-4-0 453417926 9.65563 0.792738 1e-06 8.4979
2-4-0-2-3-5-0-2-3-5-0-2-3-5-0 171400878 7.27841 0.172165 1e-06 6.72539
3-5-0-0-1-3-0-0-1-3-0-0-1-3-0 557356291 17.5553 0.474596 1e-06 16.58
3-5-0-0-1-3-0-0-1-3-0-1-2-4-0 2154511237 16.7566 1.97439 1e-06 14.3068
3-5-0-0-1-3-0-0-1-3-0-2-3-5-0 621471008 14.7961 0.43423 1e-06 13.8558
3-5-0-0-1-3-0-1-2-4-0-0-1-3-0 2251924502 18.7971 1.60141 0 16.7423
3-5-0-0-1-3-0-1-2-4-0-1-2-4-0 558683771 18.2604 0.357305 1e-06 17.4602
3-5-0-0-1-3-0-1-2-4-0-2-3-5-0 1943486327 13.2518 1.28929 1e-06 11.5177
3-5-0-0-1-3-0-2-3-5-0-0-1-3-0 1323919871 17.1937 0.691119 1e-06 16.0123
3-5-0-0-1-3-0-2-3-5-0-1-2-4-0 3706945361 16.164 2.37644 0 13.3457
3-5-0-0-1-3-0-2-3-5-0-2-3-5-0 870458224 10.9097 0.439761 1e-06 9.98671
3-5-0-1-2-4-0-0-1-3-0-0-1-3-0 2046689750 17.1841 0.914456 0 15.8288
3-5-0-1-2-4-0-0-1-3-0-1-2-4-0 5149393700 16.9048 2.50941 1e-06 13.8123
3-5-0-1-2-4-0-0-1-3-0-2-3-5-0 2059925133 12.4849 0.949662 1e-06 11.0463
3-5-0-1-2-4-0-1-2-4-0-0-1-3-0 571674484 16.8932 0.196331 1e-06 16.3194
3-5-0-1-2-4-0-1-2-4-0-1-2-4-0 49992362 17.646 0.02028 1e-06 17.2901
3-5-0-1-2-4-0-1-2-4-0-2-3-5-0 506118651 11.8401 0.180374 1e-06 11.3026
3-5-0-1-2-4-0-2-3-5-0-0-1-3-0 3651237370 16.0987 1.80767 1e-06 13.5745
3-5-0-1-2-4-0-2-3-5-0-1-2-4-0 7067847345 14.7421 3.72352 1e-06 10.5542
3-5-0-1-2-4-0-2-3-5-0-2-3-5-0 2309517773 9.80148 1.00472 1e-06 8.17888
3-5-0-2-3-5-0-0-1-3-0-0-1-3-0 775328762 17.2628 0.521252 2e-06 16.2277
3-5-0-2-3-5-0-0-1-3-0-1-2-4-0 2866699894 17.4649 2.62481 1e-06 14.1492
3-5-0-2-3-5-0-0-1-3-0-2-3-5-0 850019208 12.9284 0.655782 1e-06 11.7987
3-5-0-2-3-5-0-1-2-4-0-0-1-3-0 2711106070 15.5913 1.70808 1e-06 13.4431
3-5-0-2-3-5-0-1-2-4-0-1-2-4-0 606916000 15.2658 0.323462 1e-06 14.5304
3-5-0-2-3-5-0-1-2-4-0-2-3-5-0 2055095988 10.3929 1.35886 1e-06 8.50415
3-5-0-2-3-5-0-2-3-5-0-0-1-3-0 1094724705 13.8323 0.53442 1e-06 12.8644
3-5-0-2-3-5-0-2-3-5-0-1-2-4-0 3056988612 12.5368 1.92842 1e-06 10.1956
3-5-0-2-3-5-0-2-3-5-0-2-3-5-0 720236673 8.59634 0.374655 2e-06 7.76076
