0-0-1-3-0-0-1-3-0-0-1-3-0-0-1 1419222105 22.8829 1.37138 2e-06 20.4919
0-0-1-3-0-0-1-3-0-0-1-3-0-1-2 138163365 21.9264 0.578792 1e-06 20.4784
0-0-1-3-0-0-1-3-0-0-1-3-0-2-3 557356291 19.9055 0.3987 1e-06 18.5937
0-0-1-3-0-0-1-3-0-1-2-4-0-0-1 8528240999 26.4255 8.7159 1e-06 16.7871
0-0-1-3-0-0-1-3-0-1-2-4-0-1-2 32064885 22.7607 0.200591 1e-06 21.0317
0-0-1-3-0-0-1-3-0-1-2-4-0-2-3 2046689750 19.537 2.7096 1e-06 15.9901
0-0-1-3-0-0-1-3-0-2-3-5-0-0-1 2936038078 17.5899 1.34182 1e-06 15.4126
0-0-1-3-0-0-1-3-0-2-3-5-0-1-2 223660339 16.7493 0.388155 1e-06 15.4955
0-0-1-3-0-0-1-3-0-2-3-5-0-2-3 775328762 14.5897 0.395035 2e-06 13.1037
0-0-1-3-0-1-2-4-0-0-1-3-0-0-1 7987729204 21.749 4.38511 1e-06 16.5672
0-0-1-3-0-1-2-4-0-0-1-3-0-1-2 318472348 19.0102 0.229718 0 17.2895
0-0-1-3-0-1-2-4-0-0-1-3-0-2-3 2251924502 16.4646 1.28813 2e-06 14.1661
0-0-1-3-0-1-2-4-0-1-2-4-0-0-1 2048424087 16.9604 0.833067 0 14.9991
0-0-1-3-0-1-2-4-0-1-2-4-0-1-2 4858893 19.3861 0.033275 1e-06 18.5521
0-0-1-3-0-1-2-4-0-1-2-4-0-2-3 571674484 14.8835 0.339276 2e-06 13.5042
0-0-1-3-0-1-2-4-0-2-3-5-0-0-1 11787767512 20.0746 6.95794 1e-06 12.3248
0-0-1-3-0-1-2-4-0-2-3-5-0-1-2 410442979 16.029 0.257937 1e-06 13.8552
0-0-1-3-0-1-2-4-0-2-3-5-0-2-3 2711106070 12.9749 1.49886 1e-06 10.5805
0-0-1-3-0-2-3-5-0-0-1-3-0-0-1 3772537047 18.7227 1.35467 0 16.3239
0-0-1-3-0-2-3-5-0-0-1-3-0-1-2 261962127 16.4831 0.176656 3e-06 15.1919
0-0-1-3-0-2-3-5-0-0-1-3-0-2-3 1323919871 13.5089 0.580615 1e-06 12.1114
0-0-1-3-0-2-3-5-0-1-2-4-0-0-1 16986975289 20.8077 8.63412 1e-06 11.1535
0-0-1-3-0-2-3-5-0-1-2-4-0-1-2 61703686 17.8075 0.190212 1e-06 16.5326
0-0-1-3-0-2-3-5-0-1-2-4-0-2-3 3651237370 14.4868 1.69505 2e-06 11.8713
0-0-1-3-0-2-3-5-0-2-3-5-0-0-1 4348753892 14.4821 1.3038 2e-06 12.3478
0-0-1-3-0-2-3-5-0-2-3-5-0-1-2 284130311 13.4599 0.172372 1e-06 12.5033
0-0-1-3-0-2-3-5-0-2-3-5-0-2-3 1094724705 10.6563 0.462312 2e-06 9.45914
0-1-2-4-0-0-1-3-0-0-1-3-0-0-1 6981552054 20.6604 2.04528 1e-06 17.6217
0-1-2-4-0-0-1-3-0-0-1-3-0-1-2 340624697 19.5641 0.130126 1e-06 18.6932
0-1-2-4-0-0-1-3-0-0-1-3-0-2-3 2154511237 14.8255 0.376547 0 13.7706
0-1-2-4-0-0-1-3-0-1-2-4-0-0-1 24412339572 24.3765 9.122 1e-06 14.5963
0-1-2-4-0-0-1-3-0-1-2-4-0-1-2 123397885 17.0996 0.18417 1e-06 16.1465
0-1-2-4-0-0-1-3-0-1-2-4-0-2-3 5149393700 13.7989 0.89563 1e-06 11.6077
0-1-2-4-0-0-1-3-0-2-3-5-0-0-1 12404302670 15.3716 2.61703 1e-06 11.1339
0-1-2-4-0-0-1-3-0-2-3-5-0-1-2 437484879 15.2869 0.119539 1e-06 13.878
0-1-2-4-0-0-1-3-0-2-3-5-0-2-3 2866699894 12.1184 0.523207 2e-06 10.8946
0-1-2-4-0-1-2-4-0-0-1-3-0-0-1 1526994749 15.5851 0.298757 1e-06 14.5259
0-1-2-4-0-1-2-4-0-0-1-3-0-1-2 123397885 16.5598 0.031393 0 15.8688
0-1-2-4-0-1-2-4-0-0-1-3-0-2-3 558683771 13.6369 0.10627 1e-06 12.8574
0-1-2-4-0-1-2-4-0-1-2-4-0-0-1 162901838 14.0533 0.0413 1e-06 13.3567
0-1-2-4-0-1-2-4-0-1-2-4-0-1-2 214540 17.5569 0.013185 1e-06 16.9477
0-1-2-4-0-1-2-4-0-1-2-4-0-2-3 49992362 12.3626 0.021399 2e-06 11.7543
0-1-2-4-0-1-2-4-0-2-3-5-0-0-1 2284018485 12.8968 0.550105 3e-06 11.7277
0-1-2-4-0-1-2-4-0-2-3-5-0-1-2 204481511 13.9292 0.043801 1e-06 13.1621
0-1-2-4-0-1-2-4-0-2-3-5-0-2-3 606916000 10.5424 0.114571 3e-06 9.82888
0-1-2-4-0-2-3-5-0-0-1-3-0-0-1 13132687846 18.8152 4.50866 1e-06 13.609
0-1-2-4-0-2-3-5-0-0-1-3-0-1-2 432860830 16.1932 0.130126 1e-06 15.0386
0-1-2-4-0-2-3-5-0-0-1-3-0-2-3 3706945361 13.8702 0.636981 1e-06 12.5296
0-1-2-4-0-2-3-5-0-1-2-4-0-0-1 35145744956 24.2909 11.8629 2e-06 11.5622
0-1-2-4-0-2-3-5-0-1-2-4-0-1-2 204481511 15.3062 0.120214 3e-06 14.5811
0-1-2-4-0-2-3-5-0-1-2-4-0-2-3 7067847345 11.8138 1.22431 1e-06 9.46837
0-1-2-4-0-2-3-5-0-2-3-5-0-0-1 13712931524 12.2539 2.17119 1e-06 9.28388
0-1-2-4-0-2-3-5-0-2-3-5-0-1-2 453417926 13.2419 0.152703 1e-06 11.7879
0-1-2-4-0-2-3-5-0-2-3-5-0-2-3 3056988612 9.02155 0.493273 1e-06 7.8735
0-2-3-5-0-0-1-3-0-0-1-3-0-0-1 1672292507 19.7437 0.539667 1e-06 16.0618
0-2-3-5-0-0-1-3-0-0-1-3-0-1-2 131792782 18.3235 0.146632 3e-06 16.9105
0-2-3-5-0-0-1-3-0-0-1-3-0-2-3 621471008 15.2651 0.343483 1e-06 13.7526
0-2-3-5-0-0-1-3-0-1-2-4-0-0-1 9235067917 25.6396 11.5246 1e-06 13.3002
0-2-3-5-0-0-1-3-0-1-2-4-0-1-2 37830920 18.7023 0.081868 1e-06 17.7491
0-2-3-5-0-0-1-3-0-1-2-4-0-2-3 2059925133 17.3868 4.16426 1e-06 12.5737
0-2-3-5-0-0-1-3-0-2-3-5-0-0-1 3415726164 16.0926 1.88999 1e-06 13.3182
0-2-3-5-0-0-1-3-0-2-3-5-0-1-2 190198833 14.9317 0.463034 1.3e-05 13.7242
0-2-3-5-0-0-1-3-0-2-3-5-0-2-3 850019208 12.2888 0.500918 0 11.0254
0-2-3-5-0-1-2-4-0-0-1-3-0-0-1 7395941882 20.0746 3.68568 1e-06 15.6032
0-2-3-5-0-1-2-4-0-0-1-3-0-1-2 218358783 16.5392 0.15856 1e-06 15.4951
0-2-3-5-0-1-2-4-0-0-1-3-0-2-3 1943486327 14.1749 1.09928 1e-06 12.2202
0-2-3-5-0-1-2-4-0-1-2-4-0-0-1 1894734503 15.2493 0.419198 1e-06 13.9783
0-2-3-5-0-1-2-4-0-1-2-4-0-1-2 3655061 17.2986 0.028311 3e-06 16.7202
0-2-3-5-0-1-2-4-0-1-2-4-0-2-3 506118651 12.8988 0.130371 1e-06 12.2303
0-2-3-5-0-1-2-4-0-2-3-5-0-0-1 9318882335 23.3891 10.5891 1e-06 12.097
0-2-3-5-0-1-2-4-0-2-3-5-0-1-2 255197384 17.7249 0.446945 1e-06 15.8949
0-2-3-5-0-1-2-4-0-2-3-5-0-2-3 2055095988 14.0431 1.95636 2e-06 10.6457
0-2-3-5-0-2-3-5-0-0-1-3-0-0-1 2530088289 18.5652 1.5666 1e-06 16.1534
0-2-3-5-0-2-3-5-0-0-1-3-0-1-2 161408745 19.2834 0.125809 3e-06 18.439
0-2-3-5-0-2-3-5-0-0-1-3-0-2-3 870458224 14.8121 0.463489 1e-06 13.6275
0-2-3-5-0-2-3-5-0-1-2-4-0-0-1 10914351715 19.246 5.89501 1e-06 12.5518
0-2-3-5-0-2-3-5-0-1-2-4-0-1-2 40945109 16.2087 0.080782 2e-06 15.3864
0-2-3-5-0-2-3-5-0-1-2-4-0-2-3 2309517773 14.0216 2.25742 1e-06 10.7406
0-2-3-5-0-2-3-5-0-2-3-5-0-0-1 2915519858 13.9748 1.84623 2e-06 11.3543
0-2-3-5-0-2-3-5-0-2-3-5-0-1-2 171400878 15.5299 0.25328 1e-06 14.0227
0-2-3-5-0-2-3-5-0-2-3-5-0-2-3 720236673 10.4242 0.615825 1e-06 9.04511
1-3-0-0-1-3-0-0-1-3-0-0-1-3-0 1419222105 23.5128 1.13861 2e-06 20.9313
1-3-0-0-1-3-0-0-1-3-0-1-2-4-0 6981552054 26.2891 5.6334 2e-06 19.1625
1-3-0-0-1-3-0-0-1-3-0-2-3-5-0 1672292507 17.871 0.90739 3e-06 15.1893
1-3-0-0-1-3-0-1-2-4-0-0-1-3-0 7987729204 26.6113 5.83258 1e-06 19.7779
1-3-0-0-1-3-0-1-2-4-0-1-2-4-0 1526994749 21.0256 0.860547 5e-06 19.1209
1-3-0-0-1-3-0-1-2-4-0-2-3-5-0 7395941882 16.6404 3.60119 2e-06 12.2826
1-3-0-0-1-3-0-2-3-5-0-0-1-3-0 3772537047 18.027 1.45987 1e-06 15.7056
1-3-0-0-1-3-0-2-3-5-0-1-2-4-0 13132687846 19.5612 6.29227 1e-06 12.5607
1-3-0-0-1-3-0-2-3-5-0-2-3-5-0 2530088289 12.1918 0.639247 1e-06 10.549
1-3-0-1-2-4-0-0-1-3-0-0-1-3-0 8528240999 23.4518 2.44995 1e-06 20.3731
1-3-0-1-2-4-0-0-1-3-0-1-2-4-0 24412339572 23.5573 8.15875 1e-06 14.7742
1-3-0-1-2-4-0-0-1-3-0-2-3-5-0 9235067917 16.597 2.12501 1e-06 13.3363
1-3-0-1-2-4-0-1-2-4-0-0-1-3-0 2048424087 18.1772 0.42459 1e-06 17.0649
1-3-0-1-2-4-0-1-2-4-0-1-2-4-0 162901838 16.1834 0.056177 0 15.1568
1-3-0-1-2-4-0-1-2-4-0-2-3-5-0 1894734503 12.3528 0.348377 1e-06 11.1395
1-3-0-1-2-4-0-2-3-5-0-0-1-3-0 16986975289 20.9627 6.03345 1e-06 13.8426
1-3-0-1-2-4-0-2-3-5-0-1-2-4-0 35145744956 21.8936 10.9867 1e-06 9.75924
1-3-0-1-2-4-0-2-3-5-0-2-3-5-0 10914351715 12.9027 2.42468 1e-06 8.86781
1-3-0-2-3-5-0-0-1-3-0-0-1-3-0 2936038078 19.8394 0.61422 2e-06 17.0078
1-3-0-2-3-5-0-0-1-3-0-1-2-4-0 12404302670 16.9952 2.95655 1e-06 12.8635
1-3-0-2-3-5-0-0-1-3-0-2-3-5-0 3415726164 13.2475 0.748838 1e-06 11.3792
1-3-0-2-3-5-0-1-2-4-0-0-1-3-0 11787767512 20.4289 4.27604 1.6e-05 14.948
1-3-0-2-3-5-0-1-2-4-0-1-2-4-0 2284018485 14.2501 0.598724 1e-06 12.3004
1-3-0-2-3-5-0-1-2-4-0-2-3-5-0 9318882335 12.6592 2.87167 1e-06 8.72499
1-3-0-2-3-5-0-2-3-5-0-0-1-3-0 4348753892 15.0055 1.218 1e-06 12.8158
1-3-0-2-3-5-0-2-3-5-0-1-2-4-0 13712931524 15.0034 4.75039 1e-06 9.61997
1-3-0-2-3-5-0-2-3-5-0-2-3-5-0 2915519858 8.83261 0.535249 2e-06 7.5463
2-4-0-0-1-3-0-0-1-3-0-0-1-3-0 138163365 18.0047 0.170245 1e-06 16.691
2-4-0-0-1-3-0-0-1-3-0-1-2-4-0 340624697 14.9799 0.840551 1e-06 13.3184
2-4-0-0-1-3-0-0-1-3-0-2-3-5-0 131792782 11.8741 0.129514 1e-06 11.0955
2-4-0-0-1-3-0-1-2-4-0-0-1-3-0 318472348 14.1914 0.189133 1e-06 13.401
2-4-0-0-1-3-0-1-2-4-0-1-2-4-0 123397885 13.3892 0.216516 1e-06 12.6523
2-4-0-0-1-3-0-1-2-4-0-2-3-5-0 218358783 10.4907 0.136803 1e-06 9.83864
2-4-0-0-1-3-0-2-3-5-0-0-1-3-0 261962127 13.9832 0.158651 1e-06 13.1747
2-4-0-0-1-3-0-2-3-5-0-1-2-4-0 432860830 11.0645 0.436615 1e-06 10.059
2-4-0-0-1-3-0-2-3-5-0-2-3-5-0 161408745 9.3221 0.110352 2e-06 8.58281
2-4-0-1-2-4-0-0-1-3-0-0-1-3-0 32064885 16.3529 0.072923 1e-06 15.6193
2-4-0-1-2-4-0-0-1-3-0-1-2-4-0 123397885 15.4722 0.223275 3e-06 14.5744
2-4-0-1-2-4-0-0-1-3-0-2-3-5-0 37830920 11.7175 0.046705 1e-06 11.0526
2-4-0-1-2-4-0-1-2-4-0-0-1-3-0 4858893 14.9093 0.008814 1e-06 14.298
2-4-0-1-2-4-0-1-2-4-0-1-2-4-0 214540 14.0684 0.003958 0 13.5079
2-4-0-1-2-4-0-1-2-4-0-2-3-5-0 3655061 10.3846 0.005941 1e-06 9.80752
2-4-0-1-2-4-0-2-3-5-0-0-1-3-0 61703686 13.954 0.033624 1e-06 13.2987
2-4-0-1-2-4-0-2-3-5-0-1-2-4-0 204481511 11.1428 0.193469 1e-06 10.3774
2-4-0-1-2-4-0-2-3-5-0-2-3-5-0 40945109 8.4057 0.021283 1e-06 7.79628
2-4-0-2-3-5-0-0-1-3-0-0-1-3-0 223660339 16.3107 0.194365 1e-06 15.4454
2-4-0-2-3-5-0-0-1-3-0-1-2-4-0 437484879 15.2674 1.53411 1e-06 13.1039
2-4-0-2-3-5-0-0-1-3-0-2-3-5-0 190198833 11.6851 0.220314 1e-06 10.7534
2-4-0-2-3-5-0-1-2-4-0-0-1-3-0 410442979 14.2766 0.25574 1e-06 13.3787
2-4-0-2-3-5-0-1-2-4-0-1-2-4-0 204481511 12.4567 0.189399 1e-06 11.6733
2-4-0-2-3-5-0-1-2-4-0-2-3-5-0 255197384 9.11455 0.176885 1e-06 8.35628
2-4-0-2-3-5-0-2-3-5-0-0-1-3-0 284130311 13.0742 0.140337 0 12.2899
2-4-0-2-3-5-0-2-3-5-0-1-2-4-0 453417926 10.1893 1.04404 1e-06 8.5057
2-4-0-2-3-5-0-2-3-5-0-2-3-5-0 171400878 7.78452 0.093624 1e-06 7.06993
3-5-0-0-1-3-0-0-1-3-0-0-1-3-0 557356291 19.4115 0.268313 1e-06 18.3613
3-5-0-0-1-3-0-0-1-3-0-1-2-4-0 2154511237 16.1827 1.20533 1e-06 14.2713
3-5-0-0-1-3-0-0-1-3-0-2-3-5-0 621471008 13.1208 0.244611 2e-06 11.7259
3-5-0-0-1-3-0-1-2-4-0-0-1-3-0 2251924502 15.8665 0.906573 1e-06 14.2746
3-5-0-0-1-3-0-1-2-4-0-1-2-4-0 558683771 14.5251 0.245728 1e-06 13.5792
3-5-0-0-1-3-0-1-2-4-0-2-3-5-0 1943486327 11.1036 0.648857 1e-06 9.81995
3-5-0-0-1-3-0-2-3-5-0-0-1-3-0 1323919871 14.8761 0.362935 2e-06 13.8237
3-5-0-0-1-3-0-2-3-5-0-1-2-4-0 3706945361 12.5314 1.36819 1e-06 10.5328
3-5-0-0-1-3-0-2-3-5-0-2-3-5-0 870458224 10.3226 0.244551 1e-06 9.38452
3-5-0-1-2-4-0-0-1-3-0-0-1-3-0 2046689750 17.2392 0.535719 1e-06 16.0131
3-5-0-1-2-4-0-0-1-3-0-1-2-4-0 5149393700 14.8948 1.63057 1e-06 12.4174
3-5-0-1-2-4-0-0-1-3-0-2-3-5-0 2059925133 11.4447 0.515825 1e-06 10.2429
3-5-0-1-2-4-0-1-2-4-0-0-1-3-0 571674484 14.5141 0.128645 1e-06 13.7483
3-5-0-1-2-4-0-1-2-4-0-1-2-4-0 49992362 12.9375 0.014166 1e-06 12.3587
3-5-0-1-2-4-0-1-2-4-0-2-3-5-0 506118651 9.9502 0.098325 1e-06 9.27826
3-5-0-1-2-4-0-2-3-5-0-0-1-3-0 3651237370 13.6069 0.992884 1e-06 11.6327
3-5-0-1-2-4-0-2-3-5-0-1-2-4-0 7067847345 12.2468 2.25548 1e-06 9.40644
3-5-0-1-2-4-0-2-3-5-0-2-3-5-0 2309517773 8.88669 0.561584 1e-06 7.57244
3-5-0-2-3-5-0-0-1-3-0-0-1-3-0 775328762 16.2462 0.291315 1e-06 15.1959
3-5-0-2-3-5-0-0-1-3-0-1-2-4-0 2866699894 14.1232 1.52778 1e-06 11.7441
3-5-0-2-3-5-0-0-1-3-0-2-3-5-0 850019208 11.9271 0.339937 1e-06 10.8994
3-5-0-2-3-5-0-1-2-4-0-0-1-3-0 2711106070 15.3287 0.963406 1e-06 13.7108
3-5-0-2-3-5-0-1-2-4-0-1-2-4-0 606916000 12.9655 0.188355 1e-06 12.1806
3-5-0-2-3-5-0-1-2-4-0-2-3-5-0 2055095988 9.73577 0.731158 1e-06 8.39411
3-5-0-2-3-5-0-2-3-5-0-0-1-3-0 1094724705 13.3253 0.28148 1e-06 12.3943
3-5-0-2-3-5-0-2-3-5-0-1-2-4-0 3056988612 10.1162 1.03773 1e-06 8.48952
3-5-0-2-3-5-0-2-3-5-0-2-3-5-0 720236673 7.35055 0.212105 1e-06 6.52189
