0-0-1-3-0-0-1-3-0 116647351 8.15272 0.437785 1e-06 7.2802
0-0-1-3-0-1-2-4-0 1306671714 6.66032 1.72201 0 4.66314
0-0-1-3-0-2-3-5-0 148793049 4.53129 0.043073 0 4.14495
0-1-2-4-0-0-1-3-0 1306671714 6.49885 0.532891 0 5.69306
0-1-2-4-0-1-2-4-0 62478594 4.35067 0.013418 0 4.11347
0-1-2-4-0-2-3-5-0 1060374840 3.1709 0.207589 1e-06 2.70556
0-2-3-5-0-0-1-3-0 148793049 4.79501 0.029053 1e-06 4.48507
0-2-3-5-0-1-2-4-0 1060374840 3.73136 0.334751 0 3.16074
0-2-3-5-0-2-3-5-0 103574624 2.47461 0.020112 1e-06 2.19242
1-3-0-0-1-3-0-0-1 18776209 5.94794 0.019508 0 5.62577
1-3-0-0-1-3-0-1-2 6077715 6.78708 0.025163 1e-06 6.48715
1-3-0-0-1-3-0-2-3 8863750 4.96489 0.018255 0 4.67232
1-3-0-1-2-4-0-0-1 360430421 4.82302 0.081577 1e-06 4.49238
1-3-0-1-2-4-0-1-2 560269 6.03391 0.00935 0 5.79899
1-3-0-1-2-4-0-2-3 108629855 3.77657 0.028027 0 3.51739
1-3-0-2-3-5-0-0-1 37385083 4.40757 0.017513 1e-06 4.12253
1-3-0-2-3-5-0-1-2 8586696 4.93466 0.019011 0 4.66779
1-3-0-2-3-5-0-2-3 11511089 3.27589 0.012641 0 3.01475
2-4-0-0-1-3-0-0-1 6077715 5.30332 0.010498 1e-06 5.01124
2-4-0-0-1-3-0-1-2 793231 5.92727 0.011549 1e-06 5.66561
2-4-0-0-1-3-0-2-3 2523483 4.33599 0.010738 0 4.06733
2-4-0-1-2-4-0-0-1 560269 4.41441 0.003371 0 4.1905
2-4-0-1-2-4-0-1-2 2309 5.81411 0.001993 1e-06 5.60424
2-4-0-1-2-4-0-2-3 177569 3.41028 0.004342 1e-06 3.19263
2-4-0-2-3-5-0-0-1 8586696 3.42426 0.007628 0 3.17944
2-4-0-2-3-5-0-1-2 1249649 4.10465 0.004976 0 3.88521
2-4-0-2-3-5-0-2-3 2510707 2.55159 0.004141 0 2.33075
3-5-0-0-1-3-0-0-1 8863750 5.13899 0.011237 0 4.84994
3-5-0-0-1-3-0-1-2 2523483 6.1793 0.008783 1e-06 5.91711
3-5-0-0-1-3-0-2-3 4568986 4.32876 0.009151 1e-06 4.05937
3-5-0-1-2-4-0-0-1 108629855 3.92861 0.026533 0 3.67481
3-5-0-1-2-4-0-1-2 177569 5.83354 0.003139 1e-06 5.61698
3-5-0-1-2-4-0-2-3 32570709 3.21399 0.0103 0 2.98677
3-5-0-2-3-5-0-0-1 11511089 3.54265 0.006196 0 3.2885
3-5-0-2-3-5-0-1-2 2510707 4.17703 0.006381 1e-06 3.93698
3-5-0-2-3-5-0-2-3 3674955 2.60552 0.005272 1e-06 2.36838
