0-0-1-3-0-0-1-3-0-0-1-3-0-0-1 1419222105 21.4021 1.65088 1e-06 18.3879
0-0-1-3-0-0-1-3-0-0-1-3-0-1-2 138163365 21.0063 0.383534 1e-06 19.661
0-0-1-3-0-0-1-3-0-0-1-3-0-2-3 557356291 18.1713 0.232127 1e-06 17.0486
0-0-1-3-0-0-1-3-0-1-2-4-0-0-1 8528240999 22.3159 5.75529 2e-06 15.711
0-0-1-3-0-0-1-3-0-1-2-4-0-1-2 32064885 19.9429 0.205016 3e-06 17.9073
0-0-1-3-0-0-1-3-0-1-2-4-0-2-3 2046689750 16.404 1.51662 1e-06 13.8316
0-0-1-3-0-0-1-3-0-2-3-5-0-0-1 2936038078 17.1794 1.28824 2e-06 14.9256
0-0-1-3-0-0-1-3-0-2-3-5-0-1-2 223660339 16.4212 0.239672 3e-06 15.2053
0-0-1-3-0-0-1-3-0-2-3-5-0-2-3 775328762 14.0946 0.232385 1e-06 13.0534
0-0-1-3-0-1-2-4-0-0-1-3-0-0-1 7987729204 21.2323 3.42446 1e-06 16.9337
0-0-1-3-0-1-2-4-0-0-1-3-0-1-2 318472348 19.0644 0.143365 3e-06 17.3518
0-0-1-3-0-1-2-4-0-0-1-3-0-2-3 2251924502 16.9522 0.773488 1e-06 15.2248
0-0-1-3-0-1-2-4-0-1-2-4-0-0-1 2048424087 15.5998 0.478229 1e-06 14.2664
0-0-1-3-0-1-2-4-0-1-2-4-0-1-2 4858893 17.307 0.022828 7e-06 16.4667
0-0-1-3-0-1-2-4-0-1-2-4-0-2-3 571674484 12.9343 0.209779 1e-06 11.9985
0-0-1-3-0-1-2-4-0-2-3-5-0-0-1 11787767512 17.9079 4.85433 1e-06 12.2444
0-0-1-3-0-1-2-4-0-2-3-5-0-1-2 410442979 14.9256 0.167537 1e-06 12.9224
0-0-1-3-0-1-2-4-0-2-3-5-0-2-3 2711106070 12.5534 0.973726 1e-06 10.4766
0-0-1-3-0-2-3-5-0-0-1-3-0-0-1 3772537047 17.46 1.24567 1e-06 15.3126
0-0-1-3-0-2-3-5-0-0-1-3-0-1-2 261962127 17.9952 0.106305 1e-06 16.968
0-0-1-3-0-2-3-5-0-0-1-3-0-2-3 1323919871 15.6128 0.370474 1e-06 14.386
0-0-1-3-0-2-3-5-0-1-2-4-0-0-1 16986975289 19.6976 6.15354 1e-06 12.7642
0-0-1-3-0-2-3-5-0-1-2-4-0-1-2 61703686 16.095 0.242446 3e-06 14.4524
0-0-1-3-0-2-3-5-0-1-2-4-0-2-3 3651237370 12.4017 1.07285 1e-06 10.4517
0-0-1-3-0-2-3-5-0-2-3-5-0-0-1 4348753892 13.1399 0.917327 1e-06 11.3385
0-0-1-3-0-2-3-5-0-2-3-5-0-1-2 284130311 13.1624 0.105749 1e-06 12.1587
0-0-1-3-0-2-3-5-0-2-3-5-0-2-3 1094724705 10.8752 0.263067 1e-06 9.82341
0-1-2-4-0-0-1-3-0-0-1-3-0-0-1 6981552054 20.3972 1.72324 0 17.86
0-1-2-4-0-0-1-3-0-0-1-3-0-1-2 340624697 19.3896 0.100352 0 18.328
0-1-2-4-0-0-1-3-0-0-1-3-0-2-3 2154511237 16.8385 0.267923 1e-06 15.8087
0-1-2-4-0-0-1-3-0-1-2-4-0-0-1 24412339572 25.7563 10.659 1e-06 14.3382
0-1-2-4-0-0-1-3-0-1-2-4-0-1-2 123397885 16.3638 0.132912 1e-06 15.5614
0-1-2-4-0-0-1-3-0-1-2-4-0-2-3 5149393700 14.2181 0.629645 1e-06 12.5972
0-1-2-4-0-0-1-3-0-2-3-5-0-0-1 12404302670 15.9075 1.5839 1e-06 13.3286
0-1-2-4-0-0-1-3-0-2-3-5-0-1-2 437484879 15.5045 0.075771 1e-06 13.8614
0-1-2-4-0-0-1-3-0-2-3-5-0-2-3 2866699894 12.1666 0.275357 1e-06 11.1295
0-1-2-4-0-1-2-4-0-0-1-3-0-0-1 1526994749 16.7716 0.140487 1e-06 15.8693
0-1-2-4-0-1-2-4-0-0-1-3-0-1-2 123397885 17.2639 0.022841 1e-06 16.5223
0-1-2-4-0-1-2-4-0-0-1-3-0-2-3 558683771 14.7006 0.070369 1e-06 13.8562
0-1-2-4-0-1-2-4-0-1-2-4-0-0-1 162901838 14.0985 0.028147 1e-06 13.3281
0-1-2-4-0-1-2-4-0-1-2-4-0-1-2 214540 16.2529 0.008397 1e-06 15.5336
0-1-2-4-0-1-2-4-0-1-2-4-0-2-3 49992362 12.3082 0.015263 1e-06 11.6088
0-1-2-4-0-1-2-4-0-2-3-5-0-0-1 2284018485 12.7064 0.509916 1e-06 11.4323
0-1-2-4-0-1-2-4-0-2-3-5-0-1-2 204481511 12.8122 0.034553 1e-06 12.0822
0-1-2-4-0-1-2-4-0-2-3-5-0-2-3 606916000 10.2398 0.066164 1e-06 9.48922
0-1-2-4-0-2-3-5-0-0-1-3-0-0-1 13132687846 20.4678 4.82061 1e-06 14.8677
0-1-2-4-0-2-3-5-0-0-1-3-0-1-2 432860830 16.9628 0.135129 1e-06 15.7887
0-1-2-4-0-2-3-5-0-0-1-3-0-2-3 3706945361 14.2504 0.458105 2e-06 12.8625
0-1-2-4-0-2-3-5-0-1-2-4-0-0-1 35145744956 27.0495 15.0879 1e-06 11.2117
0-1-2-4-0-2-3-5-0-1-2-4-0-1-2 204481511 13.8557 0.075626 1e-06 13.225
0-1-2-4-0-2-3-5-0-1-2-4-0-2-3 7067847345 12.2931 0.962143 1e-06 9.98683
0-1-2-4-0-2-3-5-0-2-3-5-0-0-1 13712931524 13.3735 1.91417 1e-06 10.3718
0-1-2-4-0-2-3-5-0-2-3-5-0-1-2 453417926 12.4536 0.099493 1e-06 11.0308
0-1-2-4-0-2-3-5-0-2-3-5-0-2-3 3056988612 9.37195 0.364545 1e-06 8.29941
0-2-3-5-0-0-1-3-0-0-1-3-0-0-1 1672292507 20.396 0.320175 1e-06 17.5667
0-2-3-5-0-0-1-3-0-0-1-3-0-1-2 131792782 19.8068 0.095051 1e-06 18.2792
0-2-3-5-0-0-1-3-0-0-1-3-0-2-3 621471008 16.9145 0.200749 1e-06 15.7703
0-2-3-5-0-0-1-3-0-1-2-4-0-0-1 9235067917 22.5442 7.47846 1e-06 14.2543
0-2-3-5-0-0-1-3-0-1-2-4-0-1-2 37830920 17.9559 0.082856 1e-06 16.131
0-2-3-5-0-0-1-3-0-1-2-4-0-2-3 2059925133 15.2326 2.16076 1e-06 12.2793
0-2-3-5-0-0-1-3-0-2-3-5-0-0-1 3415726164 15.2094 1.10923 1e-06 13.2725
0-2-3-5-0-0-1-3-0-2-3-5-0-1-2 190198833 14.9631 0.279067 1e-06 13.715
0-2-3-5-0-0-1-3-0-2-3-5-0-2-3 850019208 12.2132 0.29351 1e-06 11.1323
0-2-3-5-0-1-2-4-0-0-1-3-0-0-1 7395941882 18.7112 2.5612 1e-06 15.3399
0-2-3-5-0-1-2-4-0-0-1-3-0-1-2 218358783 17.0746 0.100196 1e-06 15.8554
0-2-3-5-0-1-2-4-0-0-1-3-0-2-3 1943486327 14.7845 0.643803 1e-06 13.3129
0-2-3-5-0-1-2-4-0-1-2-4-0-0-1 1894734503 13.7128 0.342769 1e-06 12.5825
0-2-3-5-0-1-2-4-0-1-2-4-0-1-2 3655061 15.355 0.017057 1e-06 14.6189
0-2-3-5-0-1-2-4-0-1-2-4-0-2-3 506118651 11.7571 0.077233 1e-06 10.9618
0-2-3-5-0-1-2-4-0-2-3-5-0-0-1 9318882335 15.2208 3.51461 1e-06 10.9232
0-2-3-5-0-1-2-4-0-2-3-5-0-1-2 255197384 12.6732 0.122959 1e-06 11.4528
0-2-3-5-0-1-2-4-0-2-3-5-0-2-3 2055095988 10.4122 0.62952 1e-06 8.94214
0-2-3-5-0-2-3-5-0-0-1-3-0-0-1 2530088289 16.1275 0.496442 3e-06 14.8403
0-2-3-5-0-2-3-5-0-0-1-3-0-1-2 161408745 16.3652 0.076265 1e-06 15.4682
0-2-3-5-0-2-3-5-0-0-1-3-0-2-3 870458224 13.9186 0.238965 1e-06 12.8971
0-2-3-5-0-2-3-5-0-1-2-4-0-0-1 10914351715 16.0831 3.98189 1e-06 11.3499
0-2-3-5-0-2-3-5-0-1-2-4-0-1-2 40945109 14.0892 0.217744 1e-06 12.8333
0-2-3-5-0-2-3-5-0-1-2-4-0-2-3 2309517773 11.0014 0.740329 1e-06 9.40192
0-2-3-5-0-2-3-5-0-2-3-5-0-0-1 2915519858 11.3179 0.59604 3e-06 9.92368
0-2-3-5-0-2-3-5-0-2-3-5-0-1-2 171400878 11.3143 0.089734 1e-06 10.426
0-2-3-5-0-2-3-5-0-2-3-5-0-2-3 720236673 8.50685 0.210948 1e-06 7.60171
1-3-0-0-1-3-0-0-1-3-0-0-1-3-0 1419222105 16.9796 0.384761 1e-06 15.7792
1-3-0-0-1-3-0-0-1-3-0-1-2-4-0 6981552054 16.6016 2.7069 2e-06 13.1538
1-3-0-0-1-3-0-0-1-3-0-2-3-5-0 1672292507 14.0385 0.344702 1e-06 12.5002
1-3-0-0-1-3-0-1-2-4-0-0-1-3-0 7987729204 19.8196 2.65328 2e-06 16.2795
1-3-0-0-1-3-0-1-2-4-0-1-2-4-0 1526994749 14.696 0.438241 1e-06 13.1575
1-3-0-0-1-3-0-1-2-4-0-2-3-5-0 7395941882 13.7338 2.04459 1e-06 10.8156
1-3-0-0-1-3-0-2-3-5-0-0-1-3-0 3772537047 17.2354 0.717919 2e-06 15.4106
1-3-0-0-1-3-0-2-3-5-0-1-2-4-0 13132687846 16.8381 4.19889 1e-06 11.8124
1-3-0-0-1-3-0-2-3-5-0-2-3-5-0 2530088289 12.1344 0.376033 1e-06 10.0614
1-3-0-1-2-4-0-0-1-3-0-0-1-3-0 8528240999 19.6645 1.9857 1e-06 16.7056
1-3-0-1-2-4-0-0-1-3-0-1-2-4-0 24412339572 20.6937 8.39145 1e-06 11.4678
1-3-0-1-2-4-0-0-1-3-0-2-3-5-0 9235067917 13.7255 1.77564 1e-06 10.0996
1-3-0-1-2-4-0-1-2-4-0-0-1-3-0 2048424087 14.6903 0.385894 3e-06 13.483
1-3-0-1-2-4-0-1-2-4-0-1-2-4-0 162901838 12.2169 0.035925 2e-06 11.4078
1-3-0-1-2-4-0-1-2-4-0-2-3-5-0 1894734503 9.41277 0.222145 2e-06 8.46567
1-3-0-1-2-4-0-2-3-5-0-0-1-3-0 16986975289 19.2601 5.27961 1e-06 13.0796
1-3-0-1-2-4-0-2-3-5-0-1-2-4-0 35145744956 22.68 11.9655 2e-06 9.44859
1-3-0-1-2-4-0-2-3-5-0-2-3-5-0 10914351715 11.6094 1.69428 1e-06 7.35814
1-3-0-2-3-5-0-0-1-3-0-0-1-3-0 2936038078 19.6097 0.472544 1e-06 17.2221
1-3-0-2-3-5-0-0-1-3-0-1-2-4-0 12404302670 16.0754 2.00947 1e-06 12.9808
1-3-0-2-3-5-0-0-1-3-0-2-3-5-0 3415726164 13.418 0.474646 3e-06 11.574
1-3-0-2-3-5-0-1-2-4-0-0-1-3-0 11787767512 16.8996 3.03552 2e-06 12.7137
1-3-0-2-3-5-0-1-2-4-0-1-2-4-0 2284018485 12.2297 0.423568 1e-06 10.5241
1-3-0-2-3-5-0-1-2-4-0-2-3-5-0 9318882335 10.9849 2.36035 1e-06 7.91186
1-3-0-2-3-5-0-2-3-5-0-0-1-3-0 4348753892 13.9146 0.822766 2e-06 12.1078
1-3-0-2-3-5-0-2-3-5-0-1-2-4-0 13712931524 13.0247 3.86976 1e-06 8.33692
1-3-0-2-3-5-0-2-3-5-0-2-3-5-0 2915519858 10.2695 0.438833 2e-06 8.47481
2-4-0-0-1-3-0-0-1-3-0-0-1-3-0 138163365 21.3092 0.103185 1e-06 19.9575
2-4-0-0-1-3-0-0-1-3-0-1-2-4-0 340624697 16.82 0.493072 1e-06 15.4882
2-4-0-0-1-3-0-0-1-3-0-2-3-5-0 131792782 15.1575 0.077337 1e-06 14.0648
2-4-0-0-1-3-0-1-2-4-0-0-1-3-0 318472348 17.4945 0.118427 1e-06 16.5663
2-4-0-0-1-3-0-1-2-4-0-1-2-4-0 123397885 14.2057 0.132071 1e-06 13.3319
2-4-0-0-1-3-0-1-2-4-0-2-3-5-0 218358783 11.57 0.083237 1e-06 10.7376
2-4-0-0-1-3-0-2-3-5-0-0-1-3-0 261962127 16.5719 0.095862 2e-06 15.6941
2-4-0-0-1-3-0-2-3-5-0-1-2-4-0 432860830 12.4608 0.277563 2e-06 11.3927
2-4-0-0-1-3-0-2-3-5-0-2-3-5-0 161408745 9.30007 0.07171 1e-06 8.46713
2-4-0-1-2-4-0-0-1-3-0-0-1-3-0 32064885 15.8823 0.046131 1e-06 15.1236
2-4-0-1-2-4-0-0-1-3-0-1-2-4-0 123397885 12.3928 0.143019 1e-06 11.6226
2-4-0-1-2-4-0-0-1-3-0-2-3-5-0 37830920 10.987 0.032309 2e-06 10.3098
2-4-0-1-2-4-0-1-2-4-0-0-1-3-0 4858893 13.3072 0.007175 1e-06 12.7208
2-4-0-1-2-4-0-1-2-4-0-1-2-4-0 214540 12.571 0.003719 2e-06 11.8872
2-4-0-1-2-4-0-1-2-4-0-2-3-5-0 3655061 10.3461 0.004382 1e-06 9.65326
2-4-0-1-2-4-0-2-3-5-0-0-1-3-0 61703686 14.3165 0.019007 1e-06 13.5602
2-4-0-1-2-4-0-2-3-5-0-1-2-4-0 204481511 10.3205 0.117616 1e-06 9.51106
2-4-0-1-2-4-0-2-3-5-0-2-3-5-0 40945109 8.87656 0.014442 1e-06 8.09064
2-4-0-2-3-5-0-0-1-3-0-0-1-3-0 223660339 18.0528 0.117796 2e-06 17.0553
2-4-0-2-3-5-0-0-1-3-0-1-2-4-0 437484879 14.6072 0.921243 4e-06 12.8821
2-4-0-2-3-5-0-0-1-3-0-2-3-5-0 190198833 12.4823 0.145965 2e-06 11.5442
2-4-0-2-3-5-0-1-2-4-0-0-1-3-0 410442979 14.7987 0.164463 1e-06 13.8935
2-4-0-2-3-5-0-1-2-4-0-1-2-4-0 204481511 11.6629 0.114067 1e-06 10.8524
2-4-0-2-3-5-0-1-2-4-0-2-3-5-0 255197384 9.21302 0.107312 1e-06 8.39273
2-4-0-2-3-5-0-2-3-5-0-0-1-3-0 284130311 13.7872 0.08964 1e-06 12.9337
2-4-0-2-3-5-0-2-3-5-0-1-2-4-0 453417926 10.0454 0.305726 1e-06 9.00414
2-4-0-2-3-5-0-2-3-5-0-2-3-5-0 171400878 8.42578 0.06567 2e-06 7.60692
3-5-0-0-1-3-0-0-1-3-0-0-1-3-0 557356291 20.5522 0.161557 1e-06 19.54
3-5-0-0-1-3-0-0-1-3-0-1-2-4-0 2154511237 16.6366 0.834688 1e-06 14.9853
3-5-0-0-1-3-0-0-1-3-0-2-3-5-0 621471008 14.3688 0.140225 2e-06 13.3325
3-5-0-0-1-3-0-1-2-4-0-0-1-3-0 2251924502 17.7077 0.561929 2e-06 16.3646
3-5-0-0-1-3-0-1-2-4-0-1-2-4-0 558683771 14.0517 0.132909 1e-06 13.1791
3-5-0-0-1-3-0-1-2-4-0-2-3-5-0 1943486327 11.8331 0.413812 2e-06 10.6516
3-5-0-0-1-3-0-2-3-5-0-0-1-3-0 1323919871 16.5199 0.23253 1e-06 15.4726
3-5-0-0-1-3-0-2-3-5-0-1-2-4-0 3706945361 13.1041 1.04726 1e-06 11.3054
3-5-0-0-1-3-0-2-3-5-0-2-3-5-0 870458224 10.8669 0.145465 1e-06 9.87855
3-5-0-1-2-4-0-0-1-3-0-0-1-3-0 2046689750 18.6568 0.379801 1e-06 17.4792
3-5-0-1-2-4-0-0-1-3-0-1-2-4-0 5149393700 15.6288 1.50906 2e-06 13.3728
3-5-0-1-2-4-0-0-1-3-0-2-3-5-0 2059925133 12.8861 0.387172 1e-06 11.6198
3-5-0-1-2-4-0-1-2-4-0-0-1-3-0 571674484 15.5599 0.076506 1e-06 14.7455
3-5-0-1-2-4-0-1-2-4-0-1-2-4-0 49992362 12.5392 0.011485 1e-06 11.8148
3-5-0-1-2-4-0-1-2-4-0-2-3-5-0 506118651 10.4527 0.064256 2e-06 9.68602
3-5-0-1-2-4-0-2-3-5-0-0-1-3-0 3651237370 15.2213 0.851256 1e-06 13.5926
3-5-0-1-2-4-0-2-3-5-0-1-2-4-0 7067847345 12.6434 2.59881 1e-06 9.32218
3-5-0-1-2-4-0-2-3-5-0-2-3-5-0 2309517773 9.16407 0.420288 3e-06 7.93501
3-5-0-2-3-5-0-0-1-3-0-0-1-3-0 775328762 18.1802 0.175802 1e-06 17.0757
3-5-0-2-3-5-0-0-1-3-0-1-2-4-0 2866699894 14.7962 1.10618 1e-06 12.9101
3-5-0-2-3-5-0-0-1-3-0-2-3-5-0 850019208 12.507 0.220249 1e-06 11.3688
3-5-0-2-3-5-0-1-2-4-0-0-1-3-0 2711106070 15.4428 0.610585 1e-06 14.0863
3-5-0-2-3-5-0-1-2-4-0-1-2-4-0 606916000 11.2226 0.120958 1e-06 10.3389
3-5-0-2-3-5-0-1-2-4-0-2-3-5-0 2055095988 9.84364 0.499992 2e-06 8.60314
3-5-0-2-3-5-0-2-3-5-0-0-1-3-0 1094724705 14.2354 0.197168 1e-06 13.2526
3-5-0-2-3-5-0-2-3-5-0-1-2-4-0 3056988612 10.4915 0.761633 1e-06 8.99757
3-5-0-2-3-5-0-2-3-5-0-2-3-5-0 720236673 8.65215 0.137209 2e-06 7.72694
