0-0-1-3-0-0-1 11946758 4.89893 0.089769 0 4.46418
0-0-1-3-0-1-2 4858893 4.86505 0.025225 0 4.61532
0-0-1-3-0-2-3 6055132 3.34754 0.011508 1e-06 3.09601
0-1-2-4-0-0-1 162901838 3.43768 0.60963 1e-06 2.64473
0-1-2-4-0-1-2 214540 3.94807 0.005918 0 3.80048
0-1-2-4-0-2-3 49992362 2.0976 0.013209 1e-06 1.94349
0-2-3-5-0-0-1 13858287 2.70662 0.007247 0 2.52756
0-2-3-5-0-1-2 3655061 3.13485 0.01481 0 2.96324
0-2-3-5-0-2-3 4352217 1.94184 0.006407 1e-06 1.78781
1-3-0-0-1-3-0 11946758 4.04608 0.013103 1e-06 3.83467
1-3-0-1-2-4-0 162901838 2.66934 0.268405 1e-06 2.24718
1-3-0-2-3-5-0 13858287 2.06032 0.012897 0 1.82062
2-4-0-0-1-3-0 4858893 3.25918 0.004134 1e-06 3.07754
2-4-0-1-2-4-0 214540 2.10852 0.004579 1e-06 1.97501
2-4-0-2-3-5-0 3655061 1.44282 0.002521 1e-06 1.29189
3-5-0-0-1-3-0 6055132 3.43798 0.006122 0 3.2338
3-5-0-1-2-4-0 49992362 1.9375 0.00934 0 1.78181
3-5-0-2-3-5-0 4352217 1.53002 0.00354 1e-06 1.36129
