0-0-1-3-0-0-1-3-0-0-1-3-0 1200719971 16.2244 1.47043 1e-06 13.5336
0-0-1-3-0-0-1-3-0-1-2-4-0 6268640177 13.8211 3.28895 1e-06 9.76409
0-0-1-3-0-0-1-3-0-2-3-5-0 1411253161 9.54442 0.428336 1e-06 7.97586
0-0-1-3-0-1-2-4-0-0-1-3-0 7143745039 15.652 3.21626 1e-06 10.9132
0-0-1-3-0-1-2-4-0-1-2-4-0 1306671714 11.8418 0.368173 1e-06 10.2342
0-0-1-3-0-1-2-4-0-2-3-5-0 6798970777 9.77173 2.61934 1e-06 6.31046
0-0-1-3-0-2-3-5-0-0-1-3-0 3197405526 12.0611 0.896913 1e-06 9.53395
0-0-1-3-0-2-3-5-0-1-2-4-0 12244116763 13.321 4.44426 1.4e-05 7.55511
0-0-1-3-0-2-3-5-0-2-3-5-0 2119598948 7.2765 0.726259 2e-06 5.47698
0-1-2-4-0-0-1-3-0-0-1-3-0 6268640177 13.2523 1.70794 1e-06 10.2735
0-1-2-4-0-0-1-3-0-1-2-4-0 19647442637 18.466 8.80188 1e-06 8.87401
0-1-2-4-0-0-1-3-0-2-3-5-0 7169468361 8.70016 1.12645 1e-06 6.53922
0-1-2-4-0-1-2-4-0-0-1-3-0 1306671714 11.0337 0.167611 1e-06 10.0459
0-1-2-4-0-1-2-4-0-1-2-4-0 62478594 9.4083 0.01675 1e-06 8.44351
0-1-2-4-0-1-2-4-0-2-3-5-0 1060374840 6.66921 0.127434 1e-06 5.9876
0-1-2-4-0-2-3-5-0-0-1-3-0 12244116763 14.0319 4.40896 1e-06 8.70823
0-1-2-4-0-2-3-5-0-1-2-4-0 29301429046 17.0615 9.58842 1e-06 6.55009
0-1-2-4-0-2-3-5-0-2-3-5-0 8007804094 7.34293 0.968427 0 5.24083
0-2-3-5-0-0-1-3-0-0-1-3-0 1411253161 14.4955 0.23578 1e-06 12.1354
0-2-3-5-0-0-1-3-0-1-2-4-0 7169468361 12.1406 2.01132 1e-06 9.29281
0-2-3-5-0-0-1-3-0-2-3-5-0 1749579324 9.39103 0.217587 1e-06 8.16861
0-2-3-5-0-1-2-4-0-0-1-3-0 6798970777 13.2524 2.15754 0 10.111
0-2-3-5-0-1-2-4-0-1-2-4-0 1060374840 9.06357 0.191122 1e-06 7.89677
0-2-3-5-0-1-2-4-0-2-3-5-0 5692292682 8.24615 1.74789 1e-06 5.89316
0-2-3-5-0-2-3-5-0-0-1-3-0 2119598948 10.6797 0.462629 1e-06 9.35852
0-2-3-5-0-2-3-5-0-1-2-4-0 8007804094 9.16756 2.24554 1e-06 6.3248
0-2-3-5-0-2-3-5-0-2-3-5-0 1435985598 6.24232 0.242053 1e-06 5.21162
1-3-0-0-1-3-0-0-1-3-0-0-1 211653511 14.5612 0.118906 1e-06 13.5723
1-3-0-0-1-3-0-0-1-3-0-1-2 37465054 15.026 0.050178 1e-06 14.0039
1-3-0-0-1-3-0-0-1-3-0-2-3 94494222 12.9952 0.069023 0 12.1861
1-3-0-0-1-3-0-1-2-4-0-0-1 2435153216 12.6219 0.763605 1e-06 10.9839
1-3-0-0-1-3-0-1-2-4-0-1-2 6077715 13.3767 0.032238 0 12.6808
1-3-0-0-1-3-0-1-2-4-0-2-3 663562074 10.6565 0.234365 1e-06 9.5627
1-3-0-0-1-3-0-2-3-5-0-0-1 492952736 11.3959 0.107981 3e-06 10.5846
1-3-0-0-1-3-0-2-3-5-0-1-2 71117008 11.695 0.044353 1e-06 10.9741
1-3-0-0-1-3-0-2-3-5-0-2-3 144168858 9.53796 0.04918 1e-06 8.82072
1-3-0-1-2-4-0-0-1-3-0-0-1 2435153216 13.7677 0.890924 1e-06 12.2203
1-3-0-1-2-4-0-0-1-3-0-1-2 165472842 13.6171 0.045159 1e-06 12.8964
1-3-0-1-2-4-0-0-1-3-0-2-3 824065675 11.4517 0.139643 1e-06 10.6646
1-3-0-1-2-4-0-1-2-4-0-0-1 360430421 10.7974 0.059437 1e-06 10.1421
1-3-0-1-2-4-0-1-2-4-0-1-2 560269 12.3779 0.013476 1e-06 11.79
1-3-0-1-2-4-0-1-2-4-0-2-3 108629855 9.18388 0.030787 1e-06 8.57678
1-3-0-1-2-4-0-2-3-5-0-0-1 3881323081 10.8889 1.58491 1e-06 8.69419
1-3-0-1-2-4-0-2-3-5-0-1-2 270475619 10.2344 0.156588 2e-06 9.39647
1-3-0-1-2-4-0-2-3-5-0-2-3 986646163 7.78649 0.138474 1e-06 7.04769
1-3-0-2-3-5-0-0-1-3-0-0-1 492952736 12.7794 0.066892 1e-06 12.0365
1-3-0-2-3-5-0-0-1-3-0-1-2 72381185 13.2417 0.03289 0 12.5386
1-3-0-2-3-5-0-0-1-3-0-2-3 214694911 11.1581 0.048187 0 10.4618
1-3-0-2-3-5-0-1-2-4-0-0-1 3881323081 11.2443 1.42449 1e-06 9.20847
1-3-0-2-3-5-0-1-2-4-0-1-2 8586696 11.5087 0.027114 1e-06 10.647
1-3-0-2-3-5-0-1-2-4-0-2-3 977297157 8.1026 0.16106 0 7.40531
1-3-0-2-3-5-0-2-3-5-0-0-1 621473695 8.66167 0.085231 1e-06 8.07314
1-3-0-2-3-5-0-2-3-5-0-1-2 79049098 9.19154 0.046819 1e-06 8.64095
1-3-0-2-3-5-0-2-3-5-0-2-3 176949807 7.0992 0.036644 1e-06 6.48393
2-4-0-0-1-3-0-0-1-3-0-0-1 37465054 13.5604 0.040239 1e-06 12.9348
2-4-0-0-1-3-0-0-1-3-0-1-2 2746067 13.5861 0.063554 1e-06 12.9143
2-4-0-0-1-3-0-0-1-3-0-2-3 13206540 10.5474 0.031622 1e-06 9.93602
2-4-0-0-1-3-0-1-2-4-0-0-1 165472842 9.80127 0.07165 2e-06 9.18081
2-4-0-0-1-3-0-1-2-4-0-1-2 793231 11.7942 0.012104 1e-06 11.2198
2-4-0-0-1-3-0-1-2-4-0-2-3 37851690 8.22474 0.022968 1e-06 7.69098
2-4-0-0-1-3-0-2-3-5-0-0-1 72381185 8.73282 0.039015 1e-06 8.12066
2-4-0-0-1-3-0-2-3-5-0-1-2 3963418 10.194 0.050532 2e-06 9.60184
2-4-0-0-1-3-0-2-3-5-0-2-3 18163560 7.41243 0.022985 1e-06 6.84117
2-4-0-1-2-4-0-0-1-3-0-0-1 6077715 11.1484 0.014744 1e-06 10.5904
2-4-0-1-2-4-0-0-1-3-0-1-2 793231 12.2093 0.008194 1e-06 11.6943
2-4-0-1-2-4-0-0-1-3-0-2-3 2523483 9.4546 0.010344 1e-06 8.91279
2-4-0-1-2-4-0-1-2-4-0-0-1 560269 10.0894 0.008069 1e-06 9.57454
2-4-0-1-2-4-0-1-2-4-0-1-2 2309 12.9201 0.003411 1e-06 12.4677
2-4-0-1-2-4-0-1-2-4-0-2-3 177569 8.86184 0.003802 1e-06 8.40405
2-4-0-1-2-4-0-2-3-5-0-0-1 8586696 8.04154 0.012139 1e-06 7.53166
2-4-0-1-2-4-0-2-3-5-0-1-2 1249649 8.52022 0.005737 1e-06 8.05576
2-4-0-1-2-4-0-2-3-5-0-2-3 2510707 6.25955 0.005499 1e-06 5.77139
2-4-0-2-3-5-0-0-1-3-0-0-1 71117008 10.7781 0.044642 2e-06 10.0972
2-4-0-2-3-5-0-0-1-3-0-1-2 3963418 11.8365 0.046263 2e-06 11.2451
2-4-0-2-3-5-0-0-1-3-0-2-3 23447742 8.75857 0.04047 3.1e-05 8.16891
2-4-0-2-3-5-0-1-2-4-0-0-1 270475619 8.31002 0.107291 1e-06 7.70897
2-4-0-2-3-5-0-1-2-4-0-1-2 1249649 10.8004 0.010928 1e-06 10.3216
2-4-0-2-3-5-0-1-2-4-0-2-3 56692000 7.01351 0.032884 2e-06 6.50866
2-4-0-2-3-5-0-2-3-5-0-0-1 79049098 7.09816 0.035568 2e-06 6.5427
2-4-0-2-3-5-0-2-3-5-0-1-2 4296935 8.14524 0.030611 1e-06 7.61464
2-4-0-2-3-5-0-2-3-5-0-2-3 19367940 5.6508 0.018483 1e-06 5.12445
3-5-0-0-1-3-0-0-1-3-0-0-1 94494222 12.1593 0.0517 1e-06 11.4972
3-5-0-0-1-3-0-0-1-3-0-1-2 13206540 13.3958 0.031906 2e-06 12.7833
3-5-0-0-1-3-0-0-1-3-0-2-3 41003648 10.8963 0.039947 1e-06 10.2746
3-5-0-0-1-3-0-1-2-4-0-0-1 824065675 10.8385 0.248914 2e-06 10.0291
3-5-0-0-1-3-0-1-2-4-0-1-2 2523483 11.732 0.013863 1e-06 11.1938
3-5-0-0-1-3-0-1-2-4-0-2-3 215363168 9.00979 0.080205 1e-06 8.39977
3-5-0-0-1-3-0-2-3-5-0-0-1 214694911 8.83914 0.058224 1e-06 8.22179
3-5-0-0-1-3-0-2-3-5-0-1-2 23447742 10.0376 0.026601 0 9.48246
3-5-0-0-1-3-0-2-3-5-0-2-3 60308475 7.28606 0.031663 1e-06 6.71508
3-5-0-1-2-4-0-0-1-3-0-0-1 663562074 10.7911 0.131949 1e-06 10.0613
3-5-0-1-2-4-0-0-1-3-0-1-2 37851690 12.8807 0.017921 1e-06 12.3352
3-5-0-1-2-4-0-0-1-3-0-2-3 215363168 9.62961 0.055662 1e-06 9.04582
3-5-0-1-2-4-0-1-2-4-0-0-1 108629855 9.7058 0.023571 1e-06 9.18852
3-5-0-1-2-4-0-1-2-4-0-1-2 177569 11.6942 0.004198 1e-06 11.2303
3-5-0-1-2-4-0-1-2-4-0-2-3 32570709 7.69014 0.011947 0 7.20056
3-5-0-1-2-4-0-2-3-5-0-0-1 977297157 7.91434 0.235711 1e-06 7.1693
3-5-0-1-2-4-0-2-3-5-0-1-2 56692000 8.75698 0.019307 1e-06 8.25599
3-5-0-1-2-4-0-2-3-5-0-2-3 241400395 6.28681 0.058674 1e-06 5.73957
3-5-0-2-3-5-0-0-1-3-0-0-1 144168858 9.89706 0.033938 1e-06 9.28063
3-5-0-2-3-5-0-0-1-3-0-1-2 18163560 11.4809 0.031466 1e-06 10.9002
3-5-0-2-3-5-0-0-1-3-0-2-3 60308475 8.4606 0.023632 1e-06 7.8954
3-5-0-2-3-5-0-1-2-4-0-0-1 986646163 8.58285 0.26415 1e-06 7.78671
3-5-0-2-3-5-0-1-2-4-0-1-2 2510707 11.4841 0.012232 1e-06 10.9806
3-5-0-2-3-5-0-1-2-4-0-2-3 241400395 7.38699 0.066206 2e-06 6.81791
3-5-0-2-3-5-0-2-3-5-0-0-1 176949807 7.22005 0.046617 2e-06 6.62785
3-5-0-2-3-5-0-2-3-5-0-1-2 19367940 8.84346 0.018171 3e-06 8.27893
3-5-0-2-3-5-0-2-3-5-0-2-3 49276971 5.80017 0.024426 2e-06 5.25524
