0-0-1-3-0-0-1-3-0-0-1-3-0-0-1 1419222105 5.08927 4.92922 1.3e-05 0.060746
0-0-1-3-0-0-1-3-0-0-1-3-0-1-2 138163365 2.15631 1.74318 2.3e-05 0.086517
0-0-1-3-0-0-1-3-0-0-1-3-0-2-3 557356291 2.68909 2.46648 1.6e-05 0.057521
0-0-1-3-0-0-1-3-0-1-2-4-0-0-1 8528240999 11.4188 11.2557 6e-06 0.047844
0-0-1-3-0-0-1-3-0-1-2-4-0-1-2 32064885 2.20118 0.189442 9e-06 0.047994
0-0-1-3-0-0-1-3-0-1-2-4-0-2-3 2046689750 1.75055 1.52797 9e-06 0.054852
0-0-1-3-0-0-1-3-0-2-3-5-0-0-1 2936038078 4.48755 4.07946 1.4e-05 0.052021
0-0-1-3-0-0-1-3-0-2-3-5-0-1-2 223660339 1.19626 0.45877 1.2e-05 0.056216
0-0-1-3-0-0-1-3-0-2-3-5-0-2-3 775328762 0.933482 0.740668 1.2e-05 0.05648
0-0-1-3-0-1-2-4-0-0-1-3-0-0-1 7987729204 7.9182 7.77255 1e-05 0.056597
0-0-1-3-0-1-2-4-0-0-1-3-0-1-2 318472348 0.808938 0.197148 1.2e-05 0.05787
0-0-1-3-0-1-2-4-0-0-1-3-0-2-3 2251924502 1.46123 1.11765 8e-06 0.059668
0-0-1-3-0-1-2-4-0-1-2-4-0-0-1 2048424087 0.747654 0.619482 9e-06 0.041487
0-0-1-3-0-1-2-4-0-1-2-4-0-1-2 4858893 0.155121 0.031157 8e-06 0.041312
0-0-1-3-0-1-2-4-0-1-2-4-0-2-3 571674484 0.383591 0.226271 7e-06 0.039909
0-0-1-3-0-1-2-4-0-2-3-5-0-0-1 11787767512 7.65051 7.47127 1.2e-05 0.044563
0-0-1-3-0-1-2-4-0-2-3-5-0-1-2 410442979 1.48863 0.266982 1.1e-05 0.052677
0-0-1-3-0-1-2-4-0-2-3-5-0-2-3 2711106070 1.82762 1.359 1.2e-05 0.04029
0-0-1-3-0-2-3-5-0-0-1-3-0-0-1 3772537047 2.78677 2.22556 1.1e-05 0.054678
0-0-1-3-0-2-3-5-0-0-1-3-0-1-2 261962127 0.429573 0.139028 1.3e-05 0.061013
0-0-1-3-0-2-3-5-0-0-1-3-0-2-3 1323919871 0.627693 0.452597 1.2e-05 0.060388
0-0-1-3-0-2-3-5-0-1-2-4-0-0-1 16986975289 8.27004 8.13845 9e-06 0.049154
0-0-1-3-0-2-3-5-0-1-2-4-0-1-2 61703686 2.04463 0.055494 7e-06 0.04452
0-0-1-3-0-2-3-5-0-1-2-4-0-2-3 3651237370 1.86849 1.40461 7e-06 0.043405
0-0-1-3-0-2-3-5-0-2-3-5-0-0-1 4348753892 1.52282 1.20955 8e-06 0.044635
0-0-1-3-0-2-3-5-0-2-3-5-0-1-2 284130311 0.617519 0.141665 1.1e-05 0.053014
0-0-1-3-0-2-3-5-0-2-3-5-0-2-3 1094724705 0.562201 0.363011 1e-05 0.044623
0-1-2-4-0-0-1-3-0-0-1-3-0-0-1 6981552054 4.5239 4.34422 1.4e-05 0.052893
0-1-2-4-0-0-1-3-0-0-1-3-0-1-2 340624697 0.673047 0.200829 1.7e-05 0.051212
0-1-2-4-0-0-1-3-0-0-1-3-0-2-3 2154511237 0.784585 0.633613 1e-05 0.049699
0-1-2-4-0-0-1-3-0-1-2-4-0-0-1 24412339572 11.4046 11.2686 2e-06 0.041327
0-1-2-4-0-0-1-3-0-1-2-4-0-1-2 123397885 1.70904 0.056387 1.4e-05 0.046598
0-1-2-4-0-0-1-3-0-1-2-4-0-2-3 5149393700 2.82691 1.35924 7e-06 0.0454
0-1-2-4-0-0-1-3-0-2-3-5-0-0-1 12404302670 6.21214 5.24476 8e-06 0.049178
0-1-2-4-0-0-1-3-0-2-3-5-0-1-2 437484879 1.30052 0.145757 1.4e-05 0.042897
0-1-2-4-0-0-1-3-0-2-3-5-0-2-3 2866699894 1.26932 0.774663 1e-05 0.045414
0-1-2-4-0-1-2-4-0-0-1-3-0-0-1 1526994749 0.779926 0.567219 1.4e-05 0.046786
0-1-2-4-0-1-2-4-0-0-1-3-0-1-2 123397885 0.172322 0.083501 1.7e-05 0.043725
0-1-2-4-0-1-2-4-0-0-1-3-0-2-3 558683771 0.379584 0.295366 1.1e-05 0.037839
0-1-2-4-0-1-2-4-0-1-2-4-0-0-1 162901838 0.215924 0.150896 8e-06 0.028169
0-1-2-4-0-1-2-4-0-1-2-4-0-1-2 214540 0.073531 0.02269 1.1e-05 0.030444
0-1-2-4-0-1-2-4-0-1-2-4-0-2-3 49992362 0.118901 0.063705 6e-06 0.026211
0-1-2-4-0-1-2-4-0-2-3-5-0-0-1 2284018485 1.42689 1.30479 9e-06 0.029174
0-1-2-4-0-1-2-4-0-2-3-5-0-1-2 204481511 0.179591 0.10982 8e-06 0.029778
0-1-2-4-0-1-2-4-0-2-3-5-0-2-3 606916000 0.413462 0.340461 7e-06 0.032411
0-1-2-4-0-2-3-5-0-0-1-3-0-0-1 13132687846 12.9523 12.7783 1.6e-05 0.045218
0-1-2-4-0-2-3-5-0-0-1-3-0-1-2 432860830 1.63086 0.133853 1.1e-05 0.043705
0-1-2-4-0-2-3-5-0-0-1-3-0-2-3 3706945361 1.41677 1.20317 9e-06 0.048393
0-1-2-4-0-2-3-5-0-1-2-4-0-0-1 35145744956 13.5274 13.2508 6e-06 0.037761
0-1-2-4-0-2-3-5-0-1-2-4-0-1-2 204481511 1.656 0.062107 8e-06 0.031423
0-1-2-4-0-2-3-5-0-1-2-4-0-2-3 7067847345 3.04771 1.49044 3e-06 0.029813
0-1-2-4-0-2-3-5-0-2-3-5-0-0-1 13712931524 5.76778 4.01557 6e-06 0.035164
0-1-2-4-0-2-3-5-0-2-3-5-0-1-2 453417926 1.79602 0.119104 1.4e-05 0.036194
0-1-2-4-0-2-3-5-0-2-3-5-0-2-3 3056988612 1.15901 0.764921 1e-05 0.038243
0-2-3-5-0-0-1-3-0-0-1-3-0-0-1 1672292507 1.09669 0.946718 1e-05 0.065419
0-2-3-5-0-0-1-3-0-0-1-3-0-1-2 131792782 0.358558 0.18666 1.2e-05 0.061104
0-2-3-5-0-0-1-3-0-0-1-3-0-2-3 621471008 0.475855 0.346374 9e-06 0.059998
0-2-3-5-0-0-1-3-0-1-2-4-0-0-1 9235067917 5.60224 5.46195 1e-05 0.050929
0-2-3-5-0-0-1-3-0-1-2-4-0-1-2 37830920 1.28955 0.045568 9e-06 0.048237
0-2-3-5-0-0-1-3-0-1-2-4-0-2-3 2059925133 1.24443 0.733321 1.1e-05 0.047726
0-2-3-5-0-0-1-3-0-2-3-5-0-0-1 3415726164 1.47263 1.28003 6e-06 0.045067
0-2-3-5-0-0-1-3-0-2-3-5-0-1-2 190198833 0.369955 0.105168 9e-06 0.045506
0-2-3-5-0-0-1-3-0-2-3-5-0-2-3 850019208 0.432226 0.275174 1.4e-05 0.045216
0-2-3-5-0-1-2-4-0-0-1-3-0-0-1 7395941882 7.0542 6.93084 8e-06 0.045051
0-2-3-5-0-1-2-4-0-0-1-3-0-1-2 218358783 0.864094 0.116622 1.7e-05 0.050619
0-2-3-5-0-1-2-4-0-0-1-3-0-2-3 1943486327 1.00232 0.674913 9e-06 0.048426
0-2-3-5-0-1-2-4-0-1-2-4-0-0-1 1894734503 0.580208 0.444757 8e-06 0.03607
0-2-3-5-0-1-2-4-0-1-2-4-0-1-2 3655061 0.138936 0.029285 1.1e-05 0.03781
0-2-3-5-0-1-2-4-0-1-2-4-0-2-3 506118651 0.302062 0.162212 1.3e-05 0.03362
0-2-3-5-0-1-2-4-0-2-3-5-0-0-1 9318882335 4.49755 4.39278 1e-05 0.037838
0-2-3-5-0-1-2-4-0-2-3-5-0-1-2 255197384 0.868695 0.142514 8e-06 0.031237
0-2-3-5-0-1-2-4-0-2-3-5-0-2-3 2055095988 0.953054 0.762423 1.6e-05 0.029484
0-2-3-5-0-2-3-5-0-0-1-3-0-0-1 2530088289 1.8721 1.46806 9e-06 0.040341
0-2-3-5-0-2-3-5-0-0-1-3-0-1-2 161408745 0.296459 0.083798 1.3e-05 0.039284
0-2-3-5-0-2-3-5-0-0-1-3-0-2-3 870458224 0.411234 0.265269 6e-06 0.042745
0-2-3-5-0-2-3-5-0-1-2-4-0-0-1 10914351715 4.74205 4.65147 1.1e-05 0.031945
0-2-3-5-0-2-3-5-0-1-2-4-0-1-2 40945109 0.863889 0.042557 1.2e-05 0.050367
0-2-3-5-0-2-3-5-0-1-2-4-0-2-3 2309517773 1.15212 0.757581 1.3e-05 0.037091
0-2-3-5-0-2-3-5-0-2-3-5-0-0-1 2915519858 1.05378 0.754489 1e-05 0.040627
0-2-3-5-0-2-3-5-0-2-3-5-0-1-2 171400878 0.370593 0.083594 1.4e-05 0.039256
0-2-3-5-0-2-3-5-0-2-3-5-0-2-3 720236673 0.339779 0.236413 1.4e-05 0.040818
1-3-0-0-1-3-0-0-1-3-0-0-1-3-0 1419222105 1.49552 1.3287 1.5e-05 0.070024
1-3-0-0-1-3-0-0-1-3-0-1-2-4-0 6981552054 8.54242 8.35649 1.1e-05 0.056677
1-3-0-0-1-3-0-0-1-3-0-2-3-5-0 1672292507 3.01799 1.4173 2e-05 0.08402
1-3-0-0-1-3-0-1-2-4-0-0-1-3-0 7987729204 11.3562 11.1193 1.4e-05 0.083363
1-3-0-0-1-3-0-1-2-4-0-1-2-4-0 1526994749 1.12387 0.76762 1.4e-05 0.062289
1-3-0-0-1-3-0-1-2-4-0-2-3-5-0 7395941882 6.15657 5.97124 1e-05 0.051291
1-3-0-0-1-3-0-2-3-5-0-0-1-3-0 3772537047 3.30652 1.92062 1.4e-05 0.062187
1-3-0-0-1-3-0-2-3-5-0-1-2-4-0 13132687846 9.1544 8.98761 1.2e-05 0.049455
1-3-0-0-1-3-0-2-3-5-0-2-3-5-0 2530088289 1.49758 1.15057 1.1e-05 0.050854
1-3-0-1-2-4-0-0-1-3-0-0-1-3-0 8528240999 5.62527 4.9464 1.4e-05 0.061143
1-3-0-1-2-4-0-0-1-3-0-1-2-4-0 24412339572 12.5315 12.278 6e-06 0.043934
1-3-0-1-2-4-0-0-1-3-0-2-3-5-0 9235067917 3.742 3.26942 1.4e-05 0.050071
1-3-0-1-2-4-0-1-2-4-0-0-1-3-0 2048424087 3.41353 0.763428 6e-06 0.044804
1-3-0-1-2-4-0-1-2-4-0-1-2-4-0 162901838 0.234611 0.097741 1.2e-05 0.037377
1-3-0-1-2-4-0-1-2-4-0-2-3-5-0 1894734503 1.11231 0.901631 9e-06 0.037262
1-3-0-1-2-4-0-2-3-5-0-0-1-3-0 16986975289 14.0535 13.9223 7e-06 0.049315
1-3-0-1-2-4-0-2-3-5-0-1-2-4-0 35145744956 19.0862 18.9575 1.2e-05 0.031724
1-3-0-1-2-4-0-2-3-5-0-2-3-5-0 10914351715 3.95215 3.39291 8e-06 0.035219
1-3-0-2-3-5-0-0-1-3-0-0-1-3-0 2936038078 9.19294 1.02836 1.5e-05 0.055918
1-3-0-2-3-5-0-0-1-3-0-1-2-4-0 12404302670 6.52464 5.38084 1.3e-05 0.052201
1-3-0-2-3-5-0-0-1-3-0-2-3-5-0 3415726164 1.58801 1.14569 1.5e-05 0.047298
1-3-0-2-3-5-0-1-2-4-0-0-1-3-0 11787767512 8.33202 8.08286 1.1e-05 0.043991
1-3-0-2-3-5-0-1-2-4-0-1-2-4-0 2284018485 0.717113 0.520465 9e-06 0.036214
1-3-0-2-3-5-0-1-2-4-0-2-3-5-0 9318882335 3.38138 3.17052 8e-06 0.03493
1-3-0-2-3-5-0-2-3-5-0-0-1-3-0 4348753892 2.31087 1.89958 9e-06 0.043938
1-3-0-2-3-5-0-2-3-5-0-1-2-4-0 13712931524 4.82498 4.72904 1.1e-05 0.033961
1-3-0-2-3-5-0-2-3-5-0-2-3-5-0 2915519858 1.20345 0.817609 7e-06 0.036622
2-4-0-0-1-3-0-0-1-3-0-0-1-3-0 138163365 1.66912 0.94197 9e-06 0.055685
2-4-0-0-1-3-0-0-1-3-0-1-2-4-0 340624697 1.75764 1.32201 8e-06 0.041256
2-4-0-0-1-3-0-0-1-3-0-2-3-5-0 131792782 1.16349 0.669921 7e-06 0.043857
2-4-0-0-1-3-0-1-2-4-0-0-1-3-0 318472348 0.976444 0.747104 9e-06 0.04094
2-4-0-0-1-3-0-1-2-4-0-1-2-4-0 123397885 0.519052 0.412831 7e-06 0.03197
2-4-0-0-1-3-0-1-2-4-0-2-3-5-0 218358783 2.88254 2.69684 7e-06 0.03344
2-4-0-0-1-3-0-2-3-5-0-0-1-3-0 261962127 0.726668 0.375631 1.5e-05 0.04477
2-4-0-0-1-3-0-2-3-5-0-1-2-4-0 432860830 4.11038 3.93532 7e-06 0.032324
2-4-0-0-1-3-0-2-3-5-0-2-3-5-0 161408745 1.44131 0.712539 9e-06 0.032724
2-4-0-1-2-4-0-0-1-3-0-0-1-3-0 32064885 0.449113 0.125632 1e-05 0.040512
2-4-0-1-2-4-0-0-1-3-0-1-2-4-0 123397885 7.32427 6.94136 1.6e-05 0.030192
2-4-0-1-2-4-0-0-1-3-0-2-3-5-0 37830920 2.58815 1.99384 9e-06 0.030434
2-4-0-1-2-4-0-1-2-4-0-0-1-3-0 4858893 0.236686 0.122409 1.1e-05 0.031276
2-4-0-1-2-4-0-1-2-4-0-1-2-4-0 214540 0.207722 0.078286 7e-06 0.019909
2-4-0-1-2-4-0-1-2-4-0-2-3-5-0 3655061 0.737235 0.668112 6e-06 0.020537
2-4-0-1-2-4-0-2-3-5-0-0-1-3-0 61703686 0.493591 0.370917 6e-06 0.030557
2-4-0-1-2-4-0-2-3-5-0-1-2-4-0 204481511 11.9788 11.7634 5e-06 0.020295
2-4-0-1-2-4-0-2-3-5-0-2-3-5-0 40945109 4.21607 2.12097 7e-06 0.024057
2-4-0-2-3-5-0-0-1-3-0-0-1-3-0 223660339 1.52436 0.325392 7e-06 0.042345
2-4-0-2-3-5-0-0-1-3-0-1-2-4-0 437484879 2.08894 1.98489 7e-06 0.030756
2-4-0-2-3-5-0-0-1-3-0-2-3-5-0 190198833 0.708862 0.519202 8e-06 0.040611
2-4-0-2-3-5-0-1-2-4-0-0-1-3-0 410442979 0.980986 0.864628 5e-06 0.037167
2-4-0-2-3-5-0-1-2-4-0-1-2-4-0 204481511 0.400827 0.331398 1.2e-05 0.024983
2-4-0-2-3-5-0-1-2-4-0-2-3-5-0 255197384 2.20915 1.98073 1.2e-05 0.027116
2-4-0-2-3-5-0-2-3-5-0-0-1-3-0 284130311 0.540676 0.381192 1.5e-05 0.038649
2-4-0-2-3-5-0-2-3-5-0-1-2-4-0 453417926 2.40487 2.27251 7e-06 0.028565
2-4-0-2-3-5-0-2-3-5-0-2-3-5-0 171400878 0.861029 0.486223 1.2e-05 0.028432
3-5-0-0-1-3-0-0-1-3-0-0-1-3-0 557356291 1.43799 1.15973 1.4e-05 0.059643
3-5-0-0-1-3-0-0-1-3-0-1-2-4-0 2154511237 1.96303 1.79315 8e-06 0.049608
3-5-0-0-1-3-0-0-1-3-0-2-3-5-0 621471008 0.919401 0.712152 1.5e-05 0.049927
3-5-0-0-1-3-0-1-2-4-0-0-1-3-0 2251924502 2.55456 2.41012 1.2e-05 0.048563
3-5-0-0-1-3-0-1-2-4-0-1-2-4-0 558683771 0.549588 0.389617 1.4e-05 0.038707
3-5-0-0-1-3-0-1-2-4-0-2-3-5-0 1943486327 3.05142 2.92587 1.2e-05 0.039887
3-5-0-0-1-3-0-2-3-5-0-0-1-3-0 1323919871 1.2933 0.884778 9e-06 0.044445
3-5-0-0-1-3-0-2-3-5-0-1-2-4-0 3706945361 5.10967 4.97537 5e-06 0.035527
3-5-0-0-1-3-0-2-3-5-0-2-3-5-0 870458224 1.17635 0.648161 9e-06 0.036268
3-5-0-1-2-4-0-0-1-3-0-0-1-3-0 2046689750 1.87228 1.45996 7e-06 0.043232
3-5-0-1-2-4-0-0-1-3-0-1-2-4-0 5149393700 8.47483 8.237 8e-06 0.034459
3-5-0-1-2-4-0-0-1-3-0-2-3-5-0 2059925133 2.31906 1.89451 9e-06 0.033831
3-5-0-1-2-4-0-1-2-4-0-0-1-3-0 571674484 2.12441 0.271951 1.1e-05 0.033797
3-5-0-1-2-4-0-1-2-4-0-1-2-4-0 49992362 0.418906 0.200381 1.1e-05 0.022297
3-5-0-1-2-4-0-1-2-4-0-2-3-5-0 506118651 0.731946 0.654591 1.6e-05 0.023219
3-5-0-1-2-4-0-2-3-5-0-0-1-3-0 3651237370 3.57108 3.47346 1.1e-05 0.033117
3-5-0-1-2-4-0-2-3-5-0-1-2-4-0 7067847345 11.8251 11.7427 9e-06 0.022553
3-5-0-1-2-4-0-2-3-5-0-2-3-5-0 2309517773 2.59434 1.93675 9e-06 0.029367
3-5-0-2-3-5-0-0-1-3-0-0-1-3-0 775328762 5.2167 0.391711 1.2e-05 0.052538
3-5-0-2-3-5-0-0-1-3-0-1-2-4-0 2866699894 2.81099 2.70345 1.4e-05 0.035505
3-5-0-2-3-5-0-0-1-3-0-2-3-5-0 850019208 0.924534 0.70635 1.5e-05 0.048901
3-5-0-2-3-5-0-1-2-4-0-0-1-3-0 2711106070 2.73361 2.5158 1.2e-05 0.042481
3-5-0-2-3-5-0-1-2-4-0-1-2-4-0 606916000 0.443708 0.360545 1.1e-05 0.02714
3-5-0-2-3-5-0-1-2-4-0-2-3-5-0 2055095988 2.22798 2.13866 1e-05 0.026712
3-5-0-2-3-5-0-2-3-5-0-0-1-3-0 1094724705 1.0495 0.651753 1e-05 0.042895
3-5-0-2-3-5-0-2-3-5-0-1-2-4-0 3056988612 3.06115 2.95581 4e-06 0.031191
3-5-0-2-3-5-0-2-3-5-0-2-3-5-0 720236673 0.992904 0.555376 1e-05 0.028856
