0-0-1-3-0-0-1-3-0-0-1-3-0-0-1 1419222105 4.26385 4.12479 1.1e-05 0.062892
0-0-1-3-0-0-1-3-0-0-1-3-0-1-2 138163365 1.4468 1.05866 9e-06 0.064827
0-0-1-3-0-0-1-3-0-0-1-3-0-2-3 557356291 1.72786 1.5503 1.6e-05 0.069782
0-0-1-3-0-0-1-3-0-1-2-4-0-0-1 8528240999 9.62947 9.49806 1.2e-05 0.057261
0-0-1-3-0-0-1-3-0-1-2-4-0-1-2 32064885 3.53961 0.245875 1.3e-05 0.057611
0-0-1-3-0-0-1-3-0-1-2-4-0-2-3 2046689750 1.13009 0.948173 1.6e-05 0.053886
0-0-1-3-0-0-1-3-0-2-3-5-0-0-1 2936038078 3.10841 2.78147 7e-06 0.053886
0-0-1-3-0-0-1-3-0-2-3-5-0-1-2 223660339 1.25216 0.348548 1.7e-05 0.060922
0-0-1-3-0-0-1-3-0-2-3-5-0-2-3 775328762 0.637809 0.473004 1.2e-05 0.0703
0-0-1-3-0-1-2-4-0-0-1-3-0-0-1 7987729204 6.15041 6.00668 1.6e-05 0.05919
0-0-1-3-0-1-2-4-0-0-1-3-0-1-2 318472348 1.41004 0.132103 1.6e-05 0.075466
0-0-1-3-0-1-2-4-0-0-1-3-0-2-3 2251924502 1.15899 0.853419 1.2e-05 0.05247
0-0-1-3-0-1-2-4-0-1-2-4-0-0-1 2048424087 0.528646 0.412129 1.3e-05 0.047352
0-0-1-3-0-1-2-4-0-1-2-4-0-1-2 4858893 0.127664 0.021629 4e-06 0.046468
0-0-1-3-0-1-2-4-0-1-2-4-0-2-3 571674484 0.323218 0.141764 7e-06 0.046155
0-0-1-3-0-1-2-4-0-2-3-5-0-0-1 11787767512 8.48245 8.35166 1.3e-05 0.052266
0-0-1-3-0-1-2-4-0-2-3-5-0-1-2 410442979 1.77603 0.18043 9e-06 0.053576
0-0-1-3-0-1-2-4-0-2-3-5-0-2-3 2711106070 1.18231 0.868305 1.9e-05 0.07551
0-0-1-3-0-2-3-5-0-0-1-3-0-0-1 3772537047 2.09251 1.35398 2e-05 0.073727
0-0-1-3-0-2-3-5-0-0-1-3-0-1-2 261962127 0.58111 0.101021 1.5e-05 0.093675
0-0-1-3-0-2-3-5-0-0-1-3-0-2-3 1323919871 0.469899 0.292977 1.2e-05 0.082246
0-0-1-3-0-2-3-5-0-1-2-4-0-0-1 16986975289 8.35229 8.23316 9e-06 0.0508
0-0-1-3-0-2-3-5-0-1-2-4-0-1-2 61703686 1.97208 0.042424 1.3e-05 0.054818
0-0-1-3-0-2-3-5-0-1-2-4-0-2-3 3651237370 1.52102 0.942772 1.1e-05 0.066261
0-0-1-3-0-2-3-5-0-2-3-5-0-0-1 4348753892 1.0669 0.736443 1.7e-05 0.051803
0-0-1-3-0-2-3-5-0-2-3-5-0-1-2 284130311 0.886551 0.08794 9e-06 0.055836
0-0-1-3-0-2-3-5-0-2-3-5-0-2-3 1094724705 0.465603 0.227364 1.6e-05 0.051977
0-1-2-4-0-0-1-3-0-0-1-3-0-0-1 6981552054 3.13575 3.00948 1.3e-05 0.06146
0-1-2-4-0-0-1-3-0-0-1-3-0-1-2 340624697 0.55754 0.143713 1.5e-05 0.059341
0-1-2-4-0-0-1-3-0-0-1-3-0-2-3 2154511237 0.630747 0.372339 1.1e-05 0.05687
0-1-2-4-0-0-1-3-0-1-2-4-0-0-1 24412339572 12.8437 12.7346 9e-06 0.046525
0-1-2-4-0-0-1-3-0-1-2-4-0-1-2 123397885 1.13858 0.037939 1.1e-05 0.04389
0-1-2-4-0-0-1-3-0-1-2-4-0-2-3 5149393700 2.34475 1.04849 8e-06 0.041195
0-1-2-4-0-0-1-3-0-2-3-5-0-0-1 12404302670 6.95723 5.86508 1.2e-05 0.051907
0-1-2-4-0-0-1-3-0-2-3-5-0-1-2 437484879 0.787266 0.079783 1.1e-05 0.049197
0-1-2-4-0-0-1-3-0-2-3-5-0-2-3 2866699894 0.800175 0.452201 1.6e-05 0.050783
0-1-2-4-0-1-2-4-0-0-1-3-0-0-1 1526994749 0.586963 0.350594 1.4e-05 0.052226
0-1-2-4-0-1-2-4-0-0-1-3-0-1-2 123397885 0.138042 0.059742 1.2e-05 0.042037
0-1-2-4-0-1-2-4-0-0-1-3-0-2-3 558683771 0.301608 0.184486 1.5e-05 0.040198
0-1-2-4-0-1-2-4-0-1-2-4-0-0-1 162901838 0.157096 0.104711 1.2e-05 0.031041
0-1-2-4-0-1-2-4-0-1-2-4-0-1-2 214540 0.05983 0.015821 6e-06 0.030958
0-1-2-4-0-1-2-4-0-1-2-4-0-2-3 49992362 0.091098 0.042385 4e-06 0.028392
0-1-2-4-0-1-2-4-0-2-3-5-0-0-1 2284018485 0.92004 0.815401 9e-06 0.032647
0-1-2-4-0-1-2-4-0-2-3-5-0-1-2 204481511 0.121299 0.066732 6e-06 0.033288
0-1-2-4-0-1-2-4-0-2-3-5-0-2-3 606916000 0.263995 0.202666 5e-06 0.030564
0-1-2-4-0-2-3-5-0-0-1-3-0-0-1 13132687846 9.06594 8.96225 7e-06 0.043
0-1-2-4-0-2-3-5-0-0-1-3-0-1-2 432860830 1.01498 0.073926 1.5e-05 0.050569
0-1-2-4-0-2-3-5-0-0-1-3-0-2-3 3706945361 1.17 0.72579 6e-06 0.050639
0-1-2-4-0-2-3-5-0-1-2-4-0-0-1 35145744956 17.3142 17.0493 9e-06 0.040456
0-1-2-4-0-2-3-5-0-1-2-4-0-1-2 204481511 1.34898 0.043659 9e-06 0.032492
0-1-2-4-0-2-3-5-0-1-2-4-0-2-3 7067847345 2.55547 1.09839 7e-06 0.031213
0-1-2-4-0-2-3-5-0-2-3-5-0-0-1 13712931524 6.0381 4.22445 8e-06 0.042128
0-1-2-4-0-2-3-5-0-2-3-5-0-1-2 453417926 1.1572 0.084769 9e-06 0.035598
0-1-2-4-0-2-3-5-0-2-3-5-0-2-3 3056988612 0.956247 0.577918 8e-06 0.034169
0-2-3-5-0-0-1-3-0-0-1-3-0-0-1 1672292507 0.735222 0.526047 7e-06 0.063336
0-2-3-5-0-0-1-3-0-0-1-3-0-1-2 131792782 0.250809 0.105252 1.3e-05 0.059768
0-2-3-5-0-0-1-3-0-0-1-3-0-2-3 621471008 0.340077 0.197286 1.2e-05 0.061846
0-2-3-5-0-0-1-3-0-1-2-4-0-0-1 9235067917 4.41507 4.31689 1.2e-05 0.050709
0-2-3-5-0-0-1-3-0-1-2-4-0-1-2 37830920 0.721411 0.026285 8e-06 0.044192
0-2-3-5-0-0-1-3-0-1-2-4-0-2-3 2059925133 0.703705 0.410392 1.4e-05 0.051531
0-2-3-5-0-0-1-3-0-2-3-5-0-0-1 3415726164 1.11418 0.864433 9e-06 0.04529
0-2-3-5-0-0-1-3-0-2-3-5-0-1-2 190198833 0.339895 0.059232 7e-06 0.045255
0-2-3-5-0-0-1-3-0-2-3-5-0-2-3 850019208 0.29341 0.156119 1.1e-05 0.045714
0-2-3-5-0-1-2-4-0-0-1-3-0-0-1 7395941882 4.01237 3.91248 8e-06 0.045917
0-2-3-5-0-1-2-4-0-0-1-3-0-1-2 218358783 0.715249 0.068849 1.2e-05 0.042031
0-2-3-5-0-1-2-4-0-0-1-3-0-2-3 1943486327 0.700492 0.387799 1.4e-05 0.043669
0-2-3-5-0-1-2-4-0-1-2-4-0-0-1 1894734503 0.339376 0.271521 5e-06 0.032305
0-2-3-5-0-1-2-4-0-1-2-4-0-1-2 3655061 0.076319 0.016603 4e-06 0.032528
0-2-3-5-0-1-2-4-0-1-2-4-0-2-3 506118651 0.222928 0.0995 7e-06 0.030011
0-2-3-5-0-1-2-4-0-2-3-5-0-0-1 9318882335 4.10752 3.98642 1.5e-05 0.033946
0-2-3-5-0-1-2-4-0-2-3-5-0-1-2 255197384 0.73215 0.079572 8e-06 0.034431
0-2-3-5-0-1-2-4-0-2-3-5-0-2-3 2055095988 0.609892 0.400846 7e-06 0.032417
0-2-3-5-0-2-3-5-0-0-1-3-0-0-1 2530088289 1.06547 0.809552 1e-05 0.04561
0-2-3-5-0-2-3-5-0-0-1-3-0-1-2 161408745 0.235519 0.046917 9e-06 0.043517
0-2-3-5-0-2-3-5-0-0-1-3-0-2-3 870458224 0.302321 0.147341 1.1e-05 0.046126
0-2-3-5-0-2-3-5-0-1-2-4-0-0-1 10914351715 4.30218 4.2227 9e-06 0.035619
0-2-3-5-0-2-3-5-0-1-2-4-0-1-2 40945109 0.784154 0.024162 9e-06 0.034847
0-2-3-5-0-2-3-5-0-1-2-4-0-2-3 2309517773 0.950419 0.435659 4e-06 0.034754
0-2-3-5-0-2-3-5-0-2-3-5-0-0-1 2915519858 0.764573 0.495337 7e-06 0.038904
0-2-3-5-0-2-3-5-0-2-3-5-0-1-2 171400878 0.335435 0.045485 7e-06 0.037979
0-2-3-5-0-2-3-5-0-2-3-5-0-2-3 720236673 0.219321 0.125245 1e-06 0.03857
1-3-0-0-1-3-0-0-1-3-0-0-1-3-0 1419222105 0.870694 0.711273 1e-05 0.066597
1-3-0-0-1-3-0-0-1-3-0-1-2-4-0 6981552054 2.78085 2.64357 1.3e-05 0.055158
1-3-0-0-1-3-0-0-1-3-0-2-3-5-0 1672292507 1.67679 0.475159 1.6e-05 0.056343
1-3-0-0-1-3-0-1-2-4-0-0-1-3-0 7987729204 5.24657 5.12199 1e-05 0.053338
1-3-0-0-1-3-0-1-2-4-0-1-2-4-0 1526994749 0.858019 0.412256 7e-06 0.042969
1-3-0-0-1-3-0-1-2-4-0-2-3-5-0 7395941882 5.58256 5.41512 1.1e-05 0.043735
1-3-0-0-1-3-0-2-3-5-0-0-1-3-0 3772537047 2.82208 0.981306 1.2e-05 0.059199
1-3-0-0-1-3-0-2-3-5-0-1-2-4-0 13132687846 9.67948 9.5245 1.1e-05 0.051178
1-3-0-0-1-3-0-2-3-5-0-2-3-5-0 2530088289 1.33601 0.69124 9e-06 0.044912
1-3-0-1-2-4-0-0-1-3-0-0-1-3-0 8528240999 4.09876 3.31119 7e-06 0.054367
1-3-0-1-2-4-0-0-1-3-0-1-2-4-0 24412339572 14.6677 14.2937 1.2e-05 0.047234
1-3-0-1-2-4-0-0-1-3-0-2-3-5-0 9235067917 2.57589 1.96007 1.2e-05 0.044696
1-3-0-1-2-4-0-1-2-4-0-0-1-3-0 2048424087 4.37333 0.553683 5e-06 0.046767
1-3-0-1-2-4-0-1-2-4-0-1-2-4-0 162901838 0.473726 0.071476 1e-05 0.039539
1-3-0-1-2-4-0-1-2-4-0-2-3-5-0 1894734503 0.686993 0.559196 1.4e-05 0.039498
1-3-0-1-2-4-0-2-3-5-0-0-1-3-0 16986975289 9.16079 9.04581 1.2e-05 0.043546
1-3-0-1-2-4-0-2-3-5-0-1-2-4-0 35145744956 21.3553 21.2051 7e-06 0.032759
1-3-0-1-2-4-0-2-3-5-0-2-3-5-0 10914351715 3.06109 2.1867 6e-06 0.03445
1-3-0-2-3-5-0-0-1-3-0-0-1-3-0 2936038078 6.74003 0.549736 1.1e-05 0.055081
1-3-0-2-3-5-0-0-1-3-0-1-2-4-0 12404302670 6.52713 3.82376 1e-05 0.047516
1-3-0-2-3-5-0-0-1-3-0-2-3-5-0 3415726164 1.15556 0.634677 1.3e-05 0.046287
1-3-0-2-3-5-0-1-2-4-0-0-1-3-0 11787767512 5.66735 5.30398 1e-05 0.046674
1-3-0-2-3-5-0-1-2-4-0-1-2-4-0 2284018485 0.781886 0.367421 9e-06 0.035156
1-3-0-2-3-5-0-1-2-4-0-2-3-5-0 9318882335 2.51761 2.4002 9e-06 0.035629
1-3-0-2-3-5-0-2-3-5-0-0-1-3-0 4348753892 1.81878 1.1515 1.3e-05 0.045199
1-3-0-2-3-5-0-2-3-5-0-1-2-4-0 13712931524 5.14131 4.94339 1.1e-05 0.036237
1-3-0-2-3-5-0-2-3-5-0-2-3-5-0 2915519858 1.09524 0.509123 1e-05 0.036753
2-4-0-0-1-3-0-0-1-3-0-0-1-3-0 138163365 2.04136 0.623387 1e-05 0.05549
2-4-0-0-1-3-0-0-1-3-0-1-2-4-0 340624697 1.34071 0.945424 5e-06 0.043859
2-4-0-0-1-3-0-0-1-3-0-2-3-5-0 131792782 0.878706 0.392058 5e-06 0.044604
2-4-0-0-1-3-0-1-2-4-0-0-1-3-0 318472348 0.64318 0.475957 5e-06 0.042684
2-4-0-0-1-3-0-1-2-4-0-1-2-4-0 123397885 0.474664 0.256133 7e-06 0.033387
2-4-0-0-1-3-0-1-2-4-0-2-3-5-0 218358783 2.37636 2.08773 9e-06 0.034793
2-4-0-0-1-3-0-2-3-5-0-0-1-3-0 261962127 0.636153 0.229134 1e-05 0.04477
2-4-0-0-1-3-0-2-3-5-0-1-2-4-0 432860830 4.63664 4.25535 1.3e-05 0.035058
2-4-0-0-1-3-0-2-3-5-0-2-3-5-0 161408745 1.34266 0.40865 1e-05 0.036225
2-4-0-1-2-4-0-0-1-3-0-0-1-3-0 32064885 0.660354 0.104777 1.1e-05 0.04598
2-4-0-1-2-4-0-0-1-3-0-1-2-4-0 123397885 8.47437 8.17542 1e-05 0.034138
2-4-0-1-2-4-0-0-1-3-0-2-3-5-0 37830920 2.21292 1.29661 1.1e-05 0.034307
2-4-0-1-2-4-0-1-2-4-0-0-1-3-0 4858893 0.573407 0.04685 1.4e-05 0.036186
2-4-0-1-2-4-0-1-2-4-0-1-2-4-0 214540 0.119793 0.05561 5e-06 0.023358
2-4-0-1-2-4-0-1-2-4-0-2-3-5-0 3655061 0.449712 0.359018 5e-06 0.022145
2-4-0-1-2-4-0-2-3-5-0-0-1-3-0 61703686 0.358203 0.219964 5e-06 0.032791
2-4-0-1-2-4-0-2-3-5-0-1-2-4-0 204481511 14.1518 13.709 8e-06 0.022934
2-4-0-1-2-4-0-2-3-5-0-2-3-5-0 40945109 3.12752 1.60199 7e-06 0.023454
2-4-0-2-3-5-0-0-1-3-0-0-1-3-0 223660339 1.06786 0.195228 1.1e-05 0.047466
2-4-0-2-3-5-0-0-1-3-0-1-2-4-0 437484879 1.98429 1.61206 1e-05 0.034222
2-4-0-2-3-5-0-0-1-3-0-2-3-5-0 190198833 0.538821 0.329413 1.6e-05 0.042766
2-4-0-2-3-5-0-1-2-4-0-0-1-3-0 410442979 0.632648 0.516414 9e-06 0.041194
2-4-0-2-3-5-0-1-2-4-0-1-2-4-0 204481511 0.351346 0.189687 9e-06 0.026446
2-4-0-2-3-5-0-1-2-4-0-2-3-5-0 255197384 1.62776 1.32705 3e-06 0.024669
2-4-0-2-3-5-0-2-3-5-0-0-1-3-0 284130311 0.38861 0.213609 3e-06 0.035574
2-4-0-2-3-5-0-2-3-5-0-1-2-4-0 453417926 2.34701 2.17439 1.3e-05 0.024924
2-4-0-2-3-5-0-2-3-5-0-2-3-5-0 171400878 0.775678 0.289779 8e-06 0.030826
3-5-0-0-1-3-0-0-1-3-0-0-1-3-0 557356291 0.943032 0.632771 1.1e-05 0.063842
3-5-0-0-1-3-0-0-1-3-0-1-2-4-0 2154511237 1.84673 1.73183 1.5e-05 0.045167
3-5-0-0-1-3-0-0-1-3-0-2-3-5-0 621471008 0.836421 0.419668 1e-05 0.046062
3-5-0-0-1-3-0-1-2-4-0-0-1-3-0 2251924502 1.50806 1.37868 8e-06 0.044145
3-5-0-0-1-3-0-1-2-4-0-1-2-4-0 558683771 0.3224 0.253038 8e-06 0.034305
3-5-0-0-1-3-0-1-2-4-0-2-3-5-0 1943486327 2.45708 2.3319 1e-05 0.035551
3-5-0-0-1-3-0-2-3-5-0-0-1-3-0 1323919871 1.02924 0.471257 8e-06 0.045989
3-5-0-0-1-3-0-2-3-5-0-1-2-4-0 3706945361 5.13508 4.99906 6e-06 0.039137
3-5-0-0-1-3-0-2-3-5-0-2-3-5-0 870458224 1.43606 0.436656 1.3e-05 0.046404
3-5-0-1-2-4-0-0-1-3-0-0-1-3-0 2046689750 1.28557 0.9586 1.7e-05 0.057008
3-5-0-1-2-4-0-0-1-3-0-1-2-4-0 5149393700 8.99278 8.73517 8e-06 0.042998
3-5-0-1-2-4-0-0-1-3-0-2-3-5-0 2059925133 1.59681 1.06951 7e-06 0.037463
3-5-0-1-2-4-0-1-2-4-0-0-1-3-0 571674484 1.63226 0.168274 1e-05 0.038483
3-5-0-1-2-4-0-1-2-4-0-1-2-4-0 49992362 0.446687 0.277839 8e-06 0.025127
3-5-0-1-2-4-0-1-2-4-0-2-3-5-0 506118651 0.494902 0.363291 6e-06 0.025456
3-5-0-1-2-4-0-2-3-5-0-0-1-3-0 3651237370 1.99075 1.92608 7e-06 0.035618
3-5-0-1-2-4-0-2-3-5-0-1-2-4-0 7067847345 15.5042 15.3625 1.3e-05 0.031151
3-5-0-1-2-4-0-2-3-5-0-2-3-5-0 2309517773 2.03678 1.20566 1.7e-05 0.030045
3-5-0-2-3-5-0-0-1-3-0-0-1-3-0 775328762 4.08033 0.220785 5e-06 0.048227
3-5-0-2-3-5-0-0-1-3-0-1-2-4-0 2866699894 2.49641 2.04876 1.3e-05 0.037988
3-5-0-2-3-5-0-0-1-3-0-2-3-5-0 850019208 0.722617 0.407303 1.1e-05 0.04305
3-5-0-2-3-5-0-1-2-4-0-0-1-3-0 2711106070 1.49862 1.38856 1.5e-05 0.042646
3-5-0-2-3-5-0-1-2-4-0-1-2-4-0 606916000 0.32634 0.220125 1.5e-05 0.030684
3-5-0-2-3-5-0-1-2-4-0-2-3-5-0 2055095988 1.54424 1.47389 1.2e-05 0.030257
3-5-0-2-3-5-0-2-3-5-0-0-1-3-0 1094724705 0.784086 0.385589 5e-06 0.037047
3-5-0-2-3-5-0-2-3-5-0-1-2-4-0 3056988612 2.46702 2.39704 1.1e-05 0.027739
3-5-0-2-3-5-0-2-3-5-0-2-3-5-0 720236673 0.814272 0.342679 1e-05 0.028629
