0-0-1-3-0-0-1-3-0-0-1 156357361 1.15988 1.09274 6e-06 0.032336
0-0-1-3-0-0-1-3-0-1-2 32064885 0.151406 0.088729 7e-06 0.032694
0-0-1-3-0-0-1-3-0-2-3 72602572 0.165056 0.10904 4e-06 0.027663
0-0-1-3-0-1-2-4-0-0-1 2048424087 13.2351 13.1255 4e-06 0.022136
0-0-1-3-0-1-2-4-0-1-2 4858893 0.237715 0.03548 5e-06 0.040422
0-0-1-3-0-1-2-4-0-2-3 571674484 0.343177 0.163254 6e-06 0.037786
0-0-1-3-0-2-3-5-0-0-1 368626275 0.472557 0.301743 1e-05 0.040374
0-0-1-3-0-2-3-5-0-1-2 61703686 0.132911 0.047491 6e-06 0.041846
0-0-1-3-0-2-3-5-0-2-3 109695304 0.168182 0.056503 9e-06 0.052441
0-1-2-4-0-0-1-3-0-0-1 1526994749 4.33226 4.23487 9e-06 0.043448
0-1-2-4-0-0-1-3-0-1-2 123397885 0.124463 0.054403 9e-06 0.041465
0-1-2-4-0-0-1-3-0-2-3 558683771 0.184712 0.124669 6e-06 0.038836
0-1-2-4-0-1-2-4-0-0-1 162901838 0.148453 0.087292 5e-06 0.029186
0-1-2-4-0-1-2-4-0-1-2 214540 0.057467 0.019607 6e-06 0.024314
0-1-2-4-0-1-2-4-0-2-3 49992362 0.077698 0.038672 7e-06 0.024507
0-1-2-4-0-2-3-5-0-0-1 2284018485 5.49072 5.43009 5e-06 0.023205
0-1-2-4-0-2-3-5-0-1-2 204481511 0.087422 0.044153 4e-06 0.022176
0-1-2-4-0-2-3-5-0-2-3 606916000 0.169724 0.116319 1e-05 0.028152
0-2-3-5-0-0-1-3-0-0-1 203127281 0.213204 0.104339 7e-06 0.042169
0-2-3-5-0-0-1-3-0-1-2 37830920 0.115696 0.03953 8e-06 0.040999
0-2-3-5-0-0-1-3-0-2-3 95160060 0.11688 0.046096 4e-06 0.041691
0-2-3-5-0-1-2-4-0-0-1 1894734503 3.41531 3.35446 6e-06 0.022777
0-2-3-5-0-1-2-4-0-1-2 3655061 0.13544 0.024898 8e-06 0.031282
0-2-3-5-0-1-2-4-0-2-3 506118651 0.241017 0.160345 7e-06 0.029425
0-2-3-5-0-2-3-5-0-0-1 258473495 0.181858 0.070438 8e-06 0.032885
0-2-3-5-0-2-3-5-0-1-2 40945109 0.115421 0.037742 6e-06 0.035331
0-2-3-5-0-2-3-5-0-2-3 76504726 0.094392 0.036137 9e-06 0.033411
1-3-0-0-1-3-0-0-1-3-0 156357361 0.226975 0.117609 8e-06 0.056783
1-3-0-0-1-3-0-1-2-4-0 1526994749 9.37202 9.28454 6e-06 0.031389
1-3-0-0-1-3-0-2-3-5-0 203127281 0.262845 0.095851 1.1e-05 0.045769
1-3-0-1-2-4-0-0-1-3-0 2048424087 0.967817 0.868964 1e-05 0.043079
1-3-0-1-2-4-0-1-2-4-0 162901838 0.165891 0.065226 4e-06 0.024651
1-3-0-1-2-4-0-2-3-5-0 1894734503 3.86788 3.787 6e-06 0.023421
1-3-0-2-3-5-0-0-1-3-0 368626275 0.409523 0.14767 7e-06 0.03433
1-3-0-2-3-5-0-1-2-4-0 2284018485 4.14397 4.07608 6e-06 0.035481
1-3-0-2-3-5-0-2-3-5-0 258473495 0.224687 0.066617 1e-05 0.025141
2-4-0-0-1-3-0-0-1-3-0 32064885 0.231125 0.084019 4e-06 0.032597
2-4-0-0-1-3-0-1-2-4-0 123397885 0.380258 0.313582 5e-06 0.021176
2-4-0-0-1-3-0-2-3-5-0 37830920 0.157036 0.058342 3e-06 0.023622
2-4-0-1-2-4-0-0-1-3-0 4858893 0.102777 0.034692 5e-06 0.026695
2-4-0-1-2-4-0-1-2-4-0 214540 0.084986 0.047773 6e-06 0.014145
2-4-0-1-2-4-0-2-3-5-0 3655061 0.292884 0.246333 4e-06 0.014083
2-4-0-2-3-5-0-0-1-3-0 61703686 0.136625 0.054568 5e-06 0.022575
2-4-0-2-3-5-0-1-2-4-0 204481511 0.274985 0.23338 7e-06 0.019941
2-4-0-2-3-5-0-2-3-5-0 40945109 0.09155 0.040644 4e-06 0.014805
3-5-0-0-1-3-0-0-1-3-0 72602572 0.179875 0.082573 4e-06 0.035137
3-5-0-0-1-3-0-1-2-4-0 558683771 0.637562 0.570383 3e-06 0.026012
3-5-0-0-1-3-0-2-3-5-0 95160060 0.138935 0.0619 3e-06 0.027377
3-5-0-1-2-4-0-0-1-3-0 571674484 0.252502 0.199721 5e-06 0.026264
3-5-0-1-2-4-0-1-2-4-0 49992362 0.084023 0.048473 6e-06 0.015757
3-5-0-1-2-4-0-2-3-5-0 506118651 0.414505 0.354268 7e-06 0.016695
3-5-0-2-3-5-0-0-1-3-0 109695304 0.130457 0.056958 4e-06 0.024918
3-5-0-2-3-5-0-1-2-4-0 606916000 0.361869 0.315016 1e-06 0.024529
3-5-0-2-3-5-0-2-3-5-0 76504726 0.089383 0.044958 3e-06 0.016695
