0-0-1-3-0 8295777 0.068913 0.053891 0 0.004229
0-1-2-4-0 62478594 0.364943 0.35908 -4.33681e-19 0.002044
0-2-3-5-0 5203624 0.014073 0.006972 0 0.00257
1-3-0-0-1 1664545 0.014497 0.006378 0 0.003789
1-3-0-1-2 560269 0.014816 0.005742 1e-06 0.004823
1-3-0-2-3 580033 0.012186 0.00513 0 0.003128
2-4-0-0-1 560269 0.004831 0.001108 2.1684e-19 0.001628
2-4-0-1-2 2309 0.004258 0.000455 2.1684e-19 0.001631
2-4-0-2-3 177569 0.003804 0.000586 1e-06 0.0015
3-5-0-0-1 580033 0.006188 0.001378 0 0.002001
3-5-0-1-2 177569 0.005358 0.001235 0 0.00197
3-5-0-2-3 236289 0.005539 0.001289 1e-06 0.001793
