0-0-1-3-0-0-1-3-0-0-1-3-0 1200719971 2.03788 1.94028 7e-06 0.043706
0-0-1-3-0-0-1-3-0-1-2-4-0 6268640177 3.2454 3.12389 1.4e-05 0.033251
0-0-1-3-0-0-1-3-0-2-3-5-0 1411253161 1.7894 0.577424 1.1e-05 0.039258
0-0-1-3-0-1-2-4-0-0-1-3-0 7143745039 5.59879 5.45787 1.4e-05 0.051428
0-0-1-3-0-1-2-4-0-1-2-4-0 1306671714 0.763901 0.299975 1.2e-05 0.030953
0-0-1-3-0-1-2-4-0-2-3-5-0 6798970777 3.11047 2.94585 4e-06 0.031648
0-0-1-3-0-2-3-5-0-0-1-3-0 3197405526 2.05198 1.09549 8e-06 0.038366
0-0-1-3-0-2-3-5-0-1-2-4-0 12244116763 5.93741 5.81471 6e-06 0.029886
0-0-1-3-0-2-3-5-0-2-3-5-0 2119598948 1.11431 0.436717 2.3e-05 0.053509
0-1-2-4-0-0-1-3-0-0-1-3-0 6268640177 3.1067 2.44476 9e-06 0.041589
0-1-2-4-0-0-1-3-0-1-2-4-0 19647442637 9.61246 9.37143 6e-06 0.026844
0-1-2-4-0-0-1-3-0-2-3-5-0 7169468361 2.19558 1.32975 1.3e-05 0.032303
0-1-2-4-0-1-2-4-0-0-1-3-0 1306671714 0.643515 0.233902 8e-06 0.027998
0-1-2-4-0-1-2-4-0-1-2-4-0 62478594 0.126361 0.059841 7e-06 0.023143
0-1-2-4-0-1-2-4-0-2-3-5-0 1060374840 0.433816 0.345623 7e-06 0.0238
0-1-2-4-0-2-3-5-0-0-1-3-0 12244116763 7.55621 7.39255 1e-05 0.032724
0-1-2-4-0-2-3-5-0-1-2-4-0 29301429046 9.24094 8.92753 6e-06 0.02258
0-1-2-4-0-2-3-5-0-2-3-5-0 8007804094 2.18769 1.07633 8e-06 0.022154
0-2-3-5-0-0-1-3-0-0-1-3-0 1411253161 2.34735 0.265712 6e-06 0.038743
0-2-3-5-0-0-1-3-0-1-2-4-0 7169468361 1.87555 1.64234 3e-06 0.027931
0-2-3-5-0-0-1-3-0-2-3-5-0 1749579324 0.606549 0.236603 7e-06 0.033859
0-2-3-5-0-1-2-4-0-0-1-3-0 6798970777 3.09556 2.9677 7e-06 0.033675
0-2-3-5-0-1-2-4-0-1-2-4-0 1060374840 0.612318 0.134539 8e-06 0.025795
0-2-3-5-0-1-2-4-0-2-3-5-0 5692292682 1.20556 1.07051 7e-06 0.024661
0-2-3-5-0-2-3-5-0-0-1-3-0 2119598948 0.75171 0.522473 4e-06 0.029559
0-2-3-5-0-2-3-5-0-1-2-4-0 8007804094 2.06207 1.98028 9e-06 0.020206
0-2-3-5-0-2-3-5-0-2-3-5-0 1435985598 0.676375 0.208728 9e-06 0.025249
1-3-0-0-1-3-0-0-1-3-0-0-1 211653511 0.679444 0.284637 6e-06 0.048531
1-3-0-0-1-3-0-0-1-3-0-1-2 37465054 0.266543 0.106207 1e-05 0.045959
1-3-0-0-1-3-0-0-1-3-0-2-3 94494222 0.277831 0.161139 7e-06 0.044465
1-3-0-0-1-3-0-1-2-4-0-0-1 2435153216 1.78973 1.66329 1e-05 0.037822
1-3-0-0-1-3-0-1-2-4-0-1-2 6077715 0.147737 0.02242 6e-06 0.037216
1-3-0-0-1-3-0-1-2-4-0-2-3 663562074 0.373516 0.240624 1e-05 0.035187
1-3-0-0-1-3-0-2-3-5-0-0-1 492952736 0.387205 0.258302 4e-06 0.038895
1-3-0-0-1-3-0-2-3-5-0-1-2 71117008 0.129238 0.04235 4e-06 0.037089
1-3-0-0-1-3-0-2-3-5-0-2-3 144168858 0.143542 0.057232 6e-06 0.039031
1-3-0-1-2-4-0-0-1-3-0-0-1 2435153216 0.755095 0.68092 6e-06 0.038586
1-3-0-1-2-4-0-0-1-3-0-1-2 165472842 0.156943 0.064226 6e-06 0.041776
1-3-0-1-2-4-0-0-1-3-0-2-3 824065675 0.285915 0.214994 7e-06 0.035209
1-3-0-1-2-4-0-1-2-4-0-0-1 360430421 0.160729 0.111001 5e-06 0.028254
1-3-0-1-2-4-0-1-2-4-0-1-2 560269 0.063072 0.016811 4e-06 0.026607
1-3-0-1-2-4-0-1-2-4-0-2-3 108629855 0.088889 0.046039 5e-06 0.025262
1-3-0-1-2-4-0-2-3-5-0-0-1 3881323081 2.3171 2.25448 6e-06 0.029966
1-3-0-1-2-4-0-2-3-5-0-1-2 270475619 0.627897 0.081641 6e-06 0.029274
1-3-0-1-2-4-0-2-3-5-0-2-3 986646163 0.348467 0.249752 7e-06 0.028761
1-3-0-2-3-5-0-0-1-3-0-0-1 492952736 0.218639 0.121662 1e-05 0.037692
1-3-0-2-3-5-0-0-1-3-0-1-2 72381185 0.120224 0.035991 9e-06 0.041013
1-3-0-2-3-5-0-0-1-3-0-2-3 214694911 0.127431 0.059798 6e-06 0.040604
1-3-0-2-3-5-0-1-2-4-0-0-1 3881323081 1.65105 1.58743 9e-06 0.031959
1-3-0-2-3-5-0-1-2-4-0-1-2 8586696 0.382567 0.01768 6e-06 0.029835
1-3-0-2-3-5-0-1-2-4-0-2-3 977297157 0.358168 0.237211 8e-06 0.028658
1-3-0-2-3-5-0-2-3-5-0-0-1 621473695 0.272012 0.128545 2e-06 0.030932
1-3-0-2-3-5-0-2-3-5-0-1-2 79049098 0.108751 0.033835 7e-06 0.032004
1-3-0-2-3-5-0-2-3-5-0-2-3 176949807 0.112644 0.052507 6e-06 0.031232
2-4-0-0-1-3-0-0-1-3-0-0-1 37465054 0.312646 0.20176 6e-06 0.038989
2-4-0-0-1-3-0-0-1-3-0-1-2 2746067 0.176952 0.086257 1e-05 0.036347
2-4-0-0-1-3-0-0-1-3-0-2-3 13206540 0.222164 0.119174 1.1e-05 0.036451
2-4-0-0-1-3-0-1-2-4-0-0-1 165472842 1.46049 1.37498 7e-06 0.027238
2-4-0-0-1-3-0-1-2-4-0-1-2 793231 0.150178 0.017309 5e-06 0.030988
2-4-0-0-1-3-0-1-2-4-0-2-3 37851690 0.275755 0.169594 8e-06 0.028703
2-4-0-0-1-3-0-2-3-5-0-0-1 72381185 0.345806 0.247897 9e-06 0.034667
2-4-0-0-1-3-0-2-3-5-0-1-2 3963418 0.10249 0.030507 8e-06 0.033021
2-4-0-0-1-3-0-2-3-5-0-2-3 18163560 0.113248 0.041547 8e-06 0.028937
2-4-0-1-2-4-0-0-1-3-0-0-1 6077715 0.144854 0.043472 7e-06 0.030034
2-4-0-1-2-4-0-0-1-3-0-1-2 793231 0.084711 0.034403 4e-06 0.027256
2-4-0-1-2-4-0-0-1-3-0-2-3 2523483 0.180807 0.116962 5e-06 0.026302
2-4-0-1-2-4-0-1-2-4-0-0-1 560269 0.129622 0.086745 6e-06 0.0205
2-4-0-1-2-4-0-1-2-4-0-1-2 2309 0.043581 0.012811 4e-06 0.017942
2-4-0-1-2-4-0-1-2-4-0-2-3 177569 0.076504 0.033361 7e-06 0.016709
2-4-0-1-2-4-0-2-3-5-0-0-1 8586696 0.567839 0.493801 7e-06 0.019515
2-4-0-1-2-4-0-2-3-5-0-1-2 1249649 0.104342 0.045335 9e-06 0.020033
2-4-0-1-2-4-0-2-3-5-0-2-3 2510707 0.174982 0.124282 1.1e-05 0.025592
2-4-0-2-3-5-0-0-1-3-0-0-1 71117008 0.135517 0.060698 8e-06 0.032269
2-4-0-2-3-5-0-0-1-3-0-1-2 3963418 0.083455 0.024202 7e-06 0.032226
2-4-0-2-3-5-0-0-1-3-0-2-3 23447742 0.09636 0.039655 8e-06 0.033626
2-4-0-2-3-5-0-1-2-4-0-0-1 270475619 0.457003 0.407241 6e-06 0.024093
2-4-0-2-3-5-0-1-2-4-0-1-2 1249649 0.07146 0.01349 6e-06 0.023423
2-4-0-2-3-5-0-1-2-4-0-2-3 56692000 0.161899 0.118372 7e-06 0.021315
2-4-0-2-3-5-0-2-3-5-0-0-1 79049098 0.132886 0.074494 1.1e-05 0.024346
2-4-0-2-3-5-0-2-3-5-0-1-2 4296935 0.069733 0.020133 9e-06 0.025576
2-4-0-2-3-5-0-2-3-5-0-2-3 19367940 0.085733 0.031152 7e-06 0.024426
3-5-0-0-1-3-0-0-1-3-0-0-1 94494222 0.313261 0.20004 1.5e-05 0.046115
3-5-0-0-1-3-0-0-1-3-0-1-2 13206540 0.165586 0.084862 6e-06 0.042179
3-5-0-0-1-3-0-0-1-3-0-2-3 41003648 0.202894 0.126023 5e-06 0.039748
3-5-0-0-1-3-0-1-2-4-0-0-1 824065675 1.5372 1.4503 9e-06 0.034232
3-5-0-0-1-3-0-1-2-4-0-1-2 2523483 0.130746 0.018573 1.1e-05 0.03358
3-5-0-0-1-3-0-1-2-4-0-2-3 215363168 0.290824 0.165337 1e-05 0.034331
3-5-0-0-1-3-0-2-3-5-0-0-1 214694911 0.364102 0.224948 5e-06 0.032966
3-5-0-0-1-3-0-2-3-5-0-1-2 23447742 0.120572 0.033123 9e-06 0.033008
3-5-0-0-1-3-0-2-3-5-0-2-3 60308475 0.130281 0.04439 5e-06 0.032244
3-5-0-1-2-4-0-0-1-3-0-0-1 663562074 0.306905 0.235929 1.1e-05 0.035722
3-5-0-1-2-4-0-0-1-3-0-1-2 37851690 0.099652 0.038141 9e-06 0.031493
3-5-0-1-2-4-0-0-1-3-0-2-3 215363168 0.179996 0.12621 7e-06 0.029743
3-5-0-1-2-4-0-1-2-4-0-0-1 108629855 0.1203 0.078005 9e-06 0.021513
3-5-0-1-2-4-0-1-2-4-0-1-2 177569 0.049019 0.013384 9e-06 0.02088
3-5-0-1-2-4-0-1-2-4-0-2-3 32570709 0.073888 0.034965 2e-06 0.019912
3-5-0-1-2-4-0-2-3-5-0-0-1 977297157 0.719612 0.657751 4e-06 0.022623
3-5-0-1-2-4-0-2-3-5-0-1-2 56692000 0.27765 0.046112 6e-06 0.0249
3-5-0-1-2-4-0-2-3-5-0-2-3 241400395 0.195488 0.132156 1.2e-05 0.021191
3-5-0-2-3-5-0-0-1-3-0-0-1 144168858 0.150268 0.057037 1e-05 0.031632
3-5-0-2-3-5-0-0-1-3-0-1-2 18163560 0.090731 0.026913 7e-06 0.033251
3-5-0-2-3-5-0-0-1-3-0-2-3 60308475 0.11361 0.041931 6e-06 0.032801
3-5-0-2-3-5-0-1-2-4-0-0-1 986646163 0.603141 0.548914 1.2e-05 0.025162
3-5-0-2-3-5-0-1-2-4-0-1-2 2510707 0.107569 0.014374 5e-06 0.025702
3-5-0-2-3-5-0-1-2-4-0-2-3 241400395 0.198355 0.135223 5e-06 0.023954
3-5-0-2-3-5-0-2-3-5-0-0-1 176949807 0.154907 0.076164 8e-06 0.025925
3-5-0-2-3-5-0-2-3-5-0-1-2 19367940 0.077271 0.024047 6e-06 0.024432
3-5-0-2-3-5-0-2-3-5-0-2-3 49276971 0.083752 0.034163 8e-06 0.023562
