0-0-1-3-0-0-1 11946758 0.113873 0.086997 3e-06 0.011912
0-0-1-3-0-1-2 4858893 0.048634 0.015858 4e-06 0.018734
0-0-1-3-0-2-3 6055132 0.040539 0.012671 2e-06 0.016591
0-1-2-4-0-0-1 162901838 0.601594 0.584461 1e-06 0.010686
0-1-2-4-0-1-2 214540 0.018175 0.006063 3e-06 0.007519
0-1-2-4-0-2-3 49992362 0.024867 0.013221 4e-06 0.007093
0-2-3-5-0-0-1 13858287 0.023749 0.007714 -1.73472e-18 0.007878
0-2-3-5-0-1-2 3655061 0.020991 0.006421 3e-06 0.007841
0-2-3-5-0-2-3 4352217 0.019465 0.006604 4e-06 0.007405
1-3-0-0-1-3-0 11946758 0.035708 0.01372 1.73472e-18 0.011537
1-3-0-1-2-4-0 162901838 0.253771 0.233927 2e-06 0.008113
1-3-0-2-3-5-0 13858287 0.031131 0.013343 3e-06 0.007718
2-4-0-0-1-3-0 4858893 0.028136 0.008817 3e-06 0.007501
2-4-0-1-2-4-0 214540 0.031831 0.020076 1e-06 0.003582
2-4-0-2-3-5-0 3655061 0.018105 0.007024 2e-06 0.003847
3-5-0-0-1-3-0 6055132 0.02703 0.009116 1e-06 0.007718
3-5-0-1-2-4-0 49992362 0.034781 0.021348 1e-06 0.004673
3-5-0-2-3-5-0 4352217 0.021062 0.008171 3e-06 0.004885
