0-0-1-3-0-0-1-3-0 116647351 0.442359 0.399289 9e-06 0.022045
0-0-1-3-0-1-2-4-0 1306671714 2.05045 2.00934 1e-06 0.013738
0-0-1-3-0-2-3-5-0 148793049 0.126967 0.04021 4e-06 0.014471
0-1-2-4-0-0-1-3-0 1306671714 0.401469 0.363254 3e-06 0.014205
0-1-2-4-0-1-2-4-0 62478594 0.05809 0.034085 5e-06 0.009621
0-1-2-4-0-2-3-5-0 1060374840 0.207167 0.177821 4e-06 0.010757
0-2-3-5-0-0-1-3-0 148793049 0.108971 0.054455 5e-06 0.029624
0-2-3-5-0-1-2-4-0 1060374840 0.197119 0.169079 4e-06 0.013238
0-2-3-5-0-2-3-5-0 103574624 0.064635 0.026358 5e-06 0.013445
1-3-0-0-1-3-0-0-1 18776209 0.076997 0.031742 6e-06 0.024026
1-3-0-0-1-3-0-1-2 6077715 0.072122 0.022214 5e-06 0.022953
1-3-0-0-1-3-0-2-3 8863750 0.06832 0.023609 5e-06 0.021786
1-3-0-1-2-4-0-0-1 360430421 0.26624 0.210484 2e-06 0.018453
1-3-0-1-2-4-0-1-2 560269 0.040803 0.010635 3e-06 0.01849
1-3-0-1-2-4-0-2-3 108629855 0.075414 0.046403 1e-06 0.012111
1-3-0-2-3-5-0-0-1 37385083 0.076917 0.033103 4e-06 0.017655
1-3-0-2-3-5-0-1-2 8586696 0.039628 0.013083 4e-06 0.014249
1-3-0-2-3-5-0-2-3 11511089 0.04538 0.015853 4e-06 0.015088
2-4-0-0-1-3-0-0-1 6077715 0.06011 0.024069 2e-06 0.014358
2-4-0-0-1-3-0-1-2 793231 0.045265 0.014779 1e-06 0.015597
2-4-0-0-1-3-0-2-3 2523483 0.072662 0.020582 7e-06 0.03641
2-4-0-1-2-4-0-0-1 560269 0.108322 0.063295 4e-06 0.023924
2-4-0-1-2-4-0-1-2 2309 0.023316 0.005813 3.46945e-18 0.009853
2-4-0-1-2-4-0-2-3 177569 0.038869 0.020191 2e-06 0.008345
2-4-0-2-3-5-0-0-1 8586696 0.039546 0.01126 3e-06 0.009111
2-4-0-2-3-5-0-1-2 1249649 0.031494 0.007262 1e-06 0.010687
2-4-0-2-3-5-0-2-3 2510707 0.025754 0.008075 5e-06 0.008708
3-5-0-0-1-3-0-0-1 8863750 0.056583 0.023526 2e-06 0.014481
3-5-0-0-1-3-0-1-2 2523483 0.045455 0.013461 3e-06 0.015409
3-5-0-0-1-3-0-2-3 4568986 0.044769 0.01372 2e-06 0.014566
3-5-0-1-2-4-0-0-1 108629855 0.089157 0.06639 5e-06 0.010461
3-5-0-1-2-4-0-1-2 177569 0.026557 0.006027 4e-06 0.010514
3-5-0-1-2-4-0-2-3 32570709 0.043383 0.023929 3e-06 0.008846
3-5-0-2-3-5-0-0-1 11511089 0.039726 0.015848 2e-06 0.010542
3-5-0-2-3-5-0-1-2 2510707 0.032316 0.008254 2e-06 0.011372
3-5-0-2-3-5-0-2-3 3674955 0.030005 0.008823 2e-06 0.010126
