0-0-1-3-0-0-1-3-0-0-1-3-0-0-1 1419222105 6.70203 6.50109 1.3e-05 0.048905
0-0-1-3-0-0-1-3-0-0-1-3-0-1-2 138163365 2.6829 2.35471 9e-06 0.052635
0-0-1-3-0-0-1-3-0-0-1-3-0-2-3 557356291 3.90605 3.70275 1e-05 0.050722
0-0-1-3-0-0-1-3-0-1-2-4-0-0-1 8528240999 17.5509 17.3169 7e-06 0.046355
0-0-1-3-0-0-1-3-0-1-2-4-0-1-2 32064885 1.78215 0.244687 5e-06 0.045425
0-0-1-3-0-0-1-3-0-1-2-4-0-2-3 2046689750 2.40602 2.27902 1e-05 0.044275
0-0-1-3-0-0-1-3-0-2-3-5-0-0-1 2936038078 5.78421 5.55115 9e-06 0.049433
0-0-1-3-0-0-1-3-0-2-3-5-0-1-2 223660339 1.21238 0.699357 7e-06 0.045835
0-0-1-3-0-0-1-3-0-2-3-5-0-2-3 775328762 1.30339 1.14213 6e-06 0.0448
0-0-1-3-0-1-2-4-0-0-1-3-0-0-1 7987729204 12.1193 11.8776 1.2e-05 0.045624
0-0-1-3-0-1-2-4-0-0-1-3-0-1-2 318472348 0.88275 0.341478 1.4e-05 0.045444
0-0-1-3-0-1-2-4-0-0-1-3-0-2-3 2251924502 1.9311 1.63473 6e-06 0.044537
0-0-1-3-0-1-2-4-0-1-2-4-0-0-1 2048424087 1.14155 1.01714 7e-06 0.036145
0-0-1-3-0-1-2-4-0-1-2-4-0-1-2 4858893 0.169225 0.063356 2e-06 0.037433
0-0-1-3-0-1-2-4-0-1-2-4-0-2-3 571674484 0.469154 0.354345 9e-06 0.034895
0-0-1-3-0-1-2-4-0-2-3-5-0-0-1 11787767512 10.4297 10.2117 8e-06 0.038532
0-0-1-3-0-1-2-4-0-2-3-5-0-1-2 410442979 1.00037 0.504092 2e-05 0.063446
0-0-1-3-0-1-2-4-0-2-3-5-0-2-3 2711106070 2.78297 2.28917 1.3e-05 0.041924
0-0-1-3-0-2-3-5-0-0-1-3-0-0-1 3772537047 3.88803 3.37485 5e-06 0.047401
0-0-1-3-0-2-3-5-0-0-1-3-0-1-2 261962127 0.520466 0.22951 8e-06 0.046339
0-0-1-3-0-2-3-5-0-0-1-3-0-2-3 1323919871 0.834762 0.683538 9e-06 0.046864
0-0-1-3-0-2-3-5-0-1-2-4-0-0-1 16986975289 11.3771 11.2184 7e-06 0.039458
0-0-1-3-0-2-3-5-0-1-2-4-0-1-2 61703686 1.39967 0.10198 8e-06 0.04418
0-0-1-3-0-2-3-5-0-1-2-4-0-2-3 3651237370 2.99833 2.37154 1.3e-05 0.049957
0-0-1-3-0-2-3-5-0-2-3-5-0-0-1 4348753892 1.94741 1.76976 6e-06 0.039578
0-0-1-3-0-2-3-5-0-2-3-5-0-1-2 284130311 0.440536 0.235186 6e-06 0.039467
0-0-1-3-0-2-3-5-0-2-3-5-0-2-3 1094724705 0.775363 0.604493 6e-06 0.044109
0-1-2-4-0-0-1-3-0-0-1-3-0-0-1 6981552054 6.36664 6.18161 1.8e-05 0.05556
0-1-2-4-0-0-1-3-0-0-1-3-0-1-2 340624697 0.628204 0.356316 5e-06 0.047285
0-1-2-4-0-0-1-3-0-0-1-3-0-2-3 2154511237 1.03747 0.909473 6e-06 0.04578
0-1-2-4-0-0-1-3-0-1-2-4-0-0-1 24412339572 14.7653 14.5916 8e-06 0.036796
0-1-2-4-0-0-1-3-0-1-2-4-0-1-2 123397885 1.33755 0.290945 6e-06 0.045937
0-1-2-4-0-0-1-3-0-1-2-4-0-2-3 5149393700 3.28776 2.14452 8e-06 0.034249
0-1-2-4-0-0-1-3-0-2-3-5-0-0-1 12404302670 5.59793 5.01548 5e-06 0.037966
0-1-2-4-0-0-1-3-0-2-3-5-0-1-2 437484879 1.11088 0.255111 1.2e-05 0.062817
0-1-2-4-0-0-1-3-0-2-3-5-0-2-3 2866699894 1.35942 1.14726 7e-06 0.038363
0-1-2-4-0-1-2-4-0-0-1-3-0-0-1 1526994749 1.56162 1.0939 4e-06 0.037851
0-1-2-4-0-1-2-4-0-0-1-3-0-1-2 123397885 0.239259 0.150908 9e-06 0.036531
0-1-2-4-0-1-2-4-0-0-1-3-0-2-3 558683771 0.651803 0.549496 3e-06 0.034394
0-1-2-4-0-1-2-4-0-1-2-4-0-0-1 162901838 0.364039 0.269802 5e-06 0.028335
0-1-2-4-0-1-2-4-0-1-2-4-0-1-2 214540 0.118518 0.046873 1.1e-05 0.030862
0-1-2-4-0-1-2-4-0-1-2-4-0-2-3 49992362 0.186539 0.110814 1e-05 0.029957
0-1-2-4-0-1-2-4-0-2-3-5-0-0-1 2284018485 2.17166 2.02951 1.2e-05 0.03203
0-1-2-4-0-1-2-4-0-2-3-5-0-1-2 204481511 0.260942 0.180947 8e-06 0.028286
0-1-2-4-0-1-2-4-0-2-3-5-0-2-3 606916000 0.590431 0.504502 1e-05 0.025845
0-1-2-4-0-2-3-5-0-0-1-3-0-0-1 13132687846 18.1972 18.052 5e-06 0.038575
0-1-2-4-0-2-3-5-0-0-1-3-0-1-2 432860830 0.723412 0.183118 8e-06 0.036898
0-1-2-4-0-2-3-5-0-0-1-3-0-2-3 3706945361 1.43062 1.13988 7e-06 0.041389
0-1-2-4-0-2-3-5-0-1-2-4-0-0-1 35145744956 16.951 16.8549 1e-06 0.029908
0-1-2-4-0-2-3-5-0-1-2-4-0-1-2 204481511 1.44265 0.119891 9e-06 0.033773
0-1-2-4-0-2-3-5-0-1-2-4-0-2-3 7067847345 4.62465 3.03292 1e-05 0.033402
0-1-2-4-0-2-3-5-0-2-3-5-0-0-1 13712931524 6.71606 5.5207 7e-06 0.030802
0-1-2-4-0-2-3-5-0-2-3-5-0-1-2 453417926 1.33626 0.215484 7e-06 0.03113
0-1-2-4-0-2-3-5-0-2-3-5-0-2-3 3056988612 1.20934 1.11366 6e-06 0.029687
0-2-3-5-0-0-1-3-0-0-1-3-0-0-1 1672292507 2.00372 1.83617 9e-06 0.051297
0-2-3-5-0-0-1-3-0-0-1-3-0-1-2 131792782 0.445898 0.305343 6e-06 0.050468
0-2-3-5-0-0-1-3-0-0-1-3-0-2-3 621471008 0.701129 0.560182 6e-06 0.048888
0-2-3-5-0-0-1-3-0-1-2-4-0-0-1 9235067917 7.07284 6.87744 7e-06 0.039476
0-2-3-5-0-0-1-3-0-1-2-4-0-1-2 37830920 0.738512 0.078917 9e-06 0.043338
0-2-3-5-0-0-1-3-0-1-2-4-0-2-3 2059925133 1.38306 1.15348 8e-06 0.04375
0-2-3-5-0-0-1-3-0-2-3-5-0-0-1 3415726164 1.8816 1.7395 1.3e-05 0.047286
0-2-3-5-0-0-1-3-0-2-3-5-0-1-2 190198833 0.308231 0.169216 9e-06 0.039701
0-2-3-5-0-0-1-3-0-2-3-5-0-2-3 850019208 0.535586 0.416323 7e-06 0.039458
0-2-3-5-0-1-2-4-0-0-1-3-0-0-1 7395941882 9.71265 9.58522 7e-06 0.038601
0-2-3-5-0-1-2-4-0-0-1-3-0-1-2 218358783 0.547761 0.180867 8e-06 0.039273
0-2-3-5-0-1-2-4-0-0-1-3-0-2-3 1943486327 1.13985 0.988402 6e-06 0.037295
0-2-3-5-0-1-2-4-0-1-2-4-0-0-1 1894734503 0.804806 0.694965 8e-06 0.028658
0-2-3-5-0-1-2-4-0-1-2-4-0-1-2 3655061 0.133351 0.046355 8e-06 0.02986
0-2-3-5-0-1-2-4-0-1-2-4-0-2-3 506118651 0.329762 0.250571 8e-06 0.027296
0-2-3-5-0-1-2-4-0-2-3-5-0-0-1 9318882335 5.1071 5.00408 9e-06 0.029376
0-2-3-5-0-1-2-4-0-2-3-5-0-1-2 255197384 0.561573 0.225396 9e-06 0.034753
0-2-3-5-0-1-2-4-0-2-3-5-0-2-3 2055095988 1.35925 1.19408 8e-06 0.027976
0-2-3-5-0-2-3-5-0-0-1-3-0-0-1 2530088289 2.72228 2.41299 6e-06 0.039956
0-2-3-5-0-2-3-5-0-0-1-3-0-1-2 161408745 0.246107 0.134903 1.1e-05 0.038823
0-2-3-5-0-2-3-5-0-0-1-3-0-2-3 870458224 0.512973 0.407169 6e-06 0.038519
0-2-3-5-0-2-3-5-0-1-2-4-0-0-1 10914351715 5.78771 5.67738 8e-06 0.029972
0-2-3-5-0-2-3-5-0-1-2-4-0-1-2 40945109 0.445928 0.06568 9e-06 0.030659
0-2-3-5-0-2-3-5-0-1-2-4-0-2-3 2309517773 1.4978 1.20689 6e-06 0.031739
0-2-3-5-0-2-3-5-0-2-3-5-0-0-1 2915519858 1.35155 1.21058 1e-05 0.03268
0-2-3-5-0-2-3-5-0-2-3-5-0-1-2 171400878 0.259598 0.138333 1e-05 0.038571
0-2-3-5-0-2-3-5-0-2-3-5-0-2-3 720236673 0.470236 0.365599 9e-06 0.037018
1-3-0-0-1-3-0-0-1-3-0-0-1-3-0 1419222105 2.30723 2.12049 7e-06 0.070221
1-3-0-0-1-3-0-0-1-3-0-1-2-4-0 6981552054 2.51865 2.33588 6e-06 0.052808
1-3-0-0-1-3-0-0-1-3-0-2-3-5-0 1672292507 1.69272 1.31273 9e-06 0.050945
1-3-0-0-1-3-0-1-2-4-0-0-1-3-0 7987729204 10.8997 10.6912 1e-05 0.049592
1-3-0-0-1-3-0-1-2-4-0-1-2-4-0 1526994749 1.22233 1.03209 7e-06 0.039908
1-3-0-0-1-3-0-1-2-4-0-2-3-5-0 7395941882 8.07069 7.87637 7e-06 0.043586
1-3-0-0-1-3-0-2-3-5-0-0-1-3-0 3772537047 3.72975 3.12425 1.2e-05 0.057883
1-3-0-0-1-3-0-2-3-5-0-1-2-4-0 13132687846 13.0089 12.7416 8e-06 0.04656
1-3-0-0-1-3-0-2-3-5-0-2-3-5-0 2530088289 2.2544 1.97834 8e-06 0.042431
1-3-0-1-2-4-0-0-1-3-0-0-1-3-0 8528240999 8.85638 8.61152 6e-06 0.048895
1-3-0-1-2-4-0-0-1-3-0-1-2-4-0 24412339572 19.1379 18.7794 8e-06 0.0391
1-3-0-1-2-4-0-0-1-3-0-2-3-5-0 9235067917 6.28575 5.97371 9e-06 0.048561
1-3-0-1-2-4-0-1-2-4-0-0-1-3-0 2048424087 3.10141 1.36396 9e-06 0.040275
1-3-0-1-2-4-0-1-2-4-0-1-2-4-0 162901838 0.497363 0.408447 1.2e-05 0.029429
1-3-0-1-2-4-0-1-2-4-0-2-3-5-0 1894734503 1.74651 1.56485 5e-06 0.031687
1-3-0-1-2-4-0-2-3-5-0-0-1-3-0 16986975289 24.6322 24.4655 9e-06 0.044574
1-3-0-1-2-4-0-2-3-5-0-1-2-4-0 35145744956 31.4631 31.2755 9e-06 0.030194
1-3-0-1-2-4-0-2-3-5-0-2-3-5-0 10914351715 7.20586 6.67658 1.3e-05 0.055126
1-3-0-2-3-5-0-0-1-3-0-0-1-3-0 2936038078 6.63529 1.84568 1.3e-05 0.060235
1-3-0-2-3-5-0-0-1-3-0-1-2-4-0 12404302670 7.16533 6.97628 1.3e-05 0.042194
1-3-0-2-3-5-0-0-1-3-0-2-3-5-0 3415726164 2.38459 1.9593 9e-06 0.050548
1-3-0-2-3-5-0-1-2-4-0-0-1-3-0 11787767512 13.9848 13.8124 7e-06 0.044012
1-3-0-2-3-5-0-1-2-4-0-1-2-4-0 2284018485 1.17556 1.02938 1e-05 0.032331
1-3-0-2-3-5-0-1-2-4-0-2-3-5-0 9318882335 6.27798 6.11296 6e-06 0.033695
1-3-0-2-3-5-0-2-3-5-0-0-1-3-0 4348753892 3.68288 3.47989 6e-06 0.043557
1-3-0-2-3-5-0-2-3-5-0-1-2-4-0 13712931524 7.73607 7.56335 1e-05 0.034484
1-3-0-2-3-5-0-2-3-5-0-2-3-5-0 2915519858 1.96993 1.72359 7e-06 0.034263
2-4-0-0-1-3-0-0-1-3-0-0-1-3-0 138163365 2.32532 1.91196 1.1e-05 0.056873
2-4-0-0-1-3-0-0-1-3-0-1-2-4-0 340624697 2.57891 2.32402 4e-06 0.04017
2-4-0-0-1-3-0-0-1-3-0-2-3-5-0 131792782 1.62567 1.22838 1e-05 0.042062
2-4-0-0-1-3-0-1-2-4-0-0-1-3-0 318472348 1.52885 1.36729 6e-06 0.040155
2-4-0-0-1-3-0-1-2-4-0-1-2-4-0 123397885 0.986298 0.716518 9e-06 0.030426
2-4-0-0-1-3-0-1-2-4-0-2-3-5-0 218358783 4.51962 4.36245 5e-06 0.03147
2-4-0-0-1-3-0-2-3-5-0-0-1-3-0 261962127 0.814863 0.597399 6e-06 0.04197
2-4-0-0-1-3-0-2-3-5-0-1-2-4-0 432860830 5.85188 5.66922 8e-06 0.032527
2-4-0-0-1-3-0-2-3-5-0-2-3-5-0 161408745 1.56456 1.14358 7e-06 0.034412
2-4-0-1-2-4-0-0-1-3-0-0-1-3-0 32064885 0.458112 0.209761 1e-05 0.040711
2-4-0-1-2-4-0-0-1-3-0-1-2-4-0 123397885 9.48369 9.2454 7e-06 0.029581
2-4-0-1-2-4-0-0-1-3-0-2-3-5-0 37830920 3.29498 3.10651 8e-06 0.032455
2-4-0-1-2-4-0-1-2-4-0-0-1-3-0 4858893 0.213655 0.095163 9e-06 0.03132
2-4-0-1-2-4-0-1-2-4-0-1-2-4-0 214540 0.182312 0.116363 8e-06 0.018932
2-4-0-1-2-4-0-1-2-4-0-2-3-5-0 3655061 1.16438 1.03943 4e-06 0.019673
2-4-0-1-2-4-0-2-3-5-0-0-1-3-0 61703686 0.747294 0.637428 7e-06 0.03052
2-4-0-1-2-4-0-2-3-5-0-1-2-4-0 204481511 15.2628 15.0832 8e-06 0.020528
2-4-0-1-2-4-0-2-3-5-0-2-3-5-0 40945109 5.39305 3.79185 1.1e-05 0.028714
2-4-0-2-3-5-0-0-1-3-0-0-1-3-0 223660339 0.941776 0.694608 1e-05 0.047196
2-4-0-2-3-5-0-0-1-3-0-1-2-4-0 437484879 3.48198 3.28297 1.2e-05 0.035882
2-4-0-2-3-5-0-0-1-3-0-2-3-5-0 190198833 0.997001 0.861472 1.2e-05 0.033877
2-4-0-2-3-5-0-1-2-4-0-0-1-3-0 410442979 1.56128 1.44346 7e-06 0.032004
2-4-0-2-3-5-0-1-2-4-0-1-2-4-0 204481511 0.635827 0.514767 6e-06 0.019832
2-4-0-2-3-5-0-1-2-4-0-2-3-5-0 255197384 3.3948 3.23174 4e-06 0.022015
2-4-0-2-3-5-0-2-3-5-0-0-1-3-0 284130311 0.91729 0.664919 1.2e-05 0.037405
2-4-0-2-3-5-0-2-3-5-0-1-2-4-0 453417926 3.79924 3.60638 1e-05 0.024974
2-4-0-2-3-5-0-2-3-5-0-2-3-5-0 171400878 1.00303 0.771617 1e-05 0.02744
3-5-0-0-1-3-0-0-1-3-0-0-1-3-0 557356291 2.11047 1.86235 1.8e-05 0.059548
3-5-0-0-1-3-0-0-1-3-0-1-2-4-0 2154511237 2.83701 2.66073 1.2e-05 0.047587
3-5-0-0-1-3-0-0-1-3-0-2-3-5-0 621471008 1.51554 1.30934 1e-05 0.043823
3-5-0-0-1-3-0-1-2-4-0-0-1-3-0 2251924502 4.09425 3.92174 1e-05 0.04091
3-5-0-0-1-3-0-1-2-4-0-1-2-4-0 558683771 0.780357 0.633418 6e-06 0.031618
3-5-0-0-1-3-0-1-2-4-0-2-3-5-0 1943486327 4.79656 4.62334 8e-06 0.033506
3-5-0-0-1-3-0-2-3-5-0-0-1-3-0 1323919871 1.69908 1.37758 6e-06 0.04364
3-5-0-0-1-3-0-2-3-5-0-1-2-4-0 3706945361 7.47812 7.29231 7e-06 0.033624
3-5-0-0-1-3-0-2-3-5-0-2-3-5-0 870458224 1.74239 1.25509 9e-06 0.041434
3-5-0-1-2-4-0-0-1-3-0-0-1-3-0 2046689750 2.90331 2.75487 9e-06 0.048759
3-5-0-1-2-4-0-0-1-3-0-1-2-4-0 5149393700 10.6654 10.3858 5e-06 0.034158
3-5-0-1-2-4-0-0-1-3-0-2-3-5-0 2059925133 3.36544 3.15886 1.3e-05 0.041436
3-5-0-1-2-4-0-1-2-4-0-0-1-3-0 571674484 1.64625 0.565477 4e-06 0.033016
3-5-0-1-2-4-0-1-2-4-0-1-2-4-0 49992362 0.33657 0.14992 6e-06 0.022952
3-5-0-1-2-4-0-1-2-4-0-2-3-5-0 506118651 1.11129 1.0189 9e-06 0.023872
3-5-0-1-2-4-0-2-3-5-0-0-1-3-0 3651237370 6.17625 6.06917 1.2e-05 0.033007
3-5-0-1-2-4-0-2-3-5-0-1-2-4-0 7067847345 17.2375 17.1151 1.1e-05 0.022936
3-5-0-1-2-4-0-2-3-5-0-2-3-5-0 2309517773 4.52294 3.94368 1.1e-05 0.029139
3-5-0-2-3-5-0-0-1-3-0-0-1-3-0 775328762 3.64279 0.649926 1.5e-05 0.052445
3-5-0-2-3-5-0-0-1-3-0-1-2-4-0 2866699894 4.16273 3.99626 9e-06 0.03981
3-5-0-2-3-5-0-0-1-3-0-2-3-5-0 850019208 1.21625 1.02105 9e-06 0.036328
3-5-0-2-3-5-0-1-2-4-0-0-1-3-0 2711106070 3.95787 3.72432 8e-06 0.034457
3-5-0-2-3-5-0-1-2-4-0-1-2-4-0 606916000 0.669687 0.574798 9e-06 0.023047
3-5-0-2-3-5-0-1-2-4-0-2-3-5-0 2055095988 3.71667 3.41278 5e-06 0.024415
3-5-0-2-3-5-0-2-3-5-0-0-1-3-0 1094724705 1.32737 1.14274 8e-06 0.034971
3-5-0-2-3-5-0-2-3-5-0-1-2-4-0 3056988612 4.08839 3.91938 1.1e-05 0.024717
3-5-0-2-3-5-0-2-3-5-0-2-3-5-0 720236673 1.20939 0.941839 9e-06 0.030257
