0-0-1-3-0-0-1-3-0-0-1-3-0-0-1 1419222105 11.8303 11.5887 1.3e-05 0.047636
0-0-1-3-0-0-1-3-0-0-1-3-0-1-2 138163365 4.73587 4.46228 1.4e-05 0.050345
0-0-1-3-0-0-1-3-0-0-1-3-0-2-3 557356291 6.75065 6.43422 1e-05 0.048877
0-0-1-3-0-0-1-3-0-1-2-4-0-0-1 8528240999 30.91 30.6066 1.2e-05 0.049661
0-0-1-3-0-0-1-3-0-1-2-4-0-1-2 32064885 1.50586 0.435917 9e-06 0.04315
0-0-1-3-0-0-1-3-0-1-2-4-0-2-3 2046689750 4.73151 4.54858 6e-06 0.040014
0-0-1-3-0-0-1-3-0-2-3-5-0-0-1 2936038078 11.6484 11.2301 7e-06 0.046387
0-0-1-3-0-0-1-3-0-2-3-5-0-1-2 223660339 1.63849 1.41852 8e-06 0.052512
0-0-1-3-0-0-1-3-0-2-3-5-0-2-3 775328762 2.44565 2.16343 6e-06 0.049966
0-0-1-3-0-1-2-4-0-0-1-3-0-0-1 7987729204 23.4382 23.1447 1.1e-05 0.054735
0-0-1-3-0-1-2-4-0-0-1-3-0-1-2 318472348 0.88488 0.619581 8e-06 0.046242
0-0-1-3-0-1-2-4-0-0-1-3-0-2-3 2251924502 3.24982 2.9577 1e-05 0.046428
0-0-1-3-0-1-2-4-0-1-2-4-0-0-1 2048424087 2.07278 1.8901 8e-06 0.038538
0-0-1-3-0-1-2-4-0-1-2-4-0-1-2 4858893 0.193649 0.086551 1.4e-05 0.039518
0-0-1-3-0-1-2-4-0-1-2-4-0-2-3 571674484 0.791223 0.64415 9e-06 0.035884
0-0-1-3-0-1-2-4-0-2-3-5-0-0-1 11787767512 16.1676 15.9486 4e-06 0.041288
0-0-1-3-0-1-2-4-0-2-3-5-0-1-2 410442979 1.11712 0.782666 7e-06 0.041673
0-0-1-3-0-1-2-4-0-2-3-5-0-2-3 2711106070 3.99027 3.49964 1e-05 0.039857
0-0-1-3-0-2-3-5-0-0-1-3-0-0-1 3772537047 6.67517 6.22131 1.2e-05 0.051695
0-0-1-3-0-2-3-5-0-0-1-3-0-1-2 261962127 0.590346 0.415234 6e-06 0.055855
0-0-1-3-0-2-3-5-0-0-1-3-0-2-3 1323919871 1.55061 1.35584 1.1e-05 0.053383
0-0-1-3-0-2-3-5-0-1-2-4-0-0-1 16986975289 17.9846 17.7812 7e-06 0.04149
0-0-1-3-0-2-3-5-0-1-2-4-0-1-2 61703686 0.538299 0.142557 1.4e-05 0.041591
0-0-1-3-0-2-3-5-0-1-2-4-0-2-3 3651237370 4.53652 3.82171 9e-06 0.037909
0-0-1-3-0-2-3-5-0-2-3-5-0-0-1 4348753892 4.05978 3.50522 1.1e-05 0.041433
0-0-1-3-0-2-3-5-0-2-3-5-0-1-2 284130311 0.724521 0.444001 1.1e-05 0.047449
0-0-1-3-0-2-3-5-0-2-3-5-0-2-3 1094724705 1.58168 1.26635 1.3e-05 0.046765
0-1-2-4-0-0-1-3-0-0-1-3-0-0-1 6981552054 11.9246 11.6855 6e-06 0.051178
0-1-2-4-0-0-1-3-0-0-1-3-0-1-2 340624697 0.835337 0.620775 7e-06 0.0512
0-1-2-4-0-0-1-3-0-0-1-3-0-2-3 2154511237 2.05145 1.83072 8e-06 0.04981
0-1-2-4-0-0-1-3-0-1-2-4-0-0-1 24412339572 22.9194 22.6993 6e-06 0.039802
0-1-2-4-0-0-1-3-0-1-2-4-0-1-2 123397885 1.67649 0.162582 1.3e-05 0.039732
0-1-2-4-0-0-1-3-0-1-2-4-0-2-3 5149393700 4.56654 3.80821 8e-06 0.037004
0-1-2-4-0-0-1-3-0-2-3-5-0-0-1 12404302670 8.77594 8.45142 6e-06 0.039433
0-1-2-4-0-0-1-3-0-2-3-5-0-1-2 437484879 1.50106 0.3655 9e-06 0.046373
0-1-2-4-0-0-1-3-0-2-3-5-0-2-3 2866699894 1.83527 1.69071 1.3e-05 0.045814
0-1-2-4-0-1-2-4-0-0-1-3-0-0-1 1526994749 1.66591 1.49218 1.2e-05 0.045358
0-1-2-4-0-1-2-4-0-0-1-3-0-1-2 123397885 0.326901 0.212546 1.2e-05 0.038664
0-1-2-4-0-1-2-4-0-0-1-3-0-2-3 558683771 0.867395 0.734928 1.1e-05 0.036503
0-1-2-4-0-1-2-4-0-1-2-4-0-0-1 162901838 0.453395 0.344391 1e-05 0.027357
0-1-2-4-0-1-2-4-0-1-2-4-0-1-2 214540 0.144755 0.057115 8e-06 0.031942
0-1-2-4-0-1-2-4-0-1-2-4-0-2-3 49992362 0.246459 0.15449 1.7e-05 0.030292
0-1-2-4-0-1-2-4-0-2-3-5-0-0-1 2284018485 2.90056 2.78591 9e-06 0.033005
0-1-2-4-0-1-2-4-0-2-3-5-0-1-2 204481511 0.384921 0.282879 5e-06 0.028983
0-1-2-4-0-1-2-4-0-2-3-5-0-2-3 606916000 0.900845 0.793445 8e-06 0.027509
0-1-2-4-0-2-3-5-0-0-1-3-0-0-1 13132687846 34.4909 34.3208 6e-06 0.04033
0-1-2-4-0-2-3-5-0-0-1-3-0-1-2 432860830 1.16024 0.357865 8e-06 0.040958
0-1-2-4-0-2-3-5-0-0-1-3-0-2-3 3706945361 2.79968 2.44802 1.1e-05 0.038757
0-1-2-4-0-2-3-5-0-1-2-4-0-0-1 35145744956 27.1285 26.9783 7e-06 0.029863
0-1-2-4-0-2-3-5-0-1-2-4-0-1-2 204481511 1.27687 0.172855 7e-06 0.029794
0-1-2-4-0-2-3-5-0-1-2-4-0-2-3 7067847345 5.79321 5.14171 6e-06 0.026824
0-1-2-4-0-2-3-5-0-2-3-5-0-0-1 13712931524 9.15802 8.94762 1.3e-05 0.031543
0-1-2-4-0-2-3-5-0-2-3-5-0-1-2 453417926 1.11745 0.372825 9e-06 0.030605
0-1-2-4-0-2-3-5-0-2-3-5-0-2-3 3056988612 2.10237 1.99373 5e-06 0.029862
0-2-3-5-0-0-1-3-0-0-1-3-0-0-1 1672292507 2.83377 2.64482 6e-06 0.052963
0-2-3-5-0-0-1-3-0-0-1-3-0-1-2 131792782 0.769376 0.537511 1.7e-05 0.063516
0-2-3-5-0-0-1-3-0-0-1-3-0-2-3 621471008 1.28129 1.07542 7e-06 0.049918
0-2-3-5-0-0-1-3-0-1-2-4-0-0-1 9235067917 13.7064 13.4464 1.6e-05 0.046402
0-2-3-5-0-0-1-3-0-1-2-4-0-1-2 37830920 0.380537 0.109597 9e-06 0.041211
0-2-3-5-0-0-1-3-0-1-2-4-0-2-3 2059925133 2.59129 2.2381 8e-06 0.043634
0-2-3-5-0-0-1-3-0-2-3-5-0-0-1 3415726164 3.57432 3.32681 1.1e-05 0.042151
0-2-3-5-0-0-1-3-0-2-3-5-0-1-2 190198833 0.478388 0.285695 1.1e-05 0.042855
0-2-3-5-0-0-1-3-0-2-3-5-0-2-3 850019208 0.929319 0.778818 6e-06 0.041401
0-2-3-5-0-1-2-4-0-0-1-3-0-0-1 7395941882 18.9436 18.7467 1e-05 0.042449
0-2-3-5-0-1-2-4-0-0-1-3-0-1-2 218358783 0.587367 0.345868 1.2e-05 0.043162
0-2-3-5-0-1-2-4-0-0-1-3-0-2-3 1943486327 2.27182 2.06306 1e-05 0.040985
0-2-3-5-0-1-2-4-0-1-2-4-0-0-1 1894734503 1.52522 1.39465 3e-06 0.029307
0-2-3-5-0-1-2-4-0-1-2-4-0-1-2 3655061 0.135215 0.055434 6e-06 0.027404
0-2-3-5-0-1-2-4-0-1-2-4-0-2-3 506118651 0.56745 0.46002 5e-06 0.025274
0-2-3-5-0-1-2-4-0-2-3-5-0-0-1 9318882335 9.4393 9.26829 8e-06 0.029695
0-2-3-5-0-1-2-4-0-2-3-5-0-1-2 255197384 0.585929 0.388067 9e-06 0.030642
0-2-3-5-0-1-2-4-0-2-3-5-0-2-3 2055095988 2.39018 2.11047 8e-06 0.030279
0-2-3-5-0-2-3-5-0-0-1-3-0-0-1 2530088289 4.69239 4.39984 4e-06 0.043103
0-2-3-5-0-2-3-5-0-0-1-3-0-1-2 161408745 0.391747 0.252069 1.2e-05 0.042805
0-2-3-5-0-2-3-5-0-0-1-3-0-2-3 870458224 0.957378 0.818003 9e-06 0.044226
0-2-3-5-0-2-3-5-0-1-2-4-0-0-1 10914351715 9.86397 9.69963 5e-06 0.035763
0-2-3-5-0-2-3-5-0-1-2-4-0-1-2 40945109 0.490348 0.092723 8e-06 0.030989
0-2-3-5-0-2-3-5-0-1-2-4-0-2-3 2309517773 2.64156 2.26768 8e-06 0.028581
0-2-3-5-0-2-3-5-0-2-3-5-0-0-1 2915519858 2.3827 2.19264 6e-06 0.031594
0-2-3-5-0-2-3-5-0-2-3-5-0-1-2 171400878 0.451826 0.23519 6e-06 0.031204
0-2-3-5-0-2-3-5-0-2-3-5-0-2-3 720236673 0.807489 0.682995 5e-06 0.030073
1-3-0-0-1-3-0-0-1-3-0-0-1-3-0 1419222105 4.14139 3.88248 9e-06 0.061233
1-3-0-0-1-3-0-0-1-3-0-1-2-4-0 6981552054 4.83197 4.60524 5e-06 0.050946
1-3-0-0-1-3-0-0-1-3-0-2-3-5-0 1672292507 2.51519 2.26663 1.5e-05 0.051257
1-3-0-0-1-3-0-1-2-4-0-0-1-3-0 7987729204 19.8494 19.5375 1.2e-05 0.04836
1-3-0-0-1-3-0-1-2-4-0-1-2-4-0 1526994749 2.21557 1.97518 1.1e-05 0.042698
1-3-0-0-1-3-0-1-2-4-0-2-3-5-0 7395941882 14.7236 14.4206 1e-05 0.040373
1-3-0-0-1-3-0-2-3-5-0-0-1-3-0 3772537047 6.56779 5.7645 1.3e-05 0.050871
1-3-0-0-1-3-0-2-3-5-0-1-2-4-0 13132687846 20.7474 20.475 7e-06 0.040556
1-3-0-0-1-3-0-2-3-5-0-2-3-5-0 2530088289 3.71869 3.50645 5e-06 0.040179
1-3-0-1-2-4-0-0-1-3-0-0-1-3-0 8528240999 16.7427 16.4199 5e-06 0.047565
1-3-0-1-2-4-0-0-1-3-0-1-2-4-0 24412339572 31.5793 31.2487 1.1e-05 0.039708
1-3-0-1-2-4-0-0-1-3-0-2-3-5-0 9235067917 12.1117 11.4262 1.3e-05 0.049144
1-3-0-1-2-4-0-1-2-4-0-0-1-3-0 2048424087 4.6457 3.28543 1.1e-05 0.056169
1-3-0-1-2-4-0-1-2-4-0-1-2-4-0 162901838 0.708067 0.292976 1.1e-05 0.028201
1-3-0-1-2-4-0-1-2-4-0-2-3-5-0 1894734503 3.3024 2.98704 8e-06 0.029568
1-3-0-1-2-4-0-2-3-5-0-0-1-3-0 16986975289 48.3633 48.0771 1e-05 0.040245
1-3-0-1-2-4-0-2-3-5-0-1-2-4-0 35145744956 51.7658 51.3505 1.3e-05 0.029935
1-3-0-1-2-4-0-2-3-5-0-2-3-5-0 10914351715 13.7318 13.2318 1.2e-05 0.031592
1-3-0-2-3-5-0-0-1-3-0-0-1-3-0 2936038078 6.81841 3.37623 1.7e-05 0.071156
1-3-0-2-3-5-0-0-1-3-0-1-2-4-0 12404302670 14.3943 14.1027 1.2e-05 0.041054
1-3-0-2-3-5-0-0-1-3-0-2-3-5-0 3415726164 3.67609 3.42368 9e-06 0.04043
1-3-0-2-3-5-0-1-2-4-0-0-1-3-0 11787767512 26.1204 25.8885 1e-05 0.042625
1-3-0-2-3-5-0-1-2-4-0-1-2-4-0 2284018485 2.10379 1.93885 1e-05 0.030302
1-3-0-2-3-5-0-1-2-4-0-2-3-5-0 9318882335 12.2996 12.1014 1.1e-05 0.036355
1-3-0-2-3-5-0-2-3-5-0-0-1-3-0 4348753892 6.97723 6.75248 1.2e-05 0.041864
1-3-0-2-3-5-0-2-3-5-0-1-2-4-0 13712931524 14.8398 14.6302 1.6e-05 0.032313
1-3-0-2-3-5-0-2-3-5-0-2-3-5-0 2915519858 3.30338 3.07898 6e-06 0.037966
2-4-0-0-1-3-0-0-1-3-0-0-1-3-0 138163365 3.71121 3.35694 9e-06 0.047677
2-4-0-0-1-3-0-0-1-3-0-1-2-4-0 340624697 4.74578 4.48775 8e-06 0.038863
2-4-0-0-1-3-0-0-1-3-0-2-3-5-0 131792782 2.50901 2.18975 1.4e-05 0.046461
2-4-0-0-1-3-0-1-2-4-0-0-1-3-0 318472348 2.44866 2.25832 3e-06 0.039441
2-4-0-0-1-3-0-1-2-4-0-1-2-4-0 123397885 1.26625 1.08295 7e-06 0.028235
2-4-0-0-1-3-0-1-2-4-0-2-3-5-0 218358783 8.41121 8.17593 8e-06 0.031017
2-4-0-0-1-3-0-2-3-5-0-0-1-3-0 261962127 1.30741 1.13933 1.2e-05 0.043361
2-4-0-0-1-3-0-2-3-5-0-1-2-4-0 432860830 10.6775 10.4316 1e-05 0.034086
2-4-0-0-1-3-0-2-3-5-0-2-3-5-0 161408745 2.5133 1.98887 8e-06 0.031638
2-4-0-1-2-4-0-0-1-3-0-0-1-3-0 32064885 0.579207 0.367734 1.1e-05 0.03887
2-4-0-1-2-4-0-0-1-3-0-1-2-4-0 123397885 14.7354 14.5027 4e-06 0.028837
2-4-0-1-2-4-0-0-1-3-0-2-3-5-0 37830920 5.23498 5.02163 5e-06 0.029558
2-4-0-1-2-4-0-1-2-4-0-0-1-3-0 4858893 0.295973 0.148129 1e-05 0.027747
2-4-0-1-2-4-0-1-2-4-0-1-2-4-0 214540 0.28114 0.181442 7e-06 0.018092
2-4-0-1-2-4-0-1-2-4-0-2-3-5-0 3655061 1.79872 1.67529 5e-06 0.022576
2-4-0-1-2-4-0-2-3-5-0-0-1-3-0 61703686 1.07205 0.916812 1e-05 0.029608
2-4-0-1-2-4-0-2-3-5-0-1-2-4-0 204481511 21.9715 21.7865 7e-06 0.019893
2-4-0-1-2-4-0-2-3-5-0-2-3-5-0 40945109 6.40557 5.85858 8e-06 0.021273
2-4-0-2-3-5-0-0-1-3-0-0-1-3-0 223660339 0.980547 0.84123 1.2e-05 0.041627
2-4-0-2-3-5-0-0-1-3-0-1-2-4-0 437484879 5.4816 5.2752 7e-06 0.030354
2-4-0-2-3-5-0-0-1-3-0-2-3-5-0 190198833 1.84425 1.631 1.5e-05 0.031581
2-4-0-2-3-5-0-1-2-4-0-0-1-3-0 410442979 2.65708 2.52382 1e-05 0.030302
2-4-0-2-3-5-0-1-2-4-0-1-2-4-0 204481511 0.950492 0.827727 9e-06 0.019232
2-4-0-2-3-5-0-1-2-4-0-2-3-5-0 255197384 5.47139 5.30717 1e-05 0.020834
2-4-0-2-3-5-0-2-3-5-0-0-1-3-0 284130311 1.25801 1.14089 1.3e-05 0.031631
2-4-0-2-3-5-0-2-3-5-0-1-2-4-0 453417926 6.02247 5.86177 9e-06 0.020584
2-4-0-2-3-5-0-2-3-5-0-2-3-5-0 171400878 1.4079 1.27447 8e-06 0.022328
3-5-0-0-1-3-0-0-1-3-0-0-1-3-0 557356291 3.59197 3.36111 8e-06 0.053336
3-5-0-0-1-3-0-0-1-3-0-1-2-4-0 2154511237 4.93148 4.72721 1.2e-05 0.0437
3-5-0-0-1-3-0-0-1-3-0-2-3-5-0 621471008 2.62217 2.30752 1.2e-05 0.053233
3-5-0-0-1-3-0-1-2-4-0-0-1-3-0 2251924502 7.1288 6.92245 1e-05 0.047721
3-5-0-0-1-3-0-1-2-4-0-1-2-4-0 558683771 1.39021 1.22077 6e-06 0.032358
3-5-0-0-1-3-0-1-2-4-0-2-3-5-0 1943486327 8.5729 8.36396 1.2e-05 0.037401
3-5-0-0-1-3-0-2-3-5-0-0-1-3-0 1323919871 2.95373 2.75651 1.3e-05 0.044528
3-5-0-0-1-3-0-2-3-5-0-1-2-4-0 3706945361 12.1091 11.876 9e-06 0.034438
3-5-0-0-1-3-0-2-3-5-0-2-3-5-0 870458224 2.4798 2.17089 1e-05 0.034612
3-5-0-1-2-4-0-0-1-3-0-0-1-3-0 2046689750 5.03832 4.81758 9e-06 0.042247
3-5-0-1-2-4-0-0-1-3-0-1-2-4-0 5149393700 16.2107 15.8443 8e-06 0.032071
3-5-0-1-2-4-0-0-1-3-0-2-3-5-0 2059925133 6.18852 5.94702 7e-06 0.035275
3-5-0-1-2-4-0-1-2-4-0-0-1-3-0 571674484 2.22189 1.13968 7e-06 0.033012
3-5-0-1-2-4-0-1-2-4-0-1-2-4-0 49992362 0.3421 0.219536 1e-05 0.024892
3-5-0-1-2-4-0-1-2-4-0-2-3-5-0 506118651 2.1691 1.94756 6e-06 0.022299
3-5-0-1-2-4-0-2-3-5-0-0-1-3-0 3651237370 11.7579 11.5996 7e-06 0.033544
3-5-0-1-2-4-0-2-3-5-0-1-2-4-0 7067847345 24.7175 24.5472 7e-06 0.022567
3-5-0-1-2-4-0-2-3-5-0-2-3-5-0 2309517773 6.82977 6.60466 1.2e-05 0.02537
3-5-0-2-3-5-0-0-1-3-0-0-1-3-0 775328762 3.78701 1.98071 1.1e-05 0.045689
3-5-0-2-3-5-0-0-1-3-0-1-2-4-0 2866699894 7.17919 6.9665 7e-06 0.033618
3-5-0-2-3-5-0-0-1-3-0-2-3-5-0 850019208 2.26495 2.05003 9e-06 0.034742
3-5-0-2-3-5-0-1-2-4-0-0-1-3-0 2711106070 7.30514 7.15003 7e-06 0.033352
3-5-0-2-3-5-0-1-2-4-0-1-2-4-0 606916000 1.18069 1.05446 7e-06 0.022773
3-5-0-2-3-5-0-1-2-4-0-2-3-5-0 2055095988 6.61042 6.47151 7e-06 0.024026
3-5-0-2-3-5-0-2-3-5-0-0-1-3-0 1094724705 2.18929 2.05035 8e-06 0.035162
3-5-0-2-3-5-0-2-3-5-0-1-2-4-0 3056988612 7.69758 7.52839 5e-06 0.024473
3-5-0-2-3-5-0-2-3-5-0-2-3-5-0 720236673 2.07265 1.92138 1.3e-05 0.025528
