0-0-1-3-0-0-1-3-0-0-1-3-0-0-1 1419222105 3.98727 2.79517 0.178278 0.572683
0-0-1-3-0-0-1-3-0-0-1-3-0-1-2 138163365 1.16654 0.203751 0.179936 0.489195
0-0-1-3-0-0-1-3-0-0-1-3-0-2-3 557356291 1.35431 0.453868 0.175717 0.466793
0-0-1-3-0-0-1-3-0-1-2-4-0-0-1 8528240999 6.65873 5.95191 0.097515 0.335991
0-0-1-3-0-0-1-3-0-1-2-4-0-1-2 32064885 2.29867 0.106087 0.113774 0.418202
0-0-1-3-0-0-1-3-0-1-2-4-0-2-3 2046689750 2.43856 1.82864 0.091203 0.309859
0-0-1-3-0-0-1-3-0-2-3-5-0-0-1 2936038078 2.314 1.56826 0.099906 0.312676
0-0-1-3-0-0-1-3-0-2-3-5-0-1-2 223660339 0.868271 0.208852 0.107184 0.282401
0-0-1-3-0-0-1-3-0-2-3-5-0-2-3 775328762 1.16206 0.478689 0.137584 0.33607
0-0-1-3-0-1-2-4-0-0-1-3-0-0-1 7987729204 4.94372 4.38404 0.122023 0.294993
0-0-1-3-0-1-2-4-0-0-1-3-0-1-2 318472348 1.88652 0.244962 0.140543 0.356417
0-0-1-3-0-1-2-4-0-0-1-3-0-2-3 2251924502 2.01553 1.42104 0.105366 0.28525
0-0-1-3-0-1-2-4-0-1-2-4-0-0-1 2048424087 1.58605 0.83722 0.131064 0.355704
0-0-1-3-0-1-2-4-0-1-2-4-0-1-2 4858893 0.552159 0.027898 0.107614 0.251519
0-0-1-3-0-1-2-4-0-1-2-4-0-2-3 571674484 0.80848 0.290384 0.110539 0.271617
0-0-1-3-0-1-2-4-0-2-3-5-0-0-1 11787767512 7.60607 7.04088 0.126654 0.293254
0-0-1-3-0-1-2-4-0-2-3-5-0-1-2 410442979 1.79018 0.322023 0.146548 0.342362
0-0-1-3-0-1-2-4-0-2-3-5-0-2-3 2711106070 2.23189 1.58673 0.139974 0.360577
0-0-1-3-0-2-3-5-0-0-1-3-0-0-1 3772537047 2.33697 1.48581 0.108124 0.292327
0-0-1-3-0-2-3-5-0-0-1-3-0-1-2 261962127 1.64093 0.227419 0.171616 0.40416
0-0-1-3-0-2-3-5-0-0-1-3-0-2-3 1323919871 1.50798 0.715311 0.157934 0.406163
0-0-1-3-0-2-3-5-0-1-2-4-0-0-1 16986975289 9.85426 9.2396 0.113757 0.30402
0-0-1-3-0-2-3-5-0-1-2-4-0-1-2 61703686 1.2081 0.14017 0.128086 0.33381
0-0-1-3-0-2-3-5-0-1-2-4-0-2-3 3651237370 2.72721 2.15581 0.114994 0.278391
0-0-1-3-0-2-3-5-0-2-3-5-0-0-1 4348753892 2.72402 1.80816 0.105512 0.297355
0-0-1-3-0-2-3-5-0-2-3-5-0-1-2 284130311 0.986905 0.200282 0.113752 0.26314
0-0-1-3-0-2-3-5-0-2-3-5-0-2-3 1094724705 1.01928 0.486258 0.110313 0.281031
0-1-2-4-0-0-1-3-0-0-1-3-0-0-1 6981552054 5.31003 4.66415 0.098619 0.285654
0-1-2-4-0-0-1-3-0-0-1-3-0-1-2 340624697 1.58826 0.666656 0.090447 0.256374
0-1-2-4-0-0-1-3-0-0-1-3-0-2-3 2154511237 2.68917 2.08328 0.115981 0.298277
0-1-2-4-0-0-1-3-0-1-2-4-0-0-1 24412339572 16.3256 15.7064 0.100786 0.309997
0-1-2-4-0-0-1-3-0-1-2-4-0-1-2 123397885 1.50388 0.190675 0.113001 0.340289
0-1-2-4-0-0-1-3-0-1-2-4-0-2-3 5149393700 14.1899 12.8554 0.101503 0.289001
0-1-2-4-0-0-1-3-0-2-3-5-0-0-1 12404302670 10.2053 9.4049 0.084133 0.294063
0-1-2-4-0-0-1-3-0-2-3-5-0-1-2 437484879 2.41861 0.819439 0.087603 0.308573
0-1-2-4-0-0-1-3-0-2-3-5-0-2-3 2866699894 3.21305 2.66665 0.081329 0.280922
0-1-2-4-0-1-2-4-0-0-1-3-0-0-1 1526994749 1.00053 0.328423 0.100166 0.244627
0-1-2-4-0-1-2-4-0-0-1-3-0-1-2 123397885 0.586068 0.055122 0.091696 0.22848
0-1-2-4-0-1-2-4-0-0-1-3-0-2-3 558683771 0.605546 0.125485 0.096771 0.244376
0-1-2-4-0-1-2-4-0-1-2-4-0-0-1 162901838 0.49059 0.044695 0.086962 0.229803
0-1-2-4-0-1-2-4-0-1-2-4-0-1-2 214540 0.401909 0.020792 0.085874 0.211157
0-1-2-4-0-1-2-4-0-1-2-4-0-2-3 49992362 0.453472 0.033289 0.10117 0.227617
0-1-2-4-0-1-2-4-0-2-3-5-0-0-1 2284018485 1.21795 0.778157 0.103887 0.239668
0-1-2-4-0-1-2-4-0-2-3-5-0-1-2 204481511 0.5305 0.054497 0.09527 0.219053
0-1-2-4-0-1-2-4-0-2-3-5-0-2-3 606916000 0.580767 0.136316 0.102275 0.236304
0-1-2-4-0-2-3-5-0-0-1-3-0-0-1 13132687846 8.78575 8.25825 0.113973 0.276157
0-1-2-4-0-2-3-5-0-0-1-3-0-1-2 432860830 2.51747 0.589604 0.13122 0.284387
0-1-2-4-0-2-3-5-0-0-1-3-0-2-3 3706945361 3.80383 3.25571 0.135465 0.267432
0-1-2-4-0-2-3-5-0-1-2-4-0-0-1 35145744956 36.169 35.4359 0.14314 0.335939
0-1-2-4-0-2-3-5-0-1-2-4-0-1-2 204481511 1.27105 0.142211 0.113392 0.265096
0-1-2-4-0-2-3-5-0-1-2-4-0-2-3 7067847345 9.30686 8.50917 0.111011 0.246116
0-1-2-4-0-2-3-5-0-2-3-5-0-0-1 13712931524 10.8466 9.72929 0.090516 0.268811
0-1-2-4-0-2-3-5-0-2-3-5-0-1-2 453417926 2.1582 0.625249 0.119706 0.265565
0-1-2-4-0-2-3-5-0-2-3-5-0-2-3 3056988612 3.09244 2.42272 0.092493 0.275025
0-2-3-5-0-0-1-3-0-0-1-3-0-0-1 1672292507 1.53748 0.813189 0.128794 0.297354
0-2-3-5-0-0-1-3-0-0-1-3-0-1-2 131792782 0.801329 0.173837 0.124286 0.290009
0-2-3-5-0-0-1-3-0-0-1-3-0-2-3 621471008 1.00907 0.388991 0.130902 0.296909
0-2-3-5-0-0-1-3-0-1-2-4-0-0-1 9235067917 6.04512 5.47115 0.106885 0.295611
0-2-3-5-0-0-1-3-0-1-2-4-0-1-2 37830920 1.45759 0.035545 0.159697 0.353304
0-2-3-5-0-0-1-3-0-1-2-4-0-2-3 2059925133 2.13998 1.52475 0.121119 0.32574
0-2-3-5-0-0-1-3-0-2-3-5-0-0-1 3415726164 2.49775 1.80743 0.151323 0.332666
0-2-3-5-0-0-1-3-0-2-3-5-0-1-2 190198833 0.887852 0.255733 0.127442 0.277723
0-2-3-5-0-0-1-3-0-2-3-5-0-2-3 850019208 1.1451 0.566168 0.135887 0.298274
0-2-3-5-0-1-2-4-0-0-1-3-0-0-1 7395941882 4.36839 3.75262 0.174744 0.304155
0-2-3-5-0-1-2-4-0-0-1-3-0-1-2 218358783 1.10284 0.195955 0.12713 0.256348
0-2-3-5-0-1-2-4-0-0-1-3-0-2-3 1943486327 1.80761 1.22819 0.132568 0.258743
0-2-3-5-0-1-2-4-0-1-2-4-0-0-1 1894734503 1.24756 0.72751 0.121008 0.255484
0-2-3-5-0-1-2-4-0-1-2-4-0-1-2 3655061 0.540329 0.023182 0.131103 0.236978
0-2-3-5-0-1-2-4-0-1-2-4-0-2-3 506118651 0.798537 0.256859 0.144001 0.261782
0-2-3-5-0-1-2-4-0-2-3-5-0-0-1 9318882335 6.3629 5.80204 0.161284 0.282685
0-2-3-5-0-1-2-4-0-2-3-5-0-1-2 255197384 1.64927 0.240452 0.204962 0.39294
0-2-3-5-0-1-2-4-0-2-3-5-0-2-3 2055095988 1.94037 1.39574 0.158152 0.279587
0-2-3-5-0-2-3-5-0-0-1-3-0-0-1 2530088289 1.53683 0.9145 0.12449 0.309626
0-2-3-5-0-2-3-5-0-0-1-3-0-1-2 161408745 0.77573 0.15249 0.149143 0.270392
0-2-3-5-0-2-3-5-0-0-1-3-0-2-3 870458224 1.11419 0.503415 0.156379 0.29849
0-2-3-5-0-2-3-5-0-1-2-4-0-0-1 10914351715 11.4012 10.7729 0.140053 0.297731
0-2-3-5-0-2-3-5-0-1-2-4-0-1-2 40945109 1.34531 0.253732 0.167626 0.308275
0-2-3-5-0-2-3-5-0-1-2-4-0-2-3 2309517773 3.64059 2.66715 0.22528 0.429139
0-2-3-5-0-2-3-5-0-2-3-5-0-0-1 2915519858 2.53499 1.7279 0.17171 0.446867
0-2-3-5-0-2-3-5-0-2-3-5-0-1-2 171400878 1.1311 0.247009 0.183286 0.386798
0-2-3-5-0-2-3-5-0-2-3-5-0-2-3 720236673 1.46916 0.594904 0.216572 0.441823
1-3-0-0-1-3-0-0-1-3-0-0-1-3-0 1419222105 3.95811 2.76516 0.170048 0.645487
1-3-0-0-1-3-0-0-1-3-0-1-2-4-0 6981552054 9.72333 8.48744 0.15905 0.535443
1-3-0-0-1-3-0-0-1-3-0-2-3-5-0 1672292507 2.55754 0.973583 0.144412 0.613814
1-3-0-0-1-3-0-1-2-4-0-0-1-3-0 7987729204 6.60009 5.60006 0.13973 0.560425
1-3-0-0-1-3-0-1-2-4-0-1-2-4-0 1526994749 1.92349 0.40305 0.131635 0.503804
1-3-0-0-1-3-0-1-2-4-0-2-3-5-0 7395941882 6.99937 6.01684 0.146518 0.503831
1-3-0-0-1-3-0-2-3-5-0-0-1-3-0 3772537047 4.9473 3.43171 0.167604 0.508189
1-3-0-0-1-3-0-2-3-5-0-1-2-4-0 13132687846 12.1006 10.8645 0.15227 0.551942
1-3-0-0-1-3-0-2-3-5-0-2-3-5-0 2530088289 3.63219 1.02048 0.199632 0.604416
1-3-0-1-2-4-0-0-1-3-0-0-1-3-0 8528240999 5.63086 4.21881 0.228481 0.48387
1-3-0-1-2-4-0-0-1-3-0-1-2-4-0 24412339572 15.8627 14.752 0.16673 0.516302
1-3-0-1-2-4-0-0-1-3-0-2-3-5-0 9235067917 4.94991 3.20213 0.215723 0.673567
1-3-0-1-2-4-0-1-2-4-0-0-1-3-0 2048424087 2.41962 0.785241 0.151384 0.421562
1-3-0-1-2-4-0-1-2-4-0-1-2-4-0 162901838 1.77329 0.10147 0.332481 0.832247
1-3-0-1-2-4-0-1-2-4-0-2-3-5-0 1894734503 1.65552 0.579249 0.191911 0.44555
1-3-0-1-2-4-0-2-3-5-0-0-1-3-0 16986975289 12.0896 10.9819 0.226034 0.435234
1-3-0-1-2-4-0-2-3-5-0-1-2-4-0 35145744956 54.5471 52.8176 0.29239 0.780883
1-3-0-1-2-4-0-2-3-5-0-2-3-5-0 10914351715 4.89118 3.71305 0.176568 0.405941
1-3-0-2-3-5-0-0-1-3-0-0-1-3-0 2936038078 4.67462 0.962577 0.132128 0.366125
1-3-0-2-3-5-0-0-1-3-0-1-2-4-0 12404302670 10.7521 9.55726 0.145752 0.326064
1-3-0-2-3-5-0-0-1-3-0-2-3-5-0 3415726164 3.24922 1.85951 0.189568 0.424049
1-3-0-2-3-5-0-1-2-4-0-0-1-3-0 11787767512 6.9876 6.20033 0.134381 0.343689
1-3-0-2-3-5-0-1-2-4-0-1-2-4-0 2284018485 1.57716 0.517849 0.1518 0.373326
1-3-0-2-3-5-0-1-2-4-0-2-3-5-0 9318882335 5.2802 4.52731 0.165417 0.357773
1-3-0-2-3-5-0-2-3-5-0-0-1-3-0 4348753892 2.46525 1.60805 0.126554 0.363089
1-3-0-2-3-5-0-2-3-5-0-1-2-4-0 13712931524 7.92267 7.03199 0.155521 0.343028
1-3-0-2-3-5-0-2-3-5-0-2-3-5-0 2915519858 2.3459 1.15313 0.169398 0.384282
2-4-0-0-1-3-0-0-1-3-0-0-1-3-0 138163365 1.20476 0.243846 0.103112 0.396326
2-4-0-0-1-3-0-0-1-3-0-1-2-4-0 340624697 1.74273 0.972544 0.090931 0.378658
2-4-0-0-1-3-0-0-1-3-0-2-3-5-0 131792782 0.870061 0.190861 0.116997 0.377098
2-4-0-0-1-3-0-1-2-4-0-0-1-3-0 318472348 0.89847 0.268282 0.098264 0.36439
2-4-0-0-1-3-0-1-2-4-0-1-2-4-0 123397885 0.588607 0.042017 0.094031 0.326069
2-4-0-0-1-3-0-1-2-4-0-2-3-5-0 218358783 0.740025 0.181771 0.109778 0.335781
2-4-0-0-1-3-0-2-3-5-0-0-1-3-0 261962127 0.823275 0.20528 0.105876 0.383679
2-4-0-0-1-3-0-2-3-5-0-1-2-4-0 432860830 1.22307 0.604336 0.098789 0.346715
2-4-0-0-1-3-0-2-3-5-0-2-3-5-0 161408745 0.771979 0.115546 0.107842 0.392029
2-4-0-1-2-4-0-0-1-3-0-0-1-3-0 32064885 0.656862 0.057327 0.13045 0.329881
2-4-0-1-2-4-0-0-1-3-0-1-2-4-0 123397885 0.805325 0.274764 0.116641 0.285545
2-4-0-1-2-4-0-0-1-3-0-2-3-5-0 37830920 0.574119 0.040761 0.114603 0.317899
2-4-0-1-2-4-0-1-2-4-0-0-1-3-0 4858893 0.507998 0.014683 0.114317 0.292914
2-4-0-1-2-4-0-1-2-4-0-1-2-4-0 214540 0.519613 0.005853 0.112976 0.254719
2-4-0-1-2-4-0-1-2-4-0-2-3-5-0 3655061 0.503913 0.013838 0.127576 0.278251
2-4-0-1-2-4-0-2-3-5-0-0-1-3-0 61703686 0.585041 0.042269 0.132487 0.293654
2-4-0-1-2-4-0-2-3-5-0-1-2-4-0 204481511 0.620241 0.135984 0.128818 0.270204
2-4-0-1-2-4-0-2-3-5-0-2-3-5-0 40945109 0.548776 0.028907 0.131673 0.303015
2-4-0-2-3-5-0-0-1-3-0-0-1-3-0 223660339 0.80334 0.215409 0.130815 0.334465
2-4-0-2-3-5-0-0-1-3-0-1-2-4-0 437484879 1.70036 1.12918 0.135851 0.292038
2-4-0-2-3-5-0-0-1-3-0-2-3-5-0 190198833 0.876012 0.292542 0.147925 0.315271
2-4-0-2-3-5-0-1-2-4-0-0-1-3-0 410442979 0.823318 0.30331 0.133797 0.297503
2-4-0-2-3-5-0-1-2-4-0-1-2-4-0 204481511 0.530814 0.049292 0.126631 0.272314
2-4-0-2-3-5-0-1-2-4-0-2-3-5-0 255197384 0.734396 0.219603 0.148618 0.284725
2-4-0-2-3-5-0-2-3-5-0-0-1-3-0 284130311 0.770847 0.201101 0.112573 0.353963
2-4-0-2-3-5-0-2-3-5-0-1-2-4-0 453417926 1.07098 0.564603 0.116351 0.298248
2-4-0-2-3-5-0-2-3-5-0-2-3-5-0 171400878 0.688149 0.124306 0.115612 0.3559
3-5-0-0-1-3-0-0-1-3-0-0-1-3-0 557356291 0.948343 0.329946 0.116135 0.363475
3-5-0-0-1-3-0-0-1-3-0-1-2-4-0 2154511237 2.05885 1.44917 0.101662 0.344649
3-5-0-0-1-3-0-0-1-3-0-2-3-5-0 621471008 0.944414 0.266547 0.122555 0.363192
3-5-0-0-1-3-0-1-2-4-0-0-1-3-0 2251924502 1.60702 1.04799 0.098272 0.352039
3-5-0-0-1-3-0-1-2-4-0-1-2-4-0 558683771 0.6706 0.106313 0.092873 0.320442
3-5-0-0-1-3-0-1-2-4-0-2-3-5-0 1943486327 1.34837 0.788554 0.111689 0.339086
3-5-0-0-1-3-0-2-3-5-0-0-1-3-0 1323919871 1.04936 0.440924 0.112028 0.366598
3-5-0-0-1-3-0-2-3-5-0-1-2-4-0 3706945361 2.12854 1.55768 0.10518 0.339955
3-5-0-0-1-3-0-2-3-5-0-2-3-5-0 870458224 0.965272 0.287198 0.112095 0.363507
3-5-0-1-2-4-0-0-1-3-0-0-1-3-0 2046689750 2.10425 1.51777 0.128375 0.320154
3-5-0-1-2-4-0-0-1-3-0-1-2-4-0 5149393700 12.9784 12.386 0.118857 0.291046
3-5-0-1-2-4-0-0-1-3-0-2-3-5-0 2059925133 1.29035 0.640438 0.135749 0.313844
3-5-0-1-2-4-0-1-2-4-0-0-1-3-0 571674484 0.706055 0.127401 0.115786 0.287142
3-5-0-1-2-4-0-1-2-4-0-1-2-4-0 49992362 0.481891 0.018382 0.117294 0.260591
3-5-0-1-2-4-0-1-2-4-0-2-3-5-0 506118651 0.614301 0.118002 0.135361 0.275677
3-5-0-1-2-4-0-2-3-5-0-0-1-3-0 3651237370 2.30705 1.75091 0.135046 0.318
3-5-0-1-2-4-0-2-3-5-0-1-2-4-0 7067847345 7.2979 6.76271 0.132694 0.276581
3-5-0-1-2-4-0-2-3-5-0-2-3-5-0 2309517773 1.82958 1.05383 0.133214 0.309711
3-5-0-2-3-5-0-0-1-3-0-0-1-3-0 775328762 1.02484 0.369342 0.1287 0.339114
3-5-0-2-3-5-0-0-1-3-0-1-2-4-0 2866699894 2.26687 1.67092 0.149873 0.297892
3-5-0-2-3-5-0-0-1-3-0-2-3-5-0 850019208 1.01056 0.393663 0.138672 0.29065
3-5-0-2-3-5-0-1-2-4-0-0-1-3-0 2711106070 1.54512 1.01506 0.13362 0.298963
3-5-0-2-3-5-0-1-2-4-0-1-2-4-0 606916000 0.649022 0.10306 0.129812 0.272807
3-5-0-2-3-5-0-1-2-4-0-2-3-5-0 2055095988 1.37349 0.832805 0.147828 0.292241
3-5-0-2-3-5-0-2-3-5-0-0-1-3-0 1094724705 0.974061 0.327502 0.142172 0.368784
3-5-0-2-3-5-0-2-3-5-0-1-2-4-0 3056988612 1.70961 1.16426 0.13816 0.290958
3-5-0-2-3-5-0-2-3-5-0-2-3-5-0 720236673 0.855486 0.248537 0.125634 0.319186
