0-0-1-3-0-0-1-3-0-0-1-3-0-0-1 1419222105 7.21915 5.94962 0.233573 0.650919
0-0-1-3-0-0-1-3-0-0-1-3-0-1-2 138163365 1.25489 0.503144 0.155656 0.367034
0-0-1-3-0-0-1-3-0-0-1-3-0-2-3 557356291 1.84821 1.12293 0.152804 0.382169
0-0-1-3-0-0-1-3-0-1-2-4-0-0-1 8528240999 15.2084 14.5025 0.108459 0.37447
0-0-1-3-0-0-1-3-0-1-2-4-0-1-2 32064885 1.22255 0.219796 0.113262 0.367734
0-0-1-3-0-0-1-3-0-1-2-4-0-2-3 2046689750 5.50948 4.81104 0.122635 0.371944
0-0-1-3-0-0-1-3-0-2-3-5-0-0-1 2936038078 5.00689 4.25061 0.136612 0.393646
0-0-1-3-0-0-1-3-0-2-3-5-0-1-2 223660339 1.2823 0.629009 0.141712 0.334794
0-0-1-3-0-0-1-3-0-2-3-5-0-2-3 775328762 1.96105 1.30819 0.145818 0.357658
0-0-1-3-0-1-2-4-0-0-1-3-0-0-1 7987729204 12.6038 11.9774 0.137537 0.334691
0-0-1-3-0-1-2-4-0-0-1-3-0-1-2 318472348 1.56411 0.747307 0.138109 0.318855
0-0-1-3-0-1-2-4-0-0-1-3-0-2-3 2251924502 4.98768 4.3373 0.139841 0.328303
0-0-1-3-0-1-2-4-0-1-2-4-0-0-1 2048424087 3.17158 2.62926 0.126288 0.313275
0-0-1-3-0-1-2-4-0-1-2-4-0-1-2 4858893 0.625569 0.072457 0.125549 0.294779
0-0-1-3-0-1-2-4-0-1-2-4-0-2-3 571674484 1.44913 0.906541 0.125751 0.30634
0-0-1-3-0-1-2-4-0-2-3-5-0-0-1 11787767512 19.2826 18.6773 0.142263 0.326574
0-0-1-3-0-1-2-4-0-2-3-5-0-1-2 410442979 2.03498 1.06652 0.164025 0.359043
0-0-1-3-0-1-2-4-0-2-3-5-0-2-3 2711106070 5.7954 5.08196 0.168299 0.361602
0-0-1-3-0-2-3-5-0-0-1-3-0-0-1 3772537047 5.1226 4.35256 0.164712 0.421821
0-0-1-3-0-2-3-5-0-0-1-3-0-1-2 261962127 1.39606 0.623075 0.157956 0.343374
0-0-1-3-0-2-3-5-0-0-1-3-0-2-3 1323919871 2.80328 2.1395 0.159785 0.340924
0-0-1-3-0-2-3-5-0-1-2-4-0-0-1 16986975289 28.4485 27.6561 0.132767 0.338398
0-0-1-3-0-2-3-5-0-1-2-4-0-1-2 61703686 1.00121 0.195332 0.151527 0.364049
0-0-1-3-0-2-3-5-0-1-2-4-0-2-3 3651237370 7.69623 6.74869 0.15596 0.349848
0-0-1-3-0-2-3-5-0-2-3-5-0-0-1 4348753892 5.62544 4.79818 0.137977 0.358467
0-0-1-3-0-2-3-5-0-2-3-5-0-1-2 284130311 1.49878 0.64046 0.156916 0.321203
0-0-1-3-0-2-3-5-0-2-3-5-0-2-3 1094724705 2.36481 1.72665 0.153469 0.355942
0-1-2-4-0-0-1-3-0-0-1-3-0-0-1 6981552054 13.9436 13.2166 0.124676 0.351585
0-1-2-4-0-0-1-3-0-0-1-3-0-1-2 340624697 2.57847 1.75449 0.12248 0.320387
0-1-2-4-0-0-1-3-0-0-1-3-0-2-3 2154511237 6.86015 6.13833 0.132792 0.338139
0-1-2-4-0-0-1-3-0-1-2-4-0-0-1 24412339572 45.7115 44.9323 0.110738 0.345756
0-1-2-4-0-0-1-3-0-1-2-4-0-1-2 123397885 1.3222 0.489739 0.121066 0.343064
0-1-2-4-0-0-1-3-0-1-2-4-0-2-3 5149393700 40.7381 40.0801 0.123144 0.340353
0-1-2-4-0-0-1-3-0-2-3-5-0-0-1 12404302670 29.4983 28.6791 0.128803 0.393111
0-1-2-4-0-0-1-3-0-2-3-5-0-1-2 437484879 3.56451 2.80358 0.126474 0.364835
0-1-2-4-0-0-1-3-0-2-3-5-0-2-3 2866699894 9.3659 8.67338 0.112715 0.353849
0-1-2-4-0-1-2-4-0-0-1-3-0-0-1 1526994749 1.60028 0.850551 0.13489 0.304149
0-1-2-4-0-1-2-4-0-0-1-3-0-1-2 123397885 0.64323 0.131675 0.126899 0.286302
0-1-2-4-0-1-2-4-0-0-1-3-0-2-3 558683771 0.906077 0.36573 0.136244 0.308695
0-1-2-4-0-1-2-4-0-1-2-4-0-0-1 162901838 0.611944 0.124996 0.114935 0.294131
0-1-2-4-0-1-2-4-0-1-2-4-0-1-2 214540 0.501952 0.039046 0.118304 0.266764
0-1-2-4-0-1-2-4-0-1-2-4-0-2-3 49992362 0.669247 0.072254 0.114121 0.289224
0-1-2-4-0-1-2-4-0-2-3-5-0-0-1 2284018485 1.88517 1.36362 0.13633 0.301773
0-1-2-4-0-1-2-4-0-2-3-5-0-1-2 204481511 0.677045 0.159473 0.135011 0.295608
0-1-2-4-0-1-2-4-0-2-3-5-0-2-3 606916000 0.909267 0.390304 0.137504 0.299428
0-1-2-4-0-2-3-5-0-0-1-3-0-0-1 13132687846 21.7749 21.1576 0.144253 0.331219
0-1-2-4-0-2-3-5-0-0-1-3-0-1-2 432860830 2.20736 1.32558 0.163265 0.335951
0-1-2-4-0-2-3-5-0-0-1-3-0-2-3 3706945361 9.46618 8.70516 0.168649 0.319031
0-1-2-4-0-2-3-5-0-1-2-4-0-0-1 35145744956 106.186 105.362 0.140767 0.301424
0-1-2-4-0-2-3-5-0-1-2-4-0-1-2 204481511 1.26125 0.287477 0.149822 0.330448
0-1-2-4-0-2-3-5-0-1-2-4-0-2-3 7067847345 28.2421 27.3927 0.149271 0.311268
0-1-2-4-0-2-3-5-0-2-3-5-0-0-1 13712931524 26.9936 25.4775 0.121148 0.339723
0-1-2-4-0-2-3-5-0-2-3-5-0-1-2 453417926 2.3339 1.47076 0.172996 0.375298
0-1-2-4-0-2-3-5-0-2-3-5-0-2-3 3056988612 8.08252 7.0857 0.149654 0.392131
0-2-3-5-0-0-1-3-0-0-1-3-0-0-1 1672292507 2.69855 2.03815 0.160261 0.340233
0-2-3-5-0-0-1-3-0-0-1-3-0-1-2 131792782 1.13118 0.499706 0.15629 0.326243
0-2-3-5-0-0-1-3-0-0-1-3-0-2-3 621471008 1.94693 1.20765 0.162837 0.339214
0-2-3-5-0-0-1-3-0-1-2-4-0-0-1 9235067917 16.1963 15.5854 0.135886 0.347144
0-2-3-5-0-0-1-3-0-1-2-4-0-1-2 37830920 0.782834 0.085425 0.159865 0.334988
0-2-3-5-0-0-1-3-0-1-2-4-0-2-3 2059925133 5.04197 4.41079 0.154578 0.342643
0-2-3-5-0-0-1-3-0-2-3-5-0-0-1 3415726164 5.77173 5.05428 0.155304 0.357552
0-2-3-5-0-0-1-3-0-2-3-5-0-1-2 190198833 1.32066 0.703422 0.15531 0.326381
0-2-3-5-0-0-1-3-0-2-3-5-0-2-3 850019208 2.40173 1.76984 0.153567 0.336189
0-2-3-5-0-1-2-4-0-0-1-3-0-0-1 7395941882 10.3569 9.77049 0.16619 0.308702
0-2-3-5-0-1-2-4-0-0-1-3-0-1-2 218358783 1.15584 0.545067 0.167725 0.310746
0-2-3-5-0-1-2-4-0-0-1-3-0-2-3 1943486327 4.30144 3.63387 0.181898 0.319452
0-2-3-5-0-1-2-4-0-1-2-4-0-0-1 1894734503 2.55796 1.99114 0.151071 0.321314
0-2-3-5-0-1-2-4-0-1-2-4-0-1-2 3655061 0.603119 0.051622 0.149636 0.286869
0-2-3-5-0-1-2-4-0-1-2-4-0-2-3 506118651 1.34452 0.750128 0.156132 0.300786
0-2-3-5-0-1-2-4-0-2-3-5-0-0-1 9318882335 15.6911 15.081 0.178448 0.32115
0-2-3-5-0-1-2-4-0-2-3-5-0-1-2 255197384 1.46553 0.664069 0.209319 0.350877
0-2-3-5-0-1-2-4-0-2-3-5-0-2-3 2055095988 4.66948 3.93346 0.234531 0.372327
0-2-3-5-0-2-3-5-0-0-1-3-0-0-1 2530088289 3.28912 2.57572 0.154007 0.386044
0-2-3-5-0-2-3-5-0-0-1-3-0-1-2 161408745 1.15474 0.411437 0.170236 0.318241
0-2-3-5-0-2-3-5-0-0-1-3-0-2-3 870458224 2.14733 1.4912 0.188177 0.344474
0-2-3-5-0-2-3-5-0-1-2-4-0-0-1 10914351715 19.0013 18.3843 0.151409 0.327536
0-2-3-5-0-2-3-5-0-1-2-4-0-1-2 40945109 0.874566 0.135803 0.175588 0.357967
0-2-3-5-0-2-3-5-0-1-2-4-0-2-3 2309517773 5.18291 4.59469 0.158475 0.31314
0-2-3-5-0-2-3-5-0-2-3-5-0-0-1 2915519858 4.05392 3.36051 0.144027 0.361013
0-2-3-5-0-2-3-5-0-2-3-5-0-1-2 171400878 1.04801 0.453414 0.174321 0.305224
0-2-3-5-0-2-3-5-0-2-3-5-0-2-3 720236673 1.86947 1.22615 0.15958 0.348375
1-3-0-0-1-3-0-0-1-3-0-0-1-3-0 1419222105 3.97153 3.23286 0.124357 0.379039
1-3-0-0-1-3-0-0-1-3-0-1-2-4-0 6981552054 8.87516 8.18897 0.110742 0.355575
1-3-0-0-1-3-0-0-1-3-0-2-3-5-0 1672292507 2.33604 1.61581 0.120634 0.378276
1-3-0-0-1-3-0-1-2-4-0-0-1-3-0 7987729204 10.1678 9.54694 0.102817 0.37377
1-3-0-0-1-3-0-1-2-4-0-1-2-4-0 1526994749 1.55903 0.845912 0.101874 0.37416
1-3-0-0-1-3-0-1-2-4-0-2-3-5-0 7395941882 8.59071 7.9712 0.111188 0.361223
1-3-0-0-1-3-0-2-3-5-0-0-1-3-0 3772537047 6.40151 5.66092 0.138307 0.369173
1-3-0-0-1-3-0-2-3-5-0-1-2-4-0 13132687846 11.9388 11.3096 0.129857 0.339649
1-3-0-0-1-3-0-2-3-5-0-2-3-5-0 2530088289 3.1171 2.00967 0.201273 0.53435
1-3-0-1-2-4-0-0-1-3-0-0-1-3-0 8528240999 6.7457 5.97563 0.14257 0.348494
1-3-0-1-2-4-0-0-1-3-0-1-2-4-0 24412339572 19.1539 18.5268 0.129415 0.304472
1-3-0-1-2-4-0-0-1-3-0-2-3-5-0 9235067917 7.15499 6.47326 0.137143 0.348418
1-3-0-1-2-4-0-1-2-4-0-0-1-3-0 2048424087 2.02536 1.3524 0.133163 0.318829
1-3-0-1-2-4-0-1-2-4-0-1-2-4-0 162901838 0.917329 0.147756 0.123443 0.282333
1-3-0-1-2-4-0-1-2-4-0-2-3-5-0 1894734503 1.74052 1.18149 0.141529 0.302694
1-3-0-1-2-4-0-2-3-5-0-0-1-3-0 16986975289 13.0104 12.3669 0.15025 0.322486
1-3-0-1-2-4-0-2-3-5-0-1-2-4-0 35145744956 79.3195 78.6553 0.143066 0.320881
1-3-0-1-2-4-0-2-3-5-0-2-3-5-0 10914351715 9.34768 8.34594 0.164749 0.371634
1-3-0-2-3-5-0-0-1-3-0-0-1-3-0 2936038078 2.87449 2.0389 0.14427 0.356267
1-3-0-2-3-5-0-0-1-3-0-1-2-4-0 12404302670 17.8231 17.032 0.14974 0.314002
1-3-0-2-3-5-0-0-1-3-0-2-3-5-0 3415726164 5.05657 3.96591 0.162447 0.338779
1-3-0-2-3-5-0-1-2-4-0-0-1-3-0 11787767512 14.1873 13.2679 0.139697 0.328253
1-3-0-2-3-5-0-1-2-4-0-1-2-4-0 2284018485 2.14483 1.14455 0.140712 0.323291
1-3-0-2-3-5-0-1-2-4-0-2-3-5-0 9318882335 11.6072 11.0215 0.151628 0.323652
1-3-0-2-3-5-0-2-3-5-0-0-1-3-0 4348753892 4.34956 3.62394 0.13826 0.361666
1-3-0-2-3-5-0-2-3-5-0-1-2-4-0 13712931524 13.7565 13.0687 0.145696 0.313933
1-3-0-2-3-5-0-2-3-5-0-2-3-5-0 2915519858 3.25869 2.51418 0.156459 0.336202
2-4-0-0-1-3-0-0-1-3-0-0-1-3-0 138163365 1.13163 0.462384 0.106273 0.370389
2-4-0-0-1-3-0-0-1-3-0-1-2-4-0 340624697 2.32995 1.70783 0.106882 0.353715
2-4-0-0-1-3-0-0-1-3-0-2-3-5-0 131792782 1.03208 0.384611 0.129877 0.376828
2-4-0-0-1-3-0-1-2-4-0-0-1-3-0 318472348 1.39919 0.638133 0.108217 0.369758
2-4-0-0-1-3-0-1-2-4-0-1-2-4-0 123397885 0.635215 0.100314 0.102017 0.338951
2-4-0-0-1-3-0-1-2-4-0-2-3-5-0 218358783 1.06297 0.4924 0.118418 0.353774
2-4-0-0-1-3-0-2-3-5-0-0-1-3-0 261962127 1.25095 0.501699 0.114449 0.398154
2-4-0-0-1-3-0-2-3-5-0-1-2-4-0 432860830 2.08286 1.46128 0.108115 0.368063
2-4-0-0-1-3-0-2-3-5-0-2-3-5-0 161408745 0.924762 0.31787 0.116527 0.385305
2-4-0-1-2-4-0-0-1-3-0-0-1-3-0 32064885 0.712077 0.109489 0.141189 0.339166
2-4-0-1-2-4-0-0-1-3-0-1-2-4-0 123397885 0.943139 0.368557 0.129759 0.310955
2-4-0-1-2-4-0-0-1-3-0-2-3-5-0 37830920 0.791795 0.087422 0.130315 0.35304
2-4-0-1-2-4-0-1-2-4-0-0-1-3-0 4858893 0.562877 0.027889 0.128474 0.324265
2-4-0-1-2-4-0-1-2-4-0-1-2-4-0 214540 0.51055 0.014348 0.129184 0.291176
2-4-0-1-2-4-0-1-2-4-0-2-3-5-0 3655061 0.553894 0.021912 0.142889 0.313524
2-4-0-1-2-4-0-2-3-5-0-0-1-3-0 61703686 0.669126 0.085632 0.150608 0.333807
2-4-0-1-2-4-0-2-3-5-0-1-2-4-0 204481511 0.760557 0.220514 0.145644 0.306736
2-4-0-1-2-4-0-2-3-5-0-2-3-5-0 40945109 0.6245 0.062017 0.145908 0.331304
2-4-0-2-3-5-0-0-1-3-0-0-1-3-0 223660339 1.22197 0.582595 0.147328 0.361901
2-4-0-2-3-5-0-0-1-3-0-1-2-4-0 437484879 3.38095 2.75774 0.15285 0.325134
2-4-0-2-3-5-0-0-1-3-0-2-3-5-0 190198833 1.25286 0.627948 0.16206 0.339251
2-4-0-2-3-5-0-1-2-4-0-0-1-3-0 410442979 1.46641 0.889024 0.151661 0.335416
2-4-0-2-3-5-0-1-2-4-0-1-2-4-0 204481511 0.646225 0.131075 0.140792 0.297476
2-4-0-2-3-5-0-1-2-4-0-2-3-5-0 255197384 1.21025 0.657048 0.15955 0.311844
2-4-0-2-3-5-0-2-3-5-0-0-1-3-0 284130311 1.10093 0.498409 0.123154 0.37708
2-4-0-2-3-5-0-2-3-5-0-1-2-4-0 453417926 2.01932 1.44593 0.132407 0.343325
2-4-0-2-3-5-0-2-3-5-0-2-3-5-0 171400878 0.929663 0.335096 0.127267 0.372911
3-5-0-0-1-3-0-0-1-3-0-0-1-3-0 557356291 1.56078 0.882626 0.130178 0.390267
3-5-0-0-1-3-0-0-1-3-0-1-2-4-0 2154511237 4.22222 3.55016 0.117792 0.375423
3-5-0-0-1-3-0-0-1-3-0-2-3-5-0 621471008 1.45819 0.814041 0.119809 0.369509
3-5-0-0-1-3-0-1-2-4-0-0-1-3-0 2251924502 3.65841 3.07725 0.099765 0.359813
3-5-0-0-1-3-0-1-2-4-0-1-2-4-0 558683771 0.871273 0.334972 0.096419 0.335111
3-5-0-0-1-3-0-1-2-4-0-2-3-5-0 1943486327 3.10022 2.52337 0.112748 0.354893
3-5-0-0-1-3-0-2-3-5-0-0-1-3-0 1323919871 1.97198 1.35747 0.112253 0.378601
3-5-0-0-1-3-0-2-3-5-0-1-2-4-0 3706945361 4.74207 4.12492 0.119516 0.377694
3-5-0-0-1-3-0-2-3-5-0-2-3-5-0 870458224 1.46803 0.860174 0.115714 0.373795
3-5-0-1-2-4-0-0-1-3-0-0-1-3-0 2046689750 5.13761 4.52704 0.131713 0.32982
3-5-0-1-2-4-0-0-1-3-0-1-2-4-0 5149393700 37.3168 36.7264 0.122535 0.301869
3-5-0-1-2-4-0-0-1-3-0-2-3-5-0 2059925133 2.62843 1.98356 0.153155 0.381496
3-5-0-1-2-4-0-1-2-4-0-0-1-3-0 571674484 0.919907 0.391351 0.118233 0.309857
3-5-0-1-2-4-0-1-2-4-0-1-2-4-0 49992362 0.541633 0.056058 0.118193 0.275652
3-5-0-1-2-4-0-1-2-4-0-2-3-5-0 506118651 0.922573 0.358923 0.137885 0.291883
3-5-0-1-2-4-0-2-3-5-0-0-1-3-0 3651237370 6.02454 5.45141 0.144805 0.321833
3-5-0-1-2-4-0-2-3-5-0-1-2-4-0 7067847345 20.4761 19.9439 0.132904 0.288922
3-5-0-1-2-4-0-2-3-5-0-2-3-5-0 2309517773 4.21708 3.57818 0.157529 0.370445
3-5-0-2-3-5-0-0-1-3-0-0-1-3-0 775328762 1.59354 0.966359 0.133735 0.353483
3-5-0-2-3-5-0-0-1-3-0-1-2-4-0 2866699894 5.4896 4.87444 0.148076 0.306608
3-5-0-2-3-5-0-0-1-3-0-2-3-5-0 850019208 1.82349 1.1948 0.162342 0.328947
3-5-0-2-3-5-0-1-2-4-0-0-1-3-0 2711106070 3.81436 3.25214 0.140503 0.322726
3-5-0-2-3-5-0-1-2-4-0-1-2-4-0 606916000 0.824409 0.311721 0.131464 0.291127
3-5-0-2-3-5-0-1-2-4-0-2-3-5-0 2055095988 3.17618 2.62538 0.149672 0.309569
3-5-0-2-3-5-0-2-3-5-0-0-1-3-0 1094724705 1.61818 1.02848 0.129101 0.353173
3-5-0-2-3-5-0-2-3-5-0-1-2-4-0 3056988612 3.90292 3.34174 0.146271 0.31082
3-5-0-2-3-5-0-2-3-5-0-2-3-5-0 720236673 1.32519 0.73551 0.143661 0.345074
