0-0-1-3-0-0-1-3-0-0-1-3-0-0-1 1419222105 2.86552 2.00966 0.134108 0.396746
0-0-1-3-0-0-1-3-0-0-1-3-0-1-2 138163365 1.07135 0.121449 0.17388 0.463839
0-0-1-3-0-0-1-3-0-0-1-3-0-2-3 557356291 1.14429 0.263636 0.169389 0.46184
0-0-1-3-0-0-1-3-0-1-2-4-0-0-1 8528240999 5.03765 4.33231 0.099057 0.340493
0-0-1-3-0-0-1-3-0-1-2-4-0-1-2 32064885 1.83072 0.180923 0.133811 0.396731
0-0-1-3-0-0-1-3-0-1-2-4-0-2-3 2046689750 1.77319 1.10729 0.098873 0.331527
0-0-1-3-0-0-1-3-0-2-3-5-0-0-1 2936038078 2.20096 1.42624 0.105535 0.334239
0-0-1-3-0-0-1-3-0-2-3-5-0-1-2 223660339 0.87564 0.137877 0.129492 0.294062
0-0-1-3-0-0-1-3-0-2-3-5-0-2-3 775328762 0.941216 0.266861 0.135846 0.336189
0-0-1-3-0-1-2-4-0-0-1-3-0-0-1 7987729204 4.25764 3.6556 0.13458 0.309087
0-0-1-3-0-1-2-4-0-0-1-3-0-1-2 318472348 1.74033 0.148925 0.15489 0.409594
0-0-1-3-0-1-2-4-0-0-1-3-0-2-3 2251924502 1.41618 0.821008 0.122483 0.298344
0-0-1-3-0-1-2-4-0-1-2-4-0-0-1 2048424087 1.15565 0.540466 0.112784 0.287314
0-0-1-3-0-1-2-4-0-1-2-4-0-1-2 4858893 0.596016 0.018822 0.120663 0.264133
0-0-1-3-0-1-2-4-0-1-2-4-0-2-3 571674484 0.756565 0.177743 0.117052 0.286348
0-0-1-3-0-1-2-4-0-2-3-5-0-0-1 11787767512 5.89265 5.31454 0.135061 0.306289
0-0-1-3-0-1-2-4-0-2-3-5-0-1-2 410442979 1.61601 0.251664 0.118109 0.265408
0-0-1-3-0-1-2-4-0-2-3-5-0-2-3 2711106070 1.69367 0.985425 0.145673 0.338507
0-0-1-3-0-2-3-5-0-0-1-3-0-0-1 3772537047 1.9748 1.025 0.160667 0.425179
0-0-1-3-0-2-3-5-0-0-1-3-0-1-2 261962127 1.04959 0.119769 0.125322 0.286831
0-0-1-3-0-2-3-5-0-0-1-3-0-2-3 1323919871 1.02444 0.372586 0.15232 0.310541
0-0-1-3-0-2-3-5-0-1-2-4-0-0-1 16986975289 7.39989 6.70567 0.120087 0.305445
0-0-1-3-0-2-3-5-0-1-2-4-0-1-2 61703686 1.95783 0.15644 0.12278 0.298654
0-0-1-3-0-2-3-5-0-1-2-4-0-2-3 3651237370 2.26913 1.53219 0.180332 0.403137
0-0-1-3-0-2-3-5-0-2-3-5-0-0-1 4348753892 2.17399 1.22357 0.149655 0.407756
0-0-1-3-0-2-3-5-0-2-3-5-0-1-2 284130311 0.93629 0.143831 0.127713 0.274777
0-0-1-3-0-2-3-5-0-2-3-5-0-2-3 1094724705 0.920169 0.27226 0.129251 0.317673
0-1-2-4-0-0-1-3-0-0-1-3-0-0-1 6981552054 4.33123 3.66588 0.112141 0.313271
0-1-2-4-0-0-1-3-0-0-1-3-0-1-2 340624697 1.47775 0.502309 0.097531 0.283092
0-1-2-4-0-0-1-3-0-0-1-3-0-2-3 2154511237 1.83254 1.22676 0.118017 0.295479
0-1-2-4-0-0-1-3-0-1-2-4-0-0-1 24412339572 13.0211 12.3699 0.098604 0.321816
0-1-2-4-0-0-1-3-0-1-2-4-0-1-2 123397885 1.62806 0.255997 0.101038 0.304879
0-1-2-4-0-0-1-3-0-1-2-4-0-2-3 5149393700 9.35746 8.24065 0.101037 0.294232
0-1-2-4-0-0-1-3-0-2-3-5-0-0-1 12404302670 7.90982 7.06158 0.115697 0.358561
0-1-2-4-0-0-1-3-0-2-3-5-0-1-2 437484879 2.17395 0.621329 0.109701 0.323908
0-1-2-4-0-0-1-3-0-2-3-5-0-2-3 2866699894 2.37485 1.709 0.094581 0.303786
0-1-2-4-0-1-2-4-0-0-1-3-0-0-1 1526994749 0.945017 0.269932 0.137907 0.291053
0-1-2-4-0-1-2-4-0-0-1-3-0-1-2 123397885 0.533556 0.031958 0.101525 0.243429
0-1-2-4-0-1-2-4-0-0-1-3-0-2-3 558683771 0.639183 0.075199 0.130066 0.279248
0-1-2-4-0-1-2-4-0-1-2-4-0-0-1 162901838 0.503741 0.02861 0.10829 0.269234
0-1-2-4-0-1-2-4-0-1-2-4-0-1-2 214540 0.454119 0.013346 0.104727 0.239925
0-1-2-4-0-1-2-4-0-1-2-4-0-2-3 49992362 0.49101 0.018191 0.104209 0.271601
0-1-2-4-0-1-2-4-0-2-3-5-0-0-1 2284018485 1.27717 0.768968 0.127671 0.272804
0-1-2-4-0-1-2-4-0-2-3-5-0-1-2 204481511 0.519231 0.040969 0.113179 0.240527
0-1-2-4-0-1-2-4-0-2-3-5-0-2-3 606916000 0.557079 0.07174 0.123478 0.263494
0-1-2-4-0-2-3-5-0-0-1-3-0-0-1 13132687846 7.01113 6.44419 0.126722 0.296373
0-1-2-4-0-2-3-5-0-0-1-3-0-1-2 432860830 2.10203 0.397306 0.140126 0.291101
0-1-2-4-0-2-3-5-0-0-1-3-0-2-3 3706945361 2.51071 1.75297 0.175108 0.328762
0-1-2-4-0-2-3-5-0-1-2-4-0-0-1 35145744956 27.4048 26.6815 0.142116 0.299082
0-1-2-4-0-2-3-5-0-1-2-4-0-1-2 204481511 2.33593 0.413348 0.138426 0.291384
0-1-2-4-0-2-3-5-0-1-2-4-0-2-3 7067847345 6.37275 5.21295 0.123375 0.262825
0-1-2-4-0-2-3-5-0-2-3-5-0-0-1 13712931524 6.83534 6.15265 0.115505 0.320673
0-1-2-4-0-2-3-5-0-2-3-5-0-1-2 453417926 2.07527 0.680952 0.129855 0.283672
0-1-2-4-0-2-3-5-0-2-3-5-0-2-3 3056988612 2.07003 1.42848 0.114571 0.311477
0-2-3-5-0-0-1-3-0-0-1-3-0-0-1 1672292507 1.24551 0.431323 0.145218 0.308145
0-2-3-5-0-0-1-3-0-0-1-3-0-1-2 131792782 0.746925 0.094127 0.142823 0.300048
0-2-3-5-0-0-1-3-0-0-1-3-0-2-3 621471008 0.81198 0.196139 0.146515 0.306726
0-2-3-5-0-0-1-3-0-1-2-4-0-0-1 9235067917 4.18134 3.56351 0.130193 0.322578
0-2-3-5-0-0-1-3-0-1-2-4-0-1-2 37830920 1.08432 0.022918 0.150136 0.274844
0-2-3-5-0-0-1-3-0-1-2-4-0-2-3 2059925133 1.43048 0.862274 0.128995 0.294494
0-2-3-5-0-0-1-3-0-2-3-5-0-0-1 3415726164 1.78029 1.07879 0.144285 0.315738
0-2-3-5-0-0-1-3-0-2-3-5-0-1-2 190198833 1.13977 0.245015 0.184597 0.399134
0-2-3-5-0-0-1-3-0-2-3-5-0-2-3 850019208 1.11458 0.317064 0.180413 0.408555
0-2-3-5-0-1-2-4-0-0-1-3-0-0-1 7395941882 3.19478 2.45889 0.194304 0.365836
0-2-3-5-0-1-2-4-0-0-1-3-0-1-2 218358783 1.05226 0.106793 0.123018 0.246821
0-2-3-5-0-1-2-4-0-0-1-3-0-2-3 1943486327 1.20157 0.606472 0.152106 0.275243
0-2-3-5-0-1-2-4-0-1-2-4-0-0-1 1894734503 0.991036 0.382182 0.141271 0.27017
0-2-3-5-0-1-2-4-0-1-2-4-0-1-2 3655061 0.563878 0.016109 0.137385 0.25114
0-2-3-5-0-1-2-4-0-1-2-4-0-2-3 506118651 0.665034 0.131669 0.141616 0.261158
0-2-3-5-0-1-2-4-0-2-3-5-0-0-1 9318882335 4.14083 3.59799 0.156535 0.272469
0-2-3-5-0-1-2-4-0-2-3-5-0-1-2 255197384 1.24174 0.152186 0.158703 0.262441
0-2-3-5-0-1-2-4-0-2-3-5-0-2-3 2055095988 1.24223 0.68733 0.158768 0.266663
0-2-3-5-0-2-3-5-0-0-1-3-0-0-1 2530088289 1.23354 0.500285 0.133502 0.336488
0-2-3-5-0-2-3-5-0-0-1-3-0-1-2 161408745 0.733145 0.085735 0.158612 0.275364
0-2-3-5-0-2-3-5-0-0-1-3-0-2-3 870458224 0.875291 0.250343 0.155107 0.297182
0-2-3-5-0-2-3-5-0-1-2-4-0-0-1 10914351715 4.47491 3.9098 0.137468 0.290433
0-2-3-5-0-2-3-5-0-1-2-4-0-1-2 40945109 1.41668 0.307556 0.132203 0.266998
0-2-3-5-0-2-3-5-0-1-2-4-0-2-3 2309517773 1.47041 0.898517 0.149718 0.288049
0-2-3-5-0-2-3-5-0-2-3-5-0-0-1 2915519858 1.40414 0.732709 0.130451 0.327537
0-2-3-5-0-2-3-5-0-2-3-5-0-1-2 171400878 0.926447 0.130118 0.203557 0.359061
0-2-3-5-0-2-3-5-0-2-3-5-0-2-3 720236673 0.962335 0.198623 0.172323 0.409986
1-3-0-0-1-3-0-0-1-3-0-0-1-3-0 1419222105 1.49949 0.775729 0.118443 0.38374
1-3-0-0-1-3-0-0-1-3-0-1-2-4-0 6981552054 3.54383 2.87843 0.100961 0.323436
1-3-0-0-1-3-0-0-1-3-0-2-3-5-0 1672292507 1.30305 0.292719 0.097165 0.322257
1-3-0-0-1-3-0-1-2-4-0-0-1-3-0 7987729204 3.27427 2.62985 0.090974 0.33221
1-3-0-0-1-3-0-1-2-4-0-1-2-4-0 1526994749 1.18019 0.149976 0.100841 0.34517
1-3-0-0-1-3-0-1-2-4-0-2-3-5-0 7395941882 2.61018 1.96075 0.105302 0.330082
1-3-0-0-1-3-0-2-3-5-0-0-1-3-0 3772537047 2.48748 1.05169 0.16946 0.467153
1-3-0-0-1-3-0-2-3-5-0-1-2-4-0 13132687846 5.20188 4.46465 0.120106 0.299646
1-3-0-0-1-3-0-2-3-5-0-2-3-5-0 2530088289 2.42226 0.349817 0.141236 0.399316
1-3-0-1-2-4-0-0-1-3-0-0-1-3-0 8528240999 3.21155 2.31638 0.122981 0.353244
1-3-0-1-2-4-0-0-1-3-0-1-2-4-0 24412339572 9.9558 9.1428 0.107081 0.262462
1-3-0-1-2-4-0-0-1-3-0-2-3-5-0 9235067917 2.63068 1.23784 0.119992 0.290996
1-3-0-1-2-4-0-1-2-4-0-0-1-3-0 2048424087 1.13398 0.245016 0.126348 0.297353
1-3-0-1-2-4-0-1-2-4-0-1-2-4-0 162901838 0.631962 0.031032 0.112856 0.264705
1-3-0-1-2-4-0-1-2-4-0-2-3-5-0 1894734503 0.866541 0.23868 0.131883 0.277546
1-3-0-1-2-4-0-2-3-5-0-0-1-3-0 16986975289 6.46812 5.66784 0.139042 0.312479
1-3-0-1-2-4-0-2-3-5-0-1-2-4-0 35145744956 18.4907 17.6066 0.127478 0.275369
1-3-0-1-2-4-0-2-3-5-0-2-3-5-0 10914351715 2.63312 1.25111 0.164886 0.371535
1-3-0-2-3-5-0-0-1-3-0-0-1-3-0 2936038078 3.95013 0.373948 0.158583 0.376973
1-3-0-2-3-5-0-0-1-3-0-1-2-4-0 12404302670 5.11569 4.09509 0.162928 0.327679
1-3-0-2-3-5-0-0-1-3-0-2-3-5-0 3415726164 2.065 0.73959 0.152378 0.326057
1-3-0-2-3-5-0-1-2-4-0-0-1-3-0 11787767512 4.44051 3.45098 0.116646 0.28927
1-3-0-2-3-5-0-1-2-4-0-1-2-4-0 2284018485 1.4737 0.252349 0.130653 0.283893
1-3-0-2-3-5-0-1-2-4-0-2-3-5-0 9318882335 3.34412 2.52567 0.164273 0.329193
1-3-0-2-3-5-0-2-3-5-0-0-1-3-0 4348753892 1.58958 0.697716 0.127415 0.336457
1-3-0-2-3-5-0-2-3-5-0-1-2-4-0 13712931524 4.76329 3.98823 0.143664 0.301431
1-3-0-2-3-5-0-2-3-5-0-2-3-5-0 2915519858 1.9129 0.528824 0.126778 0.297976
2-4-0-0-1-3-0-0-1-3-0-0-1-3-0 138163365 1.01769 0.233801 0.088152 0.32076
2-4-0-0-1-3-0-0-1-3-0-1-2-4-0 340624697 1.13055 0.442584 0.0908 0.313714
2-4-0-0-1-3-0-0-1-3-0-2-3-5-0 131792782 0.725636 0.084667 0.115074 0.331113
2-4-0-0-1-3-0-1-2-4-0-0-1-3-0 318472348 0.677242 0.125831 0.093373 0.324112
2-4-0-0-1-3-0-1-2-4-0-1-2-4-0 123397885 0.503927 0.021993 0.086133 0.292552
2-4-0-0-1-3-0-1-2-4-0-2-3-5-0 218358783 0.661063 0.099144 0.100168 0.324332
2-4-0-0-1-3-0-2-3-5-0-0-1-3-0 261962127 0.710095 0.106261 0.100991 0.344985
2-4-0-0-1-3-0-2-3-5-0-1-2-4-0 432860830 0.861219 0.290699 0.090382 0.318822
2-4-0-0-1-3-0-2-3-5-0-2-3-5-0 161408745 0.629552 0.060495 0.097727 0.345862
2-4-0-1-2-4-0-0-1-3-0-0-1-3-0 32064885 0.57668 0.033326 0.116081 0.2975
2-4-0-1-2-4-0-0-1-3-0-1-2-4-0 123397885 0.644751 0.106853 0.1088 0.275583
2-4-0-1-2-4-0-0-1-3-0-2-3-5-0 37830920 0.558363 0.025372 0.10962 0.315091
2-4-0-1-2-4-0-1-2-4-0-0-1-3-0 4858893 0.487312 0.014558 0.10725 0.273642
2-4-0-1-2-4-0-1-2-4-0-1-2-4-0 214540 0.426838 0.004337 0.106524 0.237076
2-4-0-1-2-4-0-1-2-4-0-2-3-5-0 3655061 0.502011 0.011649 0.121642 0.27661
2-4-0-1-2-4-0-2-3-5-0-0-1-3-0 61703686 0.547412 0.026338 0.130406 0.288024
2-4-0-1-2-4-0-2-3-5-0-1-2-4-0 204481511 0.540119 0.077162 0.117438 0.253696
2-4-0-1-2-4-0-2-3-5-0-2-3-5-0 40945109 0.516923 0.020685 0.120937 0.283127
2-4-0-2-3-5-0-0-1-3-0-0-1-3-0 223660339 0.697942 0.122895 0.120491 0.313718
2-4-0-2-3-5-0-0-1-3-0-1-2-4-0 437484879 1.22813 0.65783 0.125536 0.273603
2-4-0-2-3-5-0-0-1-3-0-2-3-5-0 190198833 0.698158 0.134346 0.139331 0.297087
2-4-0-2-3-5-0-1-2-4-0-0-1-3-0 410442979 0.685261 0.187784 0.125493 0.278535
2-4-0-2-3-5-0-1-2-4-0-1-2-4-0 204481511 0.496696 0.025768 0.13191 0.255776
2-4-0-2-3-5-0-1-2-4-0-2-3-5-0 255197384 0.607739 0.114661 0.13692 0.270019
2-4-0-2-3-5-0-2-3-5-0-0-1-3-0 284130311 0.638687 0.098716 0.10193 0.330765
2-4-0-2-3-5-0-2-3-5-0-1-2-4-0 453417926 0.810593 0.299786 0.110102 0.286868
2-4-0-2-3-5-0-2-3-5-0-2-3-5-0 171400878 0.59492 0.061342 0.106338 0.327586
3-5-0-0-1-3-0-0-1-3-0-0-1-3-0 557356291 0.783787 0.159423 0.113969 0.354368
3-5-0-0-1-3-0-0-1-3-0-1-2-4-0 2154511237 1.45064 0.832446 0.104113 0.325332
3-5-0-0-1-3-0-0-1-3-0-2-3-5-0 621471008 0.848168 0.152219 0.113398 0.365464
3-5-0-0-1-3-0-1-2-4-0-0-1-3-0 2251924502 1.14681 0.592875 0.091058 0.329854
3-5-0-0-1-3-0-1-2-4-0-1-2-4-0 558683771 0.642861 0.079142 0.086816 0.309245
3-5-0-0-1-3-0-1-2-4-0-2-3-5-0 1943486327 0.982589 0.440934 0.101353 0.326024
3-5-0-0-1-3-0-2-3-5-0-0-1-3-0 1323919871 0.843677 0.244327 0.102842 0.349942
3-5-0-0-1-3-0-2-3-5-0-1-2-4-0 3706945361 1.6559 1.09645 0.097749 0.322314
3-5-0-0-1-3-0-2-3-5-0-2-3-5-0 870458224 0.851378 0.172034 0.101508 0.333236
3-5-0-1-2-4-0-0-1-3-0-0-1-3-0 2046689750 1.37561 0.79994 0.120621 0.301982
3-5-0-1-2-4-0-0-1-3-0-1-2-4-0 5149393700 8.32446 7.67873 0.124547 0.301092
3-5-0-1-2-4-0-0-1-3-0-2-3-5-0 2059925133 1.03736 0.384948 0.113662 0.279019
3-5-0-1-2-4-0-1-2-4-0-0-1-3-0 571674484 0.631683 0.069131 0.095319 0.259624
3-5-0-1-2-4-0-1-2-4-0-1-2-4-0 49992362 0.469654 0.010129 0.110314 0.2462
3-5-0-1-2-4-0-1-2-4-0-2-3-5-0 506118651 0.554207 0.069299 0.126818 0.263179
3-5-0-1-2-4-0-2-3-5-0-0-1-3-0 3651237370 1.71249 1.18026 0.12995 0.289727
3-5-0-1-2-4-0-2-3-5-0-1-2-4-0 7067847345 5.11338 4.50097 0.131865 0.264648
3-5-0-1-2-4-0-2-3-5-0-2-3-5-0 2309517773 1.58667 0.705982 0.131473 0.301267
3-5-0-2-3-5-0-0-1-3-0-0-1-3-0 775328762 0.961257 0.241578 0.138554 0.342785
3-5-0-2-3-5-0-0-1-3-0-1-2-4-0 2866699894 1.69531 1.12028 0.137567 0.278258
3-5-0-2-3-5-0-0-1-3-0-2-3-5-0 850019208 0.934229 0.229901 0.142942 0.293829
3-5-0-2-3-5-0-1-2-4-0-0-1-3-0 2711106070 1.16951 0.62968 0.13138 0.289719
3-5-0-2-3-5-0-1-2-4-0-1-2-4-0 606916000 0.686688 0.058868 0.141738 0.298173
3-5-0-2-3-5-0-1-2-4-0-2-3-5-0 2055095988 1.02166 0.490366 0.141175 0.280037
3-5-0-2-3-5-0-2-3-5-0-0-1-3-0 1094724705 0.773916 0.183815 0.119087 0.329378
3-5-0-2-3-5-0-2-3-5-0-1-2-4-0 3056988612 1.2981 0.759355 0.133766 0.281097
3-5-0-2-3-5-0-2-3-5-0-2-3-5-0 720236673 0.833161 0.129225 0.135191 0.334103
