0-0-1-3-0-0-1-3-0-0-1-3-0-0-1 1419222105 4.40626 3.53347 0.144703 0.407139
0-0-1-3-0-0-1-3-0-0-1-3-0-1-2 138163365 0.946183 0.308304 0.116921 0.29897
0-0-1-3-0-0-1-3-0-0-1-3-0-2-3 557356291 1.30657 0.602811 0.132977 0.358284
0-0-1-3-0-0-1-3-0-1-2-4-0-0-1 8528240999 8.75208 8.10136 0.099603 0.343522
0-0-1-3-0-0-1-3-0-1-2-4-0-1-2 32064885 1.17103 0.150499 0.103697 0.337092
0-0-1-3-0-0-1-3-0-1-2-4-0-2-3 2046689750 3.31122 2.57926 0.105045 0.32315
0-0-1-3-0-0-1-3-0-2-3-5-0-0-1 2936038078 3.0618 2.35043 0.105476 0.324724
0-0-1-3-0-0-1-3-0-2-3-5-0-1-2 223660339 1.0249 0.390584 0.117936 0.289196
0-0-1-3-0-0-1-3-0-2-3-5-0-2-3 775328762 1.34364 0.742693 0.11694 0.307986
0-0-1-3-0-1-2-4-0-0-1-3-0-0-1 7987729204 7.34392 6.77354 0.114544 0.289532
0-0-1-3-0-1-2-4-0-0-1-3-0-1-2 318472348 1.26974 0.445045 0.111691 0.269939
0-0-1-3-0-1-2-4-0-0-1-3-0-2-3 2251924502 3.1523 2.41335 0.115734 0.281987
0-0-1-3-0-1-2-4-0-1-2-4-0-0-1 2048424087 2.02834 1.44465 0.12027 0.307007
0-0-1-3-0-1-2-4-0-1-2-4-0-1-2 4858893 0.551332 0.054982 0.101779 0.243754
0-0-1-3-0-1-2-4-0-1-2-4-0-2-3 571674484 1.00279 0.486016 0.103638 0.268518
0-0-1-3-0-1-2-4-0-2-3-5-0-0-1 11787767512 11.3224 10.7341 0.128873 0.29948
0-0-1-3-0-1-2-4-0-2-3-5-0-1-2 410442979 1.4579 0.554794 0.11595 0.265599
0-0-1-3-0-1-2-4-0-2-3-5-0-2-3 2711106070 3.41385 2.69876 0.114229 0.274082
0-0-1-3-0-2-3-5-0-0-1-3-0-0-1 3772537047 2.97141 2.27058 0.116383 0.325083
0-0-1-3-0-2-3-5-0-0-1-3-0-1-2 261962127 1.27817 0.342193 0.131966 0.282572
0-0-1-3-0-2-3-5-0-0-1-3-0-2-3 1323919871 1.67911 1.08416 0.127308 0.287417
0-0-1-3-0-2-3-5-0-1-2-4-0-0-1 16986975289 15.3899 14.7448 0.104154 0.28393
0-0-1-3-0-2-3-5-0-1-2-4-0-1-2 61703686 1.21862 0.10797 0.105853 0.263934
0-0-1-3-0-2-3-5-0-1-2-4-0-2-3 3651237370 4.22056 3.51408 0.112797 0.285522
0-0-1-3-0-2-3-5-0-2-3-5-0-0-1 4348753892 3.12647 2.46613 0.112577 0.311091
0-0-1-3-0-2-3-5-0-2-3-5-0-1-2 284130311 0.990654 0.330058 0.123717 0.275062
0-0-1-3-0-2-3-5-0-2-3-5-0-2-3 1094724705 1.46637 0.86746 0.119385 0.290875
0-1-2-4-0-0-1-3-0-0-1-3-0-0-1 6981552054 8.09187 7.35513 0.099881 0.290519
0-1-2-4-0-0-1-3-0-0-1-3-0-1-2 340624697 1.77818 0.929625 0.101414 0.272095
0-1-2-4-0-0-1-3-0-0-1-3-0-2-3 2154511237 3.64234 3.07109 0.102015 0.27863
0-1-2-4-0-0-1-3-0-1-2-4-0-0-1 24412339572 23.6804 23.0348 0.084355 0.298108
0-1-2-4-0-0-1-3-0-1-2-4-0-1-2 123397885 1.41833 0.331179 0.102669 0.303939
0-1-2-4-0-0-1-3-0-1-2-4-0-2-3 5149393700 22.5274 21.6295 0.101497 0.288719
0-1-2-4-0-0-1-3-0-2-3-5-0-0-1 12404302670 15.8415 14.9183 0.09401 0.304567
0-1-2-4-0-0-1-3-0-2-3-5-0-1-2 437484879 2.66933 1.64128 0.109153 0.341324
0-1-2-4-0-0-1-3-0-2-3-5-0-2-3 2866699894 5.09213 4.30234 0.101312 0.327454
0-1-2-4-0-1-2-4-0-0-1-3-0-0-1 1526994749 1.20246 0.459899 0.10839 0.274863
0-1-2-4-0-1-2-4-0-0-1-3-0-1-2 123397885 0.587634 0.085879 0.107103 0.262417
0-1-2-4-0-1-2-4-0-0-1-3-0-2-3 558683771 0.702262 0.200003 0.110497 0.259749
0-1-2-4-0-1-2-4-0-1-2-4-0-0-1 162901838 0.525495 0.071411 0.095524 0.250786
0-1-2-4-0-1-2-4-0-1-2-4-0-1-2 214540 0.474325 0.031672 0.101931 0.232644
0-1-2-4-0-1-2-4-0-1-2-4-0-2-3 49992362 0.54253 0.049164 0.105199 0.264801
0-1-2-4-0-1-2-4-0-2-3-5-0-0-1 2284018485 1.31249 0.792817 0.127248 0.275336
0-1-2-4-0-1-2-4-0-2-3-5-0-1-2 204481511 0.811762 0.102096 0.152718 0.345258
0-1-2-4-0-1-2-4-0-2-3-5-0-2-3 606916000 0.87202 0.225823 0.157386 0.353113
0-1-2-4-0-2-3-5-0-0-1-3-0-0-1 13132687846 12.056 11.4452 0.127234 0.303031
0-1-2-4-0-2-3-5-0-0-1-3-0-1-2 432860830 2.23108 0.887242 0.118827 0.260241
0-1-2-4-0-2-3-5-0-0-1-3-0-2-3 3706945361 5.20805 4.64851 0.128741 0.270832
0-1-2-4-0-2-3-5-0-1-2-4-0-0-1 35145744956 56.6518 55.9764 0.120227 0.288501
0-1-2-4-0-2-3-5-0-1-2-4-0-1-2 204481511 1.65359 0.183809 0.18203 0.40553
0-1-2-4-0-2-3-5-0-1-2-4-0-2-3 7067847345 15.533 14.1368 0.156275 0.324464
0-1-2-4-0-2-3-5-0-2-3-5-0-0-1 13712931524 15.9399 15.0736 0.098965 0.29423
0-1-2-4-0-2-3-5-0-2-3-5-0-1-2 453417926 2.16127 0.892867 0.110118 0.263868
0-1-2-4-0-2-3-5-0-2-3-5-0-2-3 3056988612 4.42042 3.72185 0.09729 0.285721
0-2-3-5-0-0-1-3-0-0-1-3-0-0-1 1672292507 1.761 1.09899 0.128522 0.297584
0-2-3-5-0-0-1-3-0-0-1-3-0-1-2 131792782 0.900266 0.28035 0.126492 0.2992
0-2-3-5-0-0-1-3-0-0-1-3-0-2-3 621471008 1.24658 0.62539 0.131922 0.311257
0-2-3-5-0-0-1-3-0-1-2-4-0-0-1 9235067917 8.9712 8.38909 0.111342 0.308095
0-2-3-5-0-0-1-3-0-1-2-4-0-1-2 37830920 0.867378 0.06296 0.128394 0.270745
0-2-3-5-0-0-1-3-0-1-2-4-0-2-3 2059925133 2.91601 2.31798 0.113483 0.286474
0-2-3-5-0-0-1-3-0-2-3-5-0-0-1 3415726164 3.55661 2.86037 0.127488 0.306036
0-2-3-5-0-0-1-3-0-2-3-5-0-1-2 190198833 1.10055 0.397243 0.135347 0.295359
0-2-3-5-0-0-1-3-0-2-3-5-0-2-3 850019208 1.57068 0.972967 0.132405 0.297332
0-2-3-5-0-1-2-4-0-0-1-3-0-0-1 7395941882 5.97838 5.403 0.13941 0.273479
0-2-3-5-0-1-2-4-0-0-1-3-0-1-2 218358783 1.15617 0.299331 0.136678 0.269949
0-2-3-5-0-1-2-4-0-0-1-3-0-2-3 1943486327 2.65392 1.94529 0.149203 0.290888
0-2-3-5-0-1-2-4-0-1-2-4-0-0-1 1894734503 1.61622 1.10936 0.117683 0.24974
0-2-3-5-0-1-2-4-0-1-2-4-0-1-2 3655061 0.509226 0.038716 0.116731 0.22672
0-2-3-5-0-1-2-4-0-1-2-4-0-2-3 506118651 0.917956 0.410799 0.126687 0.241983
0-2-3-5-0-1-2-4-0-2-3-5-0-0-1 9318882335 9.0976 8.4968 0.182532 0.296207
0-2-3-5-0-1-2-4-0-2-3-5-0-1-2 255197384 1.13499 0.35508 0.13209 0.243313
0-2-3-5-0-1-2-4-0-2-3-5-0-2-3 2055095988 2.64493 2.08173 0.158302 0.270972
0-2-3-5-0-2-3-5-0-0-1-3-0-0-1 2530088289 2.1539 1.46839 0.132031 0.330642
0-2-3-5-0-2-3-5-0-0-1-3-0-1-2 161408745 0.838089 0.223317 0.13776 0.266322
0-2-3-5-0-2-3-5-0-0-1-3-0-2-3 870458224 1.34188 0.761116 0.137167 0.279227
0-2-3-5-0-2-3-5-0-1-2-4-0-0-1 10914351715 10.2495 9.69075 0.129389 0.283039
0-2-3-5-0-2-3-5-0-1-2-4-0-1-2 40945109 1.13819 0.107552 0.129713 0.238894
0-2-3-5-0-2-3-5-0-1-2-4-0-2-3 2309517773 2.90841 2.3573 0.12602 0.257239
0-2-3-5-0-2-3-5-0-2-3-5-0-0-1 2915519858 2.40192 1.74894 0.116011 0.301841
0-2-3-5-0-2-3-5-0-2-3-5-0-1-2 171400878 0.819005 0.240655 0.150163 0.264018
0-2-3-5-0-2-3-5-0-2-3-5-0-2-3 720236673 1.16074 0.628671 0.123328 0.294383
1-3-0-0-1-3-0-0-1-3-0-0-1-3-0 1419222105 2.43492 1.76849 0.101971 0.32748
1-3-0-0-1-3-0-0-1-3-0-1-2-4-0 6981552054 5.50395 4.81325 0.106335 0.34251
1-3-0-0-1-3-0-0-1-3-0-2-3-5-0 1672292507 1.72559 0.952563 0.102646 0.335904
1-3-0-0-1-3-0-1-2-4-0-0-1-3-0 7987729204 5.77691 5.21001 0.084162 0.316066
1-3-0-0-1-3-0-1-2-4-0-1-2-4-0 1526994749 1.1894 0.486158 0.078737 0.291867
1-3-0-0-1-3-0-1-2-4-0-2-3-5-0 7395941882 4.94794 4.31673 0.0959 0.313242
1-3-0-0-1-3-0-2-3-5-0-0-1-3-0 3772537047 3.81069 2.91308 0.111122 0.316527
1-3-0-0-1-3-0-2-3-5-0-1-2-4-0 13132687846 7.52766 6.89601 0.103617 0.284454
1-3-0-0-1-3-0-2-3-5-0-2-3-5-0 2530088289 2.2222 1.23631 0.118209 0.318971
1-3-0-1-2-4-0-0-1-3-0-0-1-3-0 8528240999 4.32305 3.58127 0.114349 0.289677
1-3-0-1-2-4-0-0-1-3-0-1-2-4-0 24412339572 12.3703 11.6581 0.112458 0.274766
1-3-0-1-2-4-0-0-1-3-0-2-3-5-0 9235067917 5.41349 3.72773 0.163087 0.428601
1-3-0-1-2-4-0-1-2-4-0-0-1-3-0 2048424087 1.33256 0.71991 0.10344 0.267761
1-3-0-1-2-4-0-1-2-4-0-1-2-4-0 162901838 0.705777 0.092936 0.100749 0.243394
1-3-0-1-2-4-0-1-2-4-0-2-3-5-0 1894734503 1.16517 0.645263 0.115577 0.26017
1-3-0-1-2-4-0-2-3-5-0-0-1-3-0 16986975289 8.51197 7.76688 0.122464 0.27742
1-3-0-1-2-4-0-2-3-5-0-1-2-4-0 35145744956 42.1299 41.5296 0.112708 0.264237
1-3-0-1-2-4-0-2-3-5-0-2-3-5-0 10914351715 4.58549 3.8847 0.135435 0.316493
1-3-0-2-3-5-0-0-1-3-0-0-1-3-0 2936038078 2.37312 1.0436 0.115737 0.309768
1-3-0-2-3-5-0-0-1-3-0-1-2-4-0 12404302670 9.87218 9.03423 0.120077 0.271455
1-3-0-2-3-5-0-0-1-3-0-2-3-5-0 3415726164 2.94447 2.05977 0.132184 0.288571
1-3-0-2-3-5-0-1-2-4-0-0-1-3-0 11787767512 7.39434 6.69254 0.115066 0.280979
1-3-0-2-3-5-0-1-2-4-0-1-2-4-0 2284018485 1.17564 0.676465 0.108935 0.254835
1-3-0-2-3-5-0-1-2-4-0-2-3-5-0 9318882335 6.01129 5.44236 0.124549 0.268691
1-3-0-2-3-5-0-2-3-5-0-0-1-3-0 4348753892 2.42569 1.78429 0.132736 0.346438
1-3-0-2-3-5-0-2-3-5-0-1-2-4-0 13712931524 7.78321 7.15085 0.120676 0.26962
1-3-0-2-3-5-0-2-3-5-0-2-3-5-0 2915519858 2.32564 1.53587 0.133087 0.298463
2-4-0-0-1-3-0-0-1-3-0-0-1-3-0 138163365 1.11621 0.247388 0.093837 0.331711
2-4-0-0-1-3-0-0-1-3-0-1-2-4-0 340624697 1.80666 1.2167 0.084729 0.305242
2-4-0-0-1-3-0-0-1-3-0-2-3-5-0 131792782 0.906512 0.220949 0.102273 0.32611
2-4-0-0-1-3-0-1-2-4-0-0-1-3-0 318472348 0.923088 0.385906 0.082204 0.313793
2-4-0-0-1-3-0-1-2-4-0-1-2-4-0 123397885 0.541967 0.062553 0.077007 0.283751
2-4-0-0-1-3-0-1-2-4-0-2-3-5-0 218358783 0.813733 0.251496 0.09136 0.303974
2-4-0-0-1-3-0-2-3-5-0-0-1-3-0 261962127 0.997296 0.267946 0.087632 0.33496
2-4-0-0-1-3-0-2-3-5-0-1-2-4-0 432860830 1.28772 0.766517 0.082476 0.308805
2-4-0-0-1-3-0-2-3-5-0-2-3-5-0 161408745 0.732219 0.179658 0.091187 0.329502
2-4-0-1-2-4-0-0-1-3-0-0-1-3-0 32064885 0.765734 0.077472 0.111249 0.305601
2-4-0-1-2-4-0-0-1-3-0-1-2-4-0 123397885 0.800884 0.278281 0.098962 0.267895
2-4-0-1-2-4-0-0-1-3-0-2-3-5-0 37830920 0.586759 0.055303 0.100374 0.306829
2-4-0-1-2-4-0-1-2-4-0-0-1-3-0 4858893 0.559916 0.018646 0.09705 0.276188
2-4-0-1-2-4-0-1-2-4-0-1-2-4-0 214540 0.434641 0.006511 0.098389 0.238317
2-4-0-1-2-4-0-1-2-4-0-2-3-5-0 3655061 0.479164 0.014341 0.108275 0.26006
2-4-0-1-2-4-0-2-3-5-0-0-1-3-0 61703686 0.568289 0.052885 0.116773 0.28333
2-4-0-1-2-4-0-2-3-5-0-1-2-4-0 204481511 0.668597 0.18514 0.114527 0.262827
2-4-0-1-2-4-0-2-3-5-0-2-3-5-0 40945109 0.576222 0.048608 0.115898 0.303462
2-4-0-2-3-5-0-0-1-3-0-0-1-3-0 223660339 0.932929 0.346854 0.115226 0.314018
2-4-0-2-3-5-0-0-1-3-0-1-2-4-0 437484879 2.19221 1.62266 0.117241 0.282118
2-4-0-2-3-5-0-0-1-3-0-2-3-5-0 190198833 0.922111 0.341751 0.134333 0.297459
2-4-0-2-3-5-0-1-2-4-0-0-1-3-0 410442979 1.00024 0.451925 0.134558 0.292546
2-4-0-2-3-5-0-1-2-4-0-1-2-4-0 204481511 0.563067 0.071664 0.125008 0.267761
2-4-0-2-3-5-0-1-2-4-0-2-3-5-0 255197384 1.06375 0.327921 0.20282 0.383723
2-4-0-2-3-5-0-2-3-5-0-0-1-3-0 284130311 0.809902 0.258395 0.106155 0.333233
2-4-0-2-3-5-0-2-3-5-0-1-2-4-0 453417926 1.26133 0.754885 0.112711 0.291189
2-4-0-2-3-5-0-2-3-5-0-2-3-5-0 171400878 0.758205 0.210051 0.110466 0.328476
3-5-0-0-1-3-0-0-1-3-0-0-1-3-0 557356291 1.14669 0.510129 0.113008 0.352475
3-5-0-0-1-3-0-0-1-3-0-1-2-4-0 2154511237 2.54887 1.92574 0.098873 0.331106
3-5-0-0-1-3-0-0-1-3-0-2-3-5-0 621471008 1.04669 0.448143 0.099982 0.321684
3-5-0-0-1-3-0-1-2-4-0-0-1-3-0 2251924502 2.22072 1.65604 0.094566 0.33988
3-5-0-0-1-3-0-1-2-4-0-1-2-4-0 558683771 0.701046 0.171401 0.090405 0.310095
3-5-0-0-1-3-0-1-2-4-0-2-3-5-0 1943486327 1.86684 1.31465 0.105326 0.324883
3-5-0-0-1-3-0-2-3-5-0-0-1-3-0 1323919871 1.34943 0.699272 0.106224 0.355468
3-5-0-0-1-3-0-2-3-5-0-1-2-4-0 3706945361 2.86324 2.29968 0.100241 0.325438
3-5-0-0-1-3-0-2-3-5-0-2-3-5-0 870458224 1.45705 0.600796 0.163205 0.526884
3-5-0-1-2-4-0-0-1-3-0-0-1-3-0 2046689750 2.9812 2.37779 0.130391 0.319046
3-5-0-1-2-4-0-0-1-3-0-1-2-4-0 5149393700 19.9713 19.4047 0.114334 0.274913
3-5-0-1-2-4-0-0-1-3-0-2-3-5-0 2059925133 1.62915 1.03398 0.132031 0.30341
3-5-0-1-2-4-0-1-2-4-0-0-1-3-0 571674484 0.757072 0.200933 0.11182 0.282755
3-5-0-1-2-4-0-1-2-4-0-1-2-4-0 49992362 0.49776 0.028848 0.111251 0.249201
3-5-0-1-2-4-0-1-2-4-0-2-3-5-0 506118651 0.683254 0.190979 0.128624 0.264751
3-5-0-1-2-4-0-2-3-5-0-0-1-3-0 3651237370 3.40503 2.8639 0.129719 0.28912
3-5-0-1-2-4-0-2-3-5-0-1-2-4-0 7067847345 10.9376 10.4077 0.125206 0.266956
3-5-0-1-2-4-0-2-3-5-0-2-3-5-0 2309517773 2.45275 1.79302 0.129832 0.313561
3-5-0-2-3-5-0-0-1-3-0-0-1-3-0 775328762 1.25033 0.525464 0.128179 0.33318
3-5-0-2-3-5-0-0-1-3-0-1-2-4-0 2866699894 3.16923 2.58473 0.137507 0.279489
3-5-0-2-3-5-0-0-1-3-0-2-3-5-0 850019208 1.20751 0.623012 0.129992 0.284745
3-5-0-2-3-5-0-1-2-4-0-0-1-3-0 2711106070 2.14533 1.64928 0.113582 0.273467
3-5-0-2-3-5-0-1-2-4-0-1-2-4-0 606916000 0.64867 0.176966 0.110551 0.24788
3-5-0-2-3-5-0-1-2-4-0-2-3-5-0 2055095988 1.95607 1.42211 0.144523 0.28456
3-5-0-2-3-5-0-2-3-5-0-0-1-3-0 1094724705 1.13621 0.534343 0.123943 0.335997
3-5-0-2-3-5-0-2-3-5-0-1-2-4-0 3056988612 2.28573 1.74807 0.134666 0.284078
3-5-0-2-3-5-0-2-3-5-0-2-3-5-0 720236673 0.923823 0.384787 0.11604 0.295154
