0-0-1-3-0-0-1-3-0 116647351 0.689829 0.370119 0.017082 0.190298
0-0-1-3-0-1-2-4-0 1306671714 1.88623 1.56965 0.017983 0.153365
0-0-1-3-0-2-3-5-0 148793049 0.371835 0.047056 0.019942 0.156403
0-1-2-4-0-0-1-3-0 1306671714 0.755843 0.479105 0.018917 0.127761
0-1-2-4-0-1-2-4-0 62478594 1.99818 1.70622 0.014719 0.088112
0-1-2-4-0-2-3-5-0 1060374840 0.631705 0.443025 0.021625 0.091958
0-2-3-5-0-0-1-3-0 148793049 0.283764 0.029333 0.025987 0.133499
0-2-3-5-0-1-2-4-0 1060374840 0.389312 0.181787 0.016899 0.108847
0-2-3-5-0-2-3-5-0 103574624 0.273639 0.026719 0.034347 0.121567
1-3-0-0-1-3-0-0-1 18776209 0.321394 0.023474 0.01645 0.15681
1-3-0-0-1-3-0-1-2 6077715 0.29447 0.017325 0.015279 0.143777
1-3-0-0-1-3-0-2-3 8863750 0.306334 0.018258 0.016224 0.151706
1-3-0-1-2-4-0-0-1 360430421 0.325332 0.087123 0.016677 0.129108
1-3-0-1-2-4-0-1-2 560269 0.233313 0.010185 0.015247 0.111248
1-3-0-1-2-4-0-2-3 108629855 0.257066 0.036172 0.016263 0.116452
1-3-0-2-3-5-0-0-1 37385083 0.260607 0.018533 0.017768 0.152172
1-3-0-2-3-5-0-1-2 8586696 0.192868 0.013988 0.012846 0.099948
1-3-0-2-3-5-0-2-3 11511089 0.20341 0.012851 0.013658 0.105236
2-4-0-0-1-3-0-0-1 6077715 0.211352 0.012078 0.012703 0.107879
2-4-0-0-1-3-0-1-2 793231 0.199601 0.007979 0.011654 0.093665
2-4-0-0-1-3-0-2-3 2523483 0.205458 0.009926 0.013738 0.112321
2-4-0-1-2-4-0-0-1 560269 0.145053 0.002732 0.012634 0.082345
2-4-0-1-2-4-0-1-2 2309 0.130279 0.001513 0.01178 0.070858
2-4-0-1-2-4-0-2-3 177569 0.140045 0.002817 0.012594 0.077087
2-4-0-2-3-5-0-0-1 8586696 0.172055 0.008544 0.01338 0.097804
2-4-0-2-3-5-0-1-2 1249649 0.159056 0.003985 0.012303 0.085925
2-4-0-2-3-5-0-2-3 2510707 0.163759 0.005673 0.013124 0.091829
3-5-0-0-1-3-0-0-1 8863750 0.216269 0.013015 0.013791 0.114282
3-5-0-0-1-3-0-1-2 2523483 0.192584 0.009101 0.012041 0.102624
3-5-0-0-1-3-0-2-3 4568986 0.196809 0.010389 0.012995 0.106318
3-5-0-1-2-4-0-0-1 108629855 0.183585 0.030755 0.01321 0.08858
3-5-0-1-2-4-0-1-2 177569 0.14673 0.003185 0.01214 0.076829
3-5-0-1-2-4-0-2-3 32570709 0.165544 0.0162 0.01301 0.083472
3-5-0-2-3-5-0-0-1 11511089 0.200858 0.008501 0.014902 0.114456
3-5-0-2-3-5-0-1-2 2510707 0.168766 0.005812 0.012652 0.093201
3-5-0-2-3-5-0-2-3 3674955 0.174788 0.006211 0.013541 0.098034
