0-0-1-3-0-0-1-3-0-0-1-3-0 1200719971 3.28807 2.66684 0.086756 0.295047
0-0-1-3-0-0-1-3-0-1-2-4-0 6268640177 15.6331 14.9035 0.080166 0.330654
0-0-1-3-0-0-1-3-0-2-3-5-0 1411253161 2.01721 0.489589 0.109603 0.383949
0-0-1-3-0-1-2-4-0-0-1-3-0 7143745039 14.1889 13.5147 0.084168 0.311625
0-0-1-3-0-1-2-4-0-1-2-4-0 1306671714 1.79755 0.571331 0.085598 0.333483
0-0-1-3-0-1-2-4-0-2-3-5-0 6798970777 12.2501 11.5774 0.104851 0.301876
0-0-1-3-0-2-3-5-0-0-1-3-0 3197405526 3.32333 2.08469 0.097913 0.355194
0-0-1-3-0-2-3-5-0-1-2-4-0 12244116763 18.7391 17.9769 0.092742 0.312645
0-0-1-3-0-2-3-5-0-2-3-5-0 2119598948 3.18613 0.928635 0.094967 0.332007
0-1-2-4-0-0-1-3-0-0-1-3-0 6268640177 10.3892 9.48229 0.072608 0.305426
0-1-2-4-0-0-1-3-0-1-2-4-0 19647442637 41.3022 40.2397 0.084784 0.330667
0-1-2-4-0-0-1-3-0-2-3-5-0 7169468361 4.40661 2.8528 0.099194 0.40834
0-1-2-4-0-1-2-4-0-0-1-3-0 1306671714 1.55399 0.656655 0.053676 0.186325
0-1-2-4-0-1-2-4-0-1-2-4-0 62478594 0.347093 0.022693 0.054587 0.164858
0-1-2-4-0-1-2-4-0-2-3-5-0 1060374840 0.536677 0.164636 0.068321 0.181704
0-1-2-4-0-2-3-5-0-0-1-3-0 12244116763 6.0481 5.63039 0.070643 0.207464
0-1-2-4-0-2-3-5-0-1-2-4-0 29301429046 16.3312 15.6216 0.083397 0.260056
0-1-2-4-0-2-3-5-0-2-3-5-0 8007804094 3.60205 2.44708 0.060044 0.199276
0-2-3-5-0-0-1-3-0-0-1-3-0 1411253161 2.07149 0.968909 0.074824 0.22087
0-2-3-5-0-0-1-3-0-1-2-4-0 7169468361 3.07916 2.62797 0.072851 0.19347
0-2-3-5-0-0-1-3-0-2-3-5-0 1749579324 1.25507 0.568002 0.097578 0.232709
0-2-3-5-0-1-2-4-0-0-1-3-0 6798970777 2.39673 1.91641 0.087287 0.216639
0-2-3-5-0-1-2-4-0-1-2-4-0 1060374840 0.646986 0.163658 0.071409 0.172228
0-2-3-5-0-1-2-4-0-2-3-5-0 5692292682 1.7919 1.41233 0.080222 0.189619
0-2-3-5-0-2-3-5-0-0-1-3-0 2119598948 0.975426 0.408729 0.071097 0.220576
0-2-3-5-0-2-3-5-0-1-2-4-0 8007804094 2.52466 1.98605 0.09933 0.240882
0-2-3-5-0-2-3-5-0-2-3-5-0 1435985598 1.15055 0.480024 0.089318 0.228701
1-3-0-0-1-3-0-0-1-3-0-0-1 211653511 0.738255 0.132836 0.065978 0.253451
1-3-0-0-1-3-0-0-1-3-0-1-2 37465054 0.493416 0.042344 0.065943 0.229236
1-3-0-0-1-3-0-0-1-3-0-2-3 94494222 0.590111 0.081843 0.060064 0.240412
1-3-0-0-1-3-0-1-2-4-0-0-1 2435153216 1.0409 0.620562 0.049393 0.243984
1-3-0-0-1-3-0-1-2-4-0-1-2 6077715 0.491871 0.028467 0.043977 0.223638
1-3-0-0-1-3-0-1-2-4-0-2-3 663562074 0.621121 0.205068 0.045558 0.231603
1-3-0-0-1-3-0-2-3-5-0-0-1 492952736 0.568657 0.098956 0.075164 0.243983
1-3-0-0-1-3-0-2-3-5-0-1-2 71117008 0.491201 0.041995 0.075493 0.219277
1-3-0-0-1-3-0-2-3-5-0-2-3 144168858 0.49683 0.05168 0.073014 0.234692
1-3-0-1-2-4-0-0-1-3-0-0-1 2435153216 1.09763 0.694298 0.079353 0.210348
1-3-0-1-2-4-0-0-1-3-0-1-2 165472842 0.655253 0.056827 0.08482 0.242994
1-3-0-1-2-4-0-0-1-3-0-2-3 824065675 0.65785 0.148667 0.094969 0.259792
1-3-0-1-2-4-0-1-2-4-0-0-1 360430421 0.520532 0.061984 0.084391 0.25383
1-3-0-1-2-4-0-1-2-4-0-1-2 560269 0.450272 0.013236 0.077887 0.220805
1-3-0-1-2-4-0-1-2-4-0-2-3 108629855 0.475607 0.030373 0.082757 0.239649
1-3-0-1-2-4-0-2-3-5-0-0-1 3881323081 2.28576 1.79277 0.09798 0.269158
1-3-0-1-2-4-0-2-3-5-0-1-2 270475619 0.773384 0.058414 0.078338 0.214308
1-3-0-1-2-4-0-2-3-5-0-2-3 986646163 0.686514 0.175636 0.096137 0.249386
1-3-0-2-3-5-0-0-1-3-0-0-1 492952736 0.855107 0.159248 0.106199 0.34742
1-3-0-2-3-5-0-0-1-3-0-1-2 72381185 0.593758 0.032035 0.124233 0.300576
1-3-0-2-3-5-0-0-1-3-0-2-3 214694911 0.5387 0.053334 0.106798 0.238854
1-3-0-2-3-5-0-1-2-4-0-0-1 3881323081 1.96374 1.55363 0.076344 0.225422
1-3-0-2-3-5-0-1-2-4-0-1-2 8586696 0.634324 0.039336 0.060458 0.198731
1-3-0-2-3-5-0-1-2-4-0-2-3 977297157 0.725991 0.295916 0.065644 0.209417
1-3-0-2-3-5-0-2-3-5-0-0-1 621473695 0.712636 0.219583 0.085031 0.259996
1-3-0-2-3-5-0-2-3-5-0-1-2 79049098 0.477264 0.030331 0.106503 0.223058
1-3-0-2-3-5-0-2-3-5-0-2-3 176949807 0.496554 0.04253 0.093214 0.246784
2-4-0-0-1-3-0-0-1-3-0-0-1 37465054 0.515322 0.04207 0.063669 0.273563
2-4-0-0-1-3-0-0-1-3-0-1-2 2746067 0.485011 0.036953 0.065343 0.25222
2-4-0-0-1-3-0-0-1-3-0-2-3 13206540 0.494463 0.052814 0.060898 0.234929
2-4-0-0-1-3-0-1-2-4-0-0-1 165472842 0.435219 0.068011 0.045089 0.228502
2-4-0-0-1-3-0-1-2-4-0-1-2 793231 0.359566 0.01202 0.044187 0.204825
2-4-0-0-1-3-0-1-2-4-0-2-3 37851690 0.389989 0.03101 0.044501 0.216724
2-4-0-0-1-3-0-2-3-5-0-0-1 72381185 0.434957 0.039803 0.042589 0.255784
2-4-0-0-1-3-0-2-3-5-0-1-2 3963418 0.400875 0.020684 0.049231 0.231833
2-4-0-0-1-3-0-2-3-5-0-2-3 18163560 0.412109 0.028037 0.042246 0.243299
2-4-0-1-2-4-0-0-1-3-0-0-1 6077715 0.37545 0.015358 0.072302 0.194453
2-4-0-1-2-4-0-0-1-3-0-1-2 793231 0.36521 0.01362 0.069344 0.177331
2-4-0-1-2-4-0-0-1-3-0-2-3 2523483 0.365157 0.012643 0.073045 0.188723
2-4-0-1-2-4-0-1-2-4-0-0-1 560269 0.323933 0.004385 0.061637 0.187842
2-4-0-1-2-4-0-1-2-4-0-1-2 2309 0.28812 0.002413 0.059046 0.159162
2-4-0-1-2-4-0-1-2-4-0-2-3 177569 0.308741 0.004176 0.056332 0.178999
2-4-0-1-2-4-0-2-3-5-0-0-1 8586696 0.363743 0.011664 0.079306 0.197875
2-4-0-1-2-4-0-2-3-5-0-1-2 1249649 0.32655 0.007302 0.070125 0.170849
2-4-0-1-2-4-0-2-3-5-0-2-3 2510707 0.337357 0.008091 0.074838 0.181288
2-4-0-2-3-5-0-0-1-3-0-0-1 71117008 0.449382 0.053948 0.070688 0.222016
2-4-0-2-3-5-0-0-1-3-0-1-2 3963418 0.402219 0.016313 0.08221 0.200212
2-4-0-2-3-5-0-0-1-3-0-2-3 23447742 0.429853 0.02775 0.090892 0.209749
2-4-0-2-3-5-0-1-2-4-0-0-1 270475619 0.423993 0.089325 0.069528 0.19061
2-4-0-2-3-5-0-1-2-4-0-1-2 1249649 0.321309 0.006163 0.063415 0.177505
2-4-0-2-3-5-0-1-2-4-0-2-3 56692000 0.362495 0.03202 0.070703 0.186827
2-4-0-2-3-5-0-2-3-5-0-0-1 79049098 0.403077 0.030123 0.053314 0.236081
2-4-0-2-3-5-0-2-3-5-0-1-2 4296935 0.393075 0.033089 0.067644 0.197729
2-4-0-2-3-5-0-2-3-5-0-2-3 19367940 0.382703 0.020174 0.050297 0.229
3-5-0-0-1-3-0-0-1-3-0-0-1 94494222 0.499164 0.06151 0.064209 0.243949
3-5-0-0-1-3-0-0-1-3-0-1-2 13206540 0.45848 0.033397 0.059637 0.22611
3-5-0-0-1-3-0-0-1-3-0-2-3 41003648 0.474441 0.04156 0.066789 0.236194
3-5-0-0-1-3-0-1-2-4-0-0-1 824065675 0.593559 0.2107 0.046861 0.231956
3-5-0-0-1-3-0-1-2-4-0-1-2 2523483 0.386264 0.012755 0.043745 0.217544
3-5-0-0-1-3-0-1-2-4-0-2-3 215363168 0.447076 0.075509 0.046391 0.225791
3-5-0-0-1-3-0-2-3-5-0-0-1 214694911 0.47303 0.055993 0.051619 0.253097
3-5-0-0-1-3-0-2-3-5-0-1-2 23447742 0.421795 0.028612 0.055111 0.229709
3-5-0-0-1-3-0-2-3-5-0-2-3 60308475 0.444951 0.033291 0.051178 0.253397
3-5-0-1-2-4-0-0-1-3-0-0-1 663562074 0.494885 0.107878 0.078095 0.202033
3-5-0-1-2-4-0-0-1-3-0-1-2 37851690 0.373765 0.022092 0.072351 0.185492
3-5-0-1-2-4-0-0-1-3-0-2-3 215363168 0.420056 0.055089 0.07711 0.195622
3-5-0-1-2-4-0-1-2-4-0-0-1 108629855 0.359153 0.025869 0.063184 0.191164
3-5-0-1-2-4-0-1-2-4-0-1-2 177569 0.314325 0.004555 0.063015 0.167516
3-5-0-1-2-4-0-1-2-4-0-2-3 32570709 0.337438 0.014366 0.06705 0.180696
3-5-0-1-2-4-0-2-3-5-0-0-1 977297157 0.537304 0.182024 0.079056 0.196613
3-5-0-1-2-4-0-2-3-5-0-1-2 56692000 0.355645 0.01822 0.073746 0.182329
3-5-0-1-2-4-0-2-3-5-0-2-3 241400395 0.399837 0.049785 0.079389 0.190774
3-5-0-2-3-5-0-0-1-3-0-0-1 144168858 0.459989 0.050976 0.071601 0.231678
3-5-0-2-3-5-0-0-1-3-0-1-2 18163560 0.40654 0.018996 0.087491 0.193641
3-5-0-2-3-5-0-0-1-3-0-2-3 60308475 0.432643 0.029363 0.093682 0.206752
3-5-0-2-3-5-0-1-2-4-0-0-1 986646163 0.57518 0.215165 0.070937 0.203601
3-5-0-2-3-5-0-1-2-4-0-1-2 2510707 0.366468 0.008212 0.066453 0.187598
3-5-0-2-3-5-0-1-2-4-0-2-3 241400395 0.426422 0.076678 0.070753 0.196925
3-5-0-2-3-5-0-2-3-5-0-0-1 176949807 0.444383 0.04166 0.067252 0.232191
3-5-0-2-3-5-0-2-3-5-0-1-2 19367940 0.385722 0.012813 0.090876 0.187598
3-5-0-2-3-5-0-2-3-5-0-2-3 49276971 0.440357 0.043345 0.073743 0.220455
