0-0-1-3-0-0-1 11946758 0.238538 0.037241 0.010193 0.113496
0-0-1-3-0-1-2 4858893 0.251943 0.01252 0.009454 0.116583
0-0-1-3-0-2-3 6055132 0.237244 0.012111 0.010078 0.106083
0-1-2-4-0-0-1 162901838 0.728947 0.561911 0.010225 0.078133
0-1-2-4-0-1-2 214540 0.110098 0.006749 0.007484 0.04607
0-1-2-4-0-2-3 49992362 0.130278 0.014854 0.008049 0.054785
0-2-3-5-0-0-1 13858287 0.153057 0.007735 0.008903 0.079857
0-2-3-5-0-1-2 3655061 0.131915 0.006095 0.010253 0.062696
0-2-3-5-0-2-3 4352217 0.168482 0.007362 0.010855 0.090866
1-3-0-0-1-3-0 11946758 0.187791 0.013228 0 0.102811
1-3-0-1-2-4-0 162901838 0.198884 0.054671 -1.38778e-17 0.07239
1-3-0-2-3-5-0 13858287 0.17031 0.012075 0 0.089018
2-4-0-0-1-3-0 4858893 0.15649 0.004919 0 0.086259
2-4-0-1-2-4-0 214540 0.12976 0.001741 2e-06 0.063354
2-4-0-2-3-5-0 3655061 0.159406 0.003845 2e-06 0.073266
3-5-0-0-1-3-0 6055132 0.182551 0.005539 1e-06 0.09394
3-5-0-1-2-4-0 49992362 0.14382 0.014177 3e-06 0.062283
3-5-0-2-3-5-0 4352217 0.126112 0.003754 2e-06 0.074794
