0-0-1-3-0-0-1-3-0-0-1 156357361 2.60608 2.00563 0.066298 0.312223
0-0-1-3-0-0-1-3-0-1-2 32064885 0.617954 0.060647 0.071234 0.29351
0-0-1-3-0-0-1-3-0-2-3 72602572 0.578897 0.067329 0.060169 0.2693
0-0-1-3-0-1-2-4-0-0-1 2048424087 10.736 10.3064 0.046726 0.23179
0-0-1-3-0-1-2-4-0-1-2 4858893 0.595076 0.041868 0.050241 0.197437
0-0-1-3-0-1-2-4-0-2-3 571674484 0.735934 0.275508 0.046291 0.223268
0-0-1-3-0-2-3-5-0-0-1 368626275 0.567346 0.114765 0.043894 0.240325
0-0-1-3-0-2-3-5-0-1-2 61703686 0.497337 0.058228 0.049328 0.208925
0-0-1-3-0-2-3-5-0-2-3 109695304 0.51142 0.055762 0.046728 0.280296
0-1-2-4-0-0-1-3-0-0-1 1526994749 1.72706 1.31521 0.043808 0.181719
0-1-2-4-0-0-1-3-0-1-2 123397885 0.549015 0.117371 0.045815 0.186313
0-1-2-4-0-0-1-3-0-2-3 558683771 0.644476 0.224692 0.048188 0.1952
0-1-2-4-0-1-2-4-0-0-1 162901838 0.313905 0.034762 0.034747 0.150094
0-1-2-4-0-1-2-4-0-1-2 214540 0.270071 0.011863 0.031742 0.132864
0-1-2-4-0-1-2-4-0-2-3 49992362 0.299474 0.031618 0.034233 0.141974
0-1-2-4-0-2-3-5-0-0-1 2284018485 2.19734 1.85792 0.045732 0.167669
0-1-2-4-0-2-3-5-0-1-2 204481511 0.539105 0.089378 0.056383 0.207714
0-1-2-4-0-2-3-5-0-2-3 606916000 0.551935 0.192754 0.051862 0.178881
0-2-3-5-0-0-1-3-0-0-1 203127281 0.522143 0.07813 0.063711 0.213226
0-2-3-5-0-0-1-3-0-1-2 37830920 0.425088 0.02423 0.072898 0.185363
0-2-3-5-0-0-1-3-0-2-3 95160060 0.434515 0.031498 0.077337 0.199056
0-2-3-5-0-1-2-4-0-0-1 1894734503 1.23409 0.875618 0.060627 0.187578
0-2-3-5-0-1-2-4-0-1-2 3655061 0.386693 0.014364 0.040986 0.148329
0-2-3-5-0-1-2-4-0-2-3 506118651 0.510539 0.176299 0.044131 0.160241
0-2-3-5-0-2-3-5-0-0-1 258473495 0.421071 0.061275 0.050299 0.197881
0-2-3-5-0-2-3-5-0-1-2 40945109 0.306005 0.016298 0.05188 0.153774
0-2-3-5-0-2-3-5-0-2-3 76504726 0.31278 0.034601 0.041924 0.147757
1-3-0-0-1-3-0-0-1-3-0 156357361 0.451881 0.107433 0.028089 0.181146
1-3-0-0-1-3-0-1-2-4-0 1526994749 1.20278 0.850136 0.026514 0.18287
1-3-0-0-1-3-0-2-3-5-0 203127281 0.406809 0.051785 0.037624 0.175765
1-3-0-1-2-4-0-0-1-3-0 2048424087 1.35025 1.06498 0.032777 0.154759
1-3-0-1-2-4-0-1-2-4-0 162901838 0.407584 0.043835 0.031967 0.150377
1-3-0-1-2-4-0-2-3-5-0 1894734503 1.05254 0.720495 0.045841 0.173379
1-3-0-2-3-5-0-0-1-3-0 368626275 0.429277 0.071247 0.039808 0.166861
1-3-0-2-3-5-0-1-2-4-0 2284018485 1.17319 0.893223 0.031944 0.14925
1-3-0-2-3-5-0-2-3-5-0 258473495 0.511494 0.046506 0.047684 0.193882
2-4-0-0-1-3-0-0-1-3-0 32064885 0.491644 0.079036 0.026549 0.206246
2-4-0-0-1-3-0-1-2-4-0 123397885 0.531279 0.172245 0.024272 0.172109
2-4-0-0-1-3-0-2-3-5-0 37830920 0.377915 0.022357 0.023178 0.210077
2-4-0-1-2-4-0-0-1-3-0 4858893 0.316829 0.013708 0.036289 0.16495
2-4-0-1-2-4-0-1-2-4-0 214540 0.233655 0.003662 0.03232 0.125566
2-4-0-1-2-4-0-2-3-5-0 3655061 0.276158 0.006509 0.046576 0.145967
2-4-0-2-3-5-0-0-1-3-0 61703686 0.403012 0.04841 0.037838 0.195381
2-4-0-2-3-5-0-1-2-4-0 204481511 0.379345 0.096553 0.033693 0.156275
2-4-0-2-3-5-0-2-3-5-0 40945109 0.365425 0.022213 0.041733 0.207108
3-5-0-0-1-3-0-0-1-3-0 72602572 0.467951 0.059849 0.043081 0.23588
3-5-0-0-1-3-0-1-2-4-0 558683771 0.53849 0.184667 0.025908 0.185185
3-5-0-0-1-3-0-2-3-5-0 95160060 0.403334 0.034463 0.030879 0.208855
3-5-0-1-2-4-0-0-1-3-0 571674484 0.41505 0.112317 0.038155 0.176491
3-5-0-1-2-4-0-1-2-4-0 49992362 0.213708 0.011446 0.028061 0.111977
3-5-0-1-2-4-0-2-3-5-0 506118651 0.323547 0.100921 0.037144 0.121908
3-5-0-2-3-5-0-0-1-3-0 109695304 0.303671 0.031664 0.038602 0.151888
3-5-0-2-3-5-0-1-2-4-0 606916000 0.350575 0.10102 0.029979 0.128319
3-5-0-2-3-5-0-2-3-5-0 76504726 0.281102 0.024099 0.040239 0.140776
