0-0-1-3-0 8295777 0.135948 0.047948 1e-06 0.050062
0-1-2-4-0 62478594 0.854471 0.775159 0 0.027663
0-2-3-5-0 5203624 0.100415 0.009082 2e-06 0.049438
1-3-0-0-1 1664545 0.102358 0.006188 0 0.054204
1-3-0-1-2 560269 0.094534 0.006888 1e-06 0.042524
1-3-0-2-3 580033 0.11023 0.008524 2e-06 0.052774
2-4-0-0-1 560269 0.09 0.001522 1e-06 0.045656
2-4-0-1-2 2309 0.061048 0.000708 0 0.027235
2-4-0-2-3 177569 0.069742 0.001093 1e-06 0.035259
3-5-0-0-1 580033 0.092479 0.002834 0 0.051271
3-5-0-1-2 177569 0.073384 0.002574 0 0.036174
3-5-0-2-3 236289 0.080679 0.002396 0 0.040287
