0-0-1-3-0-0-1 11946758 0.097319 0.081623 1e-06 0
0-0-1-3-0-1-2 4858893 0.03072 0.016697 0 0
0-0-1-3-0-2-3 6055132 0.022437 0.012002 0 0
0-1-2-4-0-0-1 162901838 0.896681 0.880909 1e-06 0
0-1-2-4-0-1-2 214540 0.010769 0.005989 0 0
0-1-2-4-0-2-3 49992362 0.038956 0.029187 0 0
0-2-3-5-0-0-1 13858287 0.026393 0.014609 0 0
0-2-3-5-0-1-2 3655061 0.012598 0.006904 0 0
0-2-3-5-0-2-3 4352217 0.022542 0.013033 0 0
1-3-0-0-1-3-0 11946758 0.027348 0.014423 1e-06 0
1-3-0-1-2-4-0 162901838 0.071874 0.058072 1e-06 0
1-3-0-2-3-5-0 13858287 0.023791 0.012165 1e-06 0
2-4-0-0-1-3-0 4858893 0.010089 0.00453 0 0
2-4-0-1-2-4-0 214540 0.004092 0.001336 1e-06 0
2-4-0-2-3-5-0 3655061 0.005923 0.00279 1e-06 0
3-5-0-0-1-3-0 6055132 0.019474 0.009421 1e-06 0
3-5-0-1-2-4-0 49992362 0.029316 0.020969 0 0
3-5-0-2-3-5-0 4352217 0.016137 0.008032 0 0
