0-0-1-3-0-0-1-3-0-0-1-3-0-0-1 1419222105 4.22035 4.06394 0 0
0-0-1-3-0-0-1-3-0-0-1-3-0-1-2 138163365 2.57522 2.38956 1e-06 0
0-0-1-3-0-0-1-3-0-0-1-3-0-2-3 557356291 1.25494 1.07585 1e-06 0
0-0-1-3-0-0-1-3-0-1-2-4-0-0-1 8528240999 27.061 26.8085 1e-06 0
0-0-1-3-0-0-1-3-0-1-2-4-0-1-2 32064885 2.94797 2.70134 1e-06 0
0-0-1-3-0-0-1-3-0-1-2-4-0-2-3 2046689750 18.4834 17.9601 1e-06 0
0-0-1-3-0-0-1-3-0-2-3-5-0-0-1 2936038078 3.55596 3.39169 0 0
0-0-1-3-0-0-1-3-0-2-3-5-0-1-2 223660339 1.20682 1.03053 1e-06 0
0-0-1-3-0-0-1-3-0-2-3-5-0-2-3 775328762 6.55375 6.37097 1e-06 0
0-0-1-3-0-1-2-4-0-0-1-3-0-0-1 7987729204 23.9762 23.6716 1e-06 0
0-0-1-3-0-1-2-4-0-0-1-3-0-1-2 318472348 1.78181 1.41994 1e-06 0
0-0-1-3-0-1-2-4-0-0-1-3-0-2-3 2251924502 9.934 9.74712 2e-06 0
0-0-1-3-0-1-2-4-0-1-2-4-0-0-1 2048424087 7.71138 7.56692 1e-06 0
0-0-1-3-0-1-2-4-0-1-2-4-0-1-2 4858893 4.50519 4.38495 1e-06 0
0-0-1-3-0-1-2-4-0-1-2-4-0-2-3 571674484 8.04162 7.82597 1e-06 0
0-0-1-3-0-1-2-4-0-2-3-5-0-0-1 11787767512 27.6381 27.3353 1e-06 0
0-0-1-3-0-1-2-4-0-2-3-5-0-1-2 410442979 15.41 14.7762 1e-06 0
0-0-1-3-0-1-2-4-0-2-3-5-0-2-3 2711106070 30.7115 30.2073 1e-06 0
0-0-1-3-0-2-3-5-0-0-1-3-0-0-1 3772537047 3.29915 3.00974 1e-06 0
0-0-1-3-0-2-3-5-0-0-1-3-0-1-2 261962127 6.18589 5.76025 1e-06 0
0-0-1-3-0-2-3-5-0-0-1-3-0-2-3 1323919871 2.79631 2.51206 1e-06 0
0-0-1-3-0-2-3-5-0-1-2-4-0-0-1 16986975289 30.5664 30.3903 1e-06 0
0-0-1-3-0-2-3-5-0-1-2-4-0-1-2 61703686 3.14268 2.96234 2e-06 0
0-0-1-3-0-2-3-5-0-1-2-4-0-2-3 3651237370 15.7873 15.5373 1e-06 0
0-0-1-3-0-2-3-5-0-2-3-5-0-0-1 4348753892 4.8388 4.65028 1e-06 0
0-0-1-3-0-2-3-5-0-2-3-5-0-1-2 284130311 2.16013 1.9738 1e-06 0
0-0-1-3-0-2-3-5-0-2-3-5-0-2-3 1094724705 4.43472 4.23415 1e-06 0
0-1-2-4-0-0-1-3-0-0-1-3-0-0-1 6981552054 35.3942 35.1929 1e-06 0
0-1-2-4-0-0-1-3-0-0-1-3-0-1-2 340624697 0.530081 0.419934 1e-06 0
0-1-2-4-0-0-1-3-0-0-1-3-0-2-3 2154511237 18.5648 18.2532 1e-06 0
0-1-2-4-0-0-1-3-0-1-2-4-0-0-1 24412339572 92.9375 92.7212 1e-06 0
0-1-2-4-0-0-1-3-0-1-2-4-0-1-2 123397885 0.91142 0.773265 1e-06 0
0-1-2-4-0-0-1-3-0-1-2-4-0-2-3 5149393700 48.9881 48.6348 1e-06 0
0-1-2-4-0-0-1-3-0-2-3-5-0-0-1 12404302670 38.37 35.8718 1e-06 0
0-1-2-4-0-0-1-3-0-2-3-5-0-1-2 437484879 1.04159 0.35211 1e-06 0
0-1-2-4-0-0-1-3-0-2-3-5-0-2-3 2866699894 35.2669 34.3128 2e-06 0
0-1-2-4-0-1-2-4-0-0-1-3-0-0-1 1526994749 84.1506 83.7376 1e-06 0
0-1-2-4-0-1-2-4-0-0-1-3-0-1-2 123397885 0.274825 0.207569 1e-06 0
0-1-2-4-0-1-2-4-0-0-1-3-0-2-3 558683771 82.8468 82.3368 1e-06 0
0-1-2-4-0-1-2-4-0-1-2-4-0-0-1 162901838 8.74781 8.60604 2e-06 0
0-1-2-4-0-1-2-4-0-1-2-4-0-1-2 214540 8.55708 8.41144 1e-06 0
0-1-2-4-0-1-2-4-0-1-2-4-0-2-3 49992362 8.71877 8.43997 1e-06 0
0-1-2-4-0-1-2-4-0-2-3-5-0-0-1 2284018485 79.5861 79.1591 1e-06 0
0-1-2-4-0-1-2-4-0-2-3-5-0-1-2 204481511 73.2927 73.0836 1e-06 0
0-1-2-4-0-1-2-4-0-2-3-5-0-2-3 606916000 74.6995 74.4079 1e-06 0
0-1-2-4-0-2-3-5-0-0-1-3-0-0-1 13132687846 90.1414 89.9284 1e-06 0
0-1-2-4-0-2-3-5-0-0-1-3-0-1-2 432860830 29.7177 27.8434 1e-06 0
0-1-2-4-0-2-3-5-0-0-1-3-0-2-3 3706945361 19.8469 19.6543 1e-06 0
0-1-2-4-0-2-3-5-0-1-2-4-0-0-1 35145744956 172.679 172.299 0 0
0-1-2-4-0-2-3-5-0-1-2-4-0-1-2 204481511 78.8045 72.6783 2e-06 0
0-1-2-4-0-2-3-5-0-1-2-4-0-2-3 7067847345 79.0819 76.4854 1e-06 0
0-1-2-4-0-2-3-5-0-2-3-5-0-0-1 13712931524 67.8835 67.4717 2e-06 0
0-1-2-4-0-2-3-5-0-2-3-5-0-1-2 453417926 8.37076 6.81103 0 0
0-1-2-4-0-2-3-5-0-2-3-5-0-2-3 3056988612 22.1544 21.9891 1e-06 0
0-2-3-5-0-0-1-3-0-0-1-3-0-0-1 1672292507 6.08516 5.84201 1e-06 0
0-2-3-5-0-0-1-3-0-0-1-3-0-1-2 131792782 2.76012 2.60434 1e-06 0
0-2-3-5-0-0-1-3-0-0-1-3-0-2-3 621471008 0.690499 0.608679 1e-06 0
0-2-3-5-0-0-1-3-0-1-2-4-0-0-1 9235067917 36.08 35.9182 1e-06 0
0-2-3-5-0-0-1-3-0-1-2-4-0-1-2 37830920 0.602524 0.439344 1e-06 0
0-2-3-5-0-0-1-3-0-1-2-4-0-2-3 2059925133 8.82628 8.39811 1e-06 0
0-2-3-5-0-0-1-3-0-2-3-5-0-0-1 3415726164 6.56693 6.45281 1e-06 0
0-2-3-5-0-0-1-3-0-2-3-5-0-1-2 190198833 0.619971 0.513319 2e-06 0
0-2-3-5-0-0-1-3-0-2-3-5-0-2-3 850019208 2.63165 2.49102 1e-06 0
0-2-3-5-0-1-2-4-0-0-1-3-0-0-1 7395941882 44.5445 44.3744 1e-06 0
0-2-3-5-0-1-2-4-0-0-1-3-0-1-2 218358783 12.2518 12.0113 1e-06 0
0-2-3-5-0-1-2-4-0-0-1-3-0-2-3 1943486327 8.51131 8.18315 1e-06 0
0-2-3-5-0-1-2-4-0-1-2-4-0-0-1 1894734503 9.01885 8.84211 1e-06 0
0-2-3-5-0-1-2-4-0-1-2-4-0-1-2 3655061 4.38922 4.28026 1e-06 0
0-2-3-5-0-1-2-4-0-1-2-4-0-2-3 506118651 5.43865 5.30109 1e-06 0
0-2-3-5-0-1-2-4-0-2-3-5-0-0-1 9318882335 42.659 42.4909 1e-06 0
0-2-3-5-0-1-2-4-0-2-3-5-0-1-2 255197384 2.03252 1.8115 1e-06 0
0-2-3-5-0-1-2-4-0-2-3-5-0-2-3 2055095988 8.83647 8.6447 0 0
0-2-3-5-0-2-3-5-0-0-1-3-0-0-1 2530088289 14.6891 14.5471 1e-06 0
0-2-3-5-0-2-3-5-0-0-1-3-0-1-2 161408745 3.98019 3.81315 1e-06 0
0-2-3-5-0-2-3-5-0-0-1-3-0-2-3 870458224 2.38421 2.25152 1e-06 0
0-2-3-5-0-2-3-5-0-1-2-4-0-0-1 10914351715 37.4286 37.2458 1e-06 0
0-2-3-5-0-2-3-5-0-1-2-4-0-1-2 40945109 1.65508 1.3436 1e-06 0
0-2-3-5-0-2-3-5-0-1-2-4-0-2-3 2309517773 8.58152 7.85495 0 0
0-2-3-5-0-2-3-5-0-2-3-5-0-0-1 2915519858 10.9003 10.5208 1e-06 0
0-2-3-5-0-2-3-5-0-2-3-5-0-1-2 171400878 0.594594 0.424174 1e-06 0
0-2-3-5-0-2-3-5-0-2-3-5-0-2-3 720236673 2.10901 1.98831 1e-06 0
1-3-0-0-1-3-0-0-1-3-0-0-1-3-0 1419222105 2.34665 2.16599 0 0
1-3-0-0-1-3-0-0-1-3-0-1-2-4-0 6981552054 11.2839 11.049 0 0
1-3-0-0-1-3-0-0-1-3-0-2-3-5-0 1672292507 2.66289 2.4871 1e-06 0
1-3-0-0-1-3-0-1-2-4-0-0-1-3-0 7987729204 13.8996 13.6478 1e-06 0
1-3-0-0-1-3-0-1-2-4-0-1-2-4-0 1526994749 6.3153 6.0587 2e-06 0
1-3-0-0-1-3-0-1-2-4-0-2-3-5-0 7395941882 12.7279 12.5094 1e-06 0
1-3-0-0-1-3-0-2-3-5-0-0-1-3-0 3772537047 5.4023 5.19816 1e-06 0
1-3-0-0-1-3-0-2-3-5-0-1-2-4-0 13132687846 19.7899 19.5693 1e-06 0
1-3-0-0-1-3-0-2-3-5-0-2-3-5-0 2530088289 3.81252 3.64623 1e-06 0
1-3-0-1-2-4-0-0-1-3-0-0-1-3-0 8528240999 13.8942 13.7227 1e-06 0
1-3-0-1-2-4-0-0-1-3-0-1-2-4-0 24412339572 29.114 29 1e-06 0
1-3-0-1-2-4-0-0-1-3-0-2-3-5-0 9235067917 17.5949 17.3676 0 0
1-3-0-1-2-4-0-1-2-4-0-0-1-3-0 2048424087 76.8652 76.646 1e-06 0
1-3-0-1-2-4-0-1-2-4-0-1-2-4-0 162901838 8.8964 8.54763 1e-06 0
1-3-0-1-2-4-0-1-2-4-0-2-3-5-0 1894734503 74.7333 74.473 1e-06 0
1-3-0-1-2-4-0-2-3-5-0-0-1-3-0 16986975289 29.6548 29.4674 1e-06 0
1-3-0-1-2-4-0-2-3-5-0-1-2-4-0 35145744956 86.9673 86.7019 1e-06 0
1-3-0-1-2-4-0-2-3-5-0-2-3-5-0 10914351715 17.6536 17.4757 1e-06 0
1-3-0-2-3-5-0-0-1-3-0-0-1-3-0 2936038078 8.5218 6.08871 1e-06 0
1-3-0-2-3-5-0-0-1-3-0-1-2-4-0 12404302670 13.4626 13.25 0 0
1-3-0-2-3-5-0-0-1-3-0-2-3-5-0 3415726164 3.45973 3.30891 1e-06 0
1-3-0-2-3-5-0-1-2-4-0-0-1-3-0 11787767512 13.2488 12.9492 1e-06 0
1-3-0-2-3-5-0-1-2-4-0-1-2-4-0 2284018485 6.13558 5.89546 1e-06 0
1-3-0-2-3-5-0-1-2-4-0-2-3-5-0 9318882335 10.8588 10.6432 1e-06 0
1-3-0-2-3-5-0-2-3-5-0-0-1-3-0 4348753892 4.22959 4.09901 1e-06 0
1-3-0-2-3-5-0-2-3-5-0-1-2-4-0 13712931524 13.5596 13.3894 0 0
1-3-0-2-3-5-0-2-3-5-0-2-3-5-0 2915519858 3.23583 3.04146 1e-06 0
2-4-0-0-1-3-0-0-1-3-0-0-1-3-0 138163365 0.916875 0.616122 1e-06 0
2-4-0-0-1-3-0-0-1-3-0-1-2-4-0 340624697 0.495053 0.328728 1e-06 0
2-4-0-0-1-3-0-0-1-3-0-2-3-5-0 131792782 0.8504 0.639082 1e-06 0
2-4-0-0-1-3-0-1-2-4-0-0-1-3-0 318472348 0.917051 0.622877 1e-06 0
2-4-0-0-1-3-0-1-2-4-0-1-2-4-0 123397885 0.2924 0.086594 1e-06 0
2-4-0-0-1-3-0-1-2-4-0-2-3-5-0 218358783 3.59626 3.46956 1e-06 0
2-4-0-0-1-3-0-2-3-5-0-0-1-3-0 261962127 1.11405 1.00534 1e-06 0
2-4-0-0-1-3-0-2-3-5-0-1-2-4-0 432860830 3.74977 3.61206 1e-06 0
2-4-0-0-1-3-0-2-3-5-0-2-3-5-0 161408745 0.822184 0.724341 1e-06 0
2-4-0-1-2-4-0-0-1-3-0-0-1-3-0 32064885 7.56325 7.42178 2e-06 0
2-4-0-1-2-4-0-0-1-3-0-1-2-4-0 123397885 0.300811 0.144478 1e-06 0
2-4-0-1-2-4-0-0-1-3-0-2-3-5-0 37830920 0.186703 0.126125 1e-06 0
2-4-0-1-2-4-0-1-2-4-0-0-1-3-0 4858893 0.048869 0.020288 1e-06 0
2-4-0-1-2-4-0-1-2-4-0-1-2-4-0 214540 8.72828 8.52556 1e-06 0
2-4-0-1-2-4-0-1-2-4-0-2-3-5-0 3655061 73.6382 73.3297 1e-06 0
2-4-0-1-2-4-0-2-3-5-0-0-1-3-0 61703686 17.7638 17.6225 2e-06 0
2-4-0-1-2-4-0-2-3-5-0-1-2-4-0 204481511 61.2905 60.9585 1e-06 0
2-4-0-1-2-4-0-2-3-5-0-2-3-5-0 40945109 4.45184 3.53003 1e-06 0
2-4-0-2-3-5-0-0-1-3-0-0-1-3-0 223660339 1.90594 1.80957 1e-06 0
2-4-0-2-3-5-0-0-1-3-0-1-2-4-0 437484879 0.448763 0.401869 2e-06 0
2-4-0-2-3-5-0-0-1-3-0-2-3-5-0 190198833 0.647225 0.5587 1e-06 0
2-4-0-2-3-5-0-1-2-4-0-0-1-3-0 410442979 2.52085 2.41573 1e-06 0
2-4-0-2-3-5-0-1-2-4-0-1-2-4-0 204481511 4.49754 4.40569 0 0
2-4-0-2-3-5-0-1-2-4-0-2-3-5-0 255197384 2.17212 2.09363 1e-06 0
2-4-0-2-3-5-0-2-3-5-0-0-1-3-0 284130311 0.816198 0.741022 1e-06 0
2-4-0-2-3-5-0-2-3-5-0-1-2-4-0 453417926 2.1988 2.09774 1e-06 0
2-4-0-2-3-5-0-2-3-5-0-2-3-5-0 171400878 0.518024 0.448561 1e-06 0
3-5-0-0-1-3-0-0-1-3-0-0-1-3-0 557356291 1.56501 1.3971 1e-06 0
3-5-0-0-1-3-0-0-1-3-0-1-2-4-0 2154511237 6.97419 6.70604 1e-06 0
3-5-0-0-1-3-0-0-1-3-0-2-3-5-0 621471008 1.02656 0.926476 1e-06 0
3-5-0-0-1-3-0-1-2-4-0-0-1-3-0 2251924502 9.12141 8.91517 1e-06 0
3-5-0-0-1-3-0-1-2-4-0-1-2-4-0 558683771 5.5497 5.38768 1e-06 0
3-5-0-0-1-3-0-1-2-4-0-2-3-5-0 1943486327 8.64782 8.4753 1e-06 0
3-5-0-0-1-3-0-2-3-5-0-0-1-3-0 1323919871 3.49944 3.30263 1e-06 0
3-5-0-0-1-3-0-2-3-5-0-1-2-4-0 3706945361 11.6711 11.4824 2e-06 0
3-5-0-0-1-3-0-2-3-5-0-2-3-5-0 870458224 2.70105 2.50317 1e-06 0
3-5-0-1-2-4-0-0-1-3-0-0-1-3-0 2046689750 9.75074 9.58872 1e-06 0
3-5-0-1-2-4-0-0-1-3-0-1-2-4-0 5149393700 14.8932 14.7998 1e-06 0
3-5-0-1-2-4-0-0-1-3-0-2-3-5-0 2059925133 12.3243 12.149 1e-06 0
3-5-0-1-2-4-0-1-2-4-0-0-1-3-0 571674484 82.7892 82.5587 1e-06 0
3-5-0-1-2-4-0-1-2-4-0-1-2-4-0 49992362 8.61686 8.43305 1e-06 0
3-5-0-1-2-4-0-1-2-4-0-2-3-5-0 506118651 72.1744 71.6864 1e-06 0
3-5-0-1-2-4-0-2-3-5-0-0-1-3-0 3651237370 20.1399 19.9723 1e-06 0
3-5-0-1-2-4-0-2-3-5-0-1-2-4-0 7067847345 64.2661 64.0986 1e-06 0
3-5-0-1-2-4-0-2-3-5-0-2-3-5-0 2309517773 12.3822 12.1566 1e-06 0
3-5-0-2-3-5-0-0-1-3-0-0-1-3-0 775328762 1.84821 1.68714 1e-06 0
3-5-0-2-3-5-0-0-1-3-0-1-2-4-0 2866699894 7.36137 6.98601 1e-06 0
3-5-0-2-3-5-0-0-1-3-0-2-3-5-0 850019208 2.09298 1.95557 1e-06 0
3-5-0-2-3-5-0-1-2-4-0-0-1-3-0 2711106070 8.05396 7.87811 1e-06 0
3-5-0-2-3-5-0-1-2-4-0-1-2-4-0 606916000 5.5274 5.23971 1e-06 0
3-5-0-2-3-5-0-1-2-4-0-2-3-5-0 2055095988 6.86408 6.65418 1e-06 0
3-5-0-2-3-5-0-2-3-5-0-0-1-3-0 1094724705 2.54955 2.38049 1e-06 0
3-5-0-2-3-5-0-2-3-5-0-1-2-4-0 3056988612 7.73666 7.59398 1e-06 0
3-5-0-2-3-5-0-2-3-5-0-2-3-5-0 720236673 1.7759 1.66253 1e-06 0
