0-0-1-3-0-0-1-3-0-0-1-3-0-0-1 1419222105 2.23797 2.191 2e-06 0
0-0-1-3-0-0-1-3-0-0-1-3-0-1-2 138163365 0.566412 0.514861 1e-06 0
0-0-1-3-0-0-1-3-0-0-1-3-0-2-3 557356291 0.278861 0.231355 1e-06 0
0-0-1-3-0-0-1-3-0-1-2-4-0-0-1 8528240999 7.74184 7.63805 1e-06 0
0-0-1-3-0-0-1-3-0-1-2-4-0-1-2 32064885 1.00683 0.604618 2e-06 0
0-0-1-3-0-0-1-3-0-1-2-4-0-2-3 2046689750 4.09795 3.92107 2e-06 0
0-0-1-3-0-0-1-3-0-2-3-5-0-0-1 2936038078 0.802443 0.669587 1e-06 0
0-0-1-3-0-0-1-3-0-2-3-5-0-1-2 223660339 0.426902 0.216838 3e-06 0
0-0-1-3-0-0-1-3-0-2-3-5-0-2-3 775328762 1.44969 1.2727 2e-06 0
0-0-1-3-0-1-2-4-0-0-1-3-0-0-1 7987729204 5.12216 5.06309 2e-06 0
0-0-1-3-0-1-2-4-0-0-1-3-0-1-2 318472348 0.85236 0.285127 1e-06 0
0-0-1-3-0-1-2-4-0-0-1-3-0-2-3 2251924502 1.97345 1.85411 1e-06 0
0-0-1-3-0-1-2-4-0-1-2-4-0-0-1 2048424087 1.5521 1.48559 2e-06 0
0-0-1-3-0-1-2-4-0-1-2-4-0-1-2 4858893 1.06038 1.00243 1e-06 0
0-0-1-3-0-1-2-4-0-1-2-4-0-2-3 571674484 1.53355 1.47775 1e-06 0
0-0-1-3-0-1-2-4-0-2-3-5-0-0-1 11787767512 8.3832 8.26235 1e-06 0
0-0-1-3-0-1-2-4-0-2-3-5-0-1-2 410442979 2.80693 2.61242 3e-06 0
0-0-1-3-0-1-2-4-0-2-3-5-0-2-3 2711106070 5.1444 4.95989 1e-06 0
0-0-1-3-0-2-3-5-0-0-1-3-0-0-1 3772537047 0.651137 0.502691 1e-06 0
0-0-1-3-0-2-3-5-0-0-1-3-0-1-2 261962127 1.07529 0.980202 1e-06 0
0-0-1-3-0-2-3-5-0-0-1-3-0-2-3 1323919871 0.590522 0.41364 2e-06 0
0-0-1-3-0-2-3-5-0-1-2-4-0-0-1 16986975289 6.84185 6.79368 1e-06 0
0-0-1-3-0-2-3-5-0-1-2-4-0-1-2 61703686 1.2907 0.548883 3e-06 0
0-0-1-3-0-2-3-5-0-1-2-4-0-2-3 3651237370 2.81693 2.4478 1e-06 0
0-0-1-3-0-2-3-5-0-2-3-5-0-0-1 4348753892 0.944451 0.803049 1e-06 0
0-0-1-3-0-2-3-5-0-2-3-5-0-1-2 284130311 0.654388 0.352193 1e-06 0
0-0-1-3-0-2-3-5-0-2-3-5-0-2-3 1094724705 0.867159 0.714611 3e-06 0
0-1-2-4-0-0-1-3-0-0-1-3-0-0-1 6981552054 6.37627 6.27116 3e-06 0
0-1-2-4-0-0-1-3-0-0-1-3-0-1-2 340624697 0.195636 0.076209 3e-06 0
0-1-2-4-0-0-1-3-0-0-1-3-0-2-3 2154511237 3.18706 3.05707 1e-06 0
0-1-2-4-0-0-1-3-0-1-2-4-0-0-1 24412339572 23.4784 23.4378 2e-06 0
0-1-2-4-0-0-1-3-0-1-2-4-0-1-2 123397885 0.351504 0.126085 3e-06 0
0-1-2-4-0-0-1-3-0-1-2-4-0-2-3 5149393700 8.60205 8.44128 3e-06 0
0-1-2-4-0-0-1-3-0-2-3-5-0-0-1 12404302670 10.1022 6.99099 1e-06 0
0-1-2-4-0-0-1-3-0-2-3-5-0-1-2 437484879 0.282853 0.069512 1e-06 0
0-1-2-4-0-0-1-3-0-2-3-5-0-2-3 2866699894 6.91934 6.41705 3e-06 0
0-1-2-4-0-1-2-4-0-0-1-3-0-0-1 1526994749 21.715 21.0253 3e-06 0
0-1-2-4-0-1-2-4-0-0-1-3-0-1-2 123397885 0.101714 0.051692 3e-06 0
0-1-2-4-0-1-2-4-0-0-1-3-0-2-3 558683771 20.4906 20.2506 1e-06 0
0-1-2-4-0-1-2-4-0-1-2-4-0-0-1 162901838 1.95129 1.78442 1e-06 0
0-1-2-4-0-1-2-4-0-1-2-4-0-1-2 214540 1.92189 1.78228 1e-06 0
0-1-2-4-0-1-2-4-0-1-2-4-0-2-3 49992362 1.82805 1.78251 2e-06 0
0-1-2-4-0-1-2-4-0-2-3-5-0-0-1 2284018485 17.6591 17.6031 2e-06 0
0-1-2-4-0-1-2-4-0-2-3-5-0-1-2 204481511 17.5326 17.4358 2e-06 0
0-1-2-4-0-1-2-4-0-2-3-5-0-2-3 606916000 17.1759 17.1009 1e-06 0
0-1-2-4-0-2-3-5-0-0-1-3-0-0-1 13132687846 18.1765 18.1068 3e-06 0
0-1-2-4-0-2-3-5-0-0-1-3-0-1-2 432860830 6.8572 5.50739 3e-06 0
0-1-2-4-0-2-3-5-0-0-1-3-0-2-3 3706945361 3.87904 3.33987 2e-06 0
0-1-2-4-0-2-3-5-0-1-2-4-0-0-1 35145744956 37.8517 37.6617 2e-06 0
0-1-2-4-0-2-3-5-0-1-2-4-0-1-2 204481511 17.4844 15.8554 3e-06 0
0-1-2-4-0-2-3-5-0-1-2-4-0-2-3 7067847345 16.8129 14.4534 1e-06 0
0-1-2-4-0-2-3-5-0-2-3-5-0-0-1 13712931524 11.3193 10.6481 1e-06 0
0-1-2-4-0-2-3-5-0-2-3-5-0-1-2 453417926 2.5208 1.283 2e-06 0
0-1-2-4-0-2-3-5-0-2-3-5-0-2-3 3056988612 5.19226 3.97444 1e-06 0
0-2-3-5-0-0-1-3-0-0-1-3-0-0-1 1672292507 2.45361 0.992468 1e-06 0
0-2-3-5-0-0-1-3-0-0-1-3-0-1-2 131792782 0.672509 0.431148 1e-06 0
0-2-3-5-0-0-1-3-0-0-1-3-0-2-3 621471008 0.200852 0.104184 1e-06 0
0-2-3-5-0-0-1-3-0-1-2-4-0-0-1 9235067917 6.87809 6.77769 1e-06 0
0-2-3-5-0-0-1-3-0-1-2-4-0-1-2 37830920 0.718214 0.207909 1e-06 0
0-2-3-5-0-0-1-3-0-1-2-4-0-2-3 2059925133 1.39465 1.33595 1e-06 0
0-2-3-5-0-0-1-3-0-2-3-5-0-0-1 3415726164 1.17194 1.0827 2e-06 0
0-2-3-5-0-0-1-3-0-2-3-5-0-1-2 190198833 0.284495 0.088018 1e-06 0
0-2-3-5-0-0-1-3-0-2-3-5-0-2-3 850019208 0.44658 0.393866 1e-06 0
0-2-3-5-0-1-2-4-0-0-1-3-0-0-1 7395941882 8.05545 7.94397 3e-06 0
0-2-3-5-0-1-2-4-0-0-1-3-0-1-2 218358783 2.26468 2.00712 1e-06 0
0-2-3-5-0-1-2-4-0-0-1-3-0-2-3 1943486327 1.74988 1.40694 1e-06 0
0-2-3-5-0-1-2-4-0-1-2-4-0-0-1 1894734503 1.76581 1.647 1e-06 0
0-2-3-5-0-1-2-4-0-1-2-4-0-1-2 3655061 0.947915 0.907965 1e-06 0
0-2-3-5-0-1-2-4-0-1-2-4-0-2-3 506118651 1.09351 1.04896 3e-06 0
0-2-3-5-0-1-2-4-0-2-3-5-0-0-1 9318882335 7.45794 7.36929 2e-06 0
0-2-3-5-0-1-2-4-0-2-3-5-0-1-2 255197384 1.09696 0.375707 2e-06 0
0-2-3-5-0-1-2-4-0-2-3-5-0-2-3 2055095988 2.0182 1.52594 2e-06 0
0-2-3-5-0-2-3-5-0-0-1-3-0-0-1 2530088289 2.40757 2.26994 1e-06 0
0-2-3-5-0-2-3-5-0-0-1-3-0-1-2 161408745 0.755599 0.629373 1e-06 0
0-2-3-5-0-2-3-5-0-0-1-3-0-2-3 870458224 0.462826 0.38878 3e-06 0
0-2-3-5-0-2-3-5-0-1-2-4-0-0-1 10914351715 7.17311 7.13875 1e-06 0
0-2-3-5-0-2-3-5-0-1-2-4-0-1-2 40945109 0.966089 0.273235 2e-06 0
0-2-3-5-0-2-3-5-0-1-2-4-0-2-3 2309517773 1.75757 1.41069 1e-06 0
0-2-3-5-0-2-3-5-0-2-3-5-0-0-1 2915519858 1.96505 1.66339 1e-06 0
0-2-3-5-0-2-3-5-0-2-3-5-0-1-2 171400878 0.209427 0.078167 1e-06 0
0-2-3-5-0-2-3-5-0-2-3-5-0-2-3 720236673 0.518795 0.345028 2e-06 0
1-3-0-0-1-3-0-0-1-3-0-0-1-3-0 1419222105 0.569204 0.496582 1e-06 0
1-3-0-0-1-3-0-0-1-3-0-1-2-4-0 6981552054 3.2808 3.19269 1e-06 0
1-3-0-0-1-3-0-0-1-3-0-2-3-5-0 1672292507 0.96943 0.54349 2e-06 0
1-3-0-0-1-3-0-1-2-4-0-0-1-3-0 7987729204 3.65651 3.57648 1e-06 0
1-3-0-0-1-3-0-1-2-4-0-1-2-4-0 1526994749 1.72819 1.32099 3e-06 0
1-3-0-0-1-3-0-1-2-4-0-2-3-5-0 7395941882 2.9397 2.81434 1e-06 0
1-3-0-0-1-3-0-2-3-5-0-0-1-3-0 3772537047 1.10438 0.969488 1e-06 0
1-3-0-0-1-3-0-2-3-5-0-1-2-4-0 13132687846 7.14835 7.02854 1e-06 0
1-3-0-0-1-3-0-2-3-5-0-2-3-5-0 2530088289 1.36891 0.663701 1e-06 0
1-3-0-1-2-4-0-0-1-3-0-0-1-3-0 8528240999 3.09683 2.57059 1e-06 0
1-3-0-1-2-4-0-0-1-3-0-1-2-4-0 24412339572 13.1271 13.0912 3e-06 0
1-3-0-1-2-4-0-0-1-3-0-2-3-5-0 9235067917 3.8409 3.27394 3e-06 0
1-3-0-1-2-4-0-1-2-4-0-0-1-3-0 2048424087 18.4707 17.7852 4e-06 0
1-3-0-1-2-4-0-1-2-4-0-1-2-4-0 162901838 2.24398 1.81504 3e-06 0
1-3-0-1-2-4-0-1-2-4-0-2-3-5-0 1894734503 17.2973 17.1451 3e-06 0
1-3-0-1-2-4-0-2-3-5-0-0-1-3-0 16986975289 8.8815 8.73516 1e-06 0
1-3-0-1-2-4-0-2-3-5-0-1-2-4-0 35145744956 27.1356 26.9822 1e-06 0
1-3-0-1-2-4-0-2-3-5-0-2-3-5-0 10914351715 3.95246 3.23114 3e-06 0
1-3-0-2-3-5-0-0-1-3-0-0-1-3-0 2936038078 5.65833 0.988678 3e-06 0
1-3-0-2-3-5-0-0-1-3-0-1-2-4-0 12404302670 4.04611 2.75832 2e-06 0
1-3-0-2-3-5-0-0-1-3-0-2-3-5-0 3415726164 1.03221 0.63236 1e-06 0
1-3-0-2-3-5-0-1-2-4-0-0-1-3-0 11787767512 3.05466 2.83102 1e-06 0
1-3-0-2-3-5-0-1-2-4-0-1-2-4-0 2284018485 1.60182 1.23704 1e-06 0
1-3-0-2-3-5-0-1-2-4-0-2-3-5-0 9318882335 2.34423 2.17645 1e-06 0
1-3-0-2-3-5-0-2-3-5-0-0-1-3-0 4348753892 0.831032 0.759885 1e-06 0
1-3-0-2-3-5-0-2-3-5-0-1-2-4-0 13712931524 3.5453 3.48339 1e-06 0
1-3-0-2-3-5-0-2-3-5-0-2-3-5-0 2915519858 0.881901 0.517935 2e-06 0
2-4-0-0-1-3-0-0-1-3-0-0-1-3-0 138163365 0.936764 0.181523 1e-06 0
2-4-0-0-1-3-0-0-1-3-0-1-2-4-0 340624697 0.184919 0.07686 2e-06 0
2-4-0-0-1-3-0-0-1-3-0-2-3-5-0 131792782 0.257262 0.161108 1e-06 0
2-4-0-0-1-3-0-1-2-4-0-0-1-3-0 318472348 0.173772 0.135883 1e-06 0
2-4-0-0-1-3-0-1-2-4-0-1-2-4-0 123397885 0.033504 0.02067 1e-06 0
2-4-0-0-1-3-0-1-2-4-0-2-3-5-0 218358783 0.977902 0.945004 1e-06 0
2-4-0-0-1-3-0-2-3-5-0-0-1-3-0 261962127 0.379731 0.229621 1e-06 0
2-4-0-0-1-3-0-2-3-5-0-1-2-4-0 432860830 1.02517 0.947728 3e-06 0
2-4-0-0-1-3-0-2-3-5-0-2-3-5-0 161408745 0.195695 0.165718 1e-06 0
2-4-0-1-2-4-0-0-1-3-0-0-1-3-0 32064885 1.47805 1.39 1e-06 0
2-4-0-1-2-4-0-0-1-3-0-1-2-4-0 123397885 0.044984 0.030942 1e-06 0
2-4-0-1-2-4-0-0-1-3-0-2-3-5-0 37830920 0.118891 0.035218 1e-06 0
2-4-0-1-2-4-0-1-2-4-0-0-1-3-0 4858893 0.046126 0.006952 1e-06 0
2-4-0-1-2-4-0-1-2-4-0-1-2-4-0 214540 2.08828 1.78291 1e-06 0
2-4-0-1-2-4-0-1-2-4-0-2-3-5-0 3655061 17.108 17.0136 1e-06 0
2-4-0-1-2-4-0-2-3-5-0-0-1-3-0 61703686 3.96129 3.64071 1e-06 0
2-4-0-1-2-4-0-2-3-5-0-1-2-4-0 204481511 18.3566 17.1259 1e-06 0
2-4-0-1-2-4-0-2-3-5-0-2-3-5-0 40945109 1.88685 0.78015 3e-06 0
2-4-0-2-3-5-0-0-1-3-0-0-1-3-0 223660339 1.57017 0.3069 1e-06 0
2-4-0-2-3-5-0-0-1-3-0-1-2-4-0 437484879 0.243721 0.092527 1e-06 0
2-4-0-2-3-5-0-0-1-3-0-2-3-5-0 190198833 0.357138 0.125238 1e-06 0
2-4-0-2-3-5-0-1-2-4-0-0-1-3-0 410442979 0.606312 0.562654 1e-06 0
2-4-0-2-3-5-0-1-2-4-0-1-2-4-0 204481511 1.13884 0.966224 1e-06 0
2-4-0-2-3-5-0-1-2-4-0-2-3-5-0 255197384 0.53031 0.500234 1e-06 0
2-4-0-2-3-5-0-2-3-5-0-0-1-3-0 284130311 0.247991 0.167446 1e-06 0
2-4-0-2-3-5-0-2-3-5-0-1-2-4-0 453417926 0.654965 0.597185 3e-06 0
2-4-0-2-3-5-0-2-3-5-0-2-3-5-0 171400878 0.119428 0.101161 1e-06 0
3-5-0-0-1-3-0-0-1-3-0-0-1-3-0 557356291 0.361252 0.27204 1e-06 0
3-5-0-0-1-3-0-0-1-3-0-1-2-4-0 2154511237 1.65166 1.54188 1e-06 0
3-5-0-0-1-3-0-0-1-3-0-2-3-5-0 621471008 0.339832 0.160499 2e-06 0
3-5-0-0-1-3-0-1-2-4-0-0-1-3-0 2251924502 1.92786 1.8604 1e-06 0
3-5-0-0-1-3-0-1-2-4-0-1-2-4-0 558683771 1.29468 1.12057 1e-06 0
3-5-0-0-1-3-0-1-2-4-0-2-3-5-0 1943486327 1.76103 1.71227 1e-06 0
3-5-0-0-1-3-0-2-3-5-0-0-1-3-0 1323919871 0.741809 0.616985 1e-06 0
3-5-0-0-1-3-0-2-3-5-0-1-2-4-0 3706945361 3.69788 3.65046 3e-06 0
3-5-0-0-1-3-0-2-3-5-0-2-3-5-0 870458224 1.00844 0.443421 4e-06 0
3-5-0-1-2-4-0-0-1-3-0-0-1-3-0 2046689750 1.99167 1.71191 3e-06 0
3-5-0-1-2-4-0-0-1-3-0-1-2-4-0 5149393700 6.99966 6.9615 1e-06 0
3-5-0-1-2-4-0-0-1-3-0-2-3-5-0 2059925133 2.71404 2.22914 3e-06 0
3-5-0-1-2-4-0-1-2-4-0-0-1-3-0 571674484 17.115 16.6471 3e-06 0
3-5-0-1-2-4-0-1-2-4-0-1-2-4-0 49992362 1.88062 1.79799 1e-06 0
3-5-0-1-2-4-0-1-2-4-0-2-3-5-0 506118651 16.8797 16.7342 1e-06 0
3-5-0-1-2-4-0-2-3-5-0-0-1-3-0 3651237370 4.52557 4.47937 3e-06 0
3-5-0-1-2-4-0-2-3-5-0-1-2-4-0 7067847345 18.5159 18.2918 2e-06 0
3-5-0-1-2-4-0-2-3-5-0-2-3-5-0 2309517773 3.19376 2.22163 4e-06 0
3-5-0-2-3-5-0-0-1-3-0-0-1-3-0 775328762 2.19263 0.316334 2e-06 0
3-5-0-2-3-5-0-0-1-3-0-1-2-4-0 2866699894 1.67583 1.60623 2e-06 0
3-5-0-2-3-5-0-0-1-3-0-2-3-5-0 850019208 0.57882 0.378643 1e-06 0
3-5-0-2-3-5-0-1-2-4-0-0-1-3-0 2711106070 1.73587 1.66585 1e-06 0
3-5-0-2-3-5-0-1-2-4-0-1-2-4-0 606916000 1.57785 1.39657 3e-06 0
3-5-0-2-3-5-0-1-2-4-0-2-3-5-0 2055095988 1.38192 1.31462 1e-06 0
3-5-0-2-3-5-0-2-3-5-0-0-1-3-0 1094724705 0.589925 0.456945 1e-06 0
3-5-0-2-3-5-0-2-3-5-0-1-2-4-0 3056988612 1.90981 1.85552 1e-06 0
3-5-0-2-3-5-0-2-3-5-0-2-3-5-0 720236673 0.560876 0.338023 1e-06 0
