0-0-1-3-0-0-1-3-0-0-1-3-0 1200719971 2.09987 2.05663 2e-06 0
0-0-1-3-0-0-1-3-0-1-2-4-0 6268640177 4.98715 4.93377 1e-06 0
0-0-1-3-0-0-1-3-0-2-3-5-0 1411253161 0.885635 0.337982 1e-06 0
0-0-1-3-0-1-2-4-0-0-1-3-0 7143745039 3.72601 3.6153 2e-06 0
0-0-1-3-0-1-2-4-0-1-2-4-0 1306671714 2.75907 2.2047 2e-06 0
0-0-1-3-0-1-2-4-0-2-3-5-0 6798970777 3.56473 3.44524 1e-06 0
0-0-1-3-0-2-3-5-0-0-1-3-0 3197405526 0.898692 0.670904 1e-06 0
0-0-1-3-0-2-3-5-0-1-2-4-0 12244116763 5.23189 5.14549 1e-06 0
0-0-1-3-0-2-3-5-0-2-3-5-0 2119598948 1.14141 0.440779 1e-06 0
0-1-2-4-0-0-1-3-0-0-1-3-0 6268640177 2.86545 2.3074 1e-06 0
0-1-2-4-0-0-1-3-0-1-2-4-0 19647442637 9.07754 9.04491 1e-06 0
0-1-2-4-0-0-1-3-0-2-3-5-0 7169468361 4.83782 3.68365 1e-06 0
0-1-2-4-0-1-2-4-0-0-1-3-0 1306671714 27.3802 26.9871 1e-06 0
0-1-2-4-0-1-2-4-0-1-2-4-0 62478594 3.65835 3.4394 1e-06 0
0-1-2-4-0-1-2-4-0-2-3-5-0 1060374840 23.3418 23.2607 2e-06 0
0-1-2-4-0-2-3-5-0-0-1-3-0 12244116763 6.52523 6.44659 1e-06 0
0-1-2-4-0-2-3-5-0-1-2-4-0 29301429046 21.5851 21.0877 3e-06 0
0-1-2-4-0-2-3-5-0-2-3-5-0 8007804094 3.57298 2.69977 2e-06 0
0-2-3-5-0-0-1-3-0-0-1-3-0 1411253161 2.00837 0.216327 1e-06 0
0-2-3-5-0-0-1-3-0-1-2-4-0 7169468361 2.01657 1.77911 1e-06 0
0-2-3-5-0-0-1-3-0-2-3-5-0 1749579324 0.659149 0.288754 1e-06 0
0-2-3-5-0-1-2-4-0-0-1-3-0 6798970777 2.00905 1.94976 1e-06 0
0-2-3-5-0-1-2-4-0-1-2-4-0 1060374840 2.10562 1.86322 2e-06 0
0-2-3-5-0-1-2-4-0-2-3-5-0 5692292682 1.5348 1.44308 0 0
0-2-3-5-0-2-3-5-0-0-1-3-0 2119598948 0.485542 0.331348 2e-06 0
0-2-3-5-0-2-3-5-0-1-2-4-0 8007804094 2.36545 2.30693 2e-06 0
0-2-3-5-0-2-3-5-0-2-3-5-0 1435985598 0.66461 0.238393 1e-06 0
1-3-0-0-1-3-0-0-1-3-0-0-1 211653511 0.582712 0.153343 1e-06 0
1-3-0-0-1-3-0-0-1-3-0-1-2 37465054 0.266395 0.143078 1e-06 0
1-3-0-0-1-3-0-0-1-3-0-2-3 94494222 0.232546 0.170023 0 0
1-3-0-0-1-3-0-1-2-4-0-0-1 2435153216 1.54013 1.49765 1e-06 0
1-3-0-0-1-3-0-1-2-4-0-1-2 6077715 0.62265 0.564988 2e-06 0
1-3-0-0-1-3-0-1-2-4-0-2-3 663562074 0.798987 0.748883 1e-06 0
1-3-0-0-1-3-0-2-3-5-0-0-1 492952736 0.325688 0.278921 1e-06 0
1-3-0-0-1-3-0-2-3-5-0-1-2 71117008 0.075596 0.050155 2e-06 0
1-3-0-0-1-3-0-2-3-5-0-2-3 144168858 0.203949 0.166613 1e-06 0
1-3-0-1-2-4-0-0-1-3-0-0-1 2435153216 1.9325 1.8824 1e-06 0
1-3-0-1-2-4-0-0-1-3-0-1-2 165472842 0.131978 0.05614 1e-06 0
1-3-0-1-2-4-0-0-1-3-0-2-3 824065675 1.51714 1.46971 1e-06 0
1-3-0-1-2-4-0-1-2-4-0-0-1 360430421 1.10088 1.06772 1e-06 0
1-3-0-1-2-4-0-1-2-4-0-1-2 560269 1.00286 0.950828 2e-06 0
1-3-0-1-2-4-0-1-2-4-0-2-3 108629855 1.10661 1.06613 1e-06 0
1-3-0-1-2-4-0-2-3-5-0-0-1 3881323081 2.57888 2.54157 1e-06 0
1-3-0-1-2-4-0-2-3-5-0-1-2 270475619 0.585481 0.202309 1e-06 0
1-3-0-1-2-4-0-2-3-5-0-2-3 986646163 0.868654 0.810006 1e-06 0
1-3-0-2-3-5-0-0-1-3-0-0-1 492952736 0.114295 0.075824 1e-06 0
1-3-0-2-3-5-0-0-1-3-0-1-2 72381185 0.173585 0.143501 1e-06 0
1-3-0-2-3-5-0-0-1-3-0-2-3 214694911 0.255347 0.231595 2e-06 0
1-3-0-2-3-5-0-1-2-4-0-0-1 3881323081 1.04961 1.02211 1e-06 0
1-3-0-2-3-5-0-1-2-4-0-1-2 8586696 0.568538 0.529401 1e-06 0
1-3-0-2-3-5-0-1-2-4-0-2-3 977297157 0.345832 0.313898 1e-06 0
1-3-0-2-3-5-0-2-3-5-0-0-1 621473695 0.31393 0.280337 2e-06 0
1-3-0-2-3-5-0-2-3-5-0-1-2 79049098 0.067574 0.031881 1e-06 0
1-3-0-2-3-5-0-2-3-5-0-2-3 176949807 0.104906 0.068966 0 0
2-4-0-0-1-3-0-0-1-3-0-0-1 37465054 0.173458 0.09004 1e-06 0
2-4-0-0-1-3-0-0-1-3-0-1-2 2746067 0.073374 0.035414 1e-06 0
2-4-0-0-1-3-0-0-1-3-0-2-3 13206540 0.073057 0.029891 1e-06 0
2-4-0-0-1-3-0-1-2-4-0-0-1 165472842 0.112639 0.101563 1e-06 0
2-4-0-0-1-3-0-1-2-4-0-1-2 793231 0.024283 0.012477 2e-06 0
2-4-0-0-1-3-0-1-2-4-0-2-3 37851690 0.076628 0.061906 0 0
2-4-0-0-1-3-0-2-3-5-0-0-1 72381185 0.151169 0.101073 1e-06 0
2-4-0-0-1-3-0-2-3-5-0-1-2 3963418 0.045188 0.019962 0 0
2-4-0-0-1-3-0-2-3-5-0-2-3 18163560 0.051711 0.027587 1e-06 0
2-4-0-1-2-4-0-0-1-3-0-0-1 6077715 1.30998 1.26779 1e-06 0
2-4-0-1-2-4-0-0-1-3-0-1-2 793231 0.055837 0.027048 1e-06 0
2-4-0-1-2-4-0-0-1-3-0-2-3 2523483 0.020718 0.009455 1e-06 0
2-4-0-1-2-4-0-1-2-4-0-0-1 560269 0.009201 0.002887 1e-06 0
2-4-0-1-2-4-0-1-2-4-0-1-2 2309 0.020395 0.011353 0 0
2-4-0-1-2-4-0-1-2-4-0-2-3 177569 0.008806 0.002901 0 0
2-4-0-1-2-4-0-2-3-5-0-0-1 8586696 1.29682 1.24411 1e-06 0
2-4-0-1-2-4-0-2-3-5-0-1-2 1249649 0.378252 0.33161 1e-06 0
2-4-0-1-2-4-0-2-3-5-0-2-3 2510707 0.701614 0.654942 1e-06 0
2-4-0-2-3-5-0-0-1-3-0-0-1 71117008 0.225548 0.193267 1e-06 0
2-4-0-2-3-5-0-0-1-3-0-1-2 3963418 0.05338 0.03514 1e-06 0
2-4-0-2-3-5-0-0-1-3-0-2-3 23447742 0.119603 0.051037 1e-06 0
2-4-0-2-3-5-0-1-2-4-0-0-1 270475619 0.23441 0.213587 2e-06 0
2-4-0-2-3-5-0-1-2-4-0-1-2 1249649 0.053845 0.030071 1e-06 0
2-4-0-2-3-5-0-1-2-4-0-2-3 56692000 0.173496 0.150097 1e-06 0
2-4-0-2-3-5-0-2-3-5-0-0-1 79049098 0.200843 0.151657 1e-06 0
2-4-0-2-3-5-0-2-3-5-0-1-2 4296935 0.068437 0.021784 1e-06 0
2-4-0-2-3-5-0-2-3-5-0-2-3 19367940 0.101566 0.052875 1e-06 0
3-5-0-0-1-3-0-0-1-3-0-0-1 94494222 0.09451 0.064562 1e-06 0
3-5-0-0-1-3-0-0-1-3-0-1-2 13206540 0.085483 0.057978 1e-06 0
3-5-0-0-1-3-0-0-1-3-0-2-3 41003648 0.060126 0.038253 0 0
3-5-0-0-1-3-0-1-2-4-0-0-1 824065675 0.383927 0.357029 1e-06 0
3-5-0-0-1-3-0-1-2-4-0-1-2 2523483 0.32634 0.295389 1e-06 0
3-5-0-0-1-3-0-1-2-4-0-2-3 215363168 0.11955 0.091656 0 0
3-5-0-0-1-3-0-2-3-5-0-0-1 214694911 0.090737 0.064162 1e-06 0
3-5-0-0-1-3-0-2-3-5-0-1-2 23447742 0.095936 0.069229 1e-06 0
3-5-0-0-1-3-0-2-3-5-0-2-3 60308475 0.05182 0.030406 0 0
3-5-0-1-2-4-0-0-1-3-0-0-1 663562074 0.794291 0.752557 1e-06 0
3-5-0-1-2-4-0-0-1-3-0-1-2 37851690 0.366041 0.340813 1e-06 0
3-5-0-1-2-4-0-0-1-3-0-2-3 215363168 0.576214 0.515252 1e-06 0
3-5-0-1-2-4-0-1-2-4-0-0-1 108629855 0.976378 0.947978 1e-06 0
3-5-0-1-2-4-0-1-2-4-0-1-2 177569 0.930478 0.891646 1e-06 0
3-5-0-1-2-4-0-1-2-4-0-2-3 32570709 0.94866 0.921329 1e-06 0
3-5-0-1-2-4-0-2-3-5-0-0-1 977297157 0.739566 0.713831 1e-06 0
3-5-0-1-2-4-0-2-3-5-0-1-2 56692000 0.334064 0.308738 1e-06 0
3-5-0-1-2-4-0-2-3-5-0-2-3 241400395 0.688962 0.65525 1e-06 0
3-5-0-2-3-5-0-0-1-3-0-0-1 144168858 0.166351 0.146036 1e-06 0
3-5-0-2-3-5-0-0-1-3-0-1-2 18163560 0.088501 0.065076 1e-06 0
3-5-0-2-3-5-0-0-1-3-0-2-3 60308475 0.094752 0.04304 2e-06 0
3-5-0-2-3-5-0-1-2-4-0-0-1 986646163 0.608012 0.577452 1e-06 0
3-5-0-2-3-5-0-1-2-4-0-1-2 2510707 0.294889 0.27394 0 0
3-5-0-2-3-5-0-1-2-4-0-2-3 241400395 0.433302 0.413481 1e-06 0
3-5-0-2-3-5-0-2-3-5-0-0-1 176949807 0.123634 0.10654 1e-06 0
3-5-0-2-3-5-0-2-3-5-0-1-2 19367940 0.074104 0.053078 0 0
3-5-0-2-3-5-0-2-3-5-0-2-3 49276971 0.076542 0.054431 1e-06 0
