0-0-1-3-0-0-1-3-0-0-1-3-0-0-1 1419222105 1.91697 1.86234 1e-06 0
0-0-1-3-0-0-1-3-0-0-1-3-0-1-2 138163365 0.89174 0.813892 1e-06 0
0-0-1-3-0-0-1-3-0-0-1-3-0-2-3 557356291 0.486151 0.409868 1e-06 0
0-0-1-3-0-0-1-3-0-1-2-4-0-0-1 8528240999 10.3336 10.2326 1e-06 0
0-0-1-3-0-0-1-3-0-1-2-4-0-1-2 32064885 1.03953 0.914818 0 0
0-0-1-3-0-0-1-3-0-1-2-4-0-2-3 2046689750 6.19121 6.04658 0 0
0-0-1-3-0-0-1-3-0-2-3-5-0-0-1 2936038078 1.04216 0.93993 1e-06 0
0-0-1-3-0-0-1-3-0-2-3-5-0-1-2 223660339 0.518376 0.296205 1e-06 0
0-0-1-3-0-0-1-3-0-2-3-5-0-2-3 775328762 2.00929 1.79971 1e-06 0
0-0-1-3-0-1-2-4-0-0-1-3-0-0-1 7987729204 7.43652 7.29978 1e-06 0
0-0-1-3-0-1-2-4-0-0-1-3-0-1-2 318472348 1.11203 0.410968 1e-06 0
0-0-1-3-0-1-2-4-0-0-1-3-0-2-3 2251924502 2.97124 2.85314 2e-06 0
0-0-1-3-0-1-2-4-0-1-2-4-0-0-1 2048424087 2.55109 2.48773 1e-06 0
0-0-1-3-0-1-2-4-0-1-2-4-0-1-2 4858893 1.75565 1.64857 1e-06 0
0-0-1-3-0-1-2-4-0-1-2-4-0-2-3 571674484 2.69159 2.57781 2e-06 0
0-0-1-3-0-1-2-4-0-2-3-5-0-0-1 11787767512 9.31058 9.19208 1e-06 0
0-0-1-3-0-1-2-4-0-2-3-5-0-1-2 410442979 4.51629 4.27083 1e-06 0
0-0-1-3-0-1-2-4-0-2-3-5-0-2-3 2711106070 8.66609 8.34535 0 0
0-0-1-3-0-2-3-5-0-0-1-3-0-0-1 3772537047 0.888908 0.771902 2e-06 0
0-0-1-3-0-2-3-5-0-0-1-3-0-1-2 261962127 1.74972 1.58381 2e-06 0
0-0-1-3-0-2-3-5-0-0-1-3-0-2-3 1323919871 0.899332 0.646702 2e-06 0
0-0-1-3-0-2-3-5-0-1-2-4-0-0-1 16986975289 9.44353 9.37383 1e-06 0
0-0-1-3-0-2-3-5-0-1-2-4-0-1-2 61703686 1.0141 0.813353 2e-06 0
0-0-1-3-0-2-3-5-0-1-2-4-0-2-3 3651237370 4.65889 4.12252 1e-06 0
0-0-1-3-0-2-3-5-0-2-3-5-0-0-1 4348753892 1.53244 1.24413 1e-06 0
0-0-1-3-0-2-3-5-0-2-3-5-0-1-2 284130311 0.920471 0.566959 1e-06 0
0-0-1-3-0-2-3-5-0-2-3-5-0-2-3 1094724705 1.49496 1.20323 3e-06 0
0-1-2-4-0-0-1-3-0-0-1-3-0-0-1 6981552054 10.6517 10.4968 0 0
0-1-2-4-0-0-1-3-0-0-1-3-0-1-2 340624697 0.268819 0.117435 1e-06 0
0-1-2-4-0-0-1-3-0-0-1-3-0-2-3 2154511237 5.12035 5.0231 1e-06 0
0-1-2-4-0-0-1-3-0-1-2-4-0-0-1 24412339572 29.8909 29.7982 1e-06 0
0-1-2-4-0-0-1-3-0-1-2-4-0-1-2 123397885 0.261982 0.123839 1e-06 0
0-1-2-4-0-0-1-3-0-1-2-4-0-2-3 5149393700 13.0776 12.2746 1e-06 0
0-1-2-4-0-0-1-3-0-2-3-5-0-0-1 12404302670 14.2046 10.5419 3e-06 0
0-1-2-4-0-0-1-3-0-2-3-5-0-1-2 437484879 0.269431 0.129081 1e-06 0
0-1-2-4-0-0-1-3-0-2-3-5-0-2-3 2866699894 10.1988 9.66782 1e-06 0
0-1-2-4-0-1-2-4-0-0-1-3-0-0-1 1526994749 27.6804 27.1122 2e-06 0
0-1-2-4-0-1-2-4-0-0-1-3-0-1-2 123397885 0.184794 0.087052 2e-06 0
0-1-2-4-0-1-2-4-0-0-1-3-0-2-3 558683771 27.2055 27.0918 1e-06 0
0-1-2-4-0-1-2-4-0-1-2-4-0-0-1 162901838 3.31661 3.2598 1e-06 0
0-1-2-4-0-1-2-4-0-1-2-4-0-1-2 214540 3.21568 3.1325 1e-06 0
0-1-2-4-0-1-2-4-0-1-2-4-0-2-3 49992362 3.24083 3.16854 1e-06 0
0-1-2-4-0-1-2-4-0-2-3-5-0-0-1 2284018485 29.6733 29.4934 1e-06 0
0-1-2-4-0-1-2-4-0-2-3-5-0-1-2 204481511 28.919 28.7769 3e-06 0
0-1-2-4-0-1-2-4-0-2-3-5-0-2-3 606916000 27.7514 27.6476 3e-06 0
0-1-2-4-0-2-3-5-0-0-1-3-0-0-1 13132687846 27.7182 27.6484 1e-06 0
0-1-2-4-0-2-3-5-0-0-1-3-0-1-2 432860830 9.97231 8.41371 3e-06 0
0-1-2-4-0-2-3-5-0-0-1-3-0-2-3 3706945361 6.38334 5.89585 2e-06 0
0-1-2-4-0-2-3-5-0-1-2-4-0-0-1 35145744956 53.5094 53.2847 1e-06 0
0-1-2-4-0-2-3-5-0-1-2-4-0-1-2 204481511 25.6966 22.7831 3e-06 0
0-1-2-4-0-2-3-5-0-1-2-4-0-2-3 7067847345 27.315 24.4774 1e-06 0
0-1-2-4-0-2-3-5-0-2-3-5-0-0-1 13712931524 19.1566 17.9179 3e-06 0
0-1-2-4-0-2-3-5-0-2-3-5-0-1-2 453417926 3.24844 2.3243 1e-06 0
0-1-2-4-0-2-3-5-0-2-3-5-0-2-3 3056988612 7.00202 6.56723 3e-06 0
0-2-3-5-0-0-1-3-0-0-1-3-0-0-1 1672292507 2.2272 1.68448 1e-06 0
0-2-3-5-0-0-1-3-0-0-1-3-0-1-2 131792782 0.776934 0.715583 1e-06 0
0-2-3-5-0-0-1-3-0-0-1-3-0-2-3 621471008 0.302973 0.174366 1e-06 0
0-2-3-5-0-0-1-3-0-1-2-4-0-0-1 9235067917 10.367 10.269 1e-06 0
0-2-3-5-0-0-1-3-0-1-2-4-0-1-2 37830920 0.806439 0.214364 3e-06 0
0-2-3-5-0-0-1-3-0-1-2-4-0-2-3 2059925133 2.34709 2.19306 2e-06 0
0-2-3-5-0-0-1-3-0-2-3-5-0-0-1 3415726164 2.00423 1.83748 2e-06 0
0-2-3-5-0-0-1-3-0-2-3-5-0-1-2 190198833 0.257794 0.154096 1e-06 0
0-2-3-5-0-0-1-3-0-2-3-5-0-2-3 850019208 0.707105 0.639306 1e-06 0
0-2-3-5-0-1-2-4-0-0-1-3-0-0-1 7395941882 12.377 12.3103 1e-06 0
0-2-3-5-0-1-2-4-0-0-1-3-0-1-2 218358783 3.33074 3.1226 1e-06 0
0-2-3-5-0-1-2-4-0-0-1-3-0-2-3 1943486327 2.38126 2.18005 2e-06 0
0-2-3-5-0-1-2-4-0-1-2-4-0-0-1 1894734503 2.90244 2.79917 1e-06 0
0-2-3-5-0-1-2-4-0-1-2-4-0-1-2 3655061 1.72371 1.6261 1e-06 0
0-2-3-5-0-1-2-4-0-1-2-4-0-2-3 506118651 1.91673 1.83752 1e-06 0
0-2-3-5-0-1-2-4-0-2-3-5-0-0-1 9318882335 11.7999 11.6645 3e-06 0
0-2-3-5-0-1-2-4-0-2-3-5-0-1-2 255197384 1.03961 0.535524 0 0
0-2-3-5-0-1-2-4-0-2-3-5-0-2-3 2055095988 2.61172 2.46169 1e-06 0
0-2-3-5-0-2-3-5-0-0-1-3-0-0-1 2530088289 3.94615 3.84777 2e-06 0
0-2-3-5-0-2-3-5-0-0-1-3-0-1-2 161408745 1.13315 1.05218 4e-06 0
0-2-3-5-0-2-3-5-0-0-1-3-0-2-3 870458224 0.725443 0.655968 1e-06 0
0-2-3-5-0-2-3-5-0-1-2-4-0-0-1 10914351715 10.6069 10.5439 1e-06 0
0-2-3-5-0-2-3-5-0-1-2-4-0-1-2 40945109 0.901798 0.387851 1e-06 0
0-2-3-5-0-2-3-5-0-1-2-4-0-2-3 2309517773 2.60676 2.22293 1e-06 0
0-2-3-5-0-2-3-5-0-2-3-5-0-0-1 2915519858 3.00092 2.87336 2e-06 0
0-2-3-5-0-2-3-5-0-2-3-5-0-1-2 171400878 0.38899 0.122988 1e-06 0
0-2-3-5-0-2-3-5-0-2-3-5-0-2-3 720236673 0.678632 0.563793 1e-06 0
1-3-0-0-1-3-0-0-1-3-0-0-1-3-0 1419222105 0.778233 0.696198 0 0
1-3-0-0-1-3-0-0-1-3-0-1-2-4-0 6981552054 3.74157 3.60935 1e-06 0
1-3-0-0-1-3-0-0-1-3-0-2-3-5-0 1672292507 1.03381 0.773839 1e-06 0
1-3-0-0-1-3-0-1-2-4-0-0-1-3-0 7987729204 4.45274 4.36486 1e-06 0
1-3-0-0-1-3-0-1-2-4-0-1-2-4-0 1526994749 2.46852 2.18578 1e-06 0
1-3-0-0-1-3-0-1-2-4-0-2-3-5-0 7395941882 3.94728 3.80745 3e-06 0
1-3-0-0-1-3-0-2-3-5-0-0-1-3-0 3772537047 1.6394 1.49976 1e-06 0
1-3-0-0-1-3-0-2-3-5-0-1-2-4-0 13132687846 7.33563 7.25621 1e-06 0
1-3-0-0-1-3-0-2-3-5-0-2-3-5-0 2530088289 1.27293 1.04692 3e-06 0
1-3-0-1-2-4-0-0-1-3-0-0-1-3-0 8528240999 4.00384 3.85239 1e-06 0
1-3-0-1-2-4-0-0-1-3-0-1-2-4-0 24412339572 12.0719 11.9776 3e-06 0
1-3-0-1-2-4-0-0-1-3-0-2-3-5-0 9235067917 5.34576 4.81789 3e-06 0
1-3-0-1-2-4-0-1-2-4-0-0-1-3-0 2048424087 26.8015 25.8629 1e-06 0
1-3-0-1-2-4-0-1-2-4-0-1-2-4-0 162901838 3.87736 3.2851 1e-06 0
1-3-0-1-2-4-0-1-2-4-0-2-3-5-0 1894734503 28.093 28.0026 1e-06 0
1-3-0-1-2-4-0-2-3-5-0-0-1-3-0 16986975289 10.1324 10.0719 1e-06 0
1-3-0-1-2-4-0-2-3-5-0-1-2-4-0 35145744956 31.6435 31.552 2e-06 0
1-3-0-1-2-4-0-2-3-5-0-2-3-5-0 10914351715 6.17806 5.37617 2e-06 0
1-3-0-2-3-5-0-0-1-3-0-0-1-3-0 2936038078 6.69519 1.89737 1e-06 0
1-3-0-2-3-5-0-0-1-3-0-1-2-4-0 12404302670 4.04001 3.63238 1e-06 0
1-3-0-2-3-5-0-0-1-3-0-2-3-5-0 3415726164 1.12418 0.997657 1e-06 0
1-3-0-2-3-5-0-1-2-4-0-0-1-3-0 11787767512 3.92397 3.75089 1e-06 0
1-3-0-2-3-5-0-1-2-4-0-1-2-4-0 2284018485 2.25001 2.05347 1e-06 0
1-3-0-2-3-5-0-1-2-4-0-2-3-5-0 9318882335 3.03157 2.97114 1e-06 0
1-3-0-2-3-5-0-2-3-5-0-0-1-3-0 4348753892 1.25514 1.12537 1e-06 0
1-3-0-2-3-5-0-2-3-5-0-1-2-4-0 13712931524 4.05276 3.98737 2e-06 0
1-3-0-2-3-5-0-2-3-5-0-2-3-5-0 2915519858 1.04828 0.851141 1e-06 0
2-4-0-0-1-3-0-0-1-3-0-0-1-3-0 138163365 0.975697 0.378503 2e-06 0
2-4-0-0-1-3-0-0-1-3-0-1-2-4-0 340624697 0.265013 0.11848 2e-06 0
2-4-0-0-1-3-0-0-1-3-0-2-3-5-0 131792782 0.345448 0.231201 1e-06 0
2-4-0-0-1-3-0-1-2-4-0-0-1-3-0 318472348 0.438437 0.396766 1e-06 0
2-4-0-0-1-3-0-1-2-4-0-1-2-4-0 123397885 0.081497 0.032382 1e-06 0
2-4-0-0-1-3-0-1-2-4-0-2-3-5-0 218358783 1.78618 1.70638 2e-06 0
2-4-0-0-1-3-0-2-3-5-0-0-1-3-0 261962127 0.424974 0.369576 2e-06 0
2-4-0-0-1-3-0-2-3-5-0-1-2-4-0 432860830 1.49006 1.41447 2e-06 0
2-4-0-0-1-3-0-2-3-5-0-2-3-5-0 161408745 0.315664 0.270033 1e-06 0
2-4-0-1-2-4-0-0-1-3-0-0-1-3-0 32064885 2.44198 2.3319 1e-06 0
2-4-0-1-2-4-0-0-1-3-0-1-2-4-0 123397885 0.062766 0.04917 1e-06 0
2-4-0-1-2-4-0-0-1-3-0-2-3-5-0 37830920 0.070903 0.04815 2e-06 0
2-4-0-1-2-4-0-1-2-4-0-0-1-3-0 4858893 0.025074 0.010238 1e-06 0
2-4-0-1-2-4-0-1-2-4-0-1-2-4-0 214540 3.40501 3.18298 1e-06 0
2-4-0-1-2-4-0-1-2-4-0-2-3-5-0 3655061 29.2787 29.2024 0 0
2-4-0-1-2-4-0-2-3-5-0-0-1-3-0 61703686 5.64649 5.53439 1e-06 0
2-4-0-1-2-4-0-2-3-5-0-1-2-4-0 204481511 21.7995 21.2396 2e-06 0
2-4-0-1-2-4-0-2-3-5-0-2-3-5-0 40945109 2.18294 1.2243 1e-06 0
2-4-0-2-3-5-0-0-1-3-0-0-1-3-0 223660339 1.66957 0.556309 3e-06 0
2-4-0-2-3-5-0-0-1-3-0-1-2-4-0 437484879 0.181821 0.130889 2e-06 0
2-4-0-2-3-5-0-0-1-3-0-2-3-5-0 190198833 0.41251 0.197605 1e-06 0
2-4-0-2-3-5-0-1-2-4-0-0-1-3-0 410442979 0.976857 0.883491 2e-06 0
2-4-0-2-3-5-0-1-2-4-0-1-2-4-0 204481511 1.76294 1.72165 2e-06 0
2-4-0-2-3-5-0-1-2-4-0-2-3-5-0 255197384 0.749537 0.708844 2e-06 0
2-4-0-2-3-5-0-2-3-5-0-0-1-3-0 284130311 0.275019 0.227642 2e-06 0
2-4-0-2-3-5-0-2-3-5-0-1-2-4-0 453417926 0.807484 0.767738 1e-06 0
2-4-0-2-3-5-0-2-3-5-0-2-3-5-0 171400878 0.189101 0.161308 1e-06 0
3-5-0-0-1-3-0-0-1-3-0-0-1-3-0 557356291 0.490823 0.420737 2e-06 0
3-5-0-0-1-3-0-0-1-3-0-1-2-4-0 2154511237 2.16212 2.06936 1e-06 0
3-5-0-0-1-3-0-0-1-3-0-2-3-5-0 621471008 0.440251 0.275989 1e-06 0
3-5-0-0-1-3-0-1-2-4-0-0-1-3-0 2251924502 2.88695 2.79156 1e-06 0
3-5-0-0-1-3-0-1-2-4-0-1-2-4-0 558683771 2.08094 1.91284 1e-06 0
3-5-0-0-1-3-0-1-2-4-0-2-3-5-0 1943486327 2.48291 2.38343 3e-06 0
3-5-0-0-1-3-0-2-3-5-0-0-1-3-0 1323919871 1.05876 0.926058 1e-06 0
3-5-0-0-1-3-0-2-3-5-0-1-2-4-0 3706945361 3.8657 3.78464 1e-06 0
3-5-0-0-1-3-0-2-3-5-0-2-3-5-0 870458224 1.03516 0.652267 1e-06 0
3-5-0-1-2-4-0-0-1-3-0-0-1-3-0 2046689750 3.0291 2.9092 1e-06 0
3-5-0-1-2-4-0-0-1-3-0-1-2-4-0 5149393700 5.78595 5.74996 2e-06 0
3-5-0-1-2-4-0-0-1-3-0-2-3-5-0 2059925133 3.83702 3.60896 1e-06 0
3-5-0-1-2-4-0-1-2-4-0-0-1-3-0 571674484 25.8823 25.756 3e-06 0
3-5-0-1-2-4-0-1-2-4-0-1-2-4-0 49992362 3.24673 3.17525 3e-06 0
3-5-0-1-2-4-0-1-2-4-0-2-3-5-0 506118651 27.964 27.8177 2e-06 0
3-5-0-1-2-4-0-2-3-5-0-0-1-3-0 3651237370 6.69963 6.63475 1e-06 0
3-5-0-1-2-4-0-2-3-5-0-1-2-4-0 7067847345 23.008 22.9384 1e-06 0
3-5-0-1-2-4-0-2-3-5-0-2-3-5-0 2309517773 3.91544 3.41637 3e-06 0
3-5-0-2-3-5-0-0-1-3-0-0-1-3-0 775328762 1.60921 0.680648 3e-06 0
3-5-0-2-3-5-0-0-1-3-0-1-2-4-0 2866699894 2.35531 2.17333 1e-06 0
3-5-0-2-3-5-0-0-1-3-0-2-3-5-0 850019208 0.676819 0.58264 2e-06 0
3-5-0-2-3-5-0-1-2-4-0-0-1-3-0 2711106070 2.25814 2.17644 1e-06 0
3-5-0-2-3-5-0-1-2-4-0-1-2-4-0 606916000 1.99081 1.87329 1e-06 0
3-5-0-2-3-5-0-1-2-4-0-2-3-5-0 2055095988 1.97377 1.91129 1e-06 0
3-5-0-2-3-5-0-2-3-5-0-0-1-3-0 1094724705 0.759791 0.684085 2e-06 0
3-5-0-2-3-5-0-2-3-5-0-1-2-4-0 3056988612 2.5731 2.4938 2e-06 0
3-5-0-2-3-5-0-2-3-5-0-2-3-5-0 720236673 0.661713 0.516454 1e-06 0
