0-0-1-3-0-0-1-3-0-0-1-3-0-0-1 1419222105 2.62459 2.52848 1e-06 0
0-0-1-3-0-0-1-3-0-0-1-3-0-1-2 138163365 1.75583 1.62418 2e-06 0
0-0-1-3-0-0-1-3-0-0-1-3-0-2-3 557356291 0.853658 0.725196 1e-06 0
0-0-1-3-0-0-1-3-0-1-2-4-0-0-1 8528240999 15.5975 15.4507 1e-06 0
0-0-1-3-0-0-1-3-0-1-2-4-0-1-2 32064885 1.6107 1.35307 1e-06 0
0-0-1-3-0-0-1-3-0-1-2-4-0-2-3 2046689750 9.41619 9.1457 1e-06 0
0-0-1-3-0-0-1-3-0-2-3-5-0-0-1 2936038078 1.81069 1.68437 2e-06 0
0-0-1-3-0-0-1-3-0-2-3-5-0-1-2 223660339 0.726431 0.528979 1e-06 0
0-0-1-3-0-0-1-3-0-2-3-5-0-2-3 775328762 3.41723 3.28994 0 0
0-0-1-3-0-1-2-4-0-0-1-3-0-0-1 7987729204 12.5969 12.4489 0 0
0-0-1-3-0-1-2-4-0-0-1-3-0-1-2 318472348 1.14458 0.731739 1e-06 0
0-0-1-3-0-1-2-4-0-0-1-3-0-2-3 2251924502 5.304 5.16542 1e-06 0
0-0-1-3-0-1-2-4-0-1-2-4-0-0-1 2048424087 4.71166 4.58197 1e-06 0
0-0-1-3-0-1-2-4-0-1-2-4-0-1-2 4858893 3.00995 2.89155 1e-06 0
0-0-1-3-0-1-2-4-0-1-2-4-0-2-3 571674484 4.84158 4.68422 1e-06 0
0-0-1-3-0-1-2-4-0-2-3-5-0-0-1 11787767512 14.8195 14.6225 1e-06 0
0-0-1-3-0-1-2-4-0-2-3-5-0-1-2 410442979 8.06307 7.6619 2e-06 0
0-0-1-3-0-1-2-4-0-2-3-5-0-2-3 2711106070 15.1056 14.7234 1e-06 0
0-0-1-3-0-2-3-5-0-0-1-3-0-0-1 3772537047 1.7936 1.4698 1e-06 0
0-0-1-3-0-2-3-5-0-0-1-3-0-1-2 261962127 3.15543 3.01004 1e-06 0
0-0-1-3-0-2-3-5-0-0-1-3-0-2-3 1323919871 1.55451 1.34994 1e-06 0
0-0-1-3-0-2-3-5-0-1-2-4-0-0-1 16986975289 16.4966 16.3303 1e-06 0
0-0-1-3-0-2-3-5-0-1-2-4-0-1-2 61703686 1.93547 1.54304 1e-06 0
0-0-1-3-0-2-3-5-0-1-2-4-0-2-3 3651237370 7.94415 7.79717 1e-06 0
0-0-1-3-0-2-3-5-0-2-3-5-0-0-1 4348753892 2.55981 2.44201 1e-06 0
0-0-1-3-0-2-3-5-0-2-3-5-0-1-2 284130311 1.31394 1.07632 1e-06 0
0-0-1-3-0-2-3-5-0-2-3-5-0-2-3 1094724705 2.34481 2.18459 3e-06 0
0-1-2-4-0-0-1-3-0-0-1-3-0-0-1 6981552054 18.3475 18.0512 1e-06 0
0-1-2-4-0-0-1-3-0-0-1-3-0-1-2 340624697 0.378897 0.177409 1e-06 0
0-1-2-4-0-0-1-3-0-0-1-3-0-2-3 2154511237 8.85402 8.71913 1e-06 0
0-1-2-4-0-0-1-3-0-1-2-4-0-0-1 24412339572 49.4419 49.3582 2e-06 0
0-1-2-4-0-0-1-3-0-1-2-4-0-1-2 123397885 0.281891 0.067755 1e-06 0
0-1-2-4-0-0-1-3-0-1-2-4-0-2-3 5149393700 23.7597 23.5877 1e-06 0
0-1-2-4-0-0-1-3-0-2-3-5-0-0-1 12404302670 19.9056 17.6747 0 0
0-1-2-4-0-0-1-3-0-2-3-5-0-1-2 437484879 0.889411 0.488753 1e-06 0
0-1-2-4-0-0-1-3-0-2-3-5-0-2-3 2866699894 17.7144 17.3613 1e-06 0
0-1-2-4-0-1-2-4-0-0-1-3-0-0-1 1526994749 48.5729 48.0089 1e-06 0
0-1-2-4-0-1-2-4-0-0-1-3-0-1-2 123397885 0.276108 0.239758 1e-06 0
0-1-2-4-0-1-2-4-0-0-1-3-0-2-3 558683771 45.8898 45.7029 1e-06 0
0-1-2-4-0-1-2-4-0-1-2-4-0-0-1 162901838 5.815 5.65963 1e-06 0
0-1-2-4-0-1-2-4-0-1-2-4-0-1-2 214540 5.70258 5.61219 1e-06 0
0-1-2-4-0-1-2-4-0-1-2-4-0-2-3 49992362 5.66089 5.5721 1e-06 0
0-1-2-4-0-1-2-4-0-2-3-5-0-0-1 2284018485 49.7377 49.5021 1e-06 0
0-1-2-4-0-1-2-4-0-2-3-5-0-1-2 204481511 47.9594 47.7657 1e-06 0
0-1-2-4-0-1-2-4-0-2-3-5-0-2-3 606916000 49.0624 48.8124 2e-06 0
0-1-2-4-0-2-3-5-0-0-1-3-0-0-1 13132687846 48.1363 48.012 1e-06 0
0-1-2-4-0-2-3-5-0-0-1-3-0-1-2 432860830 18.2455 14.9153 2e-06 0
0-1-2-4-0-2-3-5-0-0-1-3-0-2-3 3706945361 11.0514 10.1255 1e-06 0
0-1-2-4-0-2-3-5-0-1-2-4-0-0-1 35145744956 91.6789 91.4819 1e-06 0
0-1-2-4-0-2-3-5-0-1-2-4-0-1-2 204481511 42.1486 38.7088 1e-06 0
0-1-2-4-0-2-3-5-0-1-2-4-0-2-3 7067847345 43.2604 41.719 1e-06 0
0-1-2-4-0-2-3-5-0-2-3-5-0-0-1 13712931524 31.9281 31.1922 0 0
0-1-2-4-0-2-3-5-0-2-3-5-0-1-2 453417926 4.52264 3.59709 1e-06 0
0-1-2-4-0-2-3-5-0-2-3-5-0-2-3 3056988612 11.5523 11.4628 1e-06 0
0-2-3-5-0-0-1-3-0-0-1-3-0-0-1 1672292507 3.03893 2.9062 0 0
0-2-3-5-0-0-1-3-0-0-1-3-0-1-2 131792782 1.38461 1.29504 1e-06 0
0-2-3-5-0-0-1-3-0-0-1-3-0-2-3 621471008 0.410183 0.326054 1e-06 0
0-2-3-5-0-0-1-3-0-1-2-4-0-0-1 9235067917 18.8029 18.6802 1e-06 0
0-2-3-5-0-0-1-3-0-1-2-4-0-1-2 37830920 0.7237 0.271283 1e-06 0
0-2-3-5-0-0-1-3-0-1-2-4-0-2-3 2059925133 4.27355 4.13272 1e-06 0
0-2-3-5-0-0-1-3-0-2-3-5-0-0-1 3415726164 3.35366 3.27364 2e-06 0
0-2-3-5-0-0-1-3-0-2-3-5-0-1-2 190198833 0.404947 0.274136 3e-06 0
0-2-3-5-0-0-1-3-0-2-3-5-0-2-3 850019208 1.32776 1.22864 1e-06 0
0-2-3-5-0-1-2-4-0-0-1-3-0-0-1 7395941882 22.8875 22.782 1e-06 0
0-2-3-5-0-1-2-4-0-0-1-3-0-1-2 218358783 6.18191 5.81038 1e-06 0
0-2-3-5-0-1-2-4-0-0-1-3-0-2-3 1943486327 4.35341 4.09783 1e-06 0
0-2-3-5-0-1-2-4-0-1-2-4-0-0-1 1894734503 5.26604 5.13837 2e-06 0
0-2-3-5-0-1-2-4-0-1-2-4-0-1-2 3655061 3.06887 2.88451 1e-06 0
0-2-3-5-0-1-2-4-0-1-2-4-0-2-3 506118651 3.37782 3.29692 1e-06 0
0-2-3-5-0-1-2-4-0-2-3-5-0-0-1 9318882335 21.8583 21.7483 2e-06 0
0-2-3-5-0-1-2-4-0-2-3-5-0-1-2 255197384 1.19712 0.948776 1e-06 0
0-2-3-5-0-1-2-4-0-2-3-5-0-2-3 2055095988 4.69496 4.4553 1e-06 0
0-2-3-5-0-2-3-5-0-0-1-3-0-0-1 2530088289 7.4489 7.22583 1e-06 0
0-2-3-5-0-2-3-5-0-0-1-3-0-1-2 161408745 2.01315 1.93299 1e-06 0
0-2-3-5-0-2-3-5-0-0-1-3-0-2-3 870458224 1.29819 1.21337 1e-06 0
0-2-3-5-0-2-3-5-0-1-2-4-0-0-1 10914351715 19.0072 18.9049 2e-06 0
0-2-3-5-0-2-3-5-0-1-2-4-0-1-2 40945109 1.17688 0.679658 1e-06 0
0-2-3-5-0-2-3-5-0-1-2-4-0-2-3 2309517773 4.51822 4.1229 1e-06 0
0-2-3-5-0-2-3-5-0-2-3-5-0-0-1 2915519858 5.52739 5.3308 1e-06 0
0-2-3-5-0-2-3-5-0-2-3-5-0-1-2 171400878 0.390685 0.218848 1e-06 0
0-2-3-5-0-2-3-5-0-2-3-5-0-2-3 720236673 1.14998 1.0682 1e-06 0
1-3-0-0-1-3-0-0-1-3-0-0-1-3-0 1419222105 1.27553 1.14752 1e-06 0
1-3-0-0-1-3-0-0-1-3-0-1-2-4-0 6981552054 5.84645 5.65849 1e-06 0
1-3-0-0-1-3-0-0-1-3-0-2-3-5-0 1672292507 1.54741 1.35858 1e-06 0
1-3-0-0-1-3-0-1-2-4-0-0-1-3-0 7987729204 7.46637 7.25934 1e-06 0
1-3-0-0-1-3-0-1-2-4-0-1-2-4-0 1526994749 4.37819 4.18617 1e-06 0
1-3-0-0-1-3-0-1-2-4-0-2-3-5-0 7395941882 6.6652 6.50051 1e-06 0
1-3-0-0-1-3-0-2-3-5-0-0-1-3-0 3772537047 2.92812 2.66754 1e-06 0
1-3-0-0-1-3-0-2-3-5-0-1-2-4-0 13132687846 11.7828 11.6319 1e-06 0
1-3-0-0-1-3-0-2-3-5-0-2-3-5-0 2530088289 2.41132 2.00916 0 0
1-3-0-1-2-4-0-0-1-3-0-0-1-3-0 8528240999 7.41438 7.18381 1e-06 0
1-3-0-1-2-4-0-0-1-3-0-1-2-4-0 24412339572 18.1256 18.0359 1e-06 0
1-3-0-1-2-4-0-0-1-3-0-2-3-5-0 9235067917 9.62546 9.266 1e-06 0
1-3-0-1-2-4-0-1-2-4-0-0-1-3-0 2048424087 45.784 45.4875 1e-06 0
1-3-0-1-2-4-0-1-2-4-0-1-2-4-0 162901838 5.9654 5.86407 1e-06 0
1-3-0-1-2-4-0-1-2-4-0-2-3-5-0 1894734503 46.1635 45.8655 2e-06 0
1-3-0-1-2-4-0-2-3-5-0-0-1-3-0 16986975289 15.5519 15.4475 1e-06 0
1-3-0-1-2-4-0-2-3-5-0-1-2-4-0 35145744956 48.9674 48.8214 3e-06 0
1-3-0-1-2-4-0-2-3-5-0-2-3-5-0 10914351715 9.68155 9.44248 1e-06 0
1-3-0-2-3-5-0-0-1-3-0-0-1-3-0 2936038078 6.47613 3.21876 1e-06 0
1-3-0-2-3-5-0-0-1-3-0-1-2-4-0 12404302670 6.2392 6.11633 0 0
1-3-0-2-3-5-0-0-1-3-0-2-3-5-0 3415726164 1.94642 1.82875 1e-06 0
1-3-0-2-3-5-0-1-2-4-0-0-1-3-0 11787767512 6.73732 6.5976 3e-06 0
1-3-0-2-3-5-0-1-2-4-0-1-2-4-0 2284018485 3.81183 3.68654 1e-06 0
1-3-0-2-3-5-0-1-2-4-0-2-3-5-0 9318882335 5.88622 5.57131 1e-06 0
1-3-0-2-3-5-0-2-3-5-0-0-1-3-0 4348753892 2.25664 2.15383 1e-06 0
1-3-0-2-3-5-0-2-3-5-0-1-2-4-0 13712931524 7.04088 6.84153 1e-06 0
1-3-0-2-3-5-0-2-3-5-0-2-3-5-0 2915519858 1.66141 1.508 1e-06 0
2-4-0-0-1-3-0-0-1-3-0-0-1-3-0 138163365 0.670018 0.426616 1e-06 0
2-4-0-0-1-3-0-0-1-3-0-1-2-4-0 340624697 0.424146 0.179905 1e-06 0
2-4-0-0-1-3-0-0-1-3-0-2-3-5-0 131792782 1.00246 0.362439 0 0
2-4-0-0-1-3-0-1-2-4-0-0-1-3-0 318472348 0.37258 0.34519 1e-06 0
2-4-0-0-1-3-0-1-2-4-0-1-2-4-0 123397885 0.110403 0.055725 1e-06 0
2-4-0-0-1-3-0-1-2-4-0-2-3-5-0 218358783 2.39185 2.24642 1e-06 0
2-4-0-0-1-3-0-2-3-5-0-0-1-3-0 261962127 0.770506 0.69519 0 0
2-4-0-0-1-3-0-2-3-5-0-1-2-4-0 432860830 2.31647 2.20701 1e-06 0
2-4-0-0-1-3-0-2-3-5-0-2-3-5-0 161408745 0.507883 0.412765 1e-06 0
2-4-0-1-2-4-0-0-1-3-0-0-1-3-0 32064885 4.16473 3.99251 1e-06 0
2-4-0-1-2-4-0-0-1-3-0-1-2-4-0 123397885 0.120349 0.076101 1e-06 0
2-4-0-1-2-4-0-0-1-3-0-2-3-5-0 37830920 0.127037 0.082396 1e-06 0
2-4-0-1-2-4-0-1-2-4-0-0-1-3-0 4858893 0.033124 0.013446 1e-06 0
2-4-0-1-2-4-0-1-2-4-0-1-2-4-0 214540 5.68224 5.56829 0 0
2-4-0-1-2-4-0-1-2-4-0-2-3-5-0 3655061 48.1442 47.9757 1e-06 0
2-4-0-1-2-4-0-2-3-5-0-0-1-3-0 61703686 9.36901 9.26931 2e-06 0
2-4-0-1-2-4-0-2-3-5-0-1-2-4-0 204481511 35.3294 35.106 4e-06 0
2-4-0-1-2-4-0-2-3-5-0-2-3-5-0 40945109 3.07269 2.27288 1e-06 0
2-4-0-2-3-5-0-0-1-3-0-0-1-3-0 223660339 1.5555 1.02148 1e-06 0
2-4-0-2-3-5-0-0-1-3-0-1-2-4-0 437484879 0.274004 0.225504 1e-06 0
2-4-0-2-3-5-0-0-1-3-0-2-3-5-0 190198833 0.722096 0.33734 0 0
2-4-0-2-3-5-0-1-2-4-0-0-1-3-0 410442979 1.49441 1.40992 2e-06 0
2-4-0-2-3-5-0-1-2-4-0-1-2-4-0 204481511 3.0313 2.93749 1e-06 0
2-4-0-2-3-5-0-1-2-4-0-2-3-5-0 255197384 1.2265 1.1246 1e-06 0
2-4-0-2-3-5-0-2-3-5-0-0-1-3-0 284130311 0.429884 0.376608 2e-06 0
2-4-0-2-3-5-0-2-3-5-0-1-2-4-0 453417926 1.25982 1.19956 1e-06 0
2-4-0-2-3-5-0-2-3-5-0-2-3-5-0 171400878 0.296189 0.254139 2e-06 0
3-5-0-0-1-3-0-0-1-3-0-0-1-3-0 557356291 0.835628 0.731544 1e-06 0
3-5-0-0-1-3-0-0-1-3-0-1-2-4-0 2154511237 3.76298 3.61172 1e-06 0
3-5-0-0-1-3-0-0-1-3-0-2-3-5-0 621471008 0.565993 0.470596 2e-06 0
3-5-0-0-1-3-0-1-2-4-0-0-1-3-0 2251924502 4.7449 4.54756 1e-06 0
3-5-0-0-1-3-0-1-2-4-0-1-2-4-0 558683771 3.54775 3.35589 1e-06 0
3-5-0-0-1-3-0-1-2-4-0-2-3-5-0 1943486327 4.40238 4.28957 1e-06 0
3-5-0-0-1-3-0-2-3-5-0-0-1-3-0 1323919871 1.84242 1.6605 2e-06 0
3-5-0-0-1-3-0-2-3-5-0-1-2-4-0 3706945361 6.44873 6.30323 2e-06 0
3-5-0-0-1-3-0-2-3-5-0-2-3-5-0 870458224 1.43749 1.18996 1e-06 0
3-5-0-1-2-4-0-0-1-3-0-0-1-3-0 2046689750 4.989 4.8827 1e-06 0
3-5-0-1-2-4-0-0-1-3-0-1-2-4-0 5149393700 9.24196 9.17899 1e-06 0
3-5-0-1-2-4-0-0-1-3-0-2-3-5-0 2059925133 6.85481 6.62795 2e-06 0
3-5-0-1-2-4-0-1-2-4-0-0-1-3-0 571674484 43.6387 43.1554 1e-06 0
3-5-0-1-2-4-0-1-2-4-0-1-2-4-0 49992362 5.92127 5.77108 2e-06 0
3-5-0-1-2-4-0-1-2-4-0-2-3-5-0 506118651 47.0467 46.8523 1e-06 0
3-5-0-1-2-4-0-2-3-5-0-0-1-3-0 3651237370 10.4481 10.3303 1e-06 0
3-5-0-1-2-4-0-2-3-5-0-1-2-4-0 7067847345 35.2762 35.1477 2e-06 0
3-5-0-1-2-4-0-2-3-5-0-2-3-5-0 2309517773 6.51169 6.26513 3e-06 0
3-5-0-2-3-5-0-0-1-3-0-0-1-3-0 775328762 1.74526 1.19488 1e-06 0
3-5-0-2-3-5-0-0-1-3-0-1-2-4-0 2866699894 4.03919 3.92391 2e-06 0
3-5-0-2-3-5-0-0-1-3-0-2-3-5-0 850019208 1.23844 1.03843 1e-06 0
3-5-0-2-3-5-0-1-2-4-0-0-1-3-0 2711106070 4.0002 3.90431 2e-06 0
3-5-0-2-3-5-0-1-2-4-0-1-2-4-0 606916000 3.48653 3.33516 1e-06 0
3-5-0-2-3-5-0-1-2-4-0-2-3-5-0 2055095988 3.58833 3.47225 1e-06 0
3-5-0-2-3-5-0-2-3-5-0-0-1-3-0 1094724705 1.35205 1.20642 1e-06 0
3-5-0-2-3-5-0-2-3-5-0-1-2-4-0 3056988612 4.05158 3.96505 1e-06 0
3-5-0-2-3-5-0-2-3-5-0-2-3-5-0 720236673 1.03108 0.923585 1e-06 0
