0-0-1-3-0-0-1-3-0 116647351 0.415117 0.392066 1e-06 0
0-0-1-3-0-1-2-4-0 1306671714 1.7937 1.77045 0 0
0-0-1-3-0-2-3-5-0 148793049 0.114422 0.038989 1e-06 0
0-1-2-4-0-0-1-3-0 1306671714 0.384528 0.362861 1e-06 0
0-1-2-4-0-1-2-4-0 62478594 1.74568 1.68582 0 0
0-1-2-4-0-2-3-5-0 1060374840 0.235494 0.213938 1e-06 0
0-2-3-5-0-0-1-3-0 148793049 0.053578 0.034392 1e-06 0
0-2-3-5-0-1-2-4-0 1060374840 0.192846 0.172452 1e-06 0
0-2-3-5-0-2-3-5-0 103574624 0.039853 0.025805 0 0
1-3-0-0-1-3-0-0-1 18776209 0.052806 0.027715 0 0
1-3-0-0-1-3-0-1-2 6077715 0.044004 0.022128 1e-06 0
1-3-0-0-1-3-0-2-3 8863750 0.043656 0.022887 1e-06 0
1-3-0-1-2-4-0-0-1 360430421 0.169296 0.132609 0 0
1-3-0-1-2-4-0-1-2 560269 0.081522 0.060996 1e-06 0
1-3-0-1-2-4-0-2-3 108629855 0.072956 0.053173 0 0
1-3-0-2-3-5-0-0-1 37385083 0.047036 0.030507 0 0
1-3-0-2-3-5-0-1-2 8586696 0.025319 0.012711 1e-06 0
1-3-0-2-3-5-0-2-3 11511089 0.034697 0.018643 1e-06 0
2-4-0-0-1-3-0-0-1 6077715 0.041268 0.022209 0 0
2-4-0-0-1-3-0-1-2 793231 0.014284 0.006962 0 0
2-4-0-0-1-3-0-2-3 2523483 0.019499 0.009132 1e-06 0
2-4-0-1-2-4-0-0-1 560269 0.007812 0.002117 1e-06 0
2-4-0-1-2-4-0-1-2 2309 0.013787 0.005904 0 0
2-4-0-1-2-4-0-2-3 177569 0.007074 0.001911 1e-06 0
2-4-0-2-3-5-0-0-1 8586696 0.032201 0.018102 1e-06 0
2-4-0-2-3-5-0-1-2 1249649 0.016013 0.007895 1e-06 0
2-4-0-2-3-5-0-2-3 2510707 0.028472 0.014433 0 0
3-5-0-0-1-3-0-0-1 8863750 0.03872 0.018492 1e-06 0
3-5-0-0-1-3-0-1-2 2523483 0.027278 0.012942 1e-06 0
3-5-0-0-1-3-0-2-3 4568986 0.02292 0.010484 0 0
3-5-0-1-2-4-0-0-1 108629855 0.094996 0.072074 0 0
3-5-0-1-2-4-0-1-2 177569 0.04205 0.030102 0 0
3-5-0-1-2-4-0-2-3 32570709 0.060552 0.048648 0 0
3-5-0-2-3-5-0-0-1 11511089 0.033398 0.014946 1e-06 0
3-5-0-2-3-5-0-1-2 2510707 0.023546 0.0112 0 0
3-5-0-2-3-5-0-2-3 3674955 0.033411 0.015542 1e-06 0
