0-0-1-3-0-0-1-3-0-0-1 156357361 0.544117 0.512783 2e-06 0
0-0-1-3-0-0-1-3-0-1-2 32064885 0.110432 0.08422 1e-06 0
0-0-1-3-0-0-1-3-0-2-3 72602572 0.072951 0.041494 1e-06 0
0-0-1-3-0-1-2-4-0-0-1 2048424087 2.32191 2.25959 1e-06 0
0-0-1-3-0-1-2-4-0-1-2 4858893 0.113422 0.061872 1e-06 0
0-0-1-3-0-1-2-4-0-2-3 571674484 1.10588 1.06359 2e-06 0
0-0-1-3-0-2-3-5-0-0-1 368626275 0.111787 0.085334 1e-06 0
0-0-1-3-0-2-3-5-0-1-2 61703686 0.062056 0.040554 1e-06 0
0-0-1-3-0-2-3-5-0-2-3 109695304 0.210743 0.163995 1e-06 0
0-1-2-4-0-0-1-3-0-0-1 1526994749 2.12723 2.08246 1e-06 0
0-1-2-4-0-0-1-3-0-1-2 123397885 0.038329 0.02682 0 0
0-1-2-4-0-0-1-3-0-2-3 558683771 0.965273 0.899463 1e-06 0
0-1-2-4-0-1-2-4-0-0-1 162901838 1.39494 1.34577 1e-06 0
0-1-2-4-0-1-2-4-0-1-2 214540 0.024831 0.010868 0 0
0-1-2-4-0-1-2-4-0-2-3 49992362 1.42209 1.34696 1e-06 0
0-1-2-4-0-2-3-5-0-0-1 2284018485 2.9489 2.90259 1e-06 0
0-1-2-4-0-2-3-5-0-1-2 204481511 0.624182 0.497916 2e-06 0
0-1-2-4-0-2-3-5-0-2-3 606916000 0.955068 0.893329 1e-06 0
0-2-3-5-0-0-1-3-0-0-1 203127281 0.275366 0.239627 1e-06 0
0-2-3-5-0-0-1-3-0-1-2 37830920 0.122833 0.087962 1e-06 0
0-2-3-5-0-0-1-3-0-2-3 95160060 0.083725 0.053513 0 0
0-2-3-5-0-1-2-4-0-0-1 1894734503 1.35998 1.3125 0 0
0-2-3-5-0-1-2-4-0-1-2 3655061 0.114957 0.034763 1e-06 0
0-2-3-5-0-1-2-4-0-2-3 506118651 0.302816 0.251252 1e-06 0
0-2-3-5-0-2-3-5-0-0-1 258473495 0.250913 0.173818 1e-06 0
0-2-3-5-0-2-3-5-0-1-2 40945109 0.050931 0.022208 1e-06 0
0-2-3-5-0-2-3-5-0-2-3 76504726 0.10176 0.058237 1e-06 0
1-3-0-0-1-3-0-0-1-3-0 156357361 0.112756 0.080278 1e-06 0
1-3-0-0-1-3-0-1-2-4-0 1526994749 1.33996 1.29469 2e-06 0
1-3-0-0-1-3-0-2-3-5-0 203127281 0.166111 0.088649 0 0
1-3-0-1-2-4-0-0-1-3-0 2048424087 1.23729 1.19752 1e-06 0
1-3-0-1-2-4-0-1-2-4-0 162901838 2.18145 2.0528 1e-06 0
1-3-0-1-2-4-0-2-3-5-0 1894734503 0.739533 0.684684 0 0
1-3-0-2-3-5-0-0-1-3-0 368626275 0.181846 0.090183 1e-06 0
1-3-0-2-3-5-0-1-2-4-0 2284018485 0.844145 0.805216 1e-06 0
1-3-0-2-3-5-0-2-3-5-0 258473495 0.191687 0.070198 0 0
2-4-0-0-1-3-0-0-1-3-0 32064885 0.083885 0.032095 0 0
2-4-0-0-1-3-0-1-2-4-0 123397885 0.036372 0.026345 1e-06 0
2-4-0-0-1-3-0-2-3-5-0 37830920 0.067517 0.036201 1e-06 0
2-4-0-1-2-4-0-0-1-3-0 4858893 0.022087 0.007018 1e-06 0
2-4-0-1-2-4-0-1-2-4-0 214540 0.0078 0.002334 1e-06 0
2-4-0-1-2-4-0-2-3-5-0 3655061 0.451227 0.398891 1e-06 0
2-4-0-2-3-5-0-0-1-3-0 61703686 0.063512 0.031671 1e-06 0
2-4-0-2-3-5-0-1-2-4-0 204481511 0.128332 0.108252 1e-06 0
2-4-0-2-3-5-0-2-3-5-0 40945109 0.033098 0.020919 1e-06 0
3-5-0-0-1-3-0-0-1-3-0 72602572 0.127133 0.059047 1e-06 0
3-5-0-0-1-3-0-1-2-4-0 558683771 0.375114 0.341571 1e-06 0
3-5-0-0-1-3-0-2-3-5-0 95160060 0.090032 0.057428 0 0
3-5-0-1-2-4-0-0-1-3-0 571674484 0.456253 0.422655 0 0
3-5-0-1-2-4-0-1-2-4-0 49992362 1.91529 1.85947 1e-06 0
3-5-0-1-2-4-0-2-3-5-0 506118651 0.368929 0.344235 0 0
3-5-0-2-3-5-0-0-1-3-0 109695304 0.093541 0.059265 0 0
3-5-0-2-3-5-0-1-2-4-0 606916000 0.335388 0.307439 1e-06 0
3-5-0-2-3-5-0-2-3-5-0 76504726 0.074883 0.046275 1e-06 0
