0-0-1-3-0 8295777 0.121 0.046327 1e-06 0.008699
0-1-2-4-0 62478594 1.01281 0.808013 0 0.004859
0-2-3-5-0 5203624 0.041826 0.002905 0 0.002072
1-3-0-0-1 1664545 0.037447 0.00271 0 0.002243
1-3-0-1-2 560269 0.030908 0.001597 1e-06 0.001704
1-3-0-2-3 580033 0.032465 0.001688 1e-06 0.001628
2-4-0-0-1 560269 0.016222 0.001019 0 0.00125
2-4-0-1-2 2309 0.012065 0.000436 0 0.001381
2-4-0-2-3 177569 0.015658 0.00086 1e-06 0.001286
3-5-0-0-1 580033 0.03372 0.002492 0 0.001434
3-5-0-1-2 177569 0.026631 0.000803 0 0.007569
3-5-0-2-3 236289 0.020948 0.000944 0 0.001412
