0-0-1-3-0-0-1-3-0-0-1-3-0-0-1 1419222105 5.72179 1.56456 2e-06 0.076553
0-0-1-3-0-0-1-3-0-0-1-3-0-1-2 138163365 0.683357 0.102368 1e-06 0.05298
0-0-1-3-0-0-1-3-0-0-1-3-0-2-3 557356291 1.37214 0.245905 0 0.013872
0-0-1-3-0-0-1-3-0-1-2-4-0-0-1 8528240999 41.394 17.5315 1e-06 0.013862
0-0-1-3-0-0-1-3-0-1-2-4-0-1-2 32064885 2.58735 0.050646 1e-06 0.053177
0-0-1-3-0-0-1-3-0-1-2-4-0-2-3 2046689750 11.8972 5.18996 1e-06 0.022547
0-0-1-3-0-0-1-3-0-2-3-5-0-0-1 2936038078 14.0333 5.62751 1e-06 0.041408
0-0-1-3-0-0-1-3-0-2-3-5-0-1-2 223660339 1.06974 0.149189 1e-06 0.03534
0-0-1-3-0-0-1-3-0-2-3-5-0-2-3 775328762 2.47456 0.302047 1e-06 0.030755
0-0-1-3-0-1-2-4-0-0-1-3-0-0-1 7987729204 34.4987 16.3397 1e-06 0.023921
0-0-1-3-0-1-2-4-0-0-1-3-0-1-2 318472348 2.00614 0.189228 1e-06 0.049594
0-0-1-3-0-1-2-4-0-0-1-3-0-2-3 2251924502 5.29824 1.04819 1e-06 0.016363
0-0-1-3-0-1-2-4-0-1-2-4-0-0-1 2048424087 4.8233 0.544422 1e-06 0.029195
0-0-1-3-0-1-2-4-0-1-2-4-0-1-2 4858893 0.193635 0.008838 1e-06 0.016402
0-0-1-3-0-1-2-4-0-1-2-4-0-2-3 571674484 1.225 0.181166 1e-06 0.016805
0-0-1-3-0-1-2-4-0-2-3-5-0-0-1 11787767512 41.8654 20.1069 2e-06 0.016602
0-0-1-3-0-1-2-4-0-2-3-5-0-1-2 410442979 2.29052 0.297002 1e-06 0.016158
0-0-1-3-0-1-2-4-0-2-3-5-0-2-3 2711106070 5.65076 1.10787 2e-06 0.016036
0-0-1-3-0-2-3-5-0-0-1-3-0-0-1 3772537047 7.15231 0.833978 2e-06 0.016935
0-0-1-3-0-2-3-5-0-0-1-3-0-1-2 261962127 1.01774 0.121015 1e-06 0.01559
0-0-1-3-0-2-3-5-0-0-1-3-0-2-3 1323919871 2.74991 0.41398 1e-06 0.015455
0-0-1-3-0-2-3-5-0-1-2-4-0-0-1 16986975289 34.823 8.03713 1e-06 0.015352
0-0-1-3-0-2-3-5-0-1-2-4-0-1-2 61703686 5.2456 0.044162 1e-06 0.067554
0-0-1-3-0-2-3-5-0-1-2-4-0-2-3 3651237370 8.54604 1.77012 1e-06 0.020109
0-0-1-3-0-2-3-5-0-2-3-5-0-0-1 4348753892 12.289 3.30585 0 0.013619
0-0-1-3-0-2-3-5-0-2-3-5-0-1-2 284130311 1.2696 0.151787 1e-06 0.01359
0-0-1-3-0-2-3-5-0-2-3-5-0-2-3 1094724705 3.23221 0.32619 1e-06 0.015557
0-1-2-4-0-0-1-3-0-0-1-3-0-0-1 6981552054 16.3056 3.94556 1e-06 0.022625
0-1-2-4-0-0-1-3-0-0-1-3-0-1-2 340624697 1.1388 0.097965 1e-06 0.017576
0-1-2-4-0-0-1-3-0-0-1-3-0-2-3 2154511237 4.37273 0.914052 1e-06 0.01262
0-1-2-4-0-0-1-3-0-1-2-4-0-0-1 24412339572 50.2732 12.9305 1e-06 0.012468
0-1-2-4-0-0-1-3-0-1-2-4-0-1-2 123397885 1.7499 0.091912 1e-06 0.012763
0-1-2-4-0-0-1-3-0-1-2-4-0-2-3 5149393700 9.14985 1.10151 1e-06 0.018518
0-1-2-4-0-0-1-3-0-2-3-5-0-0-1 12404302670 21.498 1.77089 2e-06 0.02315
0-1-2-4-0-0-1-3-0-2-3-5-0-1-2 437484879 1.07191 0.063633 1e-06 0.047739
0-1-2-4-0-0-1-3-0-2-3-5-0-2-3 2866699894 2.62994 0.345813 1e-06 0.013848
0-1-2-4-0-1-2-4-0-0-1-3-0-0-1 1526994749 1.34418 0.182283 1e-06 0.013653
0-1-2-4-0-1-2-4-0-0-1-3-0-1-2 123397885 0.90728 0.023317 1e-06 0.013065
0-1-2-4-0-1-2-4-0-0-1-3-0-2-3 558683771 0.688727 0.074622 1e-06 0.014176
0-1-2-4-0-1-2-4-0-1-2-4-0-0-1 162901838 0.629518 0.026852 1e-06 0.014003
0-1-2-4-0-1-2-4-0-1-2-4-0-1-2 214540 0.077422 0.003637 1e-06 0.02008
0-1-2-4-0-1-2-4-0-1-2-4-0-2-3 49992362 0.359992 0.01253 1e-06 0.013616
0-1-2-4-0-1-2-4-0-2-3-5-0-0-1 2284018485 2.34694 0.428232 2e-06 0.020614
0-1-2-4-0-1-2-4-0-2-3-5-0-1-2 204481511 0.566982 0.029294 1e-06 0.015044
0-1-2-4-0-1-2-4-0-2-3-5-0-2-3 606916000 0.65761 0.080983 1e-06 0.019766
0-1-2-4-0-2-3-5-0-0-1-3-0-0-1 13132687846 26.6158 5.68883 1e-06 0.012294
0-1-2-4-0-2-3-5-0-0-1-3-0-1-2 432860830 2.00555 0.069048 1e-06 0.012454
0-1-2-4-0-2-3-5-0-0-1-3-0-2-3 3706945361 7.93157 2.02682 1e-06 0.012298
0-1-2-4-0-2-3-5-0-1-2-4-0-0-1 35145744956 85.4454 28.5779 2e-06 0.012191
0-1-2-4-0-2-3-5-0-1-2-4-0-1-2 204481511 2.56193 0.23635 2e-06 0.020503
0-1-2-4-0-2-3-5-0-1-2-4-0-2-3 7067847345 12.0458 0.829491 2e-06 0.012755
0-1-2-4-0-2-3-5-0-2-3-5-0-0-1 13712931524 28.0462 4.80283 1e-06 0.012331
0-1-2-4-0-2-3-5-0-2-3-5-0-1-2 453417926 2.25525 0.061597 1e-06 0.012683
0-1-2-4-0-2-3-5-0-2-3-5-0-2-3 3056988612 4.08353 1.43901 1e-06 0.012326
0-2-3-5-0-0-1-3-0-0-1-3-0-0-1 1672292507 3.95018 0.377764 1e-06 0.01313
0-2-3-5-0-0-1-3-0-0-1-3-0-1-2 131792782 0.730738 0.079998 1e-06 0.013394
0-2-3-5-0-0-1-3-0-0-1-3-0-2-3 621471008 0.824753 0.211455 1e-06 0.013278
0-2-3-5-0-0-1-3-0-1-2-4-0-0-1 9235067917 19.6098 3.60885 1e-06 0.012875
0-2-3-5-0-0-1-3-0-1-2-4-0-1-2 37830920 2.15073 0.01909 1e-06 0.012877
0-2-3-5-0-0-1-3-0-1-2-4-0-2-3 2059925133 2.70961 0.891677 1e-06 0.018591
0-2-3-5-0-0-1-3-0-2-3-5-0-0-1 3415726164 7.34456 1.29362 1e-06 0.016237
0-2-3-5-0-0-1-3-0-2-3-5-0-1-2 190198833 0.818889 0.139823 1e-06 0.013433
0-2-3-5-0-0-1-3-0-2-3-5-0-2-3 850019208 1.00897 0.330235 2e-06 0.013331
0-2-3-5-0-1-2-4-0-0-1-3-0-0-1 7395941882 15.434 2.94604 0 0.012718
0-2-3-5-0-1-2-4-0-0-1-3-0-1-2 218358783 1.21248 0.140137 1e-06 0.012964
0-2-3-5-0-1-2-4-0-0-1-3-0-2-3 1943486327 2.47249 0.940008 1e-06 0.013644
0-2-3-5-0-1-2-4-0-1-2-4-0-0-1 1894734503 1.89123 0.543061 1e-06 0.013129
0-2-3-5-0-1-2-4-0-1-2-4-0-1-2 3655061 0.126983 0.006303 1e-06 0.013373
0-2-3-5-0-1-2-4-0-1-2-4-0-2-3 506118651 0.561551 0.147629 1e-06 0.012829
0-2-3-5-0-1-2-4-0-2-3-5-0-0-1 9318882335 26.2848 9.33274 1e-06 0.012772
0-2-3-5-0-1-2-4-0-2-3-5-0-1-2 255197384 1.00764 0.189093 1e-06 0.013257
0-2-3-5-0-1-2-4-0-2-3-5-0-2-3 2055095988 2.50187 0.850749 1e-06 0.014322
0-2-3-5-0-2-3-5-0-0-1-3-0-0-1 2530088289 2.59315 0.523033 1e-06 0.01812
0-2-3-5-0-2-3-5-0-0-1-3-0-1-2 161408745 0.479264 0.075959 0 0.018977
0-2-3-5-0-2-3-5-0-0-1-3-0-2-3 870458224 1.1437 0.279964 1e-06 0.017119
0-2-3-5-0-2-3-5-0-1-2-4-0-0-1 10914351715 23.0474 4.17422 2e-06 0.028364
0-2-3-5-0-2-3-5-0-1-2-4-0-1-2 40945109 2.66488 0.028572 1e-06 0.050012
0-2-3-5-0-2-3-5-0-1-2-4-0-2-3 2309517773 6.57334 1.06621 2e-06 0.028406
0-2-3-5-0-2-3-5-0-2-3-5-0-0-1 2915519858 3.50946 0.776131 1e-06 0.015336
0-2-3-5-0-2-3-5-0-2-3-5-0-1-2 171400878 0.490665 0.092814 1e-06 0.015252
0-2-3-5-0-2-3-5-0-2-3-5-0-2-3 720236673 0.960665 0.232818 1e-06 0.014998
1-3-0-0-1-3-0-0-1-3-0-0-1-3-0 1419222105 1.91163 0.428845 1e-06 0.016154
1-3-0-0-1-3-0-0-1-3-0-1-2-4-0 6981552054 13.2038 2.49499 1e-06 0.01645
1-3-0-0-1-3-0-0-1-3-0-2-3-5-0 1672292507 3.99832 0.376485 1e-06 0.016754
1-3-0-0-1-3-0-1-2-4-0-0-1-3-0 7987729204 15.2828 3.0221 1e-06 0.01673
1-3-0-0-1-3-0-1-2-4-0-1-2-4-0 1526994749 3.47029 0.166697 1e-06 0.016065
1-3-0-0-1-3-0-1-2-4-0-2-3-5-0 7395941882 14.6668 2.32699 0 0.019229
1-3-0-0-1-3-0-2-3-5-0-0-1-3-0 3772537047 9.98766 1.13229 1e-06 0.016022
1-3-0-0-1-3-0-2-3-5-0-1-2-4-0 13132687846 39.7776 13.4518 1e-06 0.015797
1-3-0-0-1-3-0-2-3-5-0-2-3-5-0 2530088289 5.24594 0.731635 1e-06 0.020849
1-3-0-1-2-4-0-0-1-3-0-0-1-3-0 8528240999 16.9576 2.38695 1e-06 0.055049
1-3-0-1-2-4-0-0-1-3-0-1-2-4-0 24412339572 45.9569 8.788 1e-06 0.034965
1-3-0-1-2-4-0-0-1-3-0-2-3-5-0 9235067917 16.922 1.62091 1e-06 0.013726
1-3-0-1-2-4-0-1-2-4-0-0-1-3-0 2048424087 4.15501 0.292597 1e-06 0.013356
1-3-0-1-2-4-0-1-2-4-0-1-2-4-0 162901838 3.18757 0.026883 1e-06 0.018619
1-3-0-1-2-4-0-1-2-4-0-2-3-5-0 1894734503 1.53617 0.243597 1e-06 0.023328
1-3-0-1-2-4-0-2-3-5-0-0-1-3-0 16986975289 32.9203 5.19265 1e-06 0.014372
1-3-0-1-2-4-0-2-3-5-0-1-2-4-0 35145744956 79.6733 21.9314 1e-06 0.013764
1-3-0-1-2-4-0-2-3-5-0-2-3-5-0 10914351715 21.5836 2.08024 1e-06 0.015679
1-3-0-2-3-5-0-0-1-3-0-0-1-3-0 2936038078 9.33707 0.806481 1e-06 0.015772
1-3-0-2-3-5-0-0-1-3-0-1-2-4-0 12404302670 33.9631 9.85671 2e-06 0.019447
1-3-0-2-3-5-0-0-1-3-0-2-3-5-0 3415726164 10.3336 1.17967 1e-06 0.014618
1-3-0-2-3-5-0-1-2-4-0-0-1-3-0 11787767512 23.7775 4.53019 1e-06 0.043841
1-3-0-2-3-5-0-1-2-4-0-1-2-4-0 2284018485 4.78265 0.272711 1e-06 0.023665
1-3-0-2-3-5-0-1-2-4-0-2-3-5-0 9318882335 17.8962 3.0099 1e-06 0.013115
1-3-0-2-3-5-0-2-3-5-0-0-1-3-0 4348753892 9.46271 1.03578 1e-06 0.013348
1-3-0-2-3-5-0-2-3-5-0-1-2-4-0 13712931524 25.4923 4.7435 1e-06 0.013106
1-3-0-2-3-5-0-2-3-5-0-2-3-5-0 2915519858 5.40527 0.613128 1e-06 0.014283
2-4-0-0-1-3-0-0-1-3-0-0-1-3-0 138163365 1.03482 0.11796 1e-06 0.014822
2-4-0-0-1-3-0-0-1-3-0-1-2-4-0 340624697 0.400297 0.064276 1e-06 0.01314
2-4-0-0-1-3-0-0-1-3-0-2-3-5-0 131792782 0.516455 0.085806 1e-06 0.012972
2-4-0-0-1-3-0-1-2-4-0-0-1-3-0 318472348 0.490093 0.169102 1e-06 0.013013
2-4-0-0-1-3-0-1-2-4-0-1-2-4-0 123397885 0.196912 0.021228 1e-06 0.012541
2-4-0-0-1-3-0-1-2-4-0-2-3-5-0 218358783 0.386283 0.109327 1e-06 0.012788
2-4-0-0-1-3-0-2-3-5-0-0-1-3-0 261962127 0.447074 0.115821 1e-06 0.01278
2-4-0-0-1-3-0-2-3-5-0-1-2-4-0 432860830 0.500302 0.067053 1e-06 0.012834
2-4-0-0-1-3-0-2-3-5-0-2-3-5-0 161408745 0.355192 0.070812 0 0.012548
2-4-0-1-2-4-0-0-1-3-0-0-1-3-0 32064885 0.410334 0.023686 1e-06 0.01261
2-4-0-1-2-4-0-0-1-3-0-1-2-4-0 123397885 0.191409 0.019962 1e-06 0.015432
2-4-0-1-2-4-0-0-1-3-0-2-3-5-0 37830920 0.146106 0.01573 1e-06 0.012371
2-4-0-1-2-4-0-1-2-4-0-0-1-3-0 4858893 0.101663 0.006098 1e-06 0.012008
2-4-0-1-2-4-0-1-2-4-0-1-2-4-0 214540 0.048901 0.002942 1e-06 0.011965
2-4-0-1-2-4-0-1-2-4-0-2-3-5-0 3655061 0.054702 0.004775 1e-06 0.0115
2-4-0-1-2-4-0-2-3-5-0-0-1-3-0 61703686 0.167154 0.021975 1e-06 0.012182
2-4-0-1-2-4-0-2-3-5-0-1-2-4-0 204481511 0.277898 0.02652 1e-06 0.011821
2-4-0-1-2-4-0-2-3-5-0-2-3-5-0 40945109 0.124568 0.015578 1e-06 0.012047
2-4-0-2-3-5-0-0-1-3-0-0-1-3-0 223660339 0.645031 0.116168 1e-06 0.012535
2-4-0-2-3-5-0-0-1-3-0-1-2-4-0 437484879 0.504521 0.060602 1e-06 0.012421
2-4-0-2-3-5-0-0-1-3-0-2-3-5-0 190198833 0.370581 0.139864 1e-06 0.014264
2-4-0-2-3-5-0-1-2-4-0-0-1-3-0 410442979 0.616731 0.205271 1e-06 0.012449
2-4-0-2-3-5-0-1-2-4-0-1-2-4-0 204481511 0.20697 0.025663 1e-06 0.013889
2-4-0-2-3-5-0-1-2-4-0-2-3-5-0 255197384 0.406456 0.155055 1e-06 0.012276
2-4-0-2-3-5-0-2-3-5-0-0-1-3-0 284130311 0.422136 0.107719 1e-06 0.012412
2-4-0-2-3-5-0-2-3-5-0-1-2-4-0 453417926 0.847903 0.063958 1e-06 0.014142
2-4-0-2-3-5-0-2-3-5-0-2-3-5-0 171400878 0.250732 0.078731 1e-06 0.013849
3-5-0-0-1-3-0-0-1-3-0-0-1-3-0 557356291 0.691179 0.172082 1e-06 0.013582
3-5-0-0-1-3-0-0-1-3-0-1-2-4-0 2154511237 1.73514 0.26912 1e-06 0.013158
3-5-0-0-1-3-0-0-1-3-0-2-3-5-0 621471008 0.744577 0.153107 0 0.013777
3-5-0-0-1-3-0-1-2-4-0-0-1-3-0 2251924502 2.20977 0.728125 1e-06 0.013124
3-5-0-0-1-3-0-1-2-4-0-1-2-4-0 558683771 0.517173 0.058386 1e-06 0.013569
3-5-0-0-1-3-0-1-2-4-0-2-3-5-0 1943486327 1.78198 0.550642 1e-06 0.013339
3-5-0-0-1-3-0-2-3-5-0-0-1-3-0 1323919871 1.23618 0.270956 1e-06 0.013856
3-5-0-0-1-3-0-2-3-5-0-1-2-4-0 3706945361 7.13894 0.566264 1e-06 0.013029
3-5-0-0-1-3-0-2-3-5-0-2-3-5-0 870458224 0.957808 0.187668 0 0.013671
3-5-0-1-2-4-0-0-1-3-0-0-1-3-0 2046689750 2.54128 1.02577 1e-06 0.013135
3-5-0-1-2-4-0-0-1-3-0-1-2-4-0 5149393700 10.9749 2.34758 1e-06 0.014394
3-5-0-1-2-4-0-0-1-3-0-2-3-5-0 2059925133 2.12291 0.548057 1e-06 0.020154
3-5-0-1-2-4-0-1-2-4-0-0-1-3-0 571674484 0.524863 0.089677 1e-06 0.013427
3-5-0-1-2-4-0-1-2-4-0-1-2-4-0 49992362 0.106622 0.009198 1e-06 0.012507
3-5-0-1-2-4-0-1-2-4-0-2-3-5-0 506118651 0.506104 0.077785 1e-06 0.012906
3-5-0-1-2-4-0-2-3-5-0-0-1-3-0 3651237370 7.48615 1.29827 1e-06 0.012977
3-5-0-1-2-4-0-2-3-5-0-1-2-4-0 7067847345 15.7895 2.86798 1e-06 0.013057
3-5-0-1-2-4-0-2-3-5-0-2-3-5-0 2309517773 3.24404 1.18216 1e-06 0.012635
3-5-0-2-3-5-0-0-1-3-0-0-1-3-0 775328762 0.929627 0.193889 1e-06 0.014715
3-5-0-2-3-5-0-0-1-3-0-1-2-4-0 2866699894 3.1179 0.84462 1e-06 0.013252
3-5-0-2-3-5-0-0-1-3-0-2-3-5-0 850019208 0.98993 0.252328 1e-06 0.015428
3-5-0-2-3-5-0-1-2-4-0-0-1-3-0 2711106070 2.94883 1.0347 1e-06 0.012822
3-5-0-2-3-5-0-1-2-4-0-1-2-4-0 606916000 0.592989 0.064167 1e-06 0.014549
3-5-0-2-3-5-0-1-2-4-0-2-3-5-0 2055095988 2.13451 0.717783 1e-06 0.013771
3-5-0-2-3-5-0-2-3-5-0-0-1-3-0 1094724705 1.02613 0.226334 1e-06 0.015825
3-5-0-2-3-5-0-2-3-5-0-1-2-4-0 3056988612 3.24942 0.854569 1e-06 0.01277
3-5-0-2-3-5-0-2-3-5-0-2-3-5-0 720236673 0.683779 0.160534 1e-06 0.015163
