0-0-1-3-0-0-1 11946758 0.119793 0.018832 1e-06 0.015195
0-0-1-3-0-1-2 4858893 0.084778 0.006431 0 0.013023
0-0-1-3-0-2-3 6055132 0.068303 0.006393 1e-06 0.003189
0-1-2-4-0-0-1 162901838 0.897288 0.52637 0 0.002807
0-1-2-4-0-1-2 214540 0.030343 0.001399 1e-06 0.002835
0-1-2-4-0-2-3 49992362 0.148561 0.012763 0 0.00263
0-2-3-5-0-0-1 13858287 0.095922 0.005555 0 0.013329
0-2-3-5-0-1-2 3655061 0.055933 0.003027 0 0.005546
0-2-3-5-0-2-3 4352217 0.064133 0.004318 1e-06 0.003576
1-3-0-0-1-3-0 11946758 0.109572 0.009405 0 0.00433
1-3-0-1-2-4-0 162901838 0.411325 0.052124 0 0.004091
1-3-0-2-3-5-0 13858287 0.072343 0.006163 0 0.002945
2-4-0-0-1-3-0 4858893 0.051758 0.003911 0 0.009351
2-4-0-1-2-4-0 214540 0.02015 0.000998 1e-06 0.002555
2-4-0-2-3-5-0 3655061 0.025529 0.00256 0 0.00249
3-5-0-0-1-3-0 6055132 0.049129 0.003809 0 0.002767
3-5-0-1-2-4-0 49992362 0.130422 0.007913 0 0.002646
3-5-0-2-3-5-0 4352217 0.038603 0.002556 0 0.002663
