0-0-1-3-0-0-1-3-0-0-1-3-0-0-1 1419222105 4.41037 1.25668 1e-06 0.057419
0-0-1-3-0-0-1-3-0-0-1-3-0-1-2 138163365 0.759257 0.186938 0 0.039073
0-0-1-3-0-0-1-3-0-0-1-3-0-2-3 557356291 1.51381 0.385737 1e-06 0.014663
0-0-1-3-0-0-1-3-0-1-2-4-0-0-1 8528240999 26.0394 5.88574 1e-06 0.014069
0-0-1-3-0-0-1-3-0-1-2-4-0-1-2 32064885 2.32042 0.060999 1e-06 0.046833
0-0-1-3-0-0-1-3-0-1-2-4-0-2-3 2046689750 8.09337 2.57919 2e-06 0.02868
0-0-1-3-0-0-1-3-0-2-3-5-0-0-1 2936038078 7.99286 1.79374 1e-06 0.041892
0-0-1-3-0-0-1-3-0-2-3-5-0-1-2 223660339 1.1967 0.249459 1e-06 0.014758
0-0-1-3-0-0-1-3-0-2-3-5-0-2-3 775328762 2.00074 0.535189 1e-06 0.018911
0-0-1-3-0-1-2-4-0-0-1-3-0-0-1 7987729204 20.3617 5.39484 1e-06 0.040181
0-0-1-3-0-1-2-4-0-0-1-3-0-1-2 318472348 2.00966 0.321729 0 0.053707
0-0-1-3-0-1-2-4-0-0-1-3-0-2-3 2251924502 5.3044 1.61072 1e-06 0.014387
0-0-1-3-0-1-2-4-0-1-2-4-0-0-1 2048424087 6.78806 1.08643 1e-06 0.056622
0-0-1-3-0-1-2-4-0-1-2-4-0-1-2 4858893 0.276798 0.02868 2e-06 0.019568
0-0-1-3-0-1-2-4-0-1-2-4-0-2-3 571674484 1.8101 0.37354 2e-06 0.080177
0-0-1-3-0-1-2-4-0-2-3-5-0-0-1 11787767512 37.1115 10.9088 1e-06 0.020731
0-0-1-3-0-1-2-4-0-2-3-5-0-1-2 410442979 2.60339 0.520558 2e-06 0.056926
0-0-1-3-0-1-2-4-0-2-3-5-0-2-3 2711106070 7.52144 2.14212 1e-06 0.01954
0-0-1-3-0-2-3-5-0-0-1-3-0-0-1 3772537047 12.3552 2.42484 1e-06 0.021738
0-0-1-3-0-2-3-5-0-0-1-3-0-1-2 261962127 1.47681 0.249331 1e-06 0.019232
0-0-1-3-0-2-3-5-0-0-1-3-0-2-3 1323919871 3.94167 0.880446 1e-06 0.020038
0-0-1-3-0-2-3-5-0-1-2-4-0-0-1 16986975289 53.9713 14.7367 2e-06 0.017253
0-0-1-3-0-2-3-5-0-1-2-4-0-1-2 61703686 4.69316 0.071429 1e-06 0.054446
0-0-1-3-0-2-3-5-0-1-2-4-0-2-3 3651237370 11.8288 3.19013 1e-06 0.02421
0-0-1-3-0-2-3-5-0-2-3-5-0-0-1 4348753892 11.0701 2.16254 1e-06 0.018952
0-0-1-3-0-2-3-5-0-2-3-5-0-1-2 284130311 1.01654 0.249169 2e-06 0.016756
0-0-1-3-0-2-3-5-0-2-3-5-0-2-3 1094724705 2.99056 0.666827 1e-06 0.016519
0-1-2-4-0-0-1-3-0-0-1-3-0-0-1 6981552054 18.9865 6.52371 1e-06 0.021817
0-1-2-4-0-0-1-3-0-0-1-3-0-1-2 340624697 1.26649 0.112902 1e-06 0.04499
0-1-2-4-0-0-1-3-0-0-1-3-0-2-3 2154511237 4.1202 0.495047 1e-06 0.013734
0-1-2-4-0-0-1-3-0-1-2-4-0-0-1 24412339572 55.8793 16.753 1e-06 0.01284
0-1-2-4-0-0-1-3-0-1-2-4-0-1-2 123397885 1.18388 0.042086 1e-06 0.043809
0-1-2-4-0-0-1-3-0-1-2-4-0-2-3 5149393700 9.11969 1.10323 1e-06 0.013384
0-1-2-4-0-0-1-3-0-2-3-5-0-0-1 12404302670 22.7233 2.74113 1e-06 0.01327
0-1-2-4-0-0-1-3-0-2-3-5-0-1-2 437484879 1.20627 0.099659 1e-06 0.012559
0-1-2-4-0-0-1-3-0-2-3-5-0-2-3 2866699894 4.79158 0.632774 1e-06 0.012707
0-1-2-4-0-1-2-4-0-0-1-3-0-0-1 1526994749 1.59831 0.326292 1e-06 0.011878
0-1-2-4-0-1-2-4-0-0-1-3-0-1-2 123397885 0.260117 0.036734 1e-06 0.011834
0-1-2-4-0-1-2-4-0-0-1-3-0-2-3 558683771 0.794884 0.127712 1e-06 0.011954
0-1-2-4-0-1-2-4-0-1-2-4-0-0-1 162901838 0.538849 0.045414 1e-06 0.014482
0-1-2-4-0-1-2-4-0-1-2-4-0-1-2 214540 0.069161 0.003466 1e-06 0.011626
0-1-2-4-0-1-2-4-0-1-2-4-0-2-3 49992362 0.55311 0.021135 1e-06 0.011276
0-1-2-4-0-1-2-4-0-2-3-5-0-0-1 2284018485 1.82478 0.462214 1e-06 0.011745
0-1-2-4-0-1-2-4-0-2-3-5-0-1-2 204481511 0.238719 0.048227 1e-06 0.011709
0-1-2-4-0-1-2-4-0-2-3-5-0-2-3 606916000 0.560251 0.133885 1e-06 0.012217
0-1-2-4-0-2-3-5-0-0-1-3-0-0-1 13132687846 31.1409 8.57473 1e-06 0.012451
0-1-2-4-0-2-3-5-0-0-1-3-0-1-2 432860830 2.16149 0.121979 1e-06 0.012491
0-1-2-4-0-2-3-5-0-0-1-3-0-2-3 3706945361 9.89925 3.71974 1e-06 0.012503
0-1-2-4-0-2-3-5-0-1-2-4-0-0-1 35145744956 107.163 46.0825 1e-06 0.025083
0-1-2-4-0-2-3-5-0-1-2-4-0-1-2 204481511 2.30836 0.11987 2e-06 0.037243
0-1-2-4-0-2-3-5-0-1-2-4-0-2-3 7067847345 13.5778 1.46379 1e-06 0.013505
0-1-2-4-0-2-3-5-0-2-3-5-0-0-1 13712931524 31.7189 8.48281 1e-06 0.012136
0-1-2-4-0-2-3-5-0-2-3-5-0-1-2 453417926 1.82705 0.109804 0 0.011964
0-1-2-4-0-2-3-5-0-2-3-5-0-2-3 3056988612 5.39488 2.66532 1e-06 0.016153
0-2-3-5-0-0-1-3-0-0-1-3-0-0-1 1672292507 3.2909 0.635407 1e-06 0.013826
0-2-3-5-0-0-1-3-0-0-1-3-0-1-2 131792782 0.578586 0.137244 0 0.013635
0-2-3-5-0-0-1-3-0-0-1-3-0-2-3 621471008 0.923113 0.35906 0 0.013848
0-2-3-5-0-0-1-3-0-1-2-4-0-0-1 9235067917 20.0122 5.39831 1e-06 0.013245
0-2-3-5-0-0-1-3-0-1-2-4-0-1-2 37830920 1.78768 0.027389 1e-06 0.013415
0-2-3-5-0-0-1-3-0-1-2-4-0-2-3 2059925133 3.31384 1.66359 1e-06 0.013535
0-2-3-5-0-0-1-3-0-2-3-5-0-0-1 3415726164 4.7111 2.01163 1e-06 0.014464
0-2-3-5-0-0-1-3-0-2-3-5-0-1-2 190198833 0.833233 0.270573 1e-06 0.013863
0-2-3-5-0-0-1-3-0-2-3-5-0-2-3 850019208 1.29027 0.596068 1e-06 0.01376
0-2-3-5-0-1-2-4-0-0-1-3-0-0-1 7395941882 15.659 4.19877 0 0.013188
0-2-3-5-0-1-2-4-0-0-1-3-0-1-2 218358783 1.29193 0.229969 1e-06 0.021801
0-2-3-5-0-1-2-4-0-0-1-3-0-2-3 1943486327 2.64697 1.43768 1e-06 0.012764
0-2-3-5-0-1-2-4-0-1-2-4-0-0-1 1894734503 2.12296 0.764706 1e-06 0.032783
0-2-3-5-0-1-2-4-0-1-2-4-0-1-2 3655061 0.121187 0.008052 1e-06 0.012639
0-2-3-5-0-1-2-4-0-1-2-4-0-2-3 506118651 0.723577 0.266838 1e-06 0.012286
0-2-3-5-0-1-2-4-0-2-3-5-0-0-1 9318882335 20.2361 6.31733 1e-06 0.012563
0-2-3-5-0-1-2-4-0-2-3-5-0-1-2 255197384 1.26534 0.296389 0 0.014472
0-2-3-5-0-1-2-4-0-2-3-5-0-2-3 2055095988 4.04403 1.55768 1e-06 0.012754
0-2-3-5-0-2-3-5-0-0-1-3-0-0-1 2530088289 2.91446 0.880398 1e-06 0.013769
0-2-3-5-0-2-3-5-0-0-1-3-0-1-2 161408745 0.558288 0.13778 1e-06 0.013642
0-2-3-5-0-2-3-5-0-0-1-3-0-2-3 870458224 1.18488 0.522098 1e-06 0.01334
0-2-3-5-0-2-3-5-0-1-2-4-0-0-1 10914351715 22.8581 6.28733 1e-06 0.012862
0-2-3-5-0-2-3-5-0-1-2-4-0-1-2 40945109 2.16657 0.045227 1e-06 0.012804
0-2-3-5-0-2-3-5-0-1-2-4-0-2-3 2309517773 4.04021 1.78494 1e-06 0.014455
0-2-3-5-0-2-3-5-0-2-3-5-0-0-1 2915519858 4.54634 1.1232 1e-06 0.013301
0-2-3-5-0-2-3-5-0-2-3-5-0-1-2 171400878 0.544239 0.141156 0 0.012994
0-2-3-5-0-2-3-5-0-2-3-5-0-2-3 720236673 0.94633 0.390175 1e-06 0.012879
1-3-0-0-1-3-0-0-1-3-0-0-1-3-0 1419222105 1.62419 0.603596 1e-06 0.014828
1-3-0-0-1-3-0-0-1-3-0-1-2-4-0 6981552054 12.7794 2.30641 0 0.014892
1-3-0-0-1-3-0-0-1-3-0-2-3-5-0 1672292507 2.80849 0.644439 1e-06 0.014903
1-3-0-0-1-3-0-1-2-4-0-0-1-3-0 7987729204 18.121 4.11421 1e-06 0.014713
1-3-0-0-1-3-0-1-2-4-0-1-2-4-0 1526994749 2.34205 0.332336 1e-06 0.014024
1-3-0-0-1-3-0-1-2-4-0-2-3-5-0 7395941882 18.2607 3.56902 1e-06 0.022188
1-3-0-0-1-3-0-2-3-5-0-0-1-3-0 3772537047 5.3464 1.32687 0 0.018968
1-3-0-0-1-3-0-2-3-5-0-1-2-4-0 13132687846 26.3416 5.46799 1e-06 0.034736
1-3-0-0-1-3-0-2-3-5-0-2-3-5-0 2530088289 9.32837 0.746236 1e-06 0.026016
1-3-0-1-2-4-0-0-1-3-0-0-1-3-0 8528240999 21.0384 2.90855 1e-06 0.017572
1-3-0-1-2-4-0-0-1-3-0-1-2-4-0 24412339572 51.548 9.10256 1e-06 0.01634
1-3-0-1-2-4-0-0-1-3-0-2-3-5-0 9235067917 21.7407 3.25126 1e-06 0.054614
1-3-0-1-2-4-0-1-2-4-0-0-1-3-0 2048424087 3.66576 0.447194 1e-06 0.013264
1-3-0-1-2-4-0-1-2-4-0-1-2-4-0 162901838 2.35434 0.036385 1e-06 0.0125
1-3-0-1-2-4-0-1-2-4-0-2-3-5-0 1894734503 1.92787 0.400398 0 0.013128
1-3-0-1-2-4-0-2-3-5-0-0-1-3-0 16986975289 34.3481 5.73082 1e-06 0.012936
1-3-0-1-2-4-0-2-3-5-0-1-2-4-0 35145744956 96.5526 29.391 1e-06 0.01267
1-3-0-1-2-4-0-2-3-5-0-2-3-5-0 10914351715 21.416 3.07497 2e-06 0.055665
1-3-0-2-3-5-0-0-1-3-0-0-1-3-0 2936038078 11.4872 1.1401 1e-06 0.017068
1-3-0-2-3-5-0-0-1-3-0-1-2-4-0 12404302670 25.1611 3.64459 1e-06 0.016982
1-3-0-2-3-5-0-0-1-3-0-2-3-5-0 3415726164 11.4481 1.97894 1e-06 0.016799
1-3-0-2-3-5-0-1-2-4-0-0-1-3-0 11787767512 24.1828 5.86144 1e-06 0.015388
1-3-0-2-3-5-0-1-2-4-0-1-2-4-0 2284018485 4.43367 0.430211 1e-06 0.068129
1-3-0-2-3-5-0-1-2-4-0-2-3-5-0 9318882335 18.9165 4.23211 1e-06 0.01492
1-3-0-2-3-5-0-2-3-5-0-0-1-3-0 4348753892 9.35806 1.38601 0 0.013253
1-3-0-2-3-5-0-2-3-5-0-1-2-4-0 13712931524 27.9421 6.07201 1e-06 0.013223
1-3-0-2-3-5-0-2-3-5-0-2-3-5-0 2915519858 9.91017 0.964198 0 0.013287
2-4-0-0-1-3-0-0-1-3-0-0-1-3-0 138163365 0.959573 0.179253 1e-06 0.017114
2-4-0-0-1-3-0-0-1-3-0-1-2-4-0 340624697 0.87957 0.104967 1e-06 0.013249
2-4-0-0-1-3-0-0-1-3-0-2-3-5-0 131792782 0.818341 0.158947 1e-06 0.016137
2-4-0-0-1-3-0-1-2-4-0-0-1-3-0 318472348 0.55181 0.285438 1e-06 0.012777
2-4-0-0-1-3-0-1-2-4-0-1-2-4-0 123397885 0.239427 0.031318 1e-06 0.012567
2-4-0-0-1-3-0-1-2-4-0-2-3-5-0 218358783 0.400085 0.202614 0 0.012593
2-4-0-0-1-3-0-2-3-5-0-0-1-3-0 261962127 0.438559 0.191737 1e-06 0.013001
2-4-0-0-1-3-0-2-3-5-0-1-2-4-0 432860830 0.530775 0.098971 1e-06 0.012826
2-4-0-0-1-3-0-2-3-5-0-2-3-5-0 161408745 0.388643 0.121254 1e-06 0.012852
2-4-0-1-2-4-0-0-1-3-0-0-1-3-0 32064885 0.177184 0.037652 1e-06 0.012131
2-4-0-1-2-4-0-0-1-3-0-1-2-4-0 123397885 0.183762 0.03136 1e-06 0.011781
2-4-0-1-2-4-0-0-1-3-0-2-3-5-0 37830920 0.148491 0.026882 0 0.011895
2-4-0-1-2-4-0-1-2-4-0-0-1-3-0 4858893 0.072608 0.009018 1e-06 0.01116
2-4-0-1-2-4-0-1-2-4-0-1-2-4-0 214540 0.053834 0.003242 1e-06 0.010987
2-4-0-1-2-4-0-1-2-4-0-2-3-5-0 3655061 0.061151 0.00656 1e-06 0.010983
2-4-0-1-2-4-0-2-3-5-0-0-1-3-0 61703686 0.246781 0.040259 0 0.011521
2-4-0-1-2-4-0-2-3-5-0-1-2-4-0 204481511 0.222211 0.045859 0 0.011236
2-4-0-1-2-4-0-2-3-5-0-2-3-5-0 40945109 0.125206 0.033692 1e-06 0.011425
2-4-0-2-3-5-0-0-1-3-0-0-1-3-0 223660339 0.489019 0.216286 1e-06 0.012974
2-4-0-2-3-5-0-0-1-3-0-1-2-4-0 437484879 1.21187 0.0964 1e-06 0.017672
2-4-0-2-3-5-0-0-1-3-0-2-3-5-0 190198833 0.528309 0.264874 1e-06 0.021448
2-4-0-2-3-5-0-1-2-4-0-0-1-3-0 410442979 0.700492 0.387361 1e-06 0.011993
2-4-0-2-3-5-0-1-2-4-0-1-2-4-0 204481511 0.254521 0.044684 0 0.011767
2-4-0-2-3-5-0-1-2-4-0-2-3-5-0 255197384 0.48855 0.284313 1e-06 0.011828
2-4-0-2-3-5-0-2-3-5-0-0-1-3-0 284130311 0.469476 0.199113 1e-06 0.012236
2-4-0-2-3-5-0-2-3-5-0-1-2-4-0 453417926 0.451697 0.097352 1e-06 0.012161
2-4-0-2-3-5-0-2-3-5-0-2-3-5-0 171400878 0.300367 0.130075 1e-06 0.012093
3-5-0-0-1-3-0-0-1-3-0-0-1-3-0 557356291 0.90629 0.307644 1.5e-05 0.013809
3-5-0-0-1-3-0-0-1-3-0-1-2-4-0 2154511237 2.14325 0.510285 1e-06 0.013779
3-5-0-0-1-3-0-0-1-3-0-2-3-5-0 621471008 0.955247 0.27159 1e-06 0.013732
3-5-0-0-1-3-0-1-2-4-0-0-1-3-0 2251924502 2.78567 1.29748 0 0.013589
3-5-0-0-1-3-0-1-2-4-0-1-2-4-0 558683771 0.624357 0.10027 1e-06 0.012934
3-5-0-0-1-3-0-1-2-4-0-2-3-5-0 1943486327 2.29205 0.93323 1e-06 0.012786
3-5-0-0-1-3-0-2-3-5-0-0-1-3-0 1323919871 4.10442 0.464223 0 0.01358
3-5-0-0-1-3-0-2-3-5-0-1-2-4-0 3706945361 6.97073 0.946544 1e-06 0.013655
3-5-0-0-1-3-0-2-3-5-0-2-3-5-0 870458224 1.60974 0.360669 0 0.013489
3-5-0-1-2-4-0-0-1-3-0-0-1-3-0 2046689750 2.96396 1.53087 1e-06 0.012601
3-5-0-1-2-4-0-0-1-3-0-1-2-4-0 5149393700 9.65431 1.31447 0 0.013046
3-5-0-1-2-4-0-0-1-3-0-2-3-5-0 2059925133 2.36034 0.697536 1e-06 0.021603
3-5-0-1-2-4-0-1-2-4-0-0-1-3-0 571674484 0.643279 0.158547 1e-06 0.018954
3-5-0-1-2-4-0-1-2-4-0-1-2-4-0 49992362 0.133213 0.017778 1e-06 0.012393
3-5-0-1-2-4-0-1-2-4-0-2-3-5-0 506118651 0.533969 0.135659 1e-06 0.011954
3-5-0-1-2-4-0-2-3-5-0-0-1-3-0 3651237370 7.7877 1.98665 0 0.011874
3-5-0-1-2-4-0-2-3-5-0-1-2-4-0 7067847345 13.7727 1.98786 2e-06 0.019774
3-5-0-1-2-4-0-2-3-5-0-2-3-5-0 2309517773 3.78013 1.57318 1e-06 0.013626
3-5-0-2-3-5-0-0-1-3-0-0-1-3-0 775328762 1.00335 0.290969 1e-06 0.012829
3-5-0-2-3-5-0-0-1-3-0-1-2-4-0 2866699894 2.34405 0.531238 1e-06 0.012625
3-5-0-2-3-5-0-0-1-3-0-2-3-5-0 850019208 1.18575 0.399621 1e-06 0.013187
3-5-0-2-3-5-0-1-2-4-0-0-1-3-0 2711106070 2.9707 1.26 1e-06 0.012283
3-5-0-2-3-5-0-1-2-4-0-1-2-4-0 606916000 0.893003 0.100232 1e-06 0.012452
3-5-0-2-3-5-0-1-2-4-0-2-3-5-0 2055095988 2.21859 0.931625 1e-06 0.011965
3-5-0-2-3-5-0-2-3-5-0-0-1-3-0 1094724705 1.65163 0.302782 3e-06 0.012871
3-5-0-2-3-5-0-2-3-5-0-1-2-4-0 3056988612 2.59 0.549411 0 0.012145
3-5-0-2-3-5-0-2-3-5-0-2-3-5-0 720236673 0.921762 0.231844 0 0.013592
