0-0-1-3-0-0-1-3-0 116647351 0.760472 0.329528 1e-06 0.02643
0-0-1-3-0-1-2-4-0 1306671714 8.98892 5.30888 0 0.022216
0-0-1-3-0-2-3-5-0 148793049 0.728929 0.041119 1e-06 0.037508
0-1-2-4-0-0-1-3-0 1306671714 5.67789 1.45205 0 0.018056
0-1-2-4-0-1-2-4-0 62478594 0.325998 0.03392 1e-06 0.01202
0-1-2-4-0-2-3-5-0 1060374840 3.81761 1.39311 1e-06 0.009225
0-2-3-5-0-0-1-3-0 148793049 0.423419 0.026935 0 0.039963
0-2-3-5-0-1-2-4-0 1060374840 3.95156 0.553265 0 0.004555
0-2-3-5-0-2-3-5-0 103574624 0.521981 0.046414 0 0.051037
1-3-0-0-1-3-0-0-1 18776209 0.187572 0.012444 1e-06 0.013069
1-3-0-0-1-3-0-1-2 6077715 0.120125 0.008463 0 0.008555
1-3-0-0-1-3-0-2-3 8863750 0.113885 0.008828 1e-06 0.005752
1-3-0-1-2-4-0-0-1 360430421 1.15996 0.07091 0 0.00608
1-3-0-1-2-4-0-1-2 560269 0.051132 0.003126 1e-06 0.004979
1-3-0-1-2-4-0-2-3 108629855 0.26593 0.024874 1e-06 0.004741
1-3-0-2-3-5-0-0-1 37385083 0.141552 0.012662 0 0.005093
1-3-0-2-3-5-0-1-2 8586696 0.088401 0.009459 0 0.004929
1-3-0-2-3-5-0-2-3 11511089 0.082131 0.006775 0 0.004984
2-4-0-0-1-3-0-0-1 6077715 0.066805 0.007255 0 0.004848
2-4-0-0-1-3-0-1-2 793231 0.052921 0.004297 1e-06 0.012038
2-4-0-0-1-3-0-2-3 2523483 0.051122 0.005493 0 0.004765
2-4-0-1-2-4-0-0-1 560269 0.035158 0.002001 0 0.00545
2-4-0-1-2-4-0-1-2 2309 0.025889 0.001345 1e-06 0.004515
2-4-0-1-2-4-0-2-3 177569 0.028947 0.002068 0 0.0045
2-4-0-2-3-5-0-0-1 8586696 0.054175 0.005658 0 0.004531
2-4-0-2-3-5-0-1-2 1249649 0.045677 0.002906 1e-06 0.012244
2-4-0-2-3-5-0-2-3 2510707 0.039203 0.00368 0 0.004506
3-5-0-0-1-3-0-0-1 8863750 0.079588 0.007156 0 0.004942
3-5-0-0-1-3-0-1-2 2523483 0.059821 0.005194 1e-06 0.005115
3-5-0-0-1-3-0-2-3 4568986 0.065077 0.005455 0 0.004933
3-5-0-1-2-4-0-0-1 108629855 0.23341 0.024201 0 0.004698
3-5-0-1-2-4-0-1-2 177569 0.039014 0.001782 0 0.004749
3-5-0-1-2-4-0-2-3 32570709 0.098697 0.009093 0 0.004624
3-5-0-2-3-5-0-0-1 11511089 0.068139 0.004611 0 0.004732
3-5-0-2-3-5-0-1-2 2510707 0.049066 0.003537 0 0.004761
3-5-0-2-3-5-0-2-3 3674955 0.058543 0.003894 1e-06 0.004708
