0-0-1-3-0-0-1-3-0-0-1-3-0 1200719971 4.29432 1.45659 0 0.044268
0-0-1-3-0-0-1-3-0-1-2-4-0 6268640177 15.3441 3.50369 1e-06 0.053666
0-0-1-3-0-0-1-3-0-2-3-5-0 1411253161 5.39991 0.398011 1e-06 0.013787
0-0-1-3-0-1-2-4-0-0-1-3-0 7143745039 19.4029 3.08907 1e-06 0.043169
0-0-1-3-0-1-2-4-0-1-2-4-0 1306671714 3.13304 0.304912 1e-06 0.038518
0-0-1-3-0-1-2-4-0-2-3-5-0 6798970777 15.5379 2.73059 1e-06 0.017743
0-0-1-3-0-2-3-5-0-0-1-3-0 3197405526 7.69516 1.37937 1e-06 0.041242
0-0-1-3-0-2-3-5-0-1-2-4-0 12244116763 39.2045 16.2031 0 0.010337
0-0-1-3-0-2-3-5-0-2-3-5-0 2119598948 7.80843 0.751706 1e-06 0.028259
0-1-2-4-0-0-1-3-0-0-1-3-0 6268640177 14.9955 2.47131 1e-06 0.02082
0-1-2-4-0-0-1-3-0-1-2-4-0 19647442637 65.2921 27.4771 1e-06 0.009663
0-1-2-4-0-0-1-3-0-2-3-5-0 7169468361 13.8596 1.56302 0 0.010108
0-1-2-4-0-1-2-4-0-0-1-3-0 1306671714 1.43652 0.232014 2e-06 0.01052
0-1-2-4-0-1-2-4-0-1-2-4-0 62478594 0.356346 0.01647 1e-06 0.015245
0-1-2-4-0-1-2-4-0-2-3-5-0 1060374840 0.950877 0.150952 1e-06 0.018922
0-1-2-4-0-2-3-5-0-0-1-3-0 12244116763 24.2092 4.06538 0 0.018584
0-1-2-4-0-2-3-5-0-1-2-4-0 29301429046 61.4499 16.1978 1e-06 0.026437
0-1-2-4-0-2-3-5-0-2-3-5-0 8007804094 17.6004 2.24911 1e-06 0.009965
0-2-3-5-0-0-1-3-0-0-1-3-0 1411253161 3.75011 0.293949 0 0.01021
0-2-3-5-0-0-1-3-0-1-2-4-0 7169468361 15.1577 1.6457 1e-06 0.010175
0-2-3-5-0-0-1-3-0-2-3-5-0 1749579324 6.21135 0.696654 1e-06 0.010431
0-2-3-5-0-1-2-4-0-0-1-3-0 6798970777 14.0241 2.42032 1e-06 0.010151
0-2-3-5-0-1-2-4-0-1-2-4-0 1060374840 1.67476 0.145986 0 0.010305
0-2-3-5-0-1-2-4-0-2-3-5-0 5692292682 11.3286 1.77958 1e-06 0.010385
0-2-3-5-0-2-3-5-0-0-1-3-0 2119598948 4.33578 0.39981 1e-06 0.010297
0-2-3-5-0-2-3-5-0-1-2-4-0 8007804094 15.8852 2.63772 0 0.011057
0-2-3-5-0-2-3-5-0-2-3-5-0 1435985598 1.76981 0.275019 1e-06 0.015325
1-3-0-0-1-3-0-0-1-3-0-0-1 211653511 1.1332 0.139912 1e-06 0.01138
1-3-0-0-1-3-0-0-1-3-0-1-2 37465054 0.442997 0.02523 0 0.011444
1-3-0-0-1-3-0-0-1-3-0-2-3 94494222 0.404981 0.039574 1e-06 0.011313
1-3-0-0-1-3-0-1-2-4-0-0-1 2435153216 5.68288 0.943955 1e-06 0.011099
1-3-0-0-1-3-0-1-2-4-0-1-2 6077715 0.28148 0.011777 1e-06 0.010988
1-3-0-0-1-3-0-1-2-4-0-2-3 663562074 0.753623 0.199094 1e-06 0.010984
1-3-0-0-1-3-0-2-3-5-0-0-1 492952736 0.551284 0.092774 0 0.010984
1-3-0-0-1-3-0-2-3-5-0-1-2 71117008 0.210872 0.029688 0 0.011352
1-3-0-0-1-3-0-2-3-5-0-2-3 144168858 0.261773 0.037014 1e-06 0.012698
1-3-0-1-2-4-0-0-1-3-0-0-1 2435153216 4.70673 0.716241 1e-06 0.016317
1-3-0-1-2-4-0-0-1-3-0-1-2 165472842 0.380096 0.038561 1e-06 0.010707
1-3-0-1-2-4-0-0-1-3-0-2-3 824065675 0.7707 0.153062 1e-06 0.010588
1-3-0-1-2-4-0-1-2-4-0-0-1 360430421 0.373712 0.06305 1e-06 0.010652
1-3-0-1-2-4-0-1-2-4-0-1-2 560269 0.06618 0.003884 1e-06 0.010483
1-3-0-1-2-4-0-1-2-4-0-2-3 108629855 0.184812 0.025713 1e-06 0.010142
1-3-0-1-2-4-0-2-3-5-0-0-1 3881323081 8.40488 1.52234 1e-06 0.012379
1-3-0-1-2-4-0-2-3-5-0-1-2 270475619 0.862407 0.069059 1e-06 0.010581
1-3-0-1-2-4-0-2-3-5-0-2-3 986646163 1.01156 0.301858 0 0.010474
1-3-0-2-3-5-0-0-1-3-0-0-1 492952736 0.552311 0.083471 1e-06 0.011981
1-3-0-2-3-5-0-0-1-3-0-1-2 72381185 0.206474 0.023903 1e-06 0.011075
1-3-0-2-3-5-0-0-1-3-0-2-3 214694911 0.300125 0.047284 1e-06 0.011499
1-3-0-2-3-5-0-1-2-4-0-0-1 3881323081 8.69322 1.93768 1e-06 0.010542
1-3-0-2-3-5-0-1-2-4-0-1-2 8586696 0.684763 0.013278 1e-06 0.011255
1-3-0-2-3-5-0-1-2-4-0-2-3 977297157 1.09817 0.304359 1e-06 0.019975
1-3-0-2-3-5-0-2-3-5-0-0-1 621473695 0.626002 0.085934 0 0.019156
1-3-0-2-3-5-0-2-3-5-0-1-2 79049098 0.178006 0.021475 0 0.010998
1-3-0-2-3-5-0-2-3-5-0-2-3 176949807 0.257275 0.033311 1e-06 0.024102
2-4-0-0-1-3-0-0-1-3-0-0-1 37465054 0.142289 0.029626 1e-06 0.010704
2-4-0-0-1-3-0-0-1-3-0-1-2 2746067 0.111479 0.025728 1e-06 0.0106
2-4-0-0-1-3-0-0-1-3-0-2-3 13206540 0.12521 0.030715 1e-06 0.01055
2-4-0-0-1-3-0-1-2-4-0-0-1 165472842 0.240728 0.058676 1e-06 0.021825
2-4-0-0-1-3-0-1-2-4-0-1-2 793231 0.063118 0.005228 1e-06 0.010213
2-4-0-0-1-3-0-1-2-4-0-2-3 37851690 0.11465 0.020877 1e-06 0.009945
2-4-0-0-1-3-0-2-3-5-0-0-1 72381185 0.145259 0.031028 1e-06 0.010165
2-4-0-0-1-3-0-2-3-5-0-1-2 3963418 0.078984 0.010586 1e-06 0.010127
2-4-0-0-1-3-0-2-3-5-0-2-3 18163560 0.089396 0.015612 1e-06 0.010194
2-4-0-1-2-4-0-0-1-3-0-0-1 6077715 0.075721 0.008447 1e-06 0.009979
2-4-0-1-2-4-0-0-1-3-0-1-2 793231 0.059864 0.005634 1e-06 0.010032
2-4-0-1-2-4-0-0-1-3-0-2-3 2523483 0.062958 0.006152 0 0.009837
2-4-0-1-2-4-0-1-2-4-0-0-1 560269 0.043113 0.002842 0 0.009696
2-4-0-1-2-4-0-1-2-4-0-1-2 2309 0.039357 0.002083 1e-06 0.009547
2-4-0-1-2-4-0-1-2-4-0-2-3 177569 0.044403 0.002804 0 0.009976
2-4-0-1-2-4-0-2-3-5-0-0-1 8586696 0.065666 0.008261 1e-06 0.009779
2-4-0-1-2-4-0-2-3-5-0-1-2 1249649 0.048686 0.004003 1e-06 0.00975
2-4-0-1-2-4-0-2-3-5-0-2-3 2510707 0.05157 0.004845 1e-06 0.009558
2-4-0-2-3-5-0-0-1-3-0-0-1 71117008 0.153191 0.03692 1e-06 0.010137
2-4-0-2-3-5-0-0-1-3-0-1-2 3963418 0.076944 0.008657 1e-06 0.009951
2-4-0-2-3-5-0-0-1-3-0-2-3 23447742 0.099891 0.016667 1e-06 0.00998
2-4-0-2-3-5-0-1-2-4-0-0-1 270475619 0.31232 0.083123 1e-06 0.009919
2-4-0-2-3-5-0-1-2-4-0-1-2 1249649 0.057241 0.003919 1e-06 0.009902
2-4-0-2-3-5-0-1-2-4-0-2-3 56692000 0.116828 0.026385 0 0.014121
2-4-0-2-3-5-0-2-3-5-0-0-1 79049098 0.135212 0.02897 1e-06 0.009861
2-4-0-2-3-5-0-2-3-5-0-1-2 4296935 0.063457 0.006994 1e-06 0.009809
2-4-0-2-3-5-0-2-3-5-0-2-3 19367940 0.076825 0.013892 1e-06 0.009792
3-5-0-0-1-3-0-0-1-3-0-0-1 94494222 0.196322 0.036963 0 0.010739
3-5-0-0-1-3-0-0-1-3-0-1-2 13206540 0.141693 0.023941 1e-06 0.010925
3-5-0-0-1-3-0-0-1-3-0-2-3 41003648 0.157365 0.033286 1e-06 0.011216
3-5-0-0-1-3-0-1-2-4-0-0-1 824065675 0.831341 0.213578 1e-06 0.010761
3-5-0-0-1-3-0-1-2-4-0-1-2 2523483 0.07787 0.006363 0 0.01071
3-5-0-0-1-3-0-1-2-4-0-2-3 215363168 0.290023 0.070885 0 0.010723
3-5-0-0-1-3-0-2-3-5-0-0-1 214694911 0.276016 0.04859 1e-06 0.013641
3-5-0-0-1-3-0-2-3-5-0-1-2 23447742 0.118068 0.017766 0 0.010866
3-5-0-0-1-3-0-2-3-5-0-2-3 60308475 0.14285 0.025088 1e-06 0.010658
3-5-0-1-2-4-0-0-1-3-0-0-1 663562074 0.629413 0.116932 0 0.010509
3-5-0-1-2-4-0-0-1-3-0-1-2 37851690 0.108472 0.014316 1e-06 0.011008
3-5-0-1-2-4-0-0-1-3-0-2-3 215363168 0.255537 0.04706 1e-06 0.010825
3-5-0-1-2-4-0-1-2-4-0-0-1 108629855 0.152995 0.024302 2e-06 0.010761
3-5-0-1-2-4-0-1-2-4-0-1-2 177569 0.055203 0.002597 1e-06 0.010543
3-5-0-1-2-4-0-1-2-4-0-2-3 32570709 0.085069 0.010285 1e-06 0.010302
3-5-0-1-2-4-0-2-3-5-0-0-1 977297157 0.900924 0.182028 1e-06 0.01977
3-5-0-1-2-4-0-2-3-5-0-1-2 56692000 0.110749 0.015314 1e-06 0.010585
3-5-0-1-2-4-0-2-3-5-0-2-3 241400395 0.266913 0.051804 1e-06 0.010506
3-5-0-2-3-5-0-0-1-3-0-0-1 144168858 0.22907 0.043138 1e-06 0.011045
3-5-0-2-3-5-0-0-1-3-0-1-2 18163560 0.108542 0.010632 1e-06 0.011027
3-5-0-2-3-5-0-0-1-3-0-2-3 60308475 0.142923 0.018368 1e-06 0.011154
3-5-0-2-3-5-0-1-2-4-0-0-1 986646163 0.980138 0.208615 1e-06 0.010707
3-5-0-2-3-5-0-1-2-4-0-1-2 2510707 0.113355 0.005316 0 0.011335
3-5-0-2-3-5-0-1-2-4-0-2-3 241400395 0.316397 0.07476 1e-06 0.017349
3-5-0-2-3-5-0-2-3-5-0-0-1 176949807 0.241568 0.040109 1e-06 0.011203
3-5-0-2-3-5-0-2-3-5-0-1-2 19367940 0.112199 0.009743 1e-06 0.021645
3-5-0-2-3-5-0-2-3-5-0-2-3 49276971 0.126575 0.014427 1e-06 0.014724
