0-0-1-3-0-0-1-3-0-0-1-3-0-0-1 1419222105 4.16063 1.65867 0 0.053732
0-0-1-3-0-0-1-3-0-0-1-3-0-1-2 138163365 0.83071 0.310833 1e-06 0.016846
0-0-1-3-0-0-1-3-0-0-1-3-0-2-3 557356291 2.7904 0.709662 1e-06 0.017103
0-0-1-3-0-0-1-3-0-1-2-4-0-0-1 8528240999 24.3556 9.05087 1e-06 0.127888
0-0-1-3-0-0-1-3-0-1-2-4-0-1-2 32064885 1.40142 0.101008 0 0.031057
0-0-1-3-0-0-1-3-0-1-2-4-0-2-3 2046689750 7.68405 2.94971 1e-06 0.020196
0-0-1-3-0-0-1-3-0-2-3-5-0-0-1 2936038078 7.55452 2.29201 1e-06 0.016516
0-0-1-3-0-0-1-3-0-2-3-5-0-1-2 223660339 1.03586 0.357738 1e-06 0.029971
0-0-1-3-0-0-1-3-0-2-3-5-0-2-3 775328762 2.52987 0.744577 1e-06 0.029834
0-0-1-3-0-1-2-4-0-0-1-3-0-0-1 7987729204 23.8611 7.69796 1e-06 0.015438
0-0-1-3-0-1-2-4-0-0-1-3-0-1-2 318472348 1.79529 0.576498 1e-06 0.039586
0-0-1-3-0-1-2-4-0-0-1-3-0-2-3 2251924502 6.88713 2.94859 1e-06 0.016147
0-0-1-3-0-1-2-4-0-1-2-4-0-0-1 2048424087 4.9114 1.43119 1e-06 0.040069
0-0-1-3-0-1-2-4-0-1-2-4-0-1-2 4858893 0.184976 0.017783 1e-06 0.014544
0-0-1-3-0-1-2-4-0-1-2-4-0-2-3 571674484 1.57092 0.477987 1e-06 0.014596
0-0-1-3-0-1-2-4-0-2-3-5-0-0-1 11787767512 31.8377 10.9079 1e-06 0.014873
0-0-1-3-0-1-2-4-0-2-3-5-0-1-2 410442979 2.09833 0.742454 0 0.041163
0-0-1-3-0-1-2-4-0-2-3-5-0-2-3 2711106070 7.56649 2.98392 1e-06 0.015607
0-0-1-3-0-2-3-5-0-0-1-3-0-0-1 3772537047 9.32858 2.11767 1e-06 0.015827
0-0-1-3-0-2-3-5-0-0-1-3-0-1-2 261962127 0.963278 0.350026 0 0.016009
0-0-1-3-0-2-3-5-0-0-1-3-0-2-3 1323919871 3.68031 1.40703 1e-06 0.016715
0-0-1-3-0-2-3-5-0-1-2-4-0-0-1 16986975289 43.6278 15.0023 1e-06 0.019649
0-0-1-3-0-2-3-5-0-1-2-4-0-1-2 61703686 2.12559 0.10427 0 0.042284
0-0-1-3-0-2-3-5-0-1-2-4-0-2-3 3651237370 10.4691 4.0112 1e-06 0.017288
0-0-1-3-0-2-3-5-0-2-3-5-0-0-1 4348753892 11.2297 2.86433 0 0.015385
0-0-1-3-0-2-3-5-0-2-3-5-0-1-2 284130311 1.38647 0.420939 1e-06 0.059961
0-0-1-3-0-2-3-5-0-2-3-5-0-2-3 1094724705 3.10419 1.12561 1e-06 0.032311
0-1-2-4-0-0-1-3-0-0-1-3-0-0-1 6981552054 20.1246 7.3521 1e-06 0.01491
0-1-2-4-0-0-1-3-0-0-1-3-0-1-2 340624697 1.22956 0.208704 1e-06 0.041659
0-1-2-4-0-0-1-3-0-0-1-3-0-2-3 2154511237 4.4411 1.03193 1e-06 0.014535
0-1-2-4-0-0-1-3-0-1-2-4-0-0-1 24412339572 66.2354 22.3221 1e-06 0.013567
0-1-2-4-0-0-1-3-0-1-2-4-0-1-2 123397885 1.55552 0.086862 1e-06 0.03874
0-1-2-4-0-0-1-3-0-1-2-4-0-2-3 5149393700 10.2838 1.77406 1e-06 0.021288
0-1-2-4-0-0-1-3-0-2-3-5-0-0-1 12404302670 26.8553 4.07098 1e-06 0.013968
0-1-2-4-0-0-1-3-0-2-3-5-0-1-2 437484879 1.00093 0.197404 1e-06 0.014279
0-1-2-4-0-0-1-3-0-2-3-5-0-2-3 2866699894 5.98229 1.1975 1e-06 0.0141
0-1-2-4-0-1-2-4-0-0-1-3-0-0-1 1526994749 2.94471 0.560147 1e-06 0.012504
0-1-2-4-0-1-2-4-0-0-1-3-0-1-2 123397885 0.289661 0.059613 1e-06 0.020802
0-1-2-4-0-1-2-4-0-0-1-3-0-2-3 558683771 0.887991 0.220218 1e-06 0.017124
0-1-2-4-0-1-2-4-0-1-2-4-0-0-1 162901838 0.540314 0.071541 1e-06 0.011824
0-1-2-4-0-1-2-4-0-1-2-4-0-1-2 214540 0.079634 0.004066 1e-06 0.016261
0-1-2-4-0-1-2-4-0-1-2-4-0-2-3 49992362 0.22126 0.029828 1e-06 0.011975
0-1-2-4-0-1-2-4-0-2-3-5-0-0-1 2284018485 4.45427 0.810752 1e-06 0.015565
0-1-2-4-0-1-2-4-0-2-3-5-0-1-2 204481511 0.358132 0.086161 1e-06 0.012147
0-1-2-4-0-1-2-4-0-2-3-5-0-2-3 606916000 0.697991 0.245124 1e-06 0.016365
0-1-2-4-0-2-3-5-0-0-1-3-0-0-1 13132687846 33.6309 11.9205 1e-06 0.013253
0-1-2-4-0-2-3-5-0-0-1-3-0-1-2 432860830 1.84641 0.205343 1e-06 0.042186
0-1-2-4-0-2-3-5-0-0-1-3-0-2-3 3706945361 10.8375 4.79783 1e-06 0.020194
0-1-2-4-0-2-3-5-0-1-2-4-0-0-1 35145744956 127.495 64.3013 1e-06 0.012149
0-1-2-4-0-2-3-5-0-1-2-4-0-1-2 204481511 1.95878 0.099057 1e-06 0.038076
0-1-2-4-0-2-3-5-0-1-2-4-0-2-3 7067847345 13.3813 2.22466 1e-06 0.015036
0-1-2-4-0-2-3-5-0-2-3-5-0-0-1 13712931524 40.92 14.0979 1e-06 0.013326
0-1-2-4-0-2-3-5-0-2-3-5-0-1-2 453417926 2.15023 0.192768 1e-06 0.01296
0-1-2-4-0-2-3-5-0-2-3-5-0-2-3 3056988612 6.89604 4.07559 1e-06 0.013311
0-2-3-5-0-0-1-3-0-0-1-3-0-0-1 1672292507 2.67209 1.02 1e-06 0.015061
0-2-3-5-0-0-1-3-0-0-1-3-0-1-2 131792782 0.60624 0.213928 1e-06 0.015716
0-2-3-5-0-0-1-3-0-0-1-3-0-2-3 621471008 1.09428 0.579274 1e-06 0.015296
0-2-3-5-0-0-1-3-0-1-2-4-0-0-1 9235067917 23.7656 8.28493 1e-06 0.014446
0-2-3-5-0-0-1-3-0-1-2-4-0-1-2 37830920 1.82787 0.05063 1e-06 0.021546
0-2-3-5-0-0-1-3-0-1-2-4-0-2-3 2059925133 3.96571 2.59305 1e-06 0.019582
0-2-3-5-0-0-1-3-0-2-3-5-0-0-1 3415726164 8.91545 2.89224 0 0.030498
0-2-3-5-0-0-1-3-0-2-3-5-0-1-2 190198833 0.967108 0.360685 1e-06 0.016107
0-2-3-5-0-0-1-3-0-2-3-5-0-2-3 850019208 2.13464 0.985518 1e-06 0.015163
0-2-3-5-0-1-2-4-0-0-1-3-0-0-1 7395941882 16.7639 5.69419 1e-06 0.013915
0-2-3-5-0-1-2-4-0-0-1-3-0-1-2 218358783 1.18392 0.394878 1e-06 0.01426
0-2-3-5-0-1-2-4-0-0-1-3-0-2-3 1943486327 4.26246 2.15553 1e-06 0.014224
0-2-3-5-0-1-2-4-0-1-2-4-0-0-1 1894734503 2.27482 0.999219 1e-06 0.0154
0-2-3-5-0-1-2-4-0-1-2-4-0-1-2 3655061 0.191981 0.010551 1e-06 0.012804
0-2-3-5-0-1-2-4-0-1-2-4-0-2-3 506118651 1.03617 0.354106 1e-06 0.012807
0-2-3-5-0-1-2-4-0-2-3-5-0-0-1 9318882335 24.6532 8.422 1e-06 0.013044
0-2-3-5-0-1-2-4-0-2-3-5-0-1-2 255197384 1.29594 0.562105 1e-06 0.037792
0-2-3-5-0-1-2-4-0-2-3-5-0-2-3 2055095988 4.00038 2.49151 1e-06 0.013512
0-2-3-5-0-2-3-5-0-0-1-3-0-0-1 2530088289 3.76593 1.31713 1e-06 0.015254
0-2-3-5-0-2-3-5-0-0-1-3-0-1-2 161408745 0.607039 0.192761 1e-06 0.015868
0-2-3-5-0-2-3-5-0-0-1-3-0-2-3 870458224 2.09619 0.746716 1e-06 0.015505
0-2-3-5-0-2-3-5-0-1-2-4-0-0-1 10914351715 27.0261 9.17751 1e-06 0.013627
0-2-3-5-0-2-3-5-0-1-2-4-0-1-2 40945109 0.974452 0.071585 1e-06 0.014105
0-2-3-5-0-2-3-5-0-1-2-4-0-2-3 2309517773 5.57848 2.75037 1e-06 0.014119
0-2-3-5-0-2-3-5-0-2-3-5-0-0-1 2915519858 4.18276 1.84778 1e-06 0.017538
0-2-3-5-0-2-3-5-0-2-3-5-0-1-2 171400878 0.711213 0.210864 1e-06 0.014209
0-2-3-5-0-2-3-5-0-2-3-5-0-2-3 720236673 1.17288 0.601762 0 0.014289
1-3-0-0-1-3-0-0-1-3-0-0-1-3-0 1419222105 2.0711 0.989085 1e-06 0.016683
1-3-0-0-1-3-0-0-1-3-0-1-2-4-0 6981552054 14.8369 3.05441 0 0.016181
1-3-0-0-1-3-0-0-1-3-0-2-3-5-0 1672292507 3.25489 1.29472 1e-06 0.021215
1-3-0-0-1-3-0-1-2-4-0-0-1-3-0 7987729204 18.734 6.16078 1e-06 0.021629
1-3-0-0-1-3-0-1-2-4-0-1-2-4-0 1526994749 3.24763 0.532002 0 0.0331
1-3-0-0-1-3-0-1-2-4-0-2-3-5-0 7395941882 17.9299 5.03423 0 0.022724
1-3-0-0-1-3-0-2-3-5-0-0-1-3-0 3772537047 8.90319 1.99025 1e-06 0.017548
1-3-0-0-1-3-0-2-3-5-0-1-2-4-0 13132687846 30.4947 8.10081 1e-06 0.01637
1-3-0-0-1-3-0-2-3-5-0-2-3-5-0 2530088289 6.08625 1.4381 1e-06 0.043233
1-3-0-1-2-4-0-0-1-3-0-0-1-3-0 8528240999 17.7177 4.11775 1e-06 0.015211
1-3-0-1-2-4-0-0-1-3-0-1-2-4-0 24412339572 57.1077 12.5822 1e-06 0.014712
1-3-0-1-2-4-0-0-1-3-0-2-3-5-0 9235067917 18.9572 3.80981 1e-06 0.039876
1-3-0-1-2-4-0-1-2-4-0-0-1-3-0 2048424087 3.67324 0.929686 0 0.013908
1-3-0-1-2-4-0-1-2-4-0-1-2-4-0 162901838 2.96608 0.065546 1e-06 0.024319
1-3-0-1-2-4-0-1-2-4-0-2-3-5-0 1894734503 2.16208 0.741101 1e-06 0.022205
1-3-0-1-2-4-0-2-3-5-0-0-1-3-0 16986975289 38.9529 9.29118 1e-06 0.014458
1-3-0-1-2-4-0-2-3-5-0-1-2-4-0 35145744956 121.676 52.206 1e-06 0.039412
1-3-0-1-2-4-0-2-3-5-0-2-3-5-0 10914351715 23.9203 4.70333 0 0.039333
1-3-0-2-3-5-0-0-1-3-0-0-1-3-0 2936038078 11.1934 1.8897 1e-06 0.01694
1-3-0-2-3-5-0-0-1-3-0-1-2-4-0 12404302670 25.0737 5.18522 1e-06 0.01544
1-3-0-2-3-5-0-0-1-3-0-2-3-5-0 3415726164 9.80241 2.46017 0 0.041827
1-3-0-2-3-5-0-1-2-4-0-0-1-3-0 11787767512 28.7553 8.55835 0 0.014564
1-3-0-2-3-5-0-1-2-4-0-1-2-4-0 2284018485 6.30995 0.901858 1e-06 0.014596
1-3-0-2-3-5-0-1-2-4-0-2-3-5-0 9318882335 24.1105 7.044 1e-06 0.014982
1-3-0-2-3-5-0-2-3-5-0-0-1-3-0 4348753892 12.4679 2.57584 1e-06 0.084852
1-3-0-2-3-5-0-2-3-5-0-1-2-4-0 13712931524 35.5339 9.95017 1e-06 0.016107
1-3-0-2-3-5-0-2-3-5-0-2-3-5-0 2915519858 8.58489 1.66154 1e-06 0.044907
2-4-0-0-1-3-0-0-1-3-0-0-1-3-0 138163365 0.629586 0.236385 1e-06 0.0156
2-4-0-0-1-3-0-0-1-3-0-1-2-4-0 340624697 0.698348 0.151005 1e-06 0.015059
2-4-0-0-1-3-0-0-1-3-0-2-3-5-0 131792782 0.520726 0.180884 1e-06 0.015334
2-4-0-0-1-3-0-1-2-4-0-0-1-3-0 318472348 0.77164 0.416341 1e-06 0.014301
2-4-0-0-1-3-0-1-2-4-0-1-2-4-0 123397885 0.190313 0.044995 1e-06 0.013674
2-4-0-0-1-3-0-1-2-4-0-2-3-5-0 218358783 0.646007 0.282803 1e-06 0.013911
2-4-0-0-1-3-0-2-3-5-0-0-1-3-0 261962127 0.567908 0.282653 1e-06 0.014697
2-4-0-0-1-3-0-2-3-5-0-1-2-4-0 432860830 0.606064 0.148611 1e-06 0.014392
2-4-0-0-1-3-0-2-3-5-0-2-3-5-0 161408745 0.354963 0.171343 1e-06 0.014622
2-4-0-1-2-4-0-0-1-3-0-0-1-3-0 32064885 0.369442 0.053711 1e-06 0.013389
2-4-0-1-2-4-0-0-1-3-0-1-2-4-0 123397885 0.196831 0.046653 1e-06 0.012816
2-4-0-1-2-4-0-0-1-3-0-2-3-5-0 37830920 0.151102 0.036077 1e-06 0.013028
2-4-0-1-2-4-0-1-2-4-0-0-1-3-0 4858893 0.074282 0.011425 1e-06 0.011963
2-4-0-1-2-4-0-1-2-4-0-1-2-4-0 214540 0.055299 0.00347 0 0.011386
2-4-0-1-2-4-0-1-2-4-0-2-3-5-0 3655061 0.061226 0.00768 1e-06 0.011593
2-4-0-1-2-4-0-2-3-5-0-0-1-3-0 61703686 0.169195 0.05605 0 0.012383
2-4-0-1-2-4-0-2-3-5-0-1-2-4-0 204481511 0.266163 0.066491 1e-06 0.012122
2-4-0-1-2-4-0-2-3-5-0-2-3-5-0 40945109 0.143541 0.032844 1e-06 0.012275
2-4-0-2-3-5-0-0-1-3-0-0-1-3-0 223660339 0.649894 0.328734 1e-06 0.014174
2-4-0-2-3-5-0-0-1-3-0-1-2-4-0 437484879 0.697276 0.152323 1e-06 0.014091
2-4-0-2-3-5-0-0-1-3-0-2-3-5-0 190198833 0.982207 0.388754 1e-06 0.014146
2-4-0-2-3-5-0-1-2-4-0-0-1-3-0 410442979 0.9596 0.594709 1e-06 0.013052
2-4-0-2-3-5-0-1-2-4-0-1-2-4-0 204481511 0.268825 0.065431 1e-06 0.01253
2-4-0-2-3-5-0-1-2-4-0-2-3-5-0 255197384 0.657483 0.411073 1e-06 0.012793
2-4-0-2-3-5-0-2-3-5-0-0-1-3-0 284130311 0.564853 0.284203 1e-06 0.013572
2-4-0-2-3-5-0-2-3-5-0-1-2-4-0 453417926 0.80504 0.142104 2e-06 0.013073
2-4-0-2-3-5-0-2-3-5-0-2-3-5-0 171400878 0.354657 0.180871 0 0.013363
3-5-0-0-1-3-0-0-1-3-0-0-1-3-0 557356291 1.39839 0.48527 1e-06 0.016068
3-5-0-0-1-3-0-0-1-3-0-1-2-4-0 2154511237 3.63057 0.837294 0 0.019163
3-5-0-0-1-3-0-0-1-3-0-2-3-5-0 621471008 1.22107 0.490702 1e-06 0.016706
3-5-0-0-1-3-0-1-2-4-0-0-1-3-0 2251924502 6.07909 2.17441 1e-06 0.015179
3-5-0-0-1-3-0-1-2-4-0-1-2-4-0 558683771 0.817218 0.169541 1e-06 0.014482
3-5-0-0-1-3-0-1-2-4-0-2-3-5-0 1943486327 3.14086 1.53809 1e-06 0.014666
3-5-0-0-1-3-0-2-3-5-0-0-1-3-0 1323919871 1.81262 0.71201 1e-06 0.015266
3-5-0-0-1-3-0-2-3-5-0-1-2-4-0 3706945361 8.28511 1.39252 1e-06 0.016303
3-5-0-0-1-3-0-2-3-5-0-2-3-5-0 870458224 1.59664 0.580107 0 0.01954
3-5-0-1-2-4-0-0-1-3-0-0-1-3-0 2046689750 4.32288 2.57942 1e-06 0.01637
3-5-0-1-2-4-0-0-1-3-0-1-2-4-0 5149393700 9.88918 1.97119 1e-06 0.018148
3-5-0-1-2-4-0-0-1-3-0-2-3-5-0 2059925133 3.16885 1.25851 1e-06 0.027562
3-5-0-1-2-4-0-1-2-4-0-0-1-3-0 571674484 0.790505 0.243951 1e-06 0.012603
3-5-0-1-2-4-0-1-2-4-0-1-2-4-0 49992362 0.173673 0.021513 1e-06 0.012664
3-5-0-1-2-4-0-1-2-4-0-2-3-5-0 506118651 0.706173 0.227067 1e-06 0.012584
3-5-0-1-2-4-0-2-3-5-0-0-1-3-0 3651237370 8.9247 3.27785 1e-06 0.013234
3-5-0-1-2-4-0-2-3-5-0-1-2-4-0 7067847345 14.5167 2.80284 1e-06 0.013529
3-5-0-1-2-4-0-2-3-5-0-2-3-5-0 2309517773 7.0784 2.51037 1e-06 0.015925
3-5-0-2-3-5-0-0-1-3-0-0-1-3-0 775328762 3.19583 0.50461 0 0.014992
3-5-0-2-3-5-0-0-1-3-0-1-2-4-0 2866699894 5.27663 0.875429 1e-06 0.014778
3-5-0-2-3-5-0-0-1-3-0-2-3-5-0 850019208 1.73336 0.688715 1e-06 0.015061
3-5-0-2-3-5-0-1-2-4-0-0-1-3-0 2711106070 6.17765 2.00013 1e-06 0.013856
3-5-0-2-3-5-0-1-2-4-0-1-2-4-0 606916000 0.694305 0.152276 1e-06 0.013234
3-5-0-2-3-5-0-1-2-4-0-2-3-5-0 2055095988 5.91892 1.50753 0 0.014296
3-5-0-2-3-5-0-2-3-5-0-0-1-3-0 1094724705 1.37302 0.544878 0 0.014228
3-5-0-2-3-5-0-2-3-5-0-1-2-4-0 3056988612 5.81477 0.977227 1e-06 0.013946
3-5-0-2-3-5-0-2-3-5-0-2-3-5-0 720236673 1.12173 0.454675 0 0.014372
