0-0-1-3-0-0-1-3-0-0-1 156357361 0.953086 0.402464 1e-06 0.036249
0-0-1-3-0-0-1-3-0-1-2 32064885 0.29004 0.040316 0 0.034756
0-0-1-3-0-0-1-3-0-2-3 72602572 0.36551 0.055731 1e-06 0.008387
0-0-1-3-0-1-2-4-0-0-1 2048424087 6.42165 1.89878 1e-06 0.035353
0-0-1-3-0-1-2-4-0-1-2 4858893 0.227745 0.009209 1e-06 0.012977
0-0-1-3-0-1-2-4-0-2-3 571674484 1.25186 0.194659 1e-06 0.007609
0-0-1-3-0-2-3-5-0-0-1 368626275 0.804835 0.074882 1e-06 0.008608
0-0-1-3-0-2-3-5-0-1-2 61703686 0.259099 0.031191 0 0.007776
0-0-1-3-0-2-3-5-0-2-3 109695304 0.330611 0.036872 1e-06 0.007854
0-1-2-4-0-0-1-3-0-0-1 1526994749 3.25766 0.458301 1e-06 0.007289
0-1-2-4-0-0-1-3-0-1-2 123397885 0.329972 0.026091 1e-06 0.007013
0-1-2-4-0-0-1-3-0-2-3 558683771 1.10529 0.086768 1e-06 0.006969
0-1-2-4-0-1-2-4-0-0-1 162901838 0.351149 0.03119 1e-06 0.006508
0-1-2-4-0-1-2-4-0-1-2 214540 0.040866 0.002086 0 0.006531
0-1-2-4-0-1-2-4-0-2-3 49992362 0.152718 0.013427 1e-06 0.006352
0-1-2-4-0-2-3-5-0-0-1 2284018485 6.04354 1.27941 0 0.006551
0-1-2-4-0-2-3-5-0-1-2 204481511 0.516226 0.040636 1e-06 0.006683
0-1-2-4-0-2-3-5-0-2-3 606916000 1.14113 0.116096 1e-06 0.006418
0-2-3-5-0-0-1-3-0-0-1 203127281 0.669884 0.070336 1e-06 0.007263
0-2-3-5-0-0-1-3-0-1-2 37830920 0.203956 0.019357 1e-06 0.007841
0-2-3-5-0-0-1-3-0-2-3 95160060 0.342616 0.031547 1e-06 0.007464
0-2-3-5-0-1-2-4-0-0-1 1894734503 3.68123 0.759643 1e-06 0.007153
0-2-3-5-0-1-2-4-0-1-2 3655061 0.174825 0.00712 0 0.012052
0-2-3-5-0-1-2-4-0-2-3 506118651 1.29178 0.165606 1e-06 0.007419
0-2-3-5-0-2-3-5-0-0-1 258473495 0.683129 0.061975 1e-06 0.021026
0-2-3-5-0-2-3-5-0-1-2 40945109 0.171743 0.013138 0 0.006821
0-2-3-5-0-2-3-5-0-2-3 76504726 0.257149 0.035508 1e-06 0.006646
1-3-0-0-1-3-0-0-1-3-0 156357361 0.455112 0.052209 0 0.00807
1-3-0-0-1-3-0-1-2-4-0 1526994749 3.87584 0.358866 1e-06 0.009257
1-3-0-0-1-3-0-2-3-5-0 203127281 0.515752 0.048017 1e-06 0.007284
1-3-0-1-2-4-0-0-1-3-0 2048424087 5.39288 0.923279 1e-06 0.007436
1-3-0-1-2-4-0-1-2-4-0 162901838 0.432309 0.028664 0 0.006973
1-3-0-1-2-4-0-2-3-5-0 1894734503 3.4685 0.444946 0 0.006945
1-3-0-2-3-5-0-0-1-3-0 368626275 0.792706 0.063493 1e-06 0.007129
1-3-0-2-3-5-0-1-2-4-0 2284018485 4.25468 0.646182 1e-06 0.007392
1-3-0-2-3-5-0-2-3-5-0 258473495 0.598024 0.047292 0 0.014139
2-4-0-0-1-3-0-0-1-3-0 32064885 0.218572 0.056879 0 0.00707
2-4-0-0-1-3-0-1-2-4-0 123397885 0.262906 0.023492 1e-06 0.008172
2-4-0-0-1-3-0-2-3-5-0 37830920 0.142162 0.016552 1e-06 0.009547
2-4-0-1-2-4-0-0-1-3-0 4858893 0.078261 0.00594 0 0.017759
2-4-0-1-2-4-0-1-2-4-0 214540 0.034356 0.001827 1e-06 0.006261
2-4-0-1-2-4-0-2-3-5-0 3655061 0.058095 0.004342 1e-06 0.006246
2-4-0-2-3-5-0-0-1-3-0 61703686 0.183515 0.024562 1e-06 0.006416
2-4-0-2-3-5-0-1-2-4-0 204481511 0.394385 0.042905 1e-06 0.007589
2-4-0-2-3-5-0-2-3-5-0 40945109 0.128874 0.015891 0 0.00849
3-5-0-0-1-3-0-0-1-3-0 72602572 0.305257 0.053329 0 0.007173
3-5-0-0-1-3-0-1-2-4-0 558683771 1.02039 0.078899 0 0.013629
3-5-0-0-1-3-0-2-3-5-0 95160060 0.251799 0.025231 1e-06 0.007216
3-5-0-1-2-4-0-0-1-3-0 571674484 1.06376 0.121081 0 0.006965
3-5-0-1-2-4-0-1-2-4-0 49992362 0.14204 0.008988 0 0.00667
3-5-0-1-2-4-0-2-3-5-0 506118651 0.939349 0.106015 1e-06 0.006675
3-5-0-2-3-5-0-0-1-3-0 109695304 0.265455 0.023776 1e-06 0.006816
3-5-0-2-3-5-0-1-2-4-0 606916000 1.06644 0.08854 1e-06 0.006737
3-5-0-2-3-5-0-2-3-5-0 76504726 0.20472 0.018032 1e-06 0.006789
