0-0-1-3-0-0-1-3-0-0-1-3-0-0-1 1419222105 6.24109 2.72862 1e-06 0.07393
0-0-1-3-0-0-1-3-0-0-1-3-0-1-2 138163365 1.43563 0.534974 1e-06 0.065707
0-0-1-3-0-0-1-3-0-0-1-3-0-2-3 557356291 3.60255 1.27909 1e-06 0.025384
0-0-1-3-0-0-1-3-0-1-2-4-0-0-1 8528240999 31.8732 14.3038 1e-06 0.04167
0-0-1-3-0-0-1-3-0-1-2-4-0-1-2 32064885 1.18859 0.190676 0 0.039265
0-0-1-3-0-0-1-3-0-1-2-4-0-2-3 2046689750 9.88599 5.35439 0 0.048325
0-0-1-3-0-0-1-3-0-2-3-5-0-0-1 2936038078 8.49238 3.58768 1e-06 0.020626
0-0-1-3-0-0-1-3-0-2-3-5-0-1-2 223660339 1.29728 0.648053 1e-06 0.029908
0-0-1-3-0-0-1-3-0-2-3-5-0-2-3 775328762 2.87282 1.35718 0 0.021624
0-0-1-3-0-1-2-4-0-0-1-3-0-0-1 7987729204 26.8307 12.5014 1e-06 0.019452
0-0-1-3-0-1-2-4-0-0-1-3-0-1-2 318472348 1.81185 1.00952 1e-06 0.031372
0-0-1-3-0-1-2-4-0-0-1-3-0-2-3 2251924502 8.34202 4.51675 1e-06 0.018898
0-0-1-3-0-1-2-4-0-1-2-4-0-0-1 2048424087 5.96694 2.67699 1e-06 0.01681
0-0-1-3-0-1-2-4-0-1-2-4-0-1-2 4858893 0.164811 0.026802 0 0.016528
0-0-1-3-0-1-2-4-0-1-2-4-0-2-3 571674484 1.9805 0.864291 0 0.016476
0-0-1-3-0-1-2-4-0-2-3-5-0-0-1 11787767512 38.7197 18.9377 1e-06 0.016932
0-0-1-3-0-1-2-4-0-2-3-5-0-1-2 410442979 1.87065 1.26885 0 0.038344
0-0-1-3-0-1-2-4-0-2-3-5-0-2-3 2711106070 9.41212 5.01788 1e-06 0.019728
0-0-1-3-0-2-3-5-0-0-1-3-0-0-1 3772537047 9.68298 3.60664 1e-06 0.031726
0-0-1-3-0-2-3-5-0-0-1-3-0-1-2 261962127 1.08928 0.519853 1e-06 0.022331
0-0-1-3-0-2-3-5-0-0-1-3-0-2-3 1323919871 4.57308 1.94561 1e-06 0.025394
0-0-1-3-0-2-3-5-0-1-2-4-0-0-1 16986975289 54.388 26.0351 0 0.017898
0-0-1-3-0-2-3-5-0-1-2-4-0-1-2 61703686 1.40809 0.193119 1e-06 0.038441
0-0-1-3-0-2-3-5-0-1-2-4-0-2-3 3651237370 14.1152 6.98352 0 0.020019
0-0-1-3-0-2-3-5-0-2-3-5-0-0-1 4348753892 12.0479 4.6475 1e-06 0.018664
0-0-1-3-0-2-3-5-0-2-3-5-0-1-2 284130311 1.12669 0.692598 1e-06 0.019635
0-0-1-3-0-2-3-5-0-2-3-5-0-2-3 1094724705 3.90274 1.83355 0 0.019814
0-1-2-4-0-0-1-3-0-0-1-3-0-0-1 6981552054 23.6366 12.9213 0 0.021615
0-1-2-4-0-0-1-3-0-0-1-3-0-1-2 340624697 1.28251 0.357712 1e-06 0.031947
0-1-2-4-0-0-1-3-0-0-1-3-0-2-3 2154511237 5.14649 1.581 0 0.018024
0-1-2-4-0-0-1-3-0-1-2-4-0-0-1 24412339572 82.4565 41.6076 0 0.015308
0-1-2-4-0-0-1-3-0-1-2-4-0-1-2 123397885 2.73959 0.122412 1e-06 0.040988
0-1-2-4-0-0-1-3-0-1-2-4-0-2-3 5149393700 11.3481 2.93649 1e-06 0.02417
0-1-2-4-0-0-1-3-0-2-3-5-0-0-1 12404302670 28.9803 7.63047 1e-06 0.016365
0-1-2-4-0-0-1-3-0-2-3-5-0-1-2 437484879 1.6183 0.546158 0 0.043161
0-1-2-4-0-0-1-3-0-2-3-5-0-2-3 2866699894 6.28383 1.91848 1e-06 0.017298
0-1-2-4-0-1-2-4-0-0-1-3-0-0-1 1526994749 3.44641 0.753369 1e-06 0.013873
0-1-2-4-0-1-2-4-0-0-1-3-0-1-2 123397885 0.579146 0.091044 1e-06 0.013837
0-1-2-4-0-1-2-4-0-0-1-3-0-2-3 558683771 0.848749 0.331296 0 0.013834
0-1-2-4-0-1-2-4-0-1-2-4-0-0-1 162901838 0.318917 0.098369 1e-06 0.012475
0-1-2-4-0-1-2-4-0-1-2-4-0-1-2 214540 0.084564 0.005302 1e-06 0.013421
0-1-2-4-0-1-2-4-0-1-2-4-0-2-3 49992362 0.188672 0.04495 1e-06 0.012691
0-1-2-4-0-1-2-4-0-2-3-5-0-0-1 2284018485 3.41684 1.30701 0 0.013148
0-1-2-4-0-1-2-4-0-2-3-5-0-1-2 204481511 0.432458 0.121505 1e-06 0.012932
0-1-2-4-0-1-2-4-0-2-3-5-0-2-3 606916000 0.815253 0.357366 0 0.012976
0-1-2-4-0-2-3-5-0-0-1-3-0-0-1 13132687846 41.8939 21.2724 1e-06 0.017679
0-1-2-4-0-2-3-5-0-0-1-3-0-1-2 432860830 3.19867 0.359509 0 0.042076
0-1-2-4-0-2-3-5-0-0-1-3-0-2-3 3706945361 16.0404 9.01848 1e-06 0.016389
0-1-2-4-0-2-3-5-0-1-2-4-0-0-1 35145744956 202.179 123.956 1e-06 0.014421
0-1-2-4-0-2-3-5-0-1-2-4-0-1-2 204481511 4.65988 0.209209 1e-06 0.040091
0-1-2-4-0-2-3-5-0-1-2-4-0-2-3 7067847345 17.3128 4.78597 1e-06 0.014453
0-1-2-4-0-2-3-5-0-2-3-5-0-0-1 13712931524 55.6296 26.5282 1e-06 0.030031
0-1-2-4-0-2-3-5-0-2-3-5-0-1-2 453417926 3.66298 0.439654 0 0.041701
0-1-2-4-0-2-3-5-0-2-3-5-0-2-3 3056988612 14.472 7.69856 0 0.015675
0-2-3-5-0-0-1-3-0-0-1-3-0-0-1 1672292507 4.42707 2.08004 1e-06 0.045128
0-2-3-5-0-0-1-3-0-0-1-3-0-1-2 131792782 0.855678 0.433137 1e-06 0.020423
0-2-3-5-0-0-1-3-0-0-1-3-0-2-3 621471008 1.89582 1.22457 1e-06 0.020354
0-2-3-5-0-0-1-3-0-1-2-4-0-0-1 9235067917 32.7574 15.3006 1e-06 0.022302
0-2-3-5-0-0-1-3-0-1-2-4-0-1-2 37830920 1.32906 0.075814 1e-06 0.045788
0-2-3-5-0-0-1-3-0-1-2-4-0-2-3 2059925133 7.67476 4.43201 0 0.017744
0-2-3-5-0-0-1-3-0-2-3-5-0-0-1 3415726164 11.1921 5.49084 1e-06 0.018388
0-2-3-5-0-0-1-3-0-2-3-5-0-1-2 190198833 1.24831 0.734671 1e-06 0.044161
0-2-3-5-0-0-1-3-0-2-3-5-0-2-3 850019208 2.90919 1.78261 1e-06 0.018801
0-2-3-5-0-1-2-4-0-0-1-3-0-0-1 7395941882 23.1754 10.5191 0 0.015954
0-2-3-5-0-1-2-4-0-0-1-3-0-1-2 218358783 1.63296 0.772774 0 0.034553
0-2-3-5-0-1-2-4-0-0-1-3-0-2-3 1943486327 6.31767 3.85074 0 0.021914
0-2-3-5-0-1-2-4-0-1-2-4-0-0-1 1894734503 3.18165 1.89352 0 0.014421
0-2-3-5-0-1-2-4-0-1-2-4-0-1-2 3655061 0.152774 0.016547 0 0.013594
0-2-3-5-0-1-2-4-0-1-2-4-0-2-3 506118651 1.37512 0.677426 1e-06 0.01346
0-2-3-5-0-1-2-4-0-2-3-5-0-0-1 9318882335 30.9228 15.9017 1e-06 0.016552
0-2-3-5-0-1-2-4-0-2-3-5-0-1-2 255197384 1.8192 1.05618 1e-06 0.041847
0-2-3-5-0-1-2-4-0-2-3-5-0-2-3 2055095988 6.98586 4.29592 1e-06 0.01654
0-2-3-5-0-2-3-5-0-0-1-3-0-0-1 2530088289 4.8443 2.50609 1e-06 0.017165
0-2-3-5-0-2-3-5-0-0-1-3-0-1-2 161408745 0.705043 0.355075 1e-06 0.017376
0-2-3-5-0-2-3-5-0-0-1-3-0-2-3 870458224 2.56643 1.37901 1e-06 0.017087
0-2-3-5-0-2-3-5-0-1-2-4-0-0-1 10914351715 35.444 16.9085 0 0.015953
0-2-3-5-0-2-3-5-0-1-2-4-0-1-2 40945109 0.983056 0.133576 0 0.043056
0-2-3-5-0-2-3-5-0-1-2-4-0-2-3 2309517773 8.34333 5.12023 1e-06 0.017419
0-2-3-5-0-2-3-5-0-2-3-5-0-0-1 2915519858 8.53816 3.38465 1e-06 0.016438
0-2-3-5-0-2-3-5-0-2-3-5-0-1-2 171400878 0.78559 0.422426 1e-06 0.024571
0-2-3-5-0-2-3-5-0-2-3-5-0-2-3 720236673 2.12669 1.14809 1e-06 0.016323
1-3-0-0-1-3-0-0-1-3-0-0-1-3-0 1419222105 3.33684 1.76598 1e-06 0.021077
1-3-0-0-1-3-0-0-1-3-0-1-2-4-0 6981552054 15.463 4.65905 1e-06 0.020901
1-3-0-0-1-3-0-0-1-3-0-2-3-5-0 1672292507 3.98029 2.09092 0 0.048967
1-3-0-0-1-3-0-1-2-4-0-0-1-3-0 7987729204 22.4341 10.7081 1e-06 0.020237
1-3-0-0-1-3-0-1-2-4-0-1-2-4-0 1526994749 2.97354 1.0136 0 0.020493
1-3-0-0-1-3-0-1-2-4-0-2-3-5-0 7395941882 20.8512 8.51819 0 0.02189
1-3-0-0-1-3-0-2-3-5-0-0-1-3-0 3772537047 9.94919 3.48547 1e-06 0.022559
1-3-0-0-1-3-0-2-3-5-0-1-2-4-0 13132687846 32.667 12.6921 1e-06 0.027101
1-3-0-0-1-3-0-2-3-5-0-2-3-5-0 2530088289 6.86876 2.32083 1e-06 0.044205
1-3-0-1-2-4-0-0-1-3-0-0-1-3-0 8528240999 20.8071 6.75917 1e-06 0.01795
1-3-0-1-2-4-0-0-1-3-0-1-2-4-0 24412339572 57.7158 18.8219 1e-06 0.018827
1-3-0-1-2-4-0-0-1-3-0-2-3-5-0 9235067917 22.4268 6.97189 1e-06 0.044231
1-3-0-1-2-4-0-1-2-4-0-0-1-3-0 2048424087 5.25335 1.61302 1e-06 0.016772
1-3-0-1-2-4-0-1-2-4-0-1-2-4-0 162901838 1.41503 0.106768 0 0.015124
1-3-0-1-2-4-0-1-2-4-0-2-3-5-0 1894734503 4.2997 1.28752 1e-06 0.015276
1-3-0-1-2-4-0-2-3-5-0-0-1-3-0 16986975289 42.4396 13.968 1e-06 0.016698
1-3-0-1-2-4-0-2-3-5-0-1-2-4-0 35145744956 181.553 101.746 0 0.042792
1-3-0-1-2-4-0-2-3-5-0-2-3-5-0 10914351715 34.039 9.95788 0 0.043032
1-3-0-2-3-5-0-0-1-3-0-0-1-3-0 2936038078 11.7471 3.6101 0 0.047339
1-3-0-2-3-5-0-0-1-3-0-1-2-4-0 12404302670 27.342 8.08831 1e-06 0.019053
1-3-0-2-3-5-0-0-1-3-0-2-3-5-0 3415726164 11.163 4.14022 1e-06 0.045621
1-3-0-2-3-5-0-1-2-4-0-0-1-3-0 11787767512 35.3712 15.1396 1e-06 0.019327
1-3-0-2-3-5-0-1-2-4-0-1-2-4-0 2284018485 6.26195 1.42039 1e-06 0.042819
1-3-0-2-3-5-0-1-2-4-0-2-3-5-0 9318882335 29.3805 12.6853 1e-06 0.017989
1-3-0-2-3-5-0-2-3-5-0-0-1-3-0 4348753892 12.5903 4.23672 0 0.046059
1-3-0-2-3-5-0-2-3-5-0-1-2-4-0 13712931524 38.0706 16.063 1e-06 0.01954
1-3-0-2-3-5-0-2-3-5-0-2-3-5-0 2915519858 9.33278 2.82789 0 0.04439
2-4-0-0-1-3-0-0-1-3-0-0-1-3-0 138163365 0.694908 0.448841 1e-06 0.019533
2-4-0-0-1-3-0-0-1-3-0-1-2-4-0 340624697 0.818276 0.287538 1e-06 0.018754
2-4-0-0-1-3-0-0-1-3-0-2-3-5-0 131792782 0.617555 0.402583 1e-06 0.019012
2-4-0-0-1-3-0-1-2-4-0-0-1-3-0 318472348 1.35094 0.867595 0 0.017226
2-4-0-0-1-3-0-1-2-4-0-1-2-4-0 123397885 0.245324 0.077802 1e-06 0.016116
2-4-0-0-1-3-0-1-2-4-0-2-3-5-0 218358783 0.760217 0.539524 0 0.017601
2-4-0-0-1-3-0-2-3-5-0-0-1-3-0 261962127 0.877555 0.4884 0 0.017641
2-4-0-0-1-3-0-2-3-5-0-1-2-4-0 432860830 0.678447 0.270567 1e-06 0.017119
2-4-0-0-1-3-0-2-3-5-0-2-3-5-0 161408745 0.483642 0.296953 0 0.017288
2-4-0-1-2-4-0-0-1-3-0-0-1-3-0 32064885 0.247571 0.082702 1e-06 0.015121
2-4-0-1-2-4-0-0-1-3-0-1-2-4-0 123397885 0.241481 0.07913 0 0.014402
2-4-0-1-2-4-0-0-1-3-0-2-3-5-0 37830920 0.171684 0.063225 1e-06 0.014838
2-4-0-1-2-4-0-1-2-4-0-0-1-3-0 4858893 0.09069 0.015639 1e-06 0.012924
2-4-0-1-2-4-0-1-2-4-0-1-2-4-0 214540 0.06251 0.003541 1e-06 0.012274
2-4-0-1-2-4-0-1-2-4-0-2-3-5-0 3655061 0.073005 0.010462 0 0.015363
2-4-0-1-2-4-0-2-3-5-0-0-1-3-0 61703686 0.192266 0.078618 1e-06 0.013899
2-4-0-1-2-4-0-2-3-5-0-1-2-4-0 204481511 0.309095 0.117126 0 0.013754
2-4-0-1-2-4-0-2-3-5-0-2-3-5-0 40945109 0.148918 0.054704 1e-06 0.013545
2-4-0-2-3-5-0-0-1-3-0-0-1-3-0 223660339 0.814807 0.553256 1e-06 0.017082
2-4-0-2-3-5-0-0-1-3-0-1-2-4-0 437484879 0.650267 0.282248 1e-06 0.016529
2-4-0-2-3-5-0-0-1-3-0-2-3-5-0 190198833 0.840888 0.612439 1e-06 0.016652
2-4-0-2-3-5-0-1-2-4-0-0-1-3-0 410442979 1.40063 1.07676 1e-06 0.017619
2-4-0-2-3-5-0-1-2-4-0-1-2-4-0 204481511 0.308694 0.112519 0 0.013958
2-4-0-2-3-5-0-1-2-4-0-2-3-5-0 255197384 1.00176 0.786076 0 0.014166
2-4-0-2-3-5-0-2-3-5-0-0-1-3-0 284130311 0.75935 0.506165 0 0.015499
2-4-0-2-3-5-0-2-3-5-0-1-2-4-0 453417926 0.642681 0.293147 1e-06 0.014941
2-4-0-2-3-5-0-2-3-5-0-2-3-5-0 171400878 0.50823 0.333667 0 0.015247
3-5-0-0-1-3-0-0-1-3-0-0-1-3-0 557356291 1.44121 0.8842 1e-06 0.019656
3-5-0-0-1-3-0-0-1-3-0-1-2-4-0 2154511237 4.97352 1.46587 1e-06 0.019107
3-5-0-0-1-3-0-0-1-3-0-2-3-5-0 621471008 1.28254 0.715677 1e-06 0.025044
3-5-0-0-1-3-0-1-2-4-0-0-1-3-0 2251924502 7.00504 3.42886 1e-06 0.021708
3-5-0-0-1-3-0-1-2-4-0-1-2-4-0 558683771 0.713799 0.262569 1e-06 0.028133
3-5-0-0-1-3-0-1-2-4-0-2-3-5-0 1943486327 5.71094 2.6264 0 0.017717
3-5-0-0-1-3-0-2-3-5-0-0-1-3-0 1323919871 2.90646 1.27628 0 0.021801
3-5-0-0-1-3-0-2-3-5-0-1-2-4-0 3706945361 8.07152 2.24091 0 0.018092
3-5-0-0-1-3-0-2-3-5-0-2-3-5-0 870458224 2.0846 0.957593 1e-06 0.018611
3-5-0-1-2-4-0-0-1-3-0-0-1-3-0 2046689750 8.09199 4.41281 1e-06 0.016185
3-5-0-1-2-4-0-0-1-3-0-1-2-4-0 5149393700 12.2116 3.37732 0 0.015147
3-5-0-1-2-4-0-0-1-3-0-2-3-5-0 2059925133 5.60539 2.17595 1e-06 0.021568
3-5-0-1-2-4-0-1-2-4-0-0-1-3-0 571674484 0.895845 0.386877 1e-06 0.028707
3-5-0-1-2-4-0-1-2-4-0-1-2-4-0 49992362 0.144024 0.034456 1e-06 0.012953
3-5-0-1-2-4-0-1-2-4-0-2-3-5-0 506118651 0.716024 0.342832 0 0.013352
3-5-0-1-2-4-0-2-3-5-0-0-1-3-0 3651237370 11.2111 5.58792 1e-06 0.018123
3-5-0-1-2-4-0-2-3-5-0-1-2-4-0 7067847345 16.6839 4.49901 1e-06 0.018354
3-5-0-1-2-4-0-2-3-5-0-2-3-5-0 2309517773 8.57761 4.28996 1e-06 0.017646
3-5-0-2-3-5-0-0-1-3-0-0-1-3-0 775328762 1.96965 0.90135 1e-06 0.030723
3-5-0-2-3-5-0-0-1-3-0-1-2-4-0 2866699894 5.97468 1.53533 1e-06 0.019955
3-5-0-2-3-5-0-0-1-3-0-2-3-5-0 850019208 1.92008 1.21254 0 0.024779
3-5-0-2-3-5-0-1-2-4-0-0-1-3-0 2711106070 7.64178 3.49867 1e-06 0.014904
3-5-0-2-3-5-0-1-2-4-0-1-2-4-0 606916000 1.07048 0.291351 1e-06 0.014418
3-5-0-2-3-5-0-1-2-4-0-2-3-5-0 2055095988 6.07228 2.79371 1e-06 0.014588
3-5-0-2-3-5-0-2-3-5-0-0-1-3-0 1094724705 2.41107 0.997678 1e-06 0.017999
3-5-0-2-3-5-0-2-3-5-0-1-2-4-0 3056988612 6.68198 1.61188 1e-06 0.01886
3-5-0-2-3-5-0-2-3-5-0-2-3-5-0 720236673 1.29839 0.728994 0 0.01573
