0-0-1-3-0-0-1-3-0-0-1 156357361 0.550176 0.474628 0 0.037505
0-0-1-3-0-0-1-3-0-1-2 32064885 0.134674 0.059261 1e-06 0.038453
0-0-1-3-0-0-1-3-0-2-3 72602572 0.133462 0.074392 1e-06 0.023818
0-0-1-3-0-1-2-4-0-0-1 2048424087 1.89702 1.85801 1e-06 0.021103
0-0-1-3-0-1-2-4-0-1-2 4858893 0.133987 0.016798 1e-06 0.008968
0-0-1-3-0-1-2-4-0-2-3 571674484 0.230079 0.206337 0 0.009013
0-0-1-3-0-2-3-5-0-0-1 368626275 0.122702 0.089586 1e-06 0.00886
0-0-1-3-0-2-3-5-0-1-2 61703686 0.121353 0.045997 0 0.052206
0-0-1-3-0-2-3-5-0-2-3 109695304 0.074008 0.045936 1e-06 0.008354
0-1-2-4-0-0-1-3-0-0-1 1526994749 0.332754 0.302776 0 0.008428
0-1-2-4-0-0-1-3-0-1-2 123397885 0.049428 0.028984 1e-06 0.006913
0-1-2-4-0-0-1-3-0-2-3 558683771 0.116787 0.096714 0 0.007001
0-1-2-4-0-1-2-4-0-0-1 162901838 0.053835 0.034235 1e-06 0.008915
0-1-2-4-0-1-2-4-0-1-2 214540 0.02261 0.006626 1e-06 0.008944
0-1-2-4-0-1-2-4-0-2-3 49992362 0.03051 0.014314 0 0.008723
0-1-2-4-0-2-3-5-0-0-1 2284018485 1.19438 1.17009 0 0.008866
0-1-2-4-0-2-3-5-0-1-2 204481511 0.061149 0.035109 1e-06 0.006692
0-1-2-4-0-2-3-5-0-2-3 606916000 0.113149 0.098706 1e-06 0.006554
0-2-3-5-0-0-1-3-0-0-1 203127281 0.12123 0.081699 0 0.006974
0-2-3-5-0-0-1-3-0-1-2 37830920 0.053212 0.018336 1e-06 0.010614
0-2-3-5-0-0-1-3-0-2-3 95160060 0.061883 0.028624 1e-06 0.007213
0-2-3-5-0-1-2-4-0-0-1 1894734503 0.752746 0.731735 1e-06 0.006939
0-2-3-5-0-1-2-4-0-1-2 3655061 0.138403 0.011631 0 0.007268
0-2-3-5-0-1-2-4-0-2-3 506118651 0.200222 0.177633 0 0.007133
0-2-3-5-0-2-3-5-0-0-1 258473495 0.097297 0.067836 1e-06 0.007242
0-2-3-5-0-2-3-5-0-1-2 40945109 0.038853 0.014938 1e-06 0.007153
0-2-3-5-0-2-3-5-0-2-3 76504726 0.059091 0.035483 0 0.006989
1-3-0-0-1-3-0-0-1-3-0 156357361 0.100388 0.060278 0 0.007672
1-3-0-0-1-3-0-1-2-4-0 1526994749 0.528096 0.501235 1e-06 0.00747
1-3-0-0-1-3-0-2-3-5-0 203127281 0.097984 0.056568 1e-06 0.007477
1-3-0-1-2-4-0-0-1-3-0 2048424087 0.851223 0.828607 1e-06 0.007331
1-3-0-1-2-4-0-1-2-4-0 162901838 0.10147 0.029858 0 0.007463
1-3-0-1-2-4-0-2-3-5-0 1894734503 0.525946 0.49763 1e-06 0.00741
1-3-0-2-3-5-0-0-1-3-0 368626275 0.152277 0.073288 1e-06 0.007341
1-3-0-2-3-5-0-1-2-4-0 2284018485 0.780038 0.756561 1e-06 0.007103
1-3-0-2-3-5-0-2-3-5-0 258473495 0.118014 0.05789 0 0.007572
2-4-0-0-1-3-0-0-1-3-0 32064885 0.108212 0.061923 0 0.008095
2-4-0-0-1-3-0-1-2-4-0 123397885 0.048789 0.028423 1e-06 0.008821
2-4-0-0-1-3-0-2-3-5-0 37830920 0.04505 0.022164 0 0.008996
2-4-0-1-2-4-0-0-1-3-0 4858893 0.029245 0.006735 1e-06 0.008622
2-4-0-1-2-4-0-1-2-4-0 214540 0.016401 0.002543 0 0.008162
2-4-0-1-2-4-0-2-3-5-0 3655061 0.017986 0.004913 1e-06 0.008172
2-4-0-2-3-5-0-0-1-3-0 61703686 0.050008 0.026155 1e-06 0.008578
2-4-0-2-3-5-0-1-2-4-0 204481511 0.051951 0.036925 1e-06 0.008422
2-4-0-2-3-5-0-2-3-5-0 40945109 0.035578 0.019698 1e-06 0.00863
3-5-0-0-1-3-0-0-1-3-0 72602572 0.096427 0.057252 1e-06 0.008808
3-5-0-0-1-3-0-1-2-4-0 558683771 0.113227 0.08369 0 0.007563
3-5-0-0-1-3-0-2-3-5-0 95160060 0.054037 0.029994 1e-06 0.007587
3-5-0-1-2-4-0-0-1-3-0 571674484 0.124554 0.107102 1e-06 0.007256
3-5-0-1-2-4-0-1-2-4-0 49992362 0.026653 0.010178 1e-06 0.007101
3-5-0-1-2-4-0-2-3-5-0 506118651 0.115417 0.101564 0 0.007116
3-5-0-2-3-5-0-0-1-3-0 109695304 0.045824 0.024639 0 0.007295
3-5-0-2-3-5-0-1-2-4-0 606916000 0.100381 0.083586 1e-06 0.00709
3-5-0-2-3-5-0-2-3-5-0 76504726 0.04592 0.018842 0 0.007127
