0-0-1-3-0-0-1-3-0-0-1-3-0-0-1 1419222105 2.73461 2.53242 1e-06 0.080914
0-0-1-3-0-0-1-3-0-0-1-3-0-1-2 138163365 0.722797 0.572452 2e-06 0.024869
0-0-1-3-0-0-1-3-0-0-1-3-0-2-3 557356291 1.46087 1.23465 0 0.06724
0-0-1-3-0-0-1-3-0-1-2-4-0-0-1 8528240999 14.7233 14.5519 1e-06 0.050355
0-0-1-3-0-0-1-3-0-1-2-4-0-1-2 32064885 0.983779 0.213772 1e-06 0.022332
0-0-1-3-0-0-1-3-0-1-2-4-0-2-3 2046689750 4.78261 4.50096 1e-06 0.020411
0-0-1-3-0-0-1-3-0-2-3-5-0-0-1 2936038078 3.82268 3.65511 0 0.021835
0-0-1-3-0-0-1-3-0-2-3-5-0-1-2 223660339 0.928193 0.733024 1e-06 0.022927
0-0-1-3-0-0-1-3-0-2-3-5-0-2-3 775328762 1.60317 1.45921 1e-06 0.022451
0-0-1-3-0-1-2-4-0-0-1-3-0-0-1 7987729204 12.2664 12.1527 1e-06 0.019081
0-0-1-3-0-1-2-4-0-0-1-3-0-1-2 318472348 1.15817 0.784221 1e-06 0.099276
0-0-1-3-0-1-2-4-0-0-1-3-0-2-3 2251924502 4.73933 4.50142 1e-06 0.033661
0-0-1-3-0-1-2-4-0-1-2-4-0-0-1 2048424087 2.86771 2.77254 2e-06 0.018971
0-0-1-3-0-1-2-4-0-1-2-4-0-1-2 4858893 0.163814 0.076526 1e-06 0.01773
0-0-1-3-0-1-2-4-0-1-2-4-0-2-3 571674484 1.01266 0.931294 1e-06 0.01773
0-0-1-3-0-1-2-4-0-2-3-5-0-0-1 11787767512 18.8485 18.7638 1e-06 0.018292
0-0-1-3-0-1-2-4-0-2-3-5-0-1-2 410442979 1.30294 0.936649 1e-06 0.044383
0-0-1-3-0-1-2-4-0-2-3-5-0-2-3 2711106070 5.07992 4.9752 1e-06 0.023454
0-0-1-3-0-2-3-5-0-0-1-3-0-0-1 3772537047 3.70787 3.58524 0 0.020368
0-0-1-3-0-2-3-5-0-0-1-3-0-1-2 261962127 0.900357 0.60326 1e-06 0.020512
0-0-1-3-0-2-3-5-0-0-1-3-0-2-3 1323919871 2.20681 2.10399 1e-06 0.020351
0-0-1-3-0-2-3-5-0-1-2-4-0-0-1 16986975289 27.1916 27.0712 0 0.018948
0-0-1-3-0-2-3-5-0-1-2-4-0-1-2 61703686 0.423046 0.17995 1e-06 0.050531
0-0-1-3-0-2-3-5-0-1-2-4-0-2-3 3651237370 6.92032 6.58922 1e-06 0.019157
0-0-1-3-0-2-3-5-0-2-3-5-0-0-1 4348753892 4.74387 4.57554 1e-06 0.019835
0-0-1-3-0-2-3-5-0-2-3-5-0-1-2 284130311 0.849187 0.627143 1e-06 0.042102
0-0-1-3-0-2-3-5-0-2-3-5-0-2-3 1094724705 1.71508 1.61937 1e-06 0.027002
0-1-2-4-0-0-1-3-0-0-1-3-0-0-1 6981552054 12.192 12.0707 1e-06 0.016854
0-1-2-4-0-0-1-3-0-0-1-3-0-1-2 340624697 0.672308 0.337484 1e-06 0.019004
0-1-2-4-0-0-1-3-0-0-1-3-0-2-3 2154511237 1.71382 1.41475 0 0.017448
0-1-2-4-0-0-1-3-0-1-2-4-0-0-1 24412339572 43.8356 43.724 0 0.015612
0-1-2-4-0-0-1-3-0-1-2-4-0-1-2 123397885 0.242714 0.111891 0 0.038134
0-1-2-4-0-0-1-3-0-1-2-4-0-2-3 5149393700 3.81426 2.99379 1e-06 0.015639
0-1-2-4-0-0-1-3-0-2-3-5-0-0-1 12404302670 7.21577 6.94632 1e-06 0.016674
0-1-2-4-0-0-1-3-0-2-3-5-0-1-2 437484879 1.26576 0.288613 1e-06 0.0161
0-1-2-4-0-0-1-3-0-2-3-5-0-2-3 2866699894 1.77431 1.56325 1e-06 0.016224
0-1-2-4-0-1-2-4-0-0-1-3-0-0-1 1526994749 1.0065 0.781892 1e-06 0.015028
0-1-2-4-0-1-2-4-0-0-1-3-0-1-2 123397885 0.164374 0.105553 1e-06 0.013783
0-1-2-4-0-1-2-4-0-0-1-3-0-2-3 558683771 0.441792 0.353228 1e-06 0.013909
0-1-2-4-0-1-2-4-0-1-2-4-0-0-1 162901838 0.162384 0.11691 1e-06 0.012341
0-1-2-4-0-1-2-4-0-1-2-4-0-1-2 214540 0.06612 0.022437 1e-06 0.012395
0-1-2-4-0-1-2-4-0-1-2-4-0-2-3 49992362 0.108007 0.063302 1e-06 0.012385
0-1-2-4-0-1-2-4-0-2-3-5-0-0-1 2284018485 1.23626 1.17445 0 0.013036
0-1-2-4-0-1-2-4-0-2-3-5-0-1-2 204481511 0.165857 0.121229 1e-06 0.014696
0-1-2-4-0-1-2-4-0-2-3-5-0-2-3 606916000 0.463692 0.409089 0 0.015355
0-1-2-4-0-2-3-5-0-0-1-3-0-0-1 13132687846 20.6691 20.5819 1e-06 0.015411
0-1-2-4-0-2-3-5-0-0-1-3-0-1-2 432860830 0.8013 0.282118 1e-06 0.039573
0-1-2-4-0-2-3-5-0-0-1-3-0-2-3 3706945361 8.85225 8.67359 1e-06 0.015396
0-1-2-4-0-2-3-5-0-1-2-4-0-0-1 35145744956 105.47 105.289 1e-06 0.013841
0-1-2-4-0-2-3-5-0-1-2-4-0-1-2 204481511 0.370186 0.190956 1e-06 0.049832
0-1-2-4-0-2-3-5-0-1-2-4-0-2-3 7067847345 4.76458 4.67591 1e-06 0.026211
0-1-2-4-0-2-3-5-0-2-3-5-0-0-1 13712931524 25.7372 24.6394 1e-06 0.017884
0-1-2-4-0-2-3-5-0-2-3-5-0-1-2 453417926 1.9973 0.311996 1e-06 0.015347
0-1-2-4-0-2-3-5-0-2-3-5-0-2-3 3056988612 7.52559 7.39041 1e-06 0.018901
0-2-3-5-0-0-1-3-0-0-1-3-0-0-1 1672292507 2.6313 2.15115 1e-06 0.027084
0-2-3-5-0-0-1-3-0-0-1-3-0-1-2 131792782 0.637952 0.496283 2e-06 0.033516
0-2-3-5-0-0-1-3-0-0-1-3-0-2-3 621471008 1.32877 1.19796 0 0.036943
0-2-3-5-0-0-1-3-0-1-2-4-0-0-1 9235067917 15.6738 15.5764 1e-06 0.018492
0-2-3-5-0-0-1-3-0-1-2-4-0-1-2 37830920 0.417342 0.084802 1e-06 0.018357
0-2-3-5-0-0-1-3-0-1-2-4-0-2-3 2059925133 4.6171 4.45476 0 0.0183
0-2-3-5-0-0-1-3-0-2-3-5-0-0-1 3415726164 5.12624 5.0221 1e-06 0.019659
0-2-3-5-0-0-1-3-0-2-3-5-0-1-2 190198833 0.861098 0.748132 0 0.019068
0-2-3-5-0-0-1-3-0-2-3-5-0-2-3 850019208 2.06198 1.95487 1e-06 0.018922
0-2-3-5-0-1-2-4-0-0-1-3-0-0-1 7395941882 9.42383 9.34036 1e-06 0.023481
0-2-3-5-0-1-2-4-0-0-1-3-0-1-2 218358783 0.778175 0.53972 1e-06 0.02624
0-2-3-5-0-1-2-4-0-0-1-3-0-2-3 1943486327 3.65052 3.5819 0 0.016009
0-2-3-5-0-1-2-4-0-1-2-4-0-0-1 1894734503 2.05117 1.99423 1e-06 0.014663
0-2-3-5-0-1-2-4-0-1-2-4-0-1-2 3655061 0.111063 0.045808 0 0.014596
0-2-3-5-0-1-2-4-0-1-2-4-0-2-3 506118651 0.806439 0.751325 1e-06 0.015568
0-2-3-5-0-1-2-4-0-2-3-5-0-0-1 9318882335 14.6197 14.5605 1e-06 0.01511
0-2-3-5-0-1-2-4-0-2-3-5-0-1-2 255197384 0.866129 0.689167 1e-06 0.015865
0-2-3-5-0-1-2-4-0-2-3-5-0-2-3 2055095988 4.25925 4.15777 1e-06 0.015565
0-2-3-5-0-2-3-5-0-0-1-3-0-0-1 2530088289 2.54056 2.43776 1e-06 0.017226
0-2-3-5-0-2-3-5-0-0-1-3-0-1-2 161408745 0.609655 0.406319 1e-06 0.017358
0-2-3-5-0-2-3-5-0-0-1-3-0-2-3 870458224 1.52356 1.44365 1e-06 0.017306
0-2-3-5-0-2-3-5-0-1-2-4-0-0-1 10914351715 17.7082 17.6 1e-06 0.017448
0-2-3-5-0-2-3-5-0-1-2-4-0-1-2 40945109 0.323441 0.134295 1e-06 0.040004
0-2-3-5-0-2-3-5-0-1-2-4-0-2-3 2309517773 4.83075 4.64268 1e-06 0.017373
0-2-3-5-0-2-3-5-0-2-3-5-0-0-1 2915519858 3.42257 3.32678 1e-06 0.017173
0-2-3-5-0-2-3-5-0-2-3-5-0-1-2 171400878 0.57887 0.433866 1e-06 0.016891
0-2-3-5-0-2-3-5-0-2-3-5-0-2-3 720236673 1.27104 1.1775 0 0.017036
1-3-0-0-1-3-0-0-1-3-0-0-1-3-0 1419222105 1.94122 1.78572 1e-06 0.022753
1-3-0-0-1-3-0-0-1-3-0-1-2-4-0 6981552054 4.14074 3.99795 1e-06 0.021933
1-3-0-0-1-3-0-0-1-3-0-2-3-5-0 1672292507 1.90203 1.64568 1e-06 0.023601
1-3-0-0-1-3-0-1-2-4-0-0-1-3-0 7987729204 10.2749 10.1331 0 0.020141
1-3-0-0-1-3-0-1-2-4-0-1-2-4-0 1526994749 1.02257 0.818313 1e-06 0.019537
1-3-0-0-1-3-0-1-2-4-0-2-3-5-0 7395941882 8.01322 7.88188 1e-06 0.019219
1-3-0-0-1-3-0-2-3-5-0-0-1-3-0 3772537047 3.34386 3.14173 1e-06 0.048012
1-3-0-0-1-3-0-2-3-5-0-1-2-4-0 13132687846 11.2147 11.095 1e-06 0.020146
1-3-0-0-1-3-0-2-3-5-0-2-3-5-0 2530088289 2.47413 2.0697 1e-06 0.02021
1-3-0-1-2-4-0-0-1-3-0-0-1-3-0 8528240999 6.93641 6.55619 1e-06 0.017924
1-3-0-1-2-4-0-0-1-3-0-1-2-4-0 24412339572 17.6005 17.468 1e-06 0.019733
1-3-0-1-2-4-0-0-1-3-0-2-3-5-0 9235067917 6.75876 6.50802 1e-06 0.042624
1-3-0-1-2-4-0-1-2-4-0-0-1-3-0 2048424087 1.84267 1.35715 1e-06 0.015478
1-3-0-1-2-4-0-1-2-4-0-1-2-4-0 162901838 0.257466 0.14017 1e-06 0.015162
1-3-0-1-2-4-0-1-2-4-0-2-3-5-0 1894734503 1.37662 1.30395 1e-06 0.015802
1-3-0-1-2-4-0-2-3-5-0-0-1-3-0 16986975289 13.6894 13.53 1e-06 0.016809
1-3-0-1-2-4-0-2-3-5-0-1-2-4-0 35145744956 78.759 78.3032 1e-06 0.04127
1-3-0-1-2-4-0-2-3-5-0-2-3-5-0 10914351715 8.42976 8.22625 0 0.042377
1-3-0-2-3-5-0-0-1-3-0-0-1-3-0 2936038078 3.69053 3.05429 1e-06 0.019965
1-3-0-2-3-5-0-0-1-3-0-1-2-4-0 12404302670 7.97569 6.96775 1e-06 0.019318
1-3-0-2-3-5-0-0-1-3-0-2-3-5-0 3415726164 4.82606 3.96767 1e-06 0.019449
1-3-0-2-3-5-0-1-2-4-0-0-1-3-0 11787767512 14.379 14.0684 1e-06 0.019701
1-3-0-2-3-5-0-1-2-4-0-1-2-4-0 2284018485 1.32039 1.19815 1e-06 0.046278
1-3-0-2-3-5-0-1-2-4-0-2-3-5-0 9318882335 11.039 10.9106 1e-06 0.025963
1-3-0-2-3-5-0-2-3-5-0-0-1-3-0 4348753892 3.82586 3.60724 1e-06 0.019016
1-3-0-2-3-5-0-2-3-5-0-1-2-4-0 13712931524 12.7986 12.6436 1e-06 0.020356
1-3-0-2-3-5-0-2-3-5-0-2-3-5-0 2915519858 2.68029 2.51312 1e-06 0.018104
2-4-0-0-1-3-0-0-1-3-0-0-1-3-0 138163365 1.18588 0.68958 0 0.019158
2-4-0-0-1-3-0-0-1-3-0-1-2-4-0 340624697 0.488514 0.306507 1e-06 0.018557
2-4-0-0-1-3-0-0-1-3-0-2-3-5-0 131792782 0.470095 0.38133 1e-06 0.018868
2-4-0-0-1-3-0-1-2-4-0-0-1-3-0 318472348 0.777574 0.637903 1e-06 0.016872
2-4-0-0-1-3-0-1-2-4-0-1-2-4-0 123397885 0.236773 0.094865 1e-06 0.016491
2-4-0-0-1-3-0-1-2-4-0-2-3-5-0 218358783 0.513737 0.456387 1e-06 0.016592
2-4-0-0-1-3-0-2-3-5-0-0-1-3-0 261962127 0.555513 0.484307 1e-06 0.017777
2-4-0-0-1-3-0-2-3-5-0-1-2-4-0 432860830 0.362409 0.298085 1e-06 0.019557
2-4-0-0-1-3-0-2-3-5-0-2-3-5-0 161408745 0.400715 0.33233 0 0.017735
2-4-0-1-2-4-0-0-1-3-0-0-1-3-0 32064885 0.180529 0.111511 1e-06 0.015371
2-4-0-1-2-4-0-0-1-3-0-1-2-4-0 123397885 0.151981 0.097967 1e-06 0.014637
2-4-0-1-2-4-0-0-1-3-0-2-3-5-0 37830920 0.139953 0.080868 1e-06 0.018382
2-4-0-1-2-4-0-1-2-4-0-0-1-3-0 4858893 0.057346 0.016962 1e-06 0.012936
2-4-0-1-2-4-0-1-2-4-0-1-2-4-0 214540 0.037099 0.0048 1e-06 0.012261
2-4-0-1-2-4-0-1-2-4-0-2-3-5-0 3655061 0.044712 0.011673 0 0.012413
2-4-0-1-2-4-0-2-3-5-0-0-1-3-0 61703686 0.130157 0.079597 1e-06 0.013806
2-4-0-1-2-4-0-2-3-5-0-1-2-4-0 204481511 0.15716 0.119459 1e-06 0.013345
2-4-0-1-2-4-0-2-3-5-0-2-3-5-0 40945109 0.096708 0.05491 1e-06 0.013602
2-4-0-2-3-5-0-0-1-3-0-0-1-3-0 223660339 0.662184 0.581082 0 0.016985
2-4-0-2-3-5-0-0-1-3-0-1-2-4-0 437484879 0.330867 0.269758 1e-06 0.016399
2-4-0-2-3-5-0-0-1-3-0-2-3-5-0 190198833 0.706523 0.631492 1e-06 0.016668
2-4-0-2-3-5-0-1-2-4-0-0-1-3-0 410442979 0.92529 0.87606 0 0.014761
2-4-0-2-3-5-0-1-2-4-0-1-2-4-0 204481511 0.149257 0.113305 1e-06 0.014016
2-4-0-2-3-5-0-1-2-4-0-2-3-5-0 255197384 0.677805 0.636993 1e-06 0.014338
2-4-0-2-3-5-0-2-3-5-0-0-1-3-0 284130311 0.544371 0.489455 1e-06 0.015642
2-4-0-2-3-5-0-2-3-5-0-1-2-4-0 453417926 0.368363 0.259987 1e-06 0.015075
2-4-0-2-3-5-0-2-3-5-0-2-3-5-0 171400878 0.367071 0.321257 0 0.015245
3-5-0-0-1-3-0-0-1-3-0-0-1-3-0 557356291 0.974388 0.874451 0 0.019883
3-5-0-0-1-3-0-0-1-3-0-1-2-4-0 2154511237 1.44311 1.351 1e-06 0.019451
3-5-0-0-1-3-0-0-1-3-0-2-3-5-0 621471008 0.90245 0.800229 0 0.019659
3-5-0-0-1-3-0-1-2-4-0-0-1-3-0 2251924502 3.25649 3.17941 1e-06 0.017726
3-5-0-0-1-3-0-1-2-4-0-1-2-4-0 558683771 0.380237 0.296736 1e-06 0.017068
3-5-0-0-1-3-0-1-2-4-0-2-3-5-0 1943486327 2.53936 2.47289 1e-06 0.017283
3-5-0-0-1-3-0-2-3-5-0-0-1-3-0 1323919871 1.46591 1.35469 1e-06 0.026589
3-5-0-0-1-3-0-2-3-5-0-1-2-4-0 3706945361 2.30326 2.21789 1e-06 0.026887
3-5-0-0-1-3-0-2-3-5-0-2-3-5-0 870458224 1.01608 0.882944 1e-06 0.021745
3-5-0-1-2-4-0-0-1-3-0-0-1-3-0 2046689750 4.65588 4.55576 1e-06 0.018455
3-5-0-1-2-4-0-0-1-3-0-1-2-4-0 5149393700 3.09776 3.0321 0 0.015256
3-5-0-1-2-4-0-0-1-3-0-2-3-5-0 2059925133 1.94449 1.87421 1e-06 0.016138
3-5-0-1-2-4-0-1-2-4-0-0-1-3-0 571674484 0.468776 0.388382 1e-06 0.016574
3-5-0-1-2-4-0-1-2-4-0-1-2-4-0 49992362 0.082607 0.039904 1e-06 0.013299
3-5-0-1-2-4-0-1-2-4-0-2-3-5-0 506118651 0.440655 0.39147 1e-06 0.016332
3-5-0-1-2-4-0-2-3-5-0-0-1-3-0 3651237370 5.52725 5.46168 1e-06 0.015638
3-5-0-1-2-4-0-2-3-5-0-1-2-4-0 7067847345 4.53418 4.4581 1e-06 0.016875
3-5-0-1-2-4-0-2-3-5-0-2-3-5-0 2309517773 3.75863 3.6161 1e-06 0.016607
3-5-0-2-3-5-0-0-1-3-0-0-1-3-0 775328762 1.13437 0.96677 0 0.017488
3-5-0-2-3-5-0-0-1-3-0-1-2-4-0 2866699894 1.53935 1.44226 2e-06 0.017095
3-5-0-2-3-5-0-0-1-3-0-2-3-5-0 850019208 1.26988 1.19578 1e-06 0.0174
3-5-0-2-3-5-0-1-2-4-0-0-1-3-0 2711106070 3.36131 3.27723 0 0.021039
3-5-0-2-3-5-0-1-2-4-0-1-2-4-0 606916000 0.353279 0.286101 0 0.0249
3-5-0-2-3-5-0-1-2-4-0-2-3-5-0 2055095988 2.6823 2.63411 1e-06 0.015258
3-5-0-2-3-5-0-2-3-5-0-0-1-3-0 1094724705 1.07368 1.00508 1e-06 0.020439
3-5-0-2-3-5-0-2-3-5-0-1-2-4-0 3056988612 1.58934 1.53153 1e-06 0.01601
3-5-0-2-3-5-0-2-3-5-0-2-3-5-0 720236673 0.7999 0.71545 1e-06 0.016167
