0-0-1-3-0-0-1 11946758 0.091061 0.056707 1e-06 0.016589
0-0-1-3-0-1-2 4858893 0.040257 0.011599 0 0.013143
0-0-1-3-0-2-3 6055132 0.040083 0.011955 0 0.013015
0-1-2-4-0-0-1 162901838 0.571296 0.552059 1e-06 0.012629
0-1-2-4-0-1-2 214540 0.013172 0.005771 0 0.002714
0-1-2-4-0-2-3 49992362 0.019993 0.012512 0 0.002635
0-2-3-5-0-0-1 13858287 0.017684 0.007303 0 0.002719
0-2-3-5-0-1-2 3655061 0.015114 0.005805 0 0.002745
0-2-3-5-0-2-3 4352217 0.014122 0.005939 0 0.002715
1-3-0-0-1-3-0 11946758 0.024871 0.012556 0 0.003057
1-3-0-1-2-4-0 162901838 0.045744 0.035167 1e-06 0.003019
1-3-0-2-3-5-0 13858287 0.022009 0.011401 1e-06 0.002868
2-4-0-0-1-3-0 4858893 0.012847 0.004061 0 0.002665
2-4-0-1-2-4-0 214540 0.006436 0.001124 1e-06 0.002466
2-4-0-2-3-5-0 3655061 0.00788 0.002658 1e-06 0.00241
3-5-0-0-1-3-0 6055132 0.014651 0.004692 1e-06 0.002704
3-5-0-1-2-4-0 49992362 0.015151 0.008691 0 0.002623
3-5-0-2-3-5-0 4352217 0.010266 0.003473 1e-06 0.002638
