0-0-1-3-0-0-1-3-0-0-1-3-0-0-1 1419222105 5.45046 5.30149 1e-06 0.081009
0-0-1-3-0-0-1-3-0-0-1-3-0-1-2 138163365 0.355439 0.184172 2e-06 0.07402
0-0-1-3-0-0-1-3-0-0-1-3-0-2-3 557356291 0.458391 0.356821 1e-06 0.04669
0-0-1-3-0-0-1-3-0-1-2-4-0-0-1 8528240999 19.3276 19.2355 2e-06 0.028064
0-0-1-3-0-0-1-3-0-1-2-4-0-1-2 32064885 1.76425 0.211705 2e-06 0.128008
0-0-1-3-0-0-1-3-0-1-2-4-0-2-3 2046689750 4.31241 4.08943 1e-06 0.028166
0-0-1-3-0-0-1-3-0-2-3-5-0-0-1 2936038078 4.10293 3.99068 1e-06 0.026339
0-0-1-3-0-0-1-3-0-2-3-5-0-1-2 223660339 0.366958 0.190782 2e-06 0.02559
0-0-1-3-0-0-1-3-0-2-3-5-0-2-3 775328762 0.529529 0.363129 1e-06 0.026256
0-0-1-3-0-1-2-4-0-0-1-3-0-0-1 7987729204 15.9397 15.8558 1e-06 0.025109
0-0-1-3-0-1-2-4-0-0-1-3-0-1-2 318472348 1.40658 0.361654 1e-06 0.08635
0-0-1-3-0-1-2-4-0-0-1-3-0-2-3 2251924502 1.52892 1.32369 1e-06 0.016208
0-0-1-3-0-1-2-4-0-1-2-4-0-0-1 2048424087 0.791614 0.709201 1e-06 0.024266
0-0-1-3-0-1-2-4-0-1-2-4-0-1-2 4858893 0.110954 0.035752 2e-06 0.024337
0-0-1-3-0-1-2-4-0-1-2-4-0-2-3 571674484 0.260648 0.203106 1e-06 0.036373
0-0-1-3-0-1-2-4-0-2-3-5-0-0-1 11787767512 21.8107 21.7524 1e-06 0.02567
0-0-1-3-0-1-2-4-0-2-3-5-0-1-2 410442979 1.69466 0.525434 1e-06 0.074395
0-0-1-3-0-1-2-4-0-2-3-5-0-2-3 2711106070 1.67401 1.58037 2e-06 0.026579
0-0-1-3-0-2-3-5-0-0-1-3-0-0-1 3772537047 2.76273 2.48498 2e-06 0.025526
0-0-1-3-0-2-3-5-0-0-1-3-0-1-2 261962127 0.503597 0.181469 2e-06 0.025097
0-0-1-3-0-2-3-5-0-0-1-3-0-2-3 1323919871 0.622137 0.503769 1e-06 0.016873
0-0-1-3-0-2-3-5-0-1-2-4-0-0-1 16986975289 24.6724 24.575 2e-06 0.024938
0-0-1-3-0-2-3-5-0-1-2-4-0-1-2 61703686 1.78859 0.355691 2e-06 0.068113
0-0-1-3-0-2-3-5-0-1-2-4-0-2-3 3651237370 3.33513 3.10484 1e-06 0.038329
0-0-1-3-0-2-3-5-0-2-3-5-0-0-1 4348753892 3.0677 2.88086 1e-06 0.016837
0-0-1-3-0-2-3-5-0-2-3-5-0-1-2 284130311 0.378793 0.185046 1e-06 0.024714
0-0-1-3-0-2-3-5-0-2-3-5-0-2-3 1094724705 0.441217 0.361054 1e-06 0.016809
0-1-2-4-0-0-1-3-0-0-1-3-0-0-1 6981552054 11.4703 11.4108 1e-06 0.016544
0-1-2-4-0-0-1-3-0-0-1-3-0-1-2 340624697 0.336608 0.112757 1e-06 0.024057
0-1-2-4-0-0-1-3-0-0-1-3-0-2-3 2154511237 0.74265 0.602402 2e-06 0.024219
0-1-2-4-0-0-1-3-0-1-2-4-0-0-1 24412339572 48.0393 47.9575 2e-06 0.024125
0-1-2-4-0-0-1-3-0-1-2-4-0-1-2 123397885 0.866171 0.105074 2e-06 0.077609
0-1-2-4-0-0-1-3-0-1-2-4-0-2-3 5149393700 1.86843 1.43391 1e-06 0.040641
0-1-2-4-0-0-1-3-0-2-3-5-0-0-1 12404302670 7.89727 7.16649 2e-06 0.015981
0-1-2-4-0-0-1-3-0-2-3-5-0-1-2 437484879 0.331289 0.087963 1e-06 0.028423
0-1-2-4-0-0-1-3-0-2-3-5-0-2-3 2866699894 0.72313 0.377755 1e-06 0.015223
0-1-2-4-0-1-2-4-0-0-1-3-0-0-1 1526994749 0.338858 0.19972 1e-06 0.022887
0-1-2-4-0-1-2-4-0-0-1-3-0-1-2 123397885 0.328858 0.036494 1e-06 0.017781
0-1-2-4-0-1-2-4-0-0-1-3-0-2-3 558683771 0.356092 0.096107 1e-06 0.01972
0-1-2-4-0-1-2-4-0-1-2-4-0-0-1 162901838 0.114791 0.035242 2e-06 0.022536
0-1-2-4-0-1-2-4-0-1-2-4-0-1-2 214540 0.04864 0.014904 2e-06 0.022476
0-1-2-4-0-1-2-4-0-1-2-4-0-2-3 49992362 0.075543 0.032649 2e-06 0.02709
0-1-2-4-0-1-2-4-0-2-3-5-0-0-1 2284018485 0.377847 0.337779 2e-06 0.022688
0-1-2-4-0-1-2-4-0-2-3-5-0-1-2 204481511 0.059256 0.031214 1e-06 0.015364
0-1-2-4-0-1-2-4-0-2-3-5-0-2-3 606916000 0.126794 0.094134 1e-06 0.015071
0-1-2-4-0-2-3-5-0-0-1-3-0-0-1 13132687846 5.92469 5.80397 1e-06 0.015048
0-1-2-4-0-2-3-5-0-0-1-3-0-1-2 432860830 0.80923 0.068886 2e-06 0.013581
0-1-2-4-0-2-3-5-0-0-1-3-0-2-3 3706945361 2.07514 1.89361 1e-06 0.01496
0-1-2-4-0-2-3-5-0-1-2-4-0-0-1 35145744956 26.1439 26.1053 1e-06 0.01267
0-1-2-4-0-2-3-5-0-1-2-4-0-1-2 204481511 0.504062 0.037128 0 0.015976
0-1-2-4-0-2-3-5-0-1-2-4-0-2-3 7067847345 1.56333 0.825783 1e-06 0.012276
0-1-2-4-0-2-3-5-0-2-3-5-0-0-1 13712931524 5.32855 4.5945 1e-06 0.014866
0-1-2-4-0-2-3-5-0-2-3-5-0-1-2 453417926 0.880558 0.059106 1e-06 0.05924
0-1-2-4-0-2-3-5-0-2-3-5-0-2-3 3056988612 1.54188 1.24819 1e-06 0.017878
0-2-3-5-0-0-1-3-0-0-1-3-0-0-1 1672292507 1.97292 0.33786 1e-06 0.013626
0-2-3-5-0-0-1-3-0-0-1-3-0-1-2 131792782 0.854123 0.096876 1e-06 0.013373
0-2-3-5-0-0-1-3-0-0-1-3-0-2-3 621471008 0.662101 0.216758 1e-06 0.013295
0-2-3-5-0-0-1-3-0-1-2-4-0-0-1 9235067917 3.4034 3.3179 1e-06 0.013229
0-2-3-5-0-0-1-3-0-1-2-4-0-1-2 37830920 0.613001 0.022445 1e-06 0.013275
0-2-3-5-0-0-1-3-0-1-2-4-0-2-3 2059925133 0.864917 0.749959 1e-06 0.0149
0-2-3-5-0-0-1-3-0-2-3-5-0-0-1 3415726164 1.09897 0.990846 1e-06 0.013152
0-2-3-5-0-0-1-3-0-2-3-5-0-1-2 190198833 0.452675 0.1321 1e-06 0.013211
0-2-3-5-0-0-1-3-0-2-3-5-0-2-3 850019208 0.375018 0.311879 1e-06 0.013507
0-2-3-5-0-1-2-4-0-0-1-3-0-0-1 7395941882 2.59933 2.56346 1e-06 0.012901
0-2-3-5-0-1-2-4-0-0-1-3-0-1-2 218358783 0.576889 0.163449 1e-06 0.01598
0-2-3-5-0-1-2-4-0-0-1-3-0-2-3 1943486327 0.73716 0.641803 1e-06 0.013046
0-2-3-5-0-1-2-4-0-1-2-4-0-0-1 1894734503 0.43975 0.370512 1e-06 0.015727
0-2-3-5-0-1-2-4-0-1-2-4-0-1-2 3655061 0.049666 0.012714 1e-06 0.012516
0-2-3-5-0-1-2-4-0-1-2-4-0-2-3 506118651 0.159335 0.129205 1e-06 0.013073
0-2-3-5-0-1-2-4-0-2-3-5-0-0-1 9318882335 3.43941 3.41174 0 0.012769
0-2-3-5-0-1-2-4-0-2-3-5-0-1-2 255197384 0.599844 0.24069 1e-06 0.012186
0-2-3-5-0-1-2-4-0-2-3-5-0-2-3 2055095988 0.852061 0.77384 1e-06 0.012246
0-2-3-5-0-2-3-5-0-0-1-3-0-0-1 2530088289 0.618302 0.491735 1e-06 0.012952
0-2-3-5-0-2-3-5-0-0-1-3-0-1-2 161408745 0.210897 0.077596 1e-06 0.013226
0-2-3-5-0-2-3-5-0-0-1-3-0-2-3 870458224 0.351067 0.262893 1e-06 0.012799
0-2-3-5-0-2-3-5-0-1-2-4-0-0-1 10914351715 3.5785 3.54585 1e-06 0.012714
0-2-3-5-0-2-3-5-0-1-2-4-0-1-2 40945109 0.808324 0.196537 2e-06 0.110468
0-2-3-5-0-2-3-5-0-1-2-4-0-2-3 2309517773 0.921281 0.804526 1e-06 0.013674
0-2-3-5-0-2-3-5-0-2-3-5-0-0-1 2915519858 0.701535 0.636967 1e-06 0.015292
0-2-3-5-0-2-3-5-0-2-3-5-0-1-2 171400878 0.177789 0.083079 1e-06 0.013673
0-2-3-5-0-2-3-5-0-2-3-5-0-2-3 720236673 0.258699 0.206794 1e-06 0.013797
1-3-0-0-1-3-0-0-1-3-0-0-1-3-0 1419222105 0.471454 0.338458 1e-06 0.015958
1-3-0-0-1-3-0-0-1-3-0-1-2-4-0 6981552054 2.40457 2.33888 1e-06 0.015753
1-3-0-0-1-3-0-0-1-3-0-2-3-5-0 1672292507 1.04996 0.348129 1e-06 0.01384
1-3-0-0-1-3-0-1-2-4-0-0-1-3-0 7987729204 2.94262 2.79163 1e-06 0.01435
1-3-0-0-1-3-0-1-2-4-0-1-2-4-0 1526994749 0.8565 0.156078 1e-06 0.014727
1-3-0-0-1-3-0-1-2-4-0-2-3-5-0 7395941882 2.0546 2.00354 1e-06 0.015251
1-3-0-0-1-3-0-2-3-5-0-0-1-3-0 3772537047 1.09311 0.595397 1e-06 0.015341
1-3-0-0-1-3-0-2-3-5-0-1-2-4-0 13132687846 4.41793 4.32794 1e-06 0.013501
1-3-0-0-1-3-0-2-3-5-0-2-3-5-0 2530088289 1.36477 0.393903 0 0.014612
1-3-0-1-2-4-0-0-1-3-0-0-1-3-0 8528240999 1.85844 1.59375 1e-06 0.013774
1-3-0-1-2-4-0-0-1-3-0-1-2-4-0 24412339572 8.27894 8.09803 2e-06 0.015398
1-3-0-1-2-4-0-0-1-3-0-2-3-5-0 9235067917 2.33352 1.31658 1e-06 0.013467
1-3-0-1-2-4-0-1-2-4-0-0-1-3-0 2048424087 0.692667 0.270848 1e-06 0.016943
1-3-0-1-2-4-0-1-2-4-0-1-2-4-0 162901838 0.057686 0.027769 1e-06 0.015558
1-3-0-1-2-4-0-1-2-4-0-2-3-5-0 1894734503 0.275864 0.219372 1e-06 0.016817
1-3-0-1-2-4-0-2-3-5-0-0-1-3-0 16986975289 4.82693 4.5603 1e-06 0.01448
1-3-0-1-2-4-0-2-3-5-0-1-2-4-0 35145744956 18.4837 18.0416 1e-06 0.014488
1-3-0-1-2-4-0-2-3-5-0-2-3-5-0 10914351715 2.02268 1.26973 1e-06 0.048317
1-3-0-2-3-5-0-0-1-3-0-0-1-3-0 2936038078 4.56166 0.549762 1e-06 0.016346
1-3-0-2-3-5-0-0-1-3-0-1-2-4-0 12404302670 3.49887 2.64538 1e-06 0.016694
1-3-0-2-3-5-0-0-1-3-0-2-3-5-0 3415726164 2.08873 0.867589 2e-06 0.018258
1-3-0-2-3-5-0-1-2-4-0-0-1-3-0 11787767512 3.9558 3.67038 1e-06 0.014075
1-3-0-2-3-5-0-1-2-4-0-1-2-4-0 2284018485 1.1417 0.245857 1e-06 0.018982
1-3-0-2-3-5-0-1-2-4-0-2-3-5-0 9318882335 2.29452 2.24431 1e-06 0.01659
1-3-0-2-3-5-0-2-3-5-0-0-1-3-0 4348753892 1.01282 0.693972 1e-06 0.016369
1-3-0-2-3-5-0-2-3-5-0-1-2-4-0 13712931524 4.30291 4.07655 2e-06 0.013811
1-3-0-2-3-5-0-2-3-5-0-2-3-5-0 2915519858 1.33465 0.445756 1e-06 0.01385
2-4-0-0-1-3-0-0-1-3-0-0-1-3-0 138163365 0.630938 0.134398 1e-06 0.014837
2-4-0-0-1-3-0-0-1-3-0-1-2-4-0 340624697 0.131501 0.066229 1e-06 0.0158
2-4-0-0-1-3-0-0-1-3-0-2-3-5-0 131792782 0.196797 0.084156 1e-06 0.014552
2-4-0-0-1-3-0-1-2-4-0-0-1-3-0 318472348 0.180289 0.130741 1e-06 0.014347
2-4-0-0-1-3-0-1-2-4-0-1-2-4-0 123397885 0.050981 0.021164 1e-06 0.018068
2-4-0-0-1-3-0-1-2-4-0-2-3-5-0 218358783 0.137139 0.085137 1e-06 0.014239
2-4-0-0-1-3-0-2-3-5-0-0-1-3-0 261962127 0.19179 0.097402 1e-06 0.014725
2-4-0-0-1-3-0-2-3-5-0-1-2-4-0 432860830 0.087867 0.061632 1e-06 0.014363
2-4-0-0-1-3-0-2-3-5-0-2-3-5-0 161408745 0.102927 0.061716 1e-06 0.014377
2-4-0-1-2-4-0-0-1-3-0-0-1-3-0 32064885 0.091319 0.023481 1e-06 0.014126
2-4-0-1-2-4-0-0-1-3-0-1-2-4-0 123397885 0.045377 0.020395 1e-06 0.014434
2-4-0-1-2-4-0-0-1-3-0-2-3-5-0 37830920 0.042159 0.018203 1e-06 0.01433
2-4-0-1-2-4-0-1-2-4-0-0-1-3-0 4858893 0.052519 0.006951 1e-06 0.013991
2-4-0-1-2-4-0-1-2-4-0-1-2-4-0 214540 0.023426 0.003054 1e-06 0.013932
2-4-0-1-2-4-0-1-2-4-0-2-3-5-0 3655061 0.025278 0.004852 1e-06 0.013818
2-4-0-1-2-4-0-2-3-5-0-0-1-3-0 61703686 0.067157 0.021305 1e-06 0.014062
2-4-0-1-2-4-0-2-3-5-0-1-2-4-0 204481511 0.044767 0.023398 1e-06 0.013943
2-4-0-1-2-4-0-2-3-5-0-2-3-5-0 40945109 0.045684 0.016044 1e-06 0.014037
2-4-0-2-3-5-0-0-1-3-0-0-1-3-0 223660339 0.157971 0.111181 1e-06 0.014634
2-4-0-2-3-5-0-0-1-3-0-1-2-4-0 437484879 0.087421 0.057805 0 0.014588
2-4-0-2-3-5-0-0-1-3-0-2-3-5-0 190198833 0.268896 0.151332 2e-06 0.014563
2-4-0-2-3-5-0-1-2-4-0-0-1-3-0 410442979 0.210697 0.157038 1e-06 0.014367
2-4-0-2-3-5-0-1-2-4-0-1-2-4-0 204481511 0.055315 0.023641 1e-06 0.015151
2-4-0-2-3-5-0-1-2-4-0-2-3-5-0 255197384 0.132774 0.107896 1e-06 0.014061
2-4-0-2-3-5-0-2-3-5-0-0-1-3-0 284130311 0.115741 0.088599 1e-06 0.01432
2-4-0-2-3-5-0-2-3-5-0-1-2-4-0 453417926 0.085409 0.055693 0 0.014949
2-4-0-2-3-5-0-2-3-5-0-2-3-5-0 171400878 0.083007 0.05959 1e-06 0.014257
3-5-0-0-1-3-0-0-1-3-0-0-1-3-0 557356291 0.20092 0.154654 1e-06 0.015374
3-5-0-0-1-3-0-0-1-3-0-1-2-4-0 2154511237 0.295736 0.224035 1e-06 0.015457
3-5-0-0-1-3-0-0-1-3-0-2-3-5-0 621471008 0.200019 0.138604 1e-06 0.015355
3-5-0-0-1-3-0-1-2-4-0-0-1-3-0 2251924502 0.578994 0.538816 1e-06 0.020198
3-5-0-0-1-3-0-1-2-4-0-1-2-4-0 558683771 0.097757 0.054465 0 0.018298
3-5-0-0-1-3-0-1-2-4-0-2-3-5-0 1943486327 0.455229 0.424743 1e-06 0.016173
3-5-0-0-1-3-0-2-3-5-0-0-1-3-0 1323919871 0.266478 0.227335 1e-06 0.015221
3-5-0-0-1-3-0-2-3-5-0-1-2-4-0 3706945361 0.62119 0.570005 1e-06 0.017069
3-5-0-0-1-3-0-2-3-5-0-2-3-5-0 870458224 0.226314 0.155548 0 0.01415
3-5-0-1-2-4-0-0-1-3-0-0-1-3-0 2046689750 0.871856 0.791188 1e-06 0.015548
3-5-0-1-2-4-0-0-1-3-0-1-2-4-0 5149393700 1.25152 1.19557 0 0.014649
3-5-0-1-2-4-0-0-1-3-0-2-3-5-0 2059925133 0.434558 0.327486 1e-06 0.014542
3-5-0-1-2-4-0-1-2-4-0-0-1-3-0 571674484 0.167522 0.089062 1e-06 0.014373
3-5-0-1-2-4-0-1-2-4-0-1-2-4-0 49992362 0.033935 0.009407 1e-06 0.015175
3-5-0-1-2-4-0-1-2-4-0-2-3-5-0 506118651 0.091453 0.062697 1e-06 0.014114
3-5-0-1-2-4-0-2-3-5-0-0-1-3-0 3651237370 1.08977 1.06233 1e-06 0.014246
3-5-0-1-2-4-0-2-3-5-0-1-2-4-0 7067847345 1.9789 1.87956 1e-06 0.017442
3-5-0-1-2-4-0-2-3-5-0-2-3-5-0 2309517773 0.786363 0.670635 1e-06 0.015056
3-5-0-2-3-5-0-0-1-3-0-0-1-3-0 775328762 0.36185 0.186887 1e-06 0.018876
3-5-0-2-3-5-0-0-1-3-0-1-2-4-0 2866699894 0.372063 0.330163 1e-06 0.014827
3-5-0-2-3-5-0-0-1-3-0-2-3-5-0 850019208 0.289492 0.222708 1e-06 0.015507
3-5-0-2-3-5-0-1-2-4-0-0-1-3-0 2711106070 0.635937 0.60483 1e-06 0.015175
3-5-0-2-3-5-0-1-2-4-0-1-2-4-0 606916000 0.11633 0.059576 1e-06 0.012992
3-5-0-2-3-5-0-1-2-4-0-2-3-5-0 2055095988 0.486162 0.461987 1e-06 0.014141
3-5-0-2-3-5-0-2-3-5-0-0-1-3-0 1094724705 0.214849 0.176699 0 0.015462
3-5-0-2-3-5-0-2-3-5-0-1-2-4-0 3056988612 0.388776 0.362973 1e-06 0.013792
3-5-0-2-3-5-0-2-3-5-0-2-3-5-0 720236673 0.17817 0.13028 1e-06 0.01391
