0-0-1-3-0-0-1-3-0-0-1-3-0 1200719971 6.14646 6.04052 1e-06 0.055427
0-0-1-3-0-0-1-3-0-1-2-4-0 6268640177 15.289 15.1409 1e-06 0.045061
0-0-1-3-0-0-1-3-0-2-3-5-0 1411253161 1.26999 0.585472 1e-06 0.100284
0-0-1-3-0-1-2-4-0-0-1-3-0 7143745039 10.942 10.7939 1e-06 0.019458
0-0-1-3-0-1-2-4-0-1-2-4-0 1306671714 1.24026 0.673215 1e-06 0.072061
0-0-1-3-0-1-2-4-0-2-3-5-0 6798970777 9.11364 9.03828 1e-06 0.019724
0-0-1-3-0-2-3-5-0-0-1-3-0 3197405526 3.03603 2.53003 1e-06 0.019604
0-0-1-3-0-2-3-5-0-1-2-4-0 12244116763 17.4359 17.3658 1e-06 0.026546
0-0-1-3-0-2-3-5-0-2-3-5-0 2119598948 1.99666 1.06824 1e-06 0.056082
0-1-2-4-0-0-1-3-0-0-1-3-0 6268640177 5.52174 5.3203 1e-06 0.01244
0-1-2-4-0-0-1-3-0-1-2-4-0 19647442637 32.1854 32.0971 2e-06 0.018758
0-1-2-4-0-0-1-3-0-2-3-5-0 7169468361 3.72832 2.63267 1e-06 0.059769
0-1-2-4-0-1-2-4-0-0-1-3-0 1306671714 0.548972 0.259552 1e-06 0.011844
0-1-2-4-0-1-2-4-0-1-2-4-0 62478594 0.165051 0.041271 2e-06 0.017348
0-1-2-4-0-1-2-4-0-2-3-5-0 1060374840 0.244118 0.172416 2e-06 0.011504
0-1-2-4-0-2-3-5-0-0-1-3-0 12244116763 5.39169 5.34308 1e-06 0.01186
0-1-2-4-0-2-3-5-0-1-2-4-0 29301429046 16.1496 16.0051 1e-06 0.016606
0-1-2-4-0-2-3-5-0-2-3-5-0 8007804094 3.67463 2.52489 1e-06 0.049609
0-2-3-5-0-0-1-3-0-0-1-3-0 1411253161 2.48213 0.263445 0 0.013402
0-2-3-5-0-0-1-3-0-1-2-4-0 7169468361 1.42388 0.867917 1e-06 0.017571
0-2-3-5-0-0-1-3-0-2-3-5-0 1749579324 1.70741 0.411862 1e-06 0.016856
0-2-3-5-0-1-2-4-0-0-1-3-0 6798970777 1.95735 1.85214 1e-06 0.011564
0-2-3-5-0-1-2-4-0-1-2-4-0 1060374840 0.484634 0.20527 0 0.015784
0-2-3-5-0-1-2-4-0-2-3-5-0 5692292682 1.49195 1.44885 1e-06 0.010878
0-2-3-5-0-2-3-5-0-0-1-3-0 2119598948 0.471105 0.374113 1e-06 0.011327
0-2-3-5-0-2-3-5-0-1-2-4-0 8007804094 2.15198 2.11549 1e-06 0.009398
0-2-3-5-0-2-3-5-0-2-3-5-0 1435985598 0.618255 0.273662 2e-06 0.011242
1-3-0-0-1-3-0-0-1-3-0-0-1 211653511 0.385952 0.128735 1e-06 0.011359
1-3-0-0-1-3-0-0-1-3-0-1-2 37465054 0.097085 0.042556 2e-06 0.014849
1-3-0-0-1-3-0-0-1-3-0-2-3 94494222 0.189038 0.050152 1e-06 0.034384
1-3-0-0-1-3-0-1-2-4-0-0-1 2435153216 0.692322 0.643194 1e-06 0.024142
1-3-0-0-1-3-0-1-2-4-0-1-2 6077715 0.09281 0.024786 1e-06 0.010643
1-3-0-0-1-3-0-1-2-4-0-2-3 663562074 0.346699 0.205077 1e-06 0.010551
1-3-0-0-1-3-0-2-3-5-0-0-1 492952736 0.144983 0.104309 1e-06 0.010938
1-3-0-0-1-3-0-2-3-5-0-1-2 71117008 0.158203 0.038467 0 0.035588
1-3-0-0-1-3-0-2-3-5-0-2-3 144168858 0.097143 0.046756 0 0.023063
1-3-0-1-2-4-0-0-1-3-0-0-1 2435153216 0.520203 0.468386 1e-06 0.027338
1-3-0-1-2-4-0-0-1-3-0-1-2 165472842 0.132497 0.046297 1e-06 0.010293
1-3-0-1-2-4-0-0-1-3-0-2-3 824065675 0.177206 0.148667 1e-06 0.010325
1-3-0-1-2-4-0-1-2-4-0-0-1 360430421 0.088874 0.067272 1e-06 0.010094
1-3-0-1-2-4-0-1-2-4-0-1-2 560269 0.043584 0.013176 1e-06 0.011083
1-3-0-1-2-4-0-1-2-4-0-2-3 108629855 0.071618 0.029458 0 0.022375
1-3-0-1-2-4-0-2-3-5-0-0-1 3881323081 1.25629 1.21094 1e-06 0.022446
1-3-0-1-2-4-0-2-3-5-0-1-2 270475619 0.321349 0.062963 1e-06 0.013927
1-3-0-1-2-4-0-2-3-5-0-2-3 986646163 0.206874 0.175234 1e-06 0.009692
1-3-0-2-3-5-0-0-1-3-0-0-1 492952736 0.122535 0.07479 0 0.010511
1-3-0-2-3-5-0-0-1-3-0-1-2 72381185 0.062773 0.029564 1e-06 0.011213
1-3-0-2-3-5-0-0-1-3-0-2-3 214694911 0.096204 0.054253 1e-06 0.010023
1-3-0-2-3-5-0-1-2-4-0-0-1 3881323081 1.20308 1.17508 0 0.010052
1-3-0-2-3-5-0-1-2-4-0-1-2 8586696 0.333183 0.02279 1e-06 0.010103
1-3-0-2-3-5-0-1-2-4-0-2-3 977297157 0.346276 0.304495 1e-06 0.010279
1-3-0-2-3-5-0-2-3-5-0-0-1 621473695 0.128978 0.089388 1e-06 0.010395
1-3-0-2-3-5-0-2-3-5-0-1-2 79049098 0.060181 0.027199 1e-06 0.010467
1-3-0-2-3-5-0-2-3-5-0-2-3 176949807 0.067944 0.03858 1e-06 0.010725
2-4-0-0-1-3-0-0-1-3-0-0-1 37465054 0.075679 0.039305 1e-06 0.010513
2-4-0-0-1-3-0-0-1-3-0-1-2 2746067 0.061907 0.033712 0 0.010247
2-4-0-0-1-3-0-0-1-3-0-2-3 13206540 0.071361 0.042141 1e-06 0.010138
2-4-0-0-1-3-0-1-2-4-0-0-1 165472842 0.087221 0.064402 1e-06 0.0099
2-4-0-0-1-3-0-1-2-4-0-1-2 793231 0.033442 0.0103 2e-06 0.010392
2-4-0-0-1-3-0-1-2-4-0-2-3 37851690 0.048027 0.025985 0 0.009809
2-4-0-0-1-3-0-2-3-5-0-0-1 72381185 0.061758 0.037392 1e-06 0.009963
2-4-0-0-1-3-0-2-3-5-0-1-2 3963418 0.04469 0.017631 1e-06 0.014093
2-4-0-0-1-3-0-2-3-5-0-2-3 18163560 0.056304 0.022576 1e-06 0.010013
2-4-0-1-2-4-0-0-1-3-0-0-1 6077715 0.03979 0.01267 1e-06 0.009643
2-4-0-1-2-4-0-0-1-3-0-1-2 793231 0.029746 0.009519 1e-06 0.009648
2-4-0-1-2-4-0-0-1-3-0-2-3 2523483 0.044832 0.010587 1e-06 0.013676
2-4-0-1-2-4-0-1-2-4-0-0-1 560269 0.018222 0.003023 1e-06 0.009306
2-4-0-1-2-4-0-1-2-4-0-1-2 2309 0.019054 0.00238 1e-06 0.010264
2-4-0-1-2-4-0-1-2-4-0-2-3 177569 0.018317 0.00298 1e-06 0.009192
2-4-0-1-2-4-0-2-3-5-0-0-1 8586696 0.02521 0.008579 1e-06 0.009327
2-4-0-1-2-4-0-2-3-5-0-1-2 1249649 0.025698 0.004838 0 0.009373
2-4-0-1-2-4-0-2-3-5-0-2-3 2510707 0.02146 0.005712 1e-06 0.009326
2-4-0-2-3-5-0-0-1-3-0-0-1 71117008 0.079395 0.055015 1e-06 0.009747
2-4-0-2-3-5-0-0-1-3-0-1-2 3963418 0.076442 0.013467 1e-06 0.00982
2-4-0-2-3-5-0-0-1-3-0-2-3 23447742 0.055455 0.021311 1e-06 0.01374
2-4-0-2-3-5-0-1-2-4-0-0-1 270475619 0.116754 0.092183 1e-06 0.009565
2-4-0-2-3-5-0-1-2-4-0-1-2 1249649 0.026642 0.004996 1e-06 0.013527
2-4-0-2-3-5-0-1-2-4-0-2-3 56692000 0.046893 0.030372 0 0.009435
2-4-0-2-3-5-0-2-3-5-0-0-1 79049098 0.056788 0.036958 1e-06 0.009582
2-4-0-2-3-5-0-2-3-5-0-1-2 4296935 0.028384 0.009237 1e-06 0.009639
2-4-0-2-3-5-0-2-3-5-0-2-3 19367940 0.041417 0.017642 1e-06 0.013647
3-5-0-0-1-3-0-0-1-3-0-0-1 94494222 0.095486 0.049521 1e-06 0.010501
3-5-0-0-1-3-0-0-1-3-0-1-2 13206540 0.103641 0.03653 0 0.039819
3-5-0-0-1-3-0-0-1-3-0-2-3 41003648 0.096893 0.045712 1e-06 0.023079
3-5-0-0-1-3-0-1-2-4-0-0-1 824065675 0.270807 0.226277 1e-06 0.022815
3-5-0-0-1-3-0-1-2-4-0-1-2 2523483 0.071216 0.013621 1e-06 0.035079
3-5-0-0-1-3-0-1-2-4-0-2-3 215363168 0.125106 0.078654 1e-06 0.023735
3-5-0-0-1-3-0-2-3-5-0-0-1 214694911 0.102084 0.056892 1e-06 0.022761
3-5-0-0-1-3-0-2-3-5-0-1-2 23447742 0.072027 0.02632 1e-06 0.022791
3-5-0-0-1-3-0-2-3-5-0-2-3 60308475 0.083789 0.039691 1e-06 0.022749
3-5-0-1-2-4-0-0-1-3-0-0-1 663562074 0.170192 0.107662 1e-06 0.042591
3-5-0-1-2-4-0-0-1-3-0-1-2 37851690 0.059864 0.019602 1e-06 0.022433
3-5-0-1-2-4-0-0-1-3-0-2-3 215363168 0.092722 0.052523 1e-06 0.022439
3-5-0-1-2-4-0-1-2-4-0-0-1 108629855 0.063287 0.025545 0 0.022093
3-5-0-1-2-4-0-1-2-4-0-1-2 177569 0.066177 0.006228 0 0.022048
3-5-0-1-2-4-0-1-2-4-0-2-3 32570709 0.047889 0.012467 1e-06 0.021981
3-5-0-1-2-4-0-2-3-5-0-0-1 977297157 0.216616 0.182779 1e-06 0.023514
3-5-0-1-2-4-0-2-3-5-0-1-2 56692000 0.074548 0.018574 1e-06 0.038846
3-5-0-1-2-4-0-2-3-5-0-2-3 241400395 0.094496 0.057327 1e-06 0.022197
3-5-0-2-3-5-0-0-1-3-0-0-1 144168858 0.103642 0.059294 2e-06 0.022661
3-5-0-2-3-5-0-0-1-3-0-1-2 18163560 0.066829 0.018362 1e-06 0.022922
3-5-0-2-3-5-0-0-1-3-0-2-3 60308475 0.071078 0.025466 1e-06 0.022657
3-5-0-2-3-5-0-1-2-4-0-0-1 986646163 0.262189 0.229413 1e-06 0.022288
3-5-0-2-3-5-0-1-2-4-0-1-2 2510707 0.062505 0.009127 1e-06 0.034779
3-5-0-2-3-5-0-1-2-4-0-2-3 241400395 0.122371 0.083391 1e-06 0.022233
3-5-0-2-3-5-0-2-3-5-0-0-1 176949807 0.086269 0.045749 1e-06 0.022316
3-5-0-2-3-5-0-2-3-5-0-1-2 19367940 0.05304 0.01372 1e-06 0.022301
3-5-0-2-3-5-0-2-3-5-0-2-3 49276971 0.065336 0.018279 1e-06 0.022296
