0-0-1-3-0 8295777 0.185989 0.162758 0 0.009621
0-1-2-4-0 62478594 0.762494 0.751531 0 0.006639
0-2-3-5-0 5203624 0.011802 0.005568 0 0.001564
1-3-0-0-1 1664545 0.012858 0.005926 0 0.001614
1-3-0-1-2 560269 0.012728 0.005622 0 0.001647
1-3-0-2-3 580033 0.011378 0.005415 0 0.001606
2-4-0-0-1 560269 0.005175 0.001265 0 0.00137
2-4-0-1-2 2309 0.004562 0.000517 0 0.00126
2-4-0-2-3 177569 0.003944 0.000652 0 0.001157
3-5-0-0-1 580033 0.00637 0.001588 0 0.001218
3-5-0-1-2 177569 0.005584 0.00141 0 0.001357
3-5-0-2-3 236289 0.00535 0.001467 0 0.001332
