0-0-1-3-0-0-1-3-0 116647351 1.63454 1.57255 0 0.025844
0-0-1-3-0-1-2-4-0 1306671714 4.16745 4.12078 0 0.027744
0-0-1-3-0-2-3-5-0 148793049 0.132987 0.078877 1e-06 0.023607
0-1-2-4-0-0-1-3-0 1306671714 1.90945 1.89289 1e-06 0.005481
0-1-2-4-0-1-2-4-0 62478594 0.050085 0.021373 1e-06 0.009684
0-1-2-4-0-2-3-5-0 1060374840 0.377831 0.361348 0 0.009543
0-2-3-5-0-0-1-3-0 148793049 0.055489 0.029743 0 0.006143
0-2-3-5-0-1-2-4-0 1060374840 0.372766 0.35463 1e-06 0.005498
0-2-3-5-0-2-3-5-0 103574624 0.092826 0.05782 0 0.006155
1-3-0-0-1-3-0-0-1 18776209 0.041576 0.02057 1e-06 0.006076
1-3-0-0-1-3-0-1-2 6077715 0.040564 0.017854 1e-06 0.006643
1-3-0-0-1-3-0-2-3 8863750 0.040271 0.018246 0 0.006115
1-3-0-1-2-4-0-0-1 360430421 0.103605 0.085239 1e-06 0.005899
1-3-0-1-2-4-0-1-2 560269 0.030551 0.011509 0 0.008204
1-3-0-1-2-4-0-2-3 108629855 0.042115 0.028765 0 0.005705
1-3-0-2-3-5-0-0-1 37385083 0.033403 0.016234 1e-06 0.0058
1-3-0-2-3-5-0-1-2 8586696 0.031687 0.013143 1e-06 0.005872
1-3-0-2-3-5-0-2-3 11511089 0.032442 0.013406 0 0.00588
2-4-0-0-1-3-0-0-1 6077715 0.028949 0.011369 0 0.005751
2-4-0-0-1-3-0-1-2 793231 0.025967 0.008929 1e-06 0.005938
2-4-0-0-1-3-0-2-3 2523483 0.024992 0.009486 1e-06 0.005816
2-4-0-1-2-4-0-0-1 560269 0.01259 0.00228 0 0.005529
2-4-0-1-2-4-0-1-2 2309 0.011603 0.00154 1e-06 0.005399
2-4-0-1-2-4-0-2-3 177569 0.01527 0.002187 0 0.005345
2-4-0-2-3-5-0-0-1 8586696 0.018934 0.007361 1e-06 0.005525
2-4-0-2-3-5-0-1-2 1249649 0.01551 0.003936 0 0.00564
2-4-0-2-3-5-0-2-3 2510707 0.016517 0.004603 0 0.005618
3-5-0-0-1-3-0-0-1 8863750 0.030222 0.011808 1e-06 0.006088
3-5-0-0-1-3-0-1-2 2523483 0.028709 0.010384 0 0.006121
3-5-0-0-1-3-0-2-3 4568986 0.031047 0.010674 0 0.006072
3-5-0-1-2-4-0-0-1 108629855 0.042211 0.026089 0 0.005822
3-5-0-1-2-4-0-1-2 177569 0.018152 0.003435 1e-06 0.005679
3-5-0-1-2-4-0-2-3 32570709 0.021905 0.010587 1e-06 0.005637
3-5-0-2-3-5-0-0-1 11511089 0.021152 0.006872 0 0.00578
3-5-0-2-3-5-0-1-2 2510707 0.018648 0.005407 0 0.005804
3-5-0-2-3-5-0-2-3 3674955 0.018607 0.005732 1e-06 0.005763
