0-0-1-3-0-0-1-3-0-0-1-3-0-0-1 1419222105 1.94775 1.78581 1e-06 0.067038
0-0-1-3-0-0-1-3-0-0-1-3-0-1-2 138163365 0.593921 0.380436 1e-06 0.04942
0-0-1-3-0-0-1-3-0-0-1-3-0-2-3 557356291 1.12237 0.885089 1e-06 0.124246
0-0-1-3-0-0-1-3-0-1-2-4-0-0-1 8528240999 8.7015 8.57619 1e-06 0.030109
0-0-1-3-0-0-1-3-0-1-2-4-0-1-2 32064885 1.08879 0.141522 1e-06 0.015646
0-0-1-3-0-0-1-3-0-1-2-4-0-2-3 2046689750 2.66985 2.48272 1e-06 0.015941
0-0-1-3-0-0-1-3-0-2-3-5-0-0-1 2936038078 2.2153 2.04306 1e-06 0.04412
0-0-1-3-0-0-1-3-0-2-3-5-0-1-2 223660339 0.632798 0.383287 1e-06 0.017525
0-0-1-3-0-0-1-3-0-2-3-5-0-2-3 775328762 0.8546 0.755646 1e-06 0.016799
0-0-1-3-0-1-2-4-0-0-1-3-0-0-1 7987729204 6.79505 6.72272 0 0.015653
0-0-1-3-0-1-2-4-0-0-1-3-0-1-2 318472348 1.13438 0.508913 1e-06 0.050231
0-0-1-3-0-1-2-4-0-0-1-3-0-2-3 2251924502 2.66367 2.46348 1e-06 0.017907
0-0-1-3-0-1-2-4-0-1-2-4-0-0-1 2048424087 1.44361 1.34439 1e-06 0.01511
0-0-1-3-0-1-2-4-0-1-2-4-0-1-2 4858893 0.158726 0.050739 0 0.014308
0-0-1-3-0-1-2-4-0-1-2-4-0-2-3 571674484 0.541901 0.473188 1e-06 0.014655
0-0-1-3-0-1-2-4-0-2-3-5-0-0-1 11787767512 10.2014 10.1342 0 0.01507
0-0-1-3-0-1-2-4-0-2-3-5-0-1-2 410442979 1.05936 0.505658 1e-06 0.01461
0-0-1-3-0-1-2-4-0-2-3-5-0-2-3 2711106070 2.66278 2.51865 0 0.014744
0-0-1-3-0-2-3-5-0-0-1-3-0-0-1 3772537047 1.92265 1.84152 1e-06 0.018701
0-0-1-3-0-2-3-5-0-0-1-3-0-1-2 261962127 0.560011 0.325923 1e-06 0.017336
0-0-1-3-0-2-3-5-0-0-1-3-0-2-3 1323919871 1.28867 1.0907 1e-06 0.017043
0-0-1-3-0-2-3-5-0-1-2-4-0-0-1 16986975289 14.6585 14.5609 1e-06 0.016144
0-0-1-3-0-2-3-5-0-1-2-4-0-1-2 61703686 0.479067 0.111407 0 0.042142
0-0-1-3-0-2-3-5-0-1-2-4-0-2-3 3651237370 3.81563 3.43915 0 0.020689
0-0-1-3-0-2-3-5-0-2-3-5-0-0-1 4348753892 2.6066 2.43562 1e-06 0.01526
0-0-1-3-0-2-3-5-0-2-3-5-0-1-2 284130311 0.484747 0.359466 0 0.016523
0-0-1-3-0-2-3-5-0-2-3-5-0-2-3 1094724705 0.987296 0.87425 1e-06 0.015778
0-1-2-4-0-0-1-3-0-0-1-3-0-0-1 6981552054 6.66904 6.54309 1e-06 0.016637
0-1-2-4-0-0-1-3-0-0-1-3-0-1-2 340624697 0.282405 0.18262 1e-06 0.014627
0-1-2-4-0-0-1-3-0-0-1-3-0-2-3 2154511237 0.809295 0.738449 1e-06 0.014369
0-1-2-4-0-0-1-3-0-1-2-4-0-0-1 24412339572 23.042 22.9136 1e-06 0.013425
0-1-2-4-0-0-1-3-0-1-2-4-0-1-2 123397885 0.474863 0.067364 1e-06 0.013705
0-1-2-4-0-0-1-3-0-1-2-4-0-2-3 5149393700 1.96132 1.60034 1e-06 0.013721
0-1-2-4-0-0-1-3-0-2-3-5-0-0-1 12404302670 4.06092 3.70377 1e-06 0.053361
0-1-2-4-0-0-1-3-0-2-3-5-0-1-2 437484879 0.369422 0.173106 1e-06 0.013897
0-1-2-4-0-0-1-3-0-2-3-5-0-2-3 2866699894 0.917206 0.853766 0 0.013811
0-1-2-4-0-1-2-4-0-0-1-3-0-0-1 1526994749 0.784488 0.429162 1e-06 0.01263
0-1-2-4-0-1-2-4-0-0-1-3-0-1-2 123397885 0.105237 0.063665 1e-06 0.012617
0-1-2-4-0-1-2-4-0-0-1-3-0-2-3 558683771 0.245876 0.198204 1e-06 0.01262
0-1-2-4-0-1-2-4-0-1-2-4-0-0-1 162901838 0.183645 0.07244 0 0.011907
0-1-2-4-0-1-2-4-0-1-2-4-0-1-2 214540 0.047429 0.01704 1e-06 0.011724
0-1-2-4-0-1-2-4-0-1-2-4-0-2-3 49992362 0.07629 0.042243 1e-06 0.011499
0-1-2-4-0-1-2-4-0-2-3-5-0-0-1 2284018485 0.697353 0.655703 1e-06 0.012363
0-1-2-4-0-1-2-4-0-2-3-5-0-1-2 204481511 0.099159 0.065015 1e-06 0.014014
0-1-2-4-0-1-2-4-0-2-3-5-0-2-3 606916000 0.224289 0.190193 1e-06 0.011928
0-1-2-4-0-2-3-5-0-0-1-3-0-0-1 13132687846 10.7993 10.7367 1e-06 0.012964
0-1-2-4-0-2-3-5-0-0-1-3-0-1-2 432860830 0.56063 0.156493 1e-06 0.013048
0-1-2-4-0-2-3-5-0-0-1-3-0-2-3 3706945361 4.61647 4.48747 1e-06 0.01349
0-1-2-4-0-2-3-5-0-1-2-4-0-0-1 35145744956 55.6102 55.5521 1e-06 0.012515
0-1-2-4-0-2-3-5-0-1-2-4-0-1-2 204481511 0.432576 0.088616 1e-06 0.042337
0-1-2-4-0-2-3-5-0-1-2-4-0-2-3 7067847345 2.51488 2.1769 0 0.014182
0-1-2-4-0-2-3-5-0-2-3-5-0-0-1 13712931524 12.5855 12.1619 1e-06 0.01247
0-1-2-4-0-2-3-5-0-2-3-5-0-1-2 453417926 1.10996 0.177308 1e-06 0.052436
0-1-2-4-0-2-3-5-0-2-3-5-0-2-3 3056988612 3.92115 3.64084 1e-06 0.013899
0-2-3-5-0-0-1-3-0-0-1-3-0-0-1 1672292507 1.97113 1.24261 1e-06 0.017589
0-2-3-5-0-0-1-3-0-0-1-3-0-1-2 131792782 0.759962 0.487095 1e-06 0.016203
0-2-3-5-0-0-1-3-0-0-1-3-0-2-3 621471008 0.945686 0.648765 1e-06 0.017213
0-2-3-5-0-0-1-3-0-1-2-4-0-0-1 9235067917 8.44444 8.36762 1e-06 0.014522
0-2-3-5-0-0-1-3-0-1-2-4-0-1-2 37830920 0.455218 0.055188 1e-06 0.014255
0-2-3-5-0-0-1-3-0-1-2-4-0-2-3 2059925133 2.57797 2.3615 1e-06 0.014612
0-2-3-5-0-0-1-3-0-2-3-5-0-0-1 3415726164 2.89455 2.75164 1e-06 0.014764
0-2-3-5-0-0-1-3-0-2-3-5-0-1-2 190198833 0.670137 0.396297 1e-06 0.060346
0-2-3-5-0-0-1-3-0-2-3-5-0-2-3 850019208 1.10703 1.02611 1e-06 0.022073
0-2-3-5-0-1-2-4-0-0-1-3-0-0-1 7395941882 5.64699 5.56552 1e-06 0.016844
0-2-3-5-0-1-2-4-0-0-1-3-0-1-2 218358783 0.643303 0.306163 1e-06 0.01662
0-2-3-5-0-1-2-4-0-0-1-3-0-2-3 1943486327 2.07507 1.95599 1e-06 0.016581
0-2-3-5-0-1-2-4-0-1-2-4-0-0-1 1894734503 1.21631 1.16143 1e-06 0.015813
0-2-3-5-0-1-2-4-0-1-2-4-0-1-2 3655061 0.085219 0.036108 1e-06 0.016858
0-2-3-5-0-1-2-4-0-1-2-4-0-2-3 506118651 0.441618 0.393736 1e-06 0.019831
0-2-3-5-0-1-2-4-0-2-3-5-0-0-1 9318882335 8.16537 8.1082 1e-06 0.016117
0-2-3-5-0-1-2-4-0-2-3-5-0-1-2 255197384 0.688799 0.357965 1e-06 0.090833
0-2-3-5-0-1-2-4-0-2-3-5-0-2-3 2055095988 2.13187 2.043 1e-06 0.019697
0-2-3-5-0-2-3-5-0-0-1-3-0-0-1 2530088289 1.35266 1.27766 1e-06 0.014663
0-2-3-5-0-2-3-5-0-0-1-3-0-1-2 161408745 0.317778 0.219749 0 0.014543
0-2-3-5-0-2-3-5-0-0-1-3-0-2-3 870458224 0.813346 0.739326 1e-06 0.014676
0-2-3-5-0-2-3-5-0-1-2-4-0-0-1 10914351715 9.3667 9.15756 0 0.013441
0-2-3-5-0-2-3-5-0-1-2-4-0-1-2 40945109 0.474657 0.073467 1e-06 0.013621
0-2-3-5-0-2-3-5-0-1-2-4-0-2-3 2309517773 2.43215 2.35387 1e-06 0.013501
0-2-3-5-0-2-3-5-0-2-3-5-0-0-1 2915519858 1.81134 1.72943 1e-06 0.014156
0-2-3-5-0-2-3-5-0-2-3-5-0-1-2 171400878 0.302746 0.237148 0 0.017436
0-2-3-5-0-2-3-5-0-2-3-5-0-2-3 720236673 0.684047 0.63024 0 0.014027
1-3-0-0-1-3-0-0-1-3-0-0-1-3-0 1419222105 1.10441 0.97404 1e-06 0.018573
1-3-0-0-1-3-0-0-1-3-0-1-2-4-0 6981552054 2.38307 2.25149 1e-06 0.017528
1-3-0-0-1-3-0-0-1-3-0-2-3-5-0 1672292507 1.36014 1.05062 1e-06 0.017091
1-3-0-0-1-3-0-1-2-4-0-0-1-3-0 7987729204 5.30768 5.22454 1e-06 0.016072
1-3-0-0-1-3-0-1-2-4-0-1-2-4-0 1526994749 0.700433 0.425509 0 0.015429
1-3-0-0-1-3-0-1-2-4-0-2-3-5-0 7395941882 4.14033 4.0722 1e-06 0.015452
1-3-0-0-1-3-0-2-3-5-0-0-1-3-0 3772537047 1.77812 1.56969 1e-06 0.050049
1-3-0-0-1-3-0-2-3-5-0-1-2-4-0 13132687846 6.75184 6.64174 1e-06 0.017715
1-3-0-0-1-3-0-2-3-5-0-2-3-5-0 2530088289 1.82617 1.22721 0 0.01617
1-3-0-1-2-4-0-0-1-3-0-0-1-3-0 8528240999 4.43645 3.7347 1e-06 0.015846
1-3-0-1-2-4-0-0-1-3-0-1-2-4-0 24412339572 10.9287 10.8371 1e-06 0.014798
1-3-0-1-2-4-0-0-1-3-0-2-3-5-0 9235067917 4.30586 3.64129 1e-06 0.018722
1-3-0-1-2-4-0-1-2-4-0-0-1-3-0 2048424087 1.32396 0.769111 1e-06 0.044357
1-3-0-1-2-4-0-1-2-4-0-1-2-4-0 162901838 0.139749 0.084514 1e-06 0.015879
1-3-0-1-2-4-0-1-2-4-0-2-3-5-0 1894734503 0.815259 0.624764 1e-06 0.01661
1-3-0-1-2-4-0-2-3-5-0-0-1-3-0 16986975289 8.90606 8.37756 1e-06 0.016777
1-3-0-1-2-4-0-2-3-5-0-1-2-4-0 35145744956 41.9529 41.4559 0 0.01688
1-3-0-1-2-4-0-2-3-5-0-2-3-5-0 10914351715 4.10414 3.92631 0 0.081259
1-3-0-2-3-5-0-0-1-3-0-0-1-3-0 2936038078 2.40538 1.58188 2e-06 0.015439
1-3-0-2-3-5-0-0-1-3-0-1-2-4-0 12404302670 5.97403 3.72739 1e-06 0.01507
1-3-0-2-3-5-0-0-1-3-0-2-3-5-0 3415726164 2.81772 2.1265 1e-06 0.016776
1-3-0-2-3-5-0-1-2-4-0-0-1-3-0 11787767512 7.86976 7.2198 1e-06 0.015864
1-3-0-2-3-5-0-1-2-4-0-1-2-4-0 2284018485 0.88174 0.625754 1e-06 0.014222
1-3-0-2-3-5-0-1-2-4-0-2-3-5-0 9318882335 5.73002 5.57582 1e-06 0.01515
1-3-0-2-3-5-0-2-3-5-0-0-1-3-0 4348753892 1.88705 1.81396 1e-06 0.01458
1-3-0-2-3-5-0-2-3-5-0-1-2-4-0 13712931524 7.22039 6.98433 2e-06 0.014549
1-3-0-2-3-5-0-2-3-5-0-2-3-5-0 2915519858 1.69847 1.45107 1e-06 0.015263
2-4-0-0-1-3-0-0-1-3-0-0-1-3-0 138163365 0.813977 0.279629 1e-06 0.036775
2-4-0-0-1-3-0-0-1-3-0-1-2-4-0 340624697 0.287658 0.218053 1e-06 0.025482
2-4-0-0-1-3-0-0-1-3-0-2-3-5-0 131792782 0.308137 0.240082 1e-06 0.019017
2-4-0-0-1-3-0-1-2-4-0-0-1-3-0 318472348 0.426735 0.379726 0 0.014149
2-4-0-0-1-3-0-1-2-4-0-1-2-4-0 123397885 0.215757 0.058789 0 0.013826
2-4-0-0-1-3-0-1-2-4-0-2-3-5-0 218358783 0.291853 0.250041 0 0.013899
2-4-0-0-1-3-0-2-3-5-0-0-1-3-0 261962127 0.329047 0.273933 1e-06 0.01453
2-4-0-0-1-3-0-2-3-5-0-1-2-4-0 432860830 0.207823 0.166298 1e-06 0.014244
2-4-0-0-1-3-0-2-3-5-0-2-3-5-0 161408745 0.23208 0.18491 1e-06 0.015034
2-4-0-1-2-4-0-0-1-3-0-0-1-3-0 32064885 0.260312 0.071094 2e-06 0.013098
2-4-0-1-2-4-0-0-1-3-0-1-2-4-0 123397885 0.095839 0.056583 1e-06 0.01278
2-4-0-1-2-4-0-0-1-3-0-2-3-5-0 37830920 0.092231 0.051037 0 0.012858
2-4-0-1-2-4-0-1-2-4-0-0-1-3-0 4858893 0.044329 0.011894 1e-06 0.011854
2-4-0-1-2-4-0-1-2-4-0-1-2-4-0 214540 0.028092 0.004097 0 0.011396
2-4-0-1-2-4-0-1-2-4-0-2-3-5-0 3655061 0.03537 0.008438 1e-06 0.012697
2-4-0-1-2-4-0-2-3-5-0-0-1-3-0 61703686 0.088191 0.048698 1e-06 0.01223
2-4-0-1-2-4-0-2-3-5-0-1-2-4-0 204481511 0.093208 0.065524 0 0.01199
2-4-0-1-2-4-0-2-3-5-0-2-3-5-0 40945109 0.101243 0.040481 1e-06 0.012366
2-4-0-2-3-5-0-0-1-3-0-0-1-3-0 223660339 0.393675 0.335252 1e-06 0.014158
2-4-0-2-3-5-0-0-1-3-0-1-2-4-0 437484879 0.20106 0.155595 1e-06 0.013781
2-4-0-2-3-5-0-0-1-3-0-2-3-5-0 190198833 0.420348 0.368059 0 0.0141
2-4-0-2-3-5-0-1-2-4-0-0-1-3-0 410442979 0.615697 0.477292 0 0.012794
2-4-0-2-3-5-0-1-2-4-0-1-2-4-0 204481511 0.087078 0.058953 1e-06 0.012335
2-4-0-2-3-5-0-1-2-4-0-2-3-5-0 255197384 0.351848 0.322833 1e-06 0.012602
2-4-0-2-3-5-0-2-3-5-0-0-1-3-0 284130311 0.292944 0.251197 1e-06 0.013119
2-4-0-2-3-5-0-2-3-5-0-1-2-4-0 453417926 0.179041 0.138481 1e-06 0.012846
2-4-0-2-3-5-0-2-3-5-0-2-3-5-0 171400878 0.201582 0.168042 0 0.012962
3-5-0-0-1-3-0-0-1-3-0-0-1-3-0 557356291 0.535243 0.468932 0 0.015511
3-5-0-0-1-3-0-0-1-3-0-1-2-4-0 2154511237 0.733065 0.653087 0 0.018033
3-5-0-0-1-3-0-0-1-3-0-2-3-5-0 621471008 0.545973 0.464201 1e-06 0.016343
3-5-0-0-1-3-0-1-2-4-0-0-1-3-0 2251924502 1.68725 1.63355 1e-06 0.015182
3-5-0-0-1-3-0-1-2-4-0-1-2-4-0 558683771 0.221502 0.163632 1e-06 0.014495
3-5-0-0-1-3-0-1-2-4-0-2-3-5-0 1943486327 1.30202 1.24891 1e-06 0.014029
3-5-0-0-1-3-0-2-3-5-0-0-1-3-0 1323919871 0.746878 0.671623 1e-06 0.014756
3-5-0-0-1-3-0-2-3-5-0-1-2-4-0 3706945361 1.1523 1.09338 0 0.014192
3-5-0-0-1-3-0-2-3-5-0-2-3-5-0 870458224 0.612812 0.511647 0 0.016688
3-5-0-1-2-4-0-0-1-3-0-0-1-3-0 2046689750 2.50322 2.44383 1e-06 0.013382
3-5-0-1-2-4-0-0-1-3-0-1-2-4-0 5149393700 1.65097 1.60208 1e-06 0.013205
3-5-0-1-2-4-0-0-1-3-0-2-3-5-0 2059925133 1.09816 1.02923 1e-06 0.014898
3-5-0-1-2-4-0-1-2-4-0-0-1-3-0 571674484 0.314806 0.24279 1e-06 0.013267
3-5-0-1-2-4-0-1-2-4-0-1-2-4-0 49992362 0.116566 0.024815 1e-06 0.012858
3-5-0-1-2-4-0-1-2-4-0-2-3-5-0 506118651 0.254091 0.210544 2e-06 0.013231
3-5-0-1-2-4-0-2-3-5-0-0-1-3-0 3651237370 2.90187 2.83741 1e-06 0.013923
3-5-0-1-2-4-0-2-3-5-0-1-2-4-0 7067847345 2.46861 2.38446 1e-06 0.012389
3-5-0-1-2-4-0-2-3-5-0-2-3-5-0 2309517773 2.28052 2.07902 1e-06 0.013216
3-5-0-2-3-5-0-0-1-3-0-0-1-3-0 775328762 0.644732 0.550184 1e-06 0.014496
3-5-0-2-3-5-0-0-1-3-0-1-2-4-0 2866699894 0.951906 0.803462 0 0.014101
3-5-0-2-3-5-0-0-1-3-0-2-3-5-0 850019208 0.752084 0.642784 0 0.013997
3-5-0-2-3-5-0-1-2-4-0-0-1-3-0 2711106070 1.81826 1.75483 0 0.013217
3-5-0-2-3-5-0-1-2-4-0-1-2-4-0 606916000 0.209115 0.163378 1e-06 0.013484
3-5-0-2-3-5-0-1-2-4-0-2-3-5-0 2055095988 1.40775 1.37135 1e-06 0.013171
3-5-0-2-3-5-0-2-3-5-0-0-1-3-0 1094724705 0.599316 0.530354 9e-06 0.03071
3-5-0-2-3-5-0-2-3-5-0-1-2-4-0 3056988612 0.860727 0.821747 1e-06 0.01329
3-5-0-2-3-5-0-2-3-5-0-2-3-5-0 720236673 0.485376 0.389121 1e-06 0.01383
