0-0-1-3-0-0-1-3-0-0-1-3-0-0-1 1419222105 1.65452 1.52026 1e-06 0.073311
0-0-1-3-0-0-1-3-0-0-1-3-0-1-2 138163365 0.424431 0.212535 1e-06 0.0817
0-0-1-3-0-0-1-3-0-0-1-3-0-2-3 557356291 0.559549 0.460852 1e-06 0.03947
0-0-1-3-0-0-1-3-0-1-2-4-0-0-1 8528240999 11.0087 10.9205 1e-06 0.01563
0-0-1-3-0-0-1-3-0-1-2-4-0-1-2 32064885 2.01523 0.263683 1e-06 0.119799
0-0-1-3-0-0-1-3-0-1-2-4-0-2-3 2046689750 3.77827 3.55202 2e-06 0.028675
0-0-1-3-0-0-1-3-0-2-3-5-0-0-1 2936038078 3.46887 3.24975 2e-06 0.022207
0-0-1-3-0-0-1-3-0-2-3-5-0-1-2 223660339 0.726563 0.348256 2e-06 0.025557
0-0-1-3-0-0-1-3-0-2-3-5-0-2-3 775328762 0.912338 0.65821 1e-06 0.026701
0-0-1-3-0-1-2-4-0-0-1-3-0-0-1 7987729204 14.6249 14.4971 2e-06 0.025561
0-0-1-3-0-1-2-4-0-0-1-3-0-1-2 318472348 1.45609 0.359312 1e-06 0.081676
0-0-1-3-0-1-2-4-0-0-1-3-0-2-3 2251924502 2.10408 1.89923 1e-06 0.024905
0-0-1-3-0-1-2-4-0-1-2-4-0-0-1 2048424087 1.42136 1.19732 1e-06 0.061291
0-0-1-3-0-1-2-4-0-1-2-4-0-1-2 4858893 0.202505 0.06321 2e-06 0.023622
0-0-1-3-0-1-2-4-0-1-2-4-0-2-3 571674484 0.458967 0.394536 2e-06 0.023976
0-0-1-3-0-1-2-4-0-2-3-5-0-0-1 11787767512 7.98686 7.9146 1e-06 0.024302
0-0-1-3-0-1-2-4-0-2-3-5-0-1-2 410442979 1.36641 0.388847 2e-06 0.057709
0-0-1-3-0-1-2-4-0-2-3-5-0-2-3 2711106070 1.99331 1.90563 1e-06 0.017695
0-0-1-3-0-2-3-5-0-0-1-3-0-0-1 3772537047 1.2351 1.16378 1e-06 0.018056
0-0-1-3-0-2-3-5-0-0-1-3-0-1-2 261962127 0.423784 0.189859 2e-06 0.01445
0-0-1-3-0-2-3-5-0-0-1-3-0-2-3 1323919871 0.761744 0.609925 1e-06 0.014613
0-0-1-3-0-2-3-5-0-1-2-4-0-0-1 16986975289 9.55005 9.41988 0 0.01437
0-0-1-3-0-2-3-5-0-1-2-4-0-1-2 61703686 1.14177 0.104767 1e-06 0.013191
0-0-1-3-0-2-3-5-0-1-2-4-0-2-3 3651237370 2.43851 2.28089 1e-06 0.014291
0-0-1-3-0-2-3-5-0-2-3-5-0-0-1 4348753892 1.6049 1.50682 1e-06 0.014642
0-0-1-3-0-2-3-5-0-2-3-5-0-1-2 284130311 0.355685 0.208163 0 0.037839
0-0-1-3-0-2-3-5-0-2-3-5-0-2-3 1094724705 0.565161 0.496286 1e-06 0.017395
0-1-2-4-0-0-1-3-0-0-1-3-0-0-1 6981552054 4.15104 4.07239 1e-06 0.012582
0-1-2-4-0-0-1-3-0-0-1-3-0-1-2 340624697 0.224785 0.114388 1e-06 0.014027
0-1-2-4-0-0-1-3-0-0-1-3-0-2-3 2154511237 0.600588 0.432438 2e-06 0.01427
0-1-2-4-0-0-1-3-0-1-2-4-0-0-1 24412339572 14.9516 14.8913 2e-06 0.013542
0-1-2-4-0-0-1-3-0-1-2-4-0-1-2 123397885 0.599423 0.039203 1e-06 0.013219
0-1-2-4-0-0-1-3-0-1-2-4-0-2-3 5149393700 1.05849 0.888854 1e-06 0.017141
0-1-2-4-0-0-1-3-0-2-3-5-0-0-1 12404302670 2.52489 2.22116 0 0.012765
0-1-2-4-0-0-1-3-0-2-3-5-0-1-2 437484879 0.309212 0.104325 1e-06 0.012646
0-1-2-4-0-0-1-3-0-2-3-5-0-2-3 2866699894 0.748316 0.51956 1e-06 0.013414
0-1-2-4-0-1-2-4-0-0-1-3-0-0-1 1526994749 0.368602 0.270812 1e-06 0.01277
0-1-2-4-0-1-2-4-0-0-1-3-0-1-2 123397885 0.169615 0.041496 1e-06 0.01264
0-1-2-4-0-1-2-4-0-0-1-3-0-2-3 558683771 0.187814 0.126341 1e-06 0.014985
0-1-2-4-0-1-2-4-0-1-2-4-0-0-1 162901838 0.109474 0.045624 1e-06 0.048067
0-1-2-4-0-1-2-4-0-1-2-4-0-1-2 214540 0.039514 0.011146 1e-06 0.015853
0-1-2-4-0-1-2-4-0-1-2-4-0-2-3 49992362 0.055904 0.027894 1e-06 0.014144
0-1-2-4-0-1-2-4-0-2-3-5-0-0-1 2284018485 0.437814 0.388176 0 0.014668
0-1-2-4-0-1-2-4-0-2-3-5-0-1-2 204481511 0.076825 0.045147 1e-06 0.015472
0-1-2-4-0-1-2-4-0-2-3-5-0-2-3 606916000 0.158274 0.119673 1e-06 0.018574
0-1-2-4-0-2-3-5-0-0-1-3-0-0-1 13132687846 6.48429 6.43163 1e-06 0.015004
0-1-2-4-0-2-3-5-0-0-1-3-0-1-2 432860830 0.819832 0.087189 1e-06 0.015106
0-1-2-4-0-2-3-5-0-0-1-3-0-2-3 3706945361 2.72797 2.59505 1e-06 0.015207
0-1-2-4-0-2-3-5-0-1-2-4-0-0-1 35145744956 34.8658 34.8161 1e-06 0.014523
0-1-2-4-0-2-3-5-0-1-2-4-0-1-2 204481511 0.748747 0.052997 1e-06 0.047207
0-1-2-4-0-2-3-5-0-1-2-4-0-2-3 7067847345 1.80347 1.3408 1e-06 0.01458
0-1-2-4-0-2-3-5-0-2-3-5-0-0-1 13712931524 7.19386 7.04007 1e-06 0.011888
0-1-2-4-0-2-3-5-0-2-3-5-0-1-2 453417926 1.02592 0.083956 1e-06 0.012938
0-1-2-4-0-2-3-5-0-2-3-5-0-2-3 3056988612 2.47024 2.16844 1e-06 0.012575
0-2-3-5-0-0-1-3-0-0-1-3-0-0-1 1672292507 2.31994 0.559565 1e-06 0.013265
0-2-3-5-0-0-1-3-0-0-1-3-0-1-2 131792782 1.15797 0.150931 1e-06 0.012941
0-2-3-5-0-0-1-3-0-0-1-3-0-2-3 621471008 0.467284 0.355219 1e-06 0.018143
0-2-3-5-0-0-1-3-0-1-2-4-0-0-1 9235067917 5.17065 5.11104 1e-06 0.013708
0-2-3-5-0-0-1-3-0-1-2-4-0-1-2 37830920 0.886979 0.03361 1e-06 0.013631
0-2-3-5-0-0-1-3-0-1-2-4-0-2-3 2059925133 1.49354 1.42639 1e-06 0.016071
0-2-3-5-0-0-1-3-0-2-3-5-0-0-1 3415726164 1.93483 1.76472 1e-06 0.014886
0-2-3-5-0-0-1-3-0-2-3-5-0-1-2 190198833 0.508309 0.232831 1e-06 0.013731
0-2-3-5-0-0-1-3-0-2-3-5-0-2-3 850019208 0.568765 0.514222 1e-06 0.013923
0-2-3-5-0-1-2-4-0-0-1-3-0-0-1 7395941882 3.35616 3.30925 1e-06 0.013557
0-2-3-5-0-1-2-4-0-0-1-3-0-1-2 218358783 0.865612 0.222206 1e-06 0.055662
0-2-3-5-0-1-2-4-0-0-1-3-0-2-3 1943486327 1.19941 1.15027 1e-06 0.013158
0-2-3-5-0-1-2-4-0-1-2-4-0-0-1 1894734503 0.791663 0.658916 2e-06 0.023102
0-2-3-5-0-1-2-4-0-1-2-4-0-1-2 3655061 0.101421 0.021297 1e-06 0.012911
0-2-3-5-0-1-2-4-0-1-2-4-0-2-3 506118651 0.268373 0.231106 1e-06 0.012762
0-2-3-5-0-1-2-4-0-2-3-5-0-0-1 9318882335 5.08689 5.04525 1e-06 0.013118
0-2-3-5-0-1-2-4-0-2-3-5-0-1-2 255197384 0.505132 0.227127 1e-06 0.012259
0-2-3-5-0-1-2-4-0-2-3-5-0-2-3 2055095988 1.38951 1.30705 1e-06 0.012177
0-2-3-5-0-2-3-5-0-0-1-3-0-0-1 2530088289 1.06717 0.879965 1e-06 0.013118
0-2-3-5-0-2-3-5-0-0-1-3-0-1-2 161408745 0.302135 0.170884 1e-06 0.016642
0-2-3-5-0-2-3-5-0-0-1-3-0-2-3 870458224 0.52545 0.478089 1e-06 0.012849
0-2-3-5-0-2-3-5-0-1-2-4-0-0-1 10914351715 5.84207 5.76712 1e-06 0.012549
0-2-3-5-0-2-3-5-0-1-2-4-0-1-2 40945109 0.598137 0.069953 1e-06 0.037112
0-2-3-5-0-2-3-5-0-1-2-4-0-2-3 2309517773 1.46252 1.39614 1e-06 0.012117
0-2-3-5-0-2-3-5-0-2-3-5-0-0-1 2915519858 1.08682 1.01849 1e-06 0.012421
0-2-3-5-0-2-3-5-0-2-3-5-0-1-2 171400878 0.246463 0.130296 1e-06 0.012195
0-2-3-5-0-2-3-5-0-2-3-5-0-2-3 720236673 0.39406 0.343038 1e-06 0.013986
1-3-0-0-1-3-0-0-1-3-0-0-1-3-0 1419222105 0.655857 0.551656 0 0.013854
1-3-0-0-1-3-0-0-1-3-0-1-2-4-0 6981552054 1.8189 1.69917 0 0.013891
1-3-0-0-1-3-0-0-1-3-0-2-3-5-0 1672292507 0.891366 0.545221 1e-06 0.013431
1-3-0-0-1-3-0-1-2-4-0-0-1-3-0 7987729204 3.25922 3.1635 1e-06 0.013117
1-3-0-0-1-3-0-1-2-4-0-1-2-4-0 1526994749 0.59797 0.245636 0 0.013775
1-3-0-0-1-3-0-1-2-4-0-2-3-5-0 7395941882 2.59409 2.52209 1e-06 0.013084
1-3-0-0-1-3-0-2-3-5-0-0-1-3-0 3772537047 1.22234 0.896128 1e-06 0.013372
1-3-0-0-1-3-0-2-3-5-0-1-2-4-0 13132687846 4.42801 4.32843 1e-06 0.01314
1-3-0-0-1-3-0-2-3-5-0-2-3-5-0 2530088289 1.62941 0.629952 1e-06 0.015222
1-3-0-1-2-4-0-0-1-3-0-0-1-3-0 8528240999 2.14979 2.02836 1e-06 0.025283
1-3-0-1-2-4-0-0-1-3-0-1-2-4-0 24412339572 7.78341 7.6419 1e-06 0.013486
1-3-0-1-2-4-0-0-1-3-0-2-3-5-0 9235067917 2.5963 2.02028 1e-06 0.015457
1-3-0-1-2-4-0-1-2-4-0-0-1-3-0 2048424087 0.626019 0.413392 1e-06 0.017001
1-3-0-1-2-4-0-1-2-4-0-1-2-4-0 162901838 0.113825 0.047361 1e-06 0.015442
1-3-0-1-2-4-0-1-2-4-0-2-3-5-0 1894734503 0.385755 0.351037 1e-06 0.012115
1-3-0-1-2-4-0-2-3-5-0-0-1-3-0 16986975289 5.50342 4.91983 1e-06 0.013417
1-3-0-1-2-4-0-2-3-5-0-1-2-4-0 35145744956 24.9856 24.4556 1e-06 0.016048
1-3-0-1-2-4-0-2-3-5-0-2-3-5-0 10914351715 2.51427 2.12645 0 0.041383
1-3-0-2-3-5-0-0-1-3-0-0-1-3-0 2936038078 3.20057 0.850427 1e-06 0.015287
1-3-0-2-3-5-0-0-1-3-0-1-2-4-0 12404302670 5.76009 2.92204 1e-06 0.013731
1-3-0-2-3-5-0-0-1-3-0-2-3-5-0 3415726164 2.26022 1.31778 1e-06 0.018015
1-3-0-2-3-5-0-1-2-4-0-0-1-3-0 11787767512 5.11928 4.72233 1e-06 0.012862
1-3-0-2-3-5-0-1-2-4-0-1-2-4-0 2284018485 0.957134 0.349337 1e-06 0.016647
1-3-0-2-3-5-0-1-2-4-0-2-3-5-0 9318882335 3.71365 3.61122 0 0.015966
1-3-0-2-3-5-0-2-3-5-0-0-1-3-0 4348753892 1.49034 1.23226 1e-06 0.016506
1-3-0-2-3-5-0-2-3-5-0-1-2-4-0 13712931524 4.79587 4.63934 1e-06 0.012295
1-3-0-2-3-5-0-2-3-5-0-2-3-5-0 2915519858 1.45348 0.778661 1e-06 0.012809
2-4-0-0-1-3-0-0-1-3-0-0-1-3-0 138163365 0.640044 0.174294 1e-06 0.032384
2-4-0-0-1-3-0-0-1-3-0-1-2-4-0 340624697 0.22084 0.103762 1e-06 0.017545
2-4-0-0-1-3-0-0-1-3-0-2-3-5-0 131792782 0.330202 0.134339 1e-06 0.012973
2-4-0-0-1-3-0-1-2-4-0-0-1-3-0 318472348 0.299204 0.209622 1e-06 0.012417
2-4-0-0-1-3-0-1-2-4-0-1-2-4-0 123397885 0.206252 0.038476 1e-06 0.012688
2-4-0-0-1-3-0-1-2-4-0-2-3-5-0 218358783 0.170016 0.140419 1e-06 0.012252
2-4-0-0-1-3-0-2-3-5-0-0-1-3-0 261962127 0.198759 0.156782 1e-06 0.013561
2-4-0-0-1-3-0-2-3-5-0-1-2-4-0 432860830 0.1181 0.088554 0 0.012343
2-4-0-0-1-3-0-2-3-5-0-2-3-5-0 161408745 0.131361 0.095497 1e-06 0.012469
2-4-0-1-2-4-0-0-1-3-0-0-1-3-0 32064885 0.11742 0.039482 1e-06 0.011953
2-4-0-1-2-4-0-0-1-3-0-1-2-4-0 123397885 0.083573 0.038232 1e-06 0.013418
2-4-0-1-2-4-0-0-1-3-0-2-3-5-0 37830920 0.058664 0.029368 1e-06 0.011554
2-4-0-1-2-4-0-1-2-4-0-0-1-3-0 4858893 0.035431 0.008152 0 0.010988
2-4-0-1-2-4-0-1-2-4-0-1-2-4-0 214540 0.022226 0.003135 1e-06 0.01075
2-4-0-1-2-4-0-1-2-4-0-2-3-5-0 3655061 0.025548 0.005651 0 0.010753
2-4-0-1-2-4-0-2-3-5-0-0-1-3-0 61703686 0.082359 0.030397 1e-06 0.011291
2-4-0-1-2-4-0-2-3-5-0-1-2-4-0 204481511 0.058184 0.036579 1e-06 0.011323
2-4-0-1-2-4-0-2-3-5-0-2-3-5-0 40945109 0.08439 0.021008 1e-06 0.011429
2-4-0-2-3-5-0-0-1-3-0-0-1-3-0 223660339 0.248728 0.184683 1e-06 0.012276
2-4-0-2-3-5-0-0-1-3-0-1-2-4-0 437484879 0.118772 0.085075 1e-06 0.012346
2-4-0-2-3-5-0-0-1-3-0-2-3-5-0 190198833 0.260412 0.221035 1e-06 0.015423
2-4-0-2-3-5-0-1-2-4-0-0-1-3-0 410442979 0.289465 0.262776 1e-06 0.011594
2-4-0-2-3-5-0-1-2-4-0-1-2-4-0 204481511 0.060161 0.037206 1e-06 0.011769
2-4-0-2-3-5-0-1-2-4-0-2-3-5-0 255197384 0.246246 0.203116 0 0.011392
2-4-0-2-3-5-0-2-3-5-0-0-1-3-0 284130311 0.198601 0.162151 0 0.011907
2-4-0-2-3-5-0-2-3-5-0-1-2-4-0 453417926 0.109047 0.082152 1e-06 0.012126
2-4-0-2-3-5-0-2-3-5-0-2-3-5-0 171400878 0.135334 0.106499 0 0.013188
3-5-0-0-1-3-0-0-1-3-0-0-1-3-0 557356291 0.33306 0.277468 2e-06 0.013762
3-5-0-0-1-3-0-0-1-3-0-1-2-4-0 2154511237 0.492732 0.411109 1e-06 0.013452
3-5-0-0-1-3-0-0-1-3-0-2-3-5-0 621471008 0.316222 0.256784 0 0.014189
3-5-0-0-1-3-0-1-2-4-0-0-1-3-0 2251924502 1.0738 1.03039 1e-06 0.013652
3-5-0-0-1-3-0-1-2-4-0-1-2-4-0 558683771 0.152133 0.094992 1e-06 0.012265
3-5-0-0-1-3-0-1-2-4-0-2-3-5-0 1943486327 0.793645 0.754897 1e-06 0.012471
3-5-0-0-1-3-0-2-3-5-0-0-1-3-0 1323919871 0.479236 0.412969 1e-06 0.013398
3-5-0-0-1-3-0-2-3-5-0-1-2-4-0 3706945361 0.747788 0.708345 0 0.012526
3-5-0-0-1-3-0-2-3-5-0-2-3-5-0 870458224 0.415614 0.251386 1e-06 0.012695
3-5-0-1-2-4-0-0-1-3-0-0-1-3-0 2046689750 1.6963 1.64455 1e-06 0.012254
3-5-0-1-2-4-0-0-1-3-0-1-2-4-0 5149393700 1.20165 1.10365 0 0.011995
3-5-0-1-2-4-0-0-1-3-0-2-3-5-0 2059925133 0.593941 0.517162 1e-06 0.012154
3-5-0-1-2-4-0-1-2-4-0-0-1-3-0 571674484 0.171899 0.115401 1e-06 0.01176
3-5-0-1-2-4-0-1-2-4-0-1-2-4-0 49992362 0.038959 0.013667 1e-06 0.01116
3-5-0-1-2-4-0-1-2-4-0-2-3-5-0 506118651 0.168252 0.112388 1e-06 0.012331
3-5-0-1-2-4-0-2-3-5-0-0-1-3-0 3651237370 1.65938 1.62483 1e-06 0.011801
3-5-0-1-2-4-0-2-3-5-0-1-2-4-0 7067847345 1.6836 1.62159 1e-06 0.011424
3-5-0-1-2-4-0-2-3-5-0-2-3-5-0 2309517773 1.17849 1.07284 2e-06 0.011874
3-5-0-2-3-5-0-0-1-3-0-0-1-3-0 775328762 0.472511 0.332203 1e-06 0.012535
3-5-0-2-3-5-0-0-1-3-0-1-2-4-0 2866699894 0.540901 0.460523 1e-06 0.01313
3-5-0-2-3-5-0-0-1-3-0-2-3-5-0 850019208 0.457001 0.379628 1e-06 0.029151
3-5-0-2-3-5-0-1-2-4-0-0-1-3-0 2711106070 1.01367 0.977973 1e-06 0.014724
3-5-0-2-3-5-0-1-2-4-0-1-2-4-0 606916000 0.175453 0.093193 1e-06 0.012676
3-5-0-2-3-5-0-1-2-4-0-2-3-5-0 2055095988 0.801498 0.771223 1e-06 0.012524
3-5-0-2-3-5-0-2-3-5-0-0-1-3-0 1094724705 0.377015 0.319476 1e-06 0.012256
3-5-0-2-3-5-0-2-3-5-0-1-2-4-0 3056988612 0.509723 0.473916 1e-06 0.012882
3-5-0-2-3-5-0-2-3-5-0-2-3-5-0 720236673 0.299807 0.230411 0 0.012633
